ID	% GCContent	Total Count	G Count	C Count	A Count	T Count
cen05_intI_contig_412_contig_413	66.4783427495292	531	169	184	98	80
cen05_intI_contig_16834_contig_16835	65.1515151515152	594	209	178	95	112
cen05_intI_contig_37292_contig_37293	65.0485436893204	927	306	297	165	159
cen05_intI_contig_41040_contig_41041	61.9631901840491	489	174	129	87	99
cen05_intI_contig_41082_contig_41083	70.0107874865156	927	307	342	144	134
cen05_intI_contig_41108_contig_41109	68.1769147788565	927	295	337	149	146
cen05_intI_contig_41138_contig_41139	64.0522875816993	459	152	142	81	84
cen05_intI_contig_41184_contig_41185	66.0297239915074	471	151	160	81	79
cen05_intI_contig_41272_contig_41273	65.8291457286432	597	204	189	103	101
cen05_intI_contig_41328_contig_41329	68.2847896440129	927	311	322	149	145
cen05_intI_contig_41414_contig_41415	63.8095238095238	525	188	147	80	110
cen05_intI_contig_41430_contig_41431	63.4285714285714	525	191	142	80	112
cen05_intI_contig_41460_contig_41461	61.9631901840491	489	165	138	78	108
