ID	% GCContent	Total Count	G Count	C Count	A Count	T Count
cen05_vanX_contig_8_contig_9	63.8474295190713	603	173	212	122	96
cen05_vanX_contig_368_contig_369	64.5098039215686	510	152	177	104	77
cen05_vanX_contig_370_contig_371	64.7173489278752	513	155	177	104	77
cen05_vanX_contig_1006_contig_1007	53.3333333333333	420	114	110	98	98
cen05_vanX_contig_1046_contig_1047	63.681592039801	603	173	211	122	97
cen05_vanX_contig_1048_contig_1049	65.6616415410385	597	178	214	117	88
cen05_vanX_contig_1054_contig_1055	67.1462829736211	417	133	147	78	59
cen05_vanX_contig_1074_contig_1075	63.0769230769231	585	179	190	99	117
cen05_vanX_contig_1494_contig_1495	62.3052959501558	321	101	99	66	55
cen05_vanX_contig_1540_contig_1541	65.5555555555556	540	164	190	105	81
cen05_vanX_contig_1652_contig_1653	65.1785714285714	336	101	118	68	49
cen05_vanX_contig_1920_contig_1921	64.6766169154229	603	178	212	119	94
