ID	% GCContent	Total Count	G Count	C Count	A Count	T Count
cen05_acr3_contig_8_contig_9	55.0476190476191	525	147	142	92	144
cen05_acr3_contig_78_contig_79	64.7686832740214	843	260	286	105	192
cen05_acr3_contig_208_contig_209	58.4062196307094	1029	286	315	157	271
cen05_acr3_contig_364_contig_365	58.0246913580247	891	264	253	130	244
cen05_acr3_contig_926_contig_927	58.0168776371308	474	134	141	72	127
cen05_acr3_contig_1092_contig_1093	55.6207233626588	1023	296	273	168	286
cen05_acr3_contig_1148_contig_1149	51.104707012488	1041	269	263	184	325
cen05_acr3_contig_1380_contig_1381	57.6107899807322	1038	304	294	167	273
cen05_acr3_contig_1506_contig_1507	53.8011695906433	1026	280	272	176	298
cen05_acr3_contig_1708_contig_1709	60.125786163522	795	247	231	121	196
cen05_acr3_contig_1822_contig_1823	56.875	480	122	151	72	135
cen05_acr3_contig_2036_contig_2037	56.8115942028985	1035	325	263	166	281
cen05_acr3_contig_2878_contig_2879	54.1666666666667	600	177	148	112	163
cen05_acr3_contig_2888_contig_2889	53.1219980787704	1041	279	274	175	313
cen05_acr3_contig_2924_contig_2925	53.4906588003933	1017	275	269	173	300
cen05_acr3_contig_2940_contig_2941	60.2150537634409	465	146	134	66	119
cen05_acr3_contig_3398_contig_3399	60.6150793650794	1008	335	276	141	256
cen05_acr3_contig_3634_contig_3635	55.2986512524085	1038	291	283	188	276
cen05_acr3_contig_6388_contig_6389	58.1081081081081	666	186	201	110	169
cen05_acr3_contig_6530_contig_6531	55.9139784946237	1023	298	274	167	284
cen05_acr3_contig_10216_contig_10217	57.0588235294118	1020	320	262	163	275
cen05_acr3_contig_11906_contig_11907	61.3247863247863	468	149	138	65	116
cen05_acr3_contig_15058_contig_15059	56.5789473684211	456	133	125	72	126
cen05_acr3_contig_15158_contig_15159	52.5806451612903	930	251	238	161	280
cen05_acr3_contig_15406_contig_15407	54.6666666666667	525	142	145	85	153
cen05_acr3_contig_16108_contig_16109	54.1910331384016	1026	282	274	174	296
cen05_acr3_contig_18714_contig_18715	50.9125840537944	1041	269	261	186	325
cen05_acr3_contig_19266_contig_19267	58.2352941176471	1020	281	313	155	271
cen05_acr3_contig_22044_contig_22045	55.4285714285714	525	158	133	90	144
cen05_acr3_contig_22364_contig_22365	56.0897435897436	936	287	238	154	257
cen05_acr3_contig_22786_contig_22787	54.1524459613197	879	244	232	148	255
cen05_acr3_contig_23308_contig_23309	54.6242774566474	1038	310	257	173	298
cen05_acr3_contig_26302_contig_26303	55.1428571428571	1050	297	282	172	299
cen05_acr3_contig_27048_contig_27049	55.2696078431373	816	230	221	130	235
cen05_acr3_contig_27450_contig_27451	57.3809523809524	840	246	236	135	223
cen05_acr3_contig_29004_contig_29005	54.8387096774194	558	148	158	85	167
cen05_acr3_contig_29182_contig_29183	60.6334841628959	663	184	218	89	172
cen05_acr3_contig_30156_contig_30157	58.5748792270531	828	215	270	123	220
cen05_acr3_contig_32372_contig_32373	52.5956284153005	732	192	193	133	214
cen05_acr3_contig_32744_contig_32745	56.0185185185185	648	183	180	105	180
cen05_acr3_contig_33902_contig_33903	55.6618819776714	627	168	181	104	174
cen05_acr3_contig_35216_contig_35217	57.1428571428571	483	153	123	82	125
cen05_acr3_contig_36882_contig_36883	66.8724279835391	486	159	166	66	95
cen05_acr3_contig_36892_contig_36893	55.3030303030303	528	150	142	88	148
cen05_acr3_contig_36932_contig_36933	64.367816091954	609	205	187	75	142
cen05_acr3_contig_36940_contig_36941	58.7771203155819	507	144	154	84	125
cen05_acr3_contig_36984_contig_36985	67.51269035533	591	214	185	67	125
cen05_acr3_contig_37050_contig_37051	54.5045045045045	666	196	167	119	184
cen05_acr3_contig_37122_contig_37123	53.7414965986395	588	157	159	100	172
cen05_acr3_contig_37130_contig_37131	64.4891122278057	597	178	207	78	134
cen05_acr3_contig_37156_contig_37157	58.0431177446103	603	188	162	93	160
cen05_acr3_contig_37466_contig_37467	55.119825708061	459	134	119	81	125
cen05_acr3_contig_37804_contig_37805	58.1372549019608	1020	270	323	163	264
cen05_acr3_contig_37952_contig_37953	54.6296296296296	756	226	187	132	211
cen05_acr3_contig_38196_contig_38197	61.9918699186992	492	144	161	64	123
cen05_acr3_contig_38288_contig_38289	56.8253968253968	630	186	172	97	175
cen05_acr3_contig_38466_contig_38467	63.3851468048359	579	186	181	75	137
cen05_acr3_contig_39266_contig_39267	54.3478260869565	552	159	141	91	161
cen05_acr3_contig_39272_contig_39273	65.7004830917874	621	190	218	81	132
cen05_acr3_contig_39366_contig_39367	64.7266313932981	567	189	178	68	132
cen05_acr3_contig_39372_contig_39373	64.2233856893543	573	174	194	77	128
cen05_acr3_contig_39376_contig_39377	55.6818181818182	528	150	144	84	150
cen05_acr3_contig_39382_contig_39383	61.9047619047619	483	147	152	68	116
cen05_acr3_contig_39402_contig_39403	65.3256704980843	522	179	162	68	113
cen05_acr3_contig_39492_contig_39493	62.5246548323471	507	168	149	65	125
cen05_acr3_contig_39830_contig_39831	56.2162162162162	555	163	149	86	157
cen05_acr3_contig_40112_contig_40113	58.5253456221198	651	209	172	99	171
cen05_acr3_contig_40200_contig_40201	55.9139784946237	465	134	126	77	128
cen05_acr3_contig_40310_contig_40311	67.2380952380952	525	189	164	65	107
cen05_acr3_contig_40768_contig_40769	59.8870056497175	531	158	160	86	127
cen05_acr3_contig_40848_contig_40849	58.8617886178862	615	169	193	93	160
cen05_acr3_contig_41038_contig_41039	54.2168674698795	498	138	132	84	144
cen05_acr3_contig_41054_contig_41055	59.3939393939394	660	201	191	110	158
cen05_acr3_contig_41416_contig_41417	55.0898203592814	501	130	146	84	141
cen05_acr3_contig_42532_contig_42533	56.9369369369369	555	158	158	86	153
cen05_acr3_contig_42964_contig_42965	62.280701754386	456	134	150	60	112
cen05_acr3_contig_43280_contig_43281	58.6345381526104	498	151	141	72	134
cen05_acr3_contig_44196_contig_44197	64.957264957265	585	198	182	65	140
cen05_acr3_contig_48334_contig_48335	70.2991452991453	468	167	162	53	86
cen05_acr3_contig_48824_contig_48825	58.2781456953642	453	133	131	64	125
cen05_acr3_contig_49014_contig_49015	60.2020202020202	495	155	143	65	132
cen05_acr3_contig_49264_contig_49265	55.4307116104869	534	152	144	100	138
cen05_acr3_contig_50388_contig_50389	56.4027370478983	1023	301	276	168	278
cen05_acr3_contig_50722_contig_50723	70.2064896755162	678	241	235	75	127
cen05_acr3_contig_51000_contig_51001	55.1587301587302	756	220	197	124	215
cen05_acr3_contig_57140_contig_57141	57.5609756097561	615	184	170	105	156
cen05_acr3_contig_57256_contig_57257	53.8095238095238	1050	294	271	173	312
cen05_acr3_contig_58560_contig_58561	61.139896373057	579	173	181	81	144
cen05_acr3_contig_60424_contig_60425	53.4285714285714	1050	288	273	181	308
cen05_acr3_contig_60490_contig_60491	55.0245098039216	816	224	225	132	235
cen05_acr3_contig_61600_contig_61601	53.1416400425985	939	253	246	164	276
cen05_acr3_contig_64020_contig_64021	56.2015503875969	1032	320	260	173	279
cen05_acr3_contig_64834_contig_64835	53.6062378167641	1026	279	271	176	300
cen05_acr3_contig_66180_contig_66181	55.8162267839687	1023	297	274	169	283
cen05_acr3_contig_66786_contig_66787	64.6153846153846	585	201	177	72	135
cen05_acr3_contig_66830_contig_66831	63.573883161512	582	191	179	71	141
cen05_acr3_contig_68382_contig_68383	54.9655850540806	1017	282	277	166	292
cen05_acr3_contig_70176_contig_70177	63.2034632034632	462	137	155	61	109
cen05_acr3_contig_70658_contig_70659	64.594127806563	579	189	185	61	144
cen05_acr3_contig_70810_contig_70811	64.6048109965636	582	196	180	67	139
cen05_acr3_contig_70818_contig_70819	69.0476190476191	588	216	190	67	115
cen05_acr3_contig_71446_contig_71447	60.5522682445759	1014	337	277	145	255
cen05_acr3_contig_71468_contig_71469	60.4417670682731	498	155	146	68	129
