ID	% GCContent	Total Count	G Count	C Count	A Count	T Count
cen07_arsM_contig_10_contig_11	59.9264705882353	816	274	215	178	149
cen07_arsM_contig_102_contig_103	57.1428571428571	798	266	190	175	167
cen07_arsM_contig_118_contig_119	61.8181818181818	495	146	160	99	90
cen07_arsM_contig_170_contig_171	65.9604519774011	708	245	222	121	120
cen07_arsM_contig_300_contig_301	57.2052401746725	687	219	174	153	141
cen07_arsM_contig_338_contig_339	60.8187134502924	684	206	210	137	131
cen07_arsM_contig_350_contig_351	55.0561797752809	801	236	205	193	167
cen07_arsM_contig_394_contig_395	58.8419405320814	639	211	165	132	131
cen07_arsM_contig_400_contig_401	58.0906148867314	618	204	155	121	138
cen07_arsM_contig_412_contig_413	52.3096129837703	801	241	178	202	180
cen07_arsM_contig_424_contig_425	58.641975308642	486	166	119	98	103
cen07_arsM_contig_488_contig_489	58.9263420724095	801	261	211	168	161
cen07_arsM_contig_616_contig_617	62.8498727735369	786	285	209	151	141
cen07_arsM_contig_712_contig_713	65.9604519774011	708	251	216	131	110
cen07_arsM_contig_720_contig_721	66.0470879801735	807	282	251	144	130
cen07_arsM_contig_764_contig_765	72.2925457102672	711	251	263	86	111
cen07_arsM_contig_768_contig_769	59.5771144278607	804	238	241	164	161
cen07_arsM_contig_788_contig_789	73.4055354993983	831	343	267	114	107
cen07_arsM_contig_792_contig_793	67.6829268292683	492	170	163	83	76
cen07_arsM_contig_912_contig_913	61.082910321489	591	205	156	115	115
cen07_arsM_contig_926_contig_927	63.768115942029	621	212	184	127	98
cen07_arsM_contig_932_contig_933	68.8725490196078	816	310	252	116	138
cen07_arsM_contig_958_contig_959	62.6716604244694	801	242	260	161	138
cen07_arsM_contig_992_contig_993	57.0402298850575	696	225	172	146	153
cen07_arsM_contig_1030_contig_1031	61.4097968936679	837	268	246	170	153
cen07_arsM_contig_1040_contig_1041	61.3065326633166	597	183	183	119	112
cen07_arsM_contig_1402_contig_1403	61.2546125461255	813	255	243	168	147
cen07_arsM_contig_1426_contig_1427	59.8717948717949	780	239	228	158	155
cen07_arsM_contig_1442_contig_1443	61.1916264090177	621	202	178	126	115
cen07_arsM_contig_1450_contig_1451	60.6349206349206	630	197	185	123	125
cen07_arsM_contig_1452_contig_1453	60.7990012484395	801	249	238	165	149
cen07_arsM_contig_1476_contig_1477	72.2222222222222	558	213	190	80	75
cen07_arsM_contig_1534_contig_1535	69.5512820512821	624	245	189	84	106
cen07_arsM_contig_1552_contig_1553	62.3456790123457	486	163	140	99	84
cen07_arsM_contig_1574_contig_1575	58.7719298245614	798	252	217	169	160
cen07_arsM_contig_1626_contig_1627	67.2043010752688	558	182	193	91	92
cen07_arsM_contig_1638_contig_1639	60	810	278	208	159	165
cen07_arsM_contig_1768_contig_1769	55.8024691358025	810	248	204	176	182
cen07_arsM_contig_1808_contig_1809	62.1794871794872	624	215	173	118	118
cen07_arsM_contig_1822_contig_1823	60.2756892230576	798	245	236	161	156
cen07_arsM_contig_1872_contig_1873	60.0246002460025	813	313	175	159	166
cen07_arsM_contig_1950_contig_1951	57.8754578754579	819	290	184	174	171
cen07_arsM_contig_2090_contig_2091	59.4417077175698	609	199	163	130	117
cen07_arsM_contig_2096_contig_2097	57.1069182389937	795	222	232	181	160
cen07_arsM_contig_2174_contig_2175	55.0813008130081	492	142	129	112	109
cen07_arsM_contig_2228_contig_2229	56.0493827160494	810	245	209	177	179
cen07_arsM_contig_2256_contig_2257	71.7228464419476	534	199	184	72	79
cen07_arsM_contig_2260_contig_2261	59.8484848484849	792	250	224	170	148
cen07_arsM_contig_2304_contig_2305	56.3492063492063	504	160	124	118	102
cen07_arsM_contig_2426_contig_2427	61.3836477987421	795	268	220	164	143
cen07_arsM_contig_2470_contig_2471	58.6766541822722	801	248	222	183	148
cen07_arsM_contig_2482_contig_2483	58.8235294117647	510	149	151	118	92
cen07_arsM_contig_2486_contig_2487	59.4135802469136	648	214	171	132	131
cen07_arsM_contig_2488_contig_2489	56.0747663551402	642	188	172	156	126
cen07_arsM_contig_2518_contig_2519	63.5578583765112	579	184	184	108	103
cen07_arsM_contig_2616_contig_2617	66.301703163017	822	292	253	137	140
cen07_arsM_contig_2686_contig_2687	55.3505535055351	813	247	203	185	178
cen07_arsM_contig_2692_contig_2693	54.9313358302122	801	233	207	195	166
cen07_arsM_contig_2802_contig_2803	58.3959899749373	798	257	209	167	165
cen07_arsM_contig_2846_contig_2847	58.869395711501	513	153	149	108	103
cen07_arsM_contig_2938_contig_2939	71.0280373831776	642	238	218	90	96
cen07_arsM_contig_2980_contig_2981	60.0713012477718	561	174	163	116	108
cen07_arsM_contig_2992_contig_2993	61.3065326633166	597	182	184	119	112
cen07_arsM_contig_3042_contig_3043	66.120218579235	549	189	174	90	96
cen07_arsM_contig_3208_contig_3209	67.3835125448029	558	193	183	86	96
cen07_arsM_contig_3222_contig_3223	63.7837837837838	555	160	194	98	103
cen07_arsM_contig_3330_contig_3331	66.120218579235	549	188	175	90	96
cen07_arsM_contig_3996_contig_3997	64.1441441441441	555	159	197	98	101
cen07_arsM_contig_3998_contig_3999	69.96336996337	546	191	191	81	83
cen07_arsM_contig_4046_contig_4047	65.7848324514991	567	192	181	100	94
cen07_arsM_contig_4082_contig_4083	59.409594095941	813	270	213	180	150
cen07_arsM_contig_4098_contig_4099	62.1399176954733	486	160	142	95	89
cen07_arsM_contig_4128_contig_4129	56.8241469816273	762	234	199	169	160
cen07_arsM_contig_4260_contig_4261	70.059880239521	501	191	160	77	73
cen07_arsM_contig_4276_contig_4277	56.9444444444444	504	164	123	117	100
cen07_arsM_contig_4336_contig_4337	59.6107055961071	822	257	233	180	152
cen07_arsM_contig_4558_contig_4559	67.6954732510288	486	176	153	74	83
cen07_arsM_contig_4654_contig_4655	66.3120567375886	564	201	173	88	102
cen07_arsM_contig_4780_contig_4781	68.1818181818182	594	215	190	95	94
cen07_arsM_contig_4872_contig_4873	63.6363636363636	495	161	154	88	92
cen07_arsM_contig_5482_contig_5483	66.6666666666667	570	203	177	95	95
cen07_arsM_contig_5740_contig_5741	71.5399610136452	513	183	184	70	76
cen07_arsM_contig_9956_contig_9957	55.0295857988166	507	155	124	113	115
cen07_arsM_contig_10890_contig_10891	57.4181117533719	519	151	147	114	107
cen07_arsM_contig_11084_contig_11085	55.5555555555556	522	140	150	140	92
cen07_arsM_contig_12132_contig_12133	61.2774451097804	501	132	175	109	85
cen07_arsM_contig_12674_contig_12675	53.8302277432712	483	167	93	92	131
cen07_arsM_contig_13982_contig_13983	54.4910179640719	501	146	127	122	106
cen07_arsM_contig_14184_contig_14185	51.0978043912176	501	136	120	132	113
cen07_arsM_contig_14918_contig_14919	69.1119691119691	777	284	253	124	116
cen07_arsM_contig_15380_contig_15381	62.3853211009174	654	209	199	126	120
cen07_arsM_contig_15388_contig_15389	68.8622754491018	501	181	164	74	82
cen07_arsM_contig_15504_contig_15505	55.761316872428	486	147	124	121	94
cen07_arsM_contig_18232_contig_18233	65.2859960552268	507	179	152	93	83
cen07_arsM_contig_18504_contig_18505	61.4355231143552	822	292	213	167	150
cen07_arsM_contig_18740_contig_18741	55.8095238095238	525	163	130	113	119
cen07_arsM_contig_20324_contig_20325	68.8622754491018	501	181	164	75	81
cen07_arsM_contig_21000_contig_21001	61.3636363636364	528	171	153	112	92
cen07_arsM_contig_21018_contig_21019	57.0536828963795	801	247	210	178	166
cen07_arsM_contig_21822_contig_21823	62.7147766323024	582	192	173	101	116
cen07_arsM_contig_21850_contig_21851	65.6804733727811	507	184	149	89	85
cen07_arsM_contig_30848_contig_30849	61.2698412698413	630	197	189	124	120
cen07_arsM_contig_35054_contig_35055	68.0952380952381	630	231	198	96	105
cen07_arsM_contig_38476_contig_38477	73.9583333333333	576	223	203	69	81
cen07_arsM_contig_39730_contig_39731	73.0769230769231	546	215	184	68	79
cen07_arsM_contig_39988_contig_39989	55.1810237203496	801	233	209	193	166
cen07_arsM_contig_40480_contig_40481	62.9422718808194	537	181	157	108	91
cen07_arsM_contig_42248_contig_42249	66.8571428571429	525	191	160	85	89
cen07_arsM_contig_44220_contig_44221	59.7785977859779	813	275	211	177	150
cen07_arsM_contig_44960_contig_44961	56.4971751412429	531	163	137	123	108
cen07_arsM_contig_48070_contig_48071	58.5820895522388	804	260	211	168	165
cen07_arsM_contig_50228_contig_50229	54.9313358302122	801	236	204	193	168
cen07_arsM_contig_52248_contig_52249	59.3360995850622	723	216	213	151	143
cen07_arsM_contig_52618_contig_52619	56.5934065934066	546	166	143	116	121
cen07_arsM_contig_53552_contig_53553	56.6523605150215	699	234	162	149	154
cen07_arsM_contig_53742_contig_53743	73.3695652173913	552	200	205	72	75
cen07_arsM_contig_54898_contig_54899	61.384335154827	549	185	152	110	102
cen07_arsM_contig_55014_contig_55015	62.8415300546448	549	179	166	102	102
cen07_arsM_contig_58260_contig_58261	63.9175257731959	582	194	178	103	107
cen07_arsM_contig_59406_contig_59407	66.8097281831187	699	231	236	119	113
cen07_arsM_contig_62462_contig_62463	57.6779026217228	801	257	205	175	164
cen07_arsM_contig_63314_contig_63315	60.3648424543947	603	200	164	127	112
cen07_arsM_contig_71060_contig_71061	43.0232558139535	516	137	85	163	131
cen07_arsM_contig_71422_contig_71423	55.0813008130081	492	114	157	122	99
cen07_arsM_contig_71572_contig_71573	57.6875768757688	813	258	211	181	163
