ID	% GCContent	Total Count	G Count	C Count	A Count	T Count
cen03_rplB_contig_142_contig_143	70.0374531835206	801	267	294	143	97
cen03_rplB_contig_156_contig_157	65.8303464755078	837	264	287	185	101
cen03_rplB_contig_252_contig_253	70.1946472019465	822	275	302	148	97
cen03_rplB_contig_338_contig_339	68.7301587301587	630	209	224	114	83
cen03_rplB_contig_350_contig_351	70.2337023370234	813	272	299	142	100
cen03_rplB_contig_390_contig_391	67.2727272727273	825	274	281	164	106
cen03_rplB_contig_392_contig_393	67.6363636363636	825	279	279	163	104
cen03_rplB_contig_398_contig_399	63.1410256410256	624	212	182	132	98
cen03_rplB_contig_400_contig_401	65.3284671532847	822	248	289	169	116
cen03_rplB_contig_412_contig_413	67.6767676767677	693	223	246	132	92
cen03_rplB_contig_414_contig_415	46.0714285714286	840	206	181	254	199
cen03_rplB_contig_416_contig_417	69.6969696969697	825	278	297	154	96
cen03_rplB_contig_424_contig_425	60.3406326034063	822	265	231	202	124
cen03_rplB_contig_432_contig_433	61.5757575757576	825	267	241	188	129
cen03_rplB_contig_434_contig_435	67.6470588235294	816	278	274	158	106
cen03_rplB_contig_448_contig_449	68.3698296836983	822	270	292	159	101
cen03_rplB_contig_452_contig_453	68.1318681318681	819	267	291	152	109
cen03_rplB_contig_458_contig_459	66.6666666666667	822	269	279	164	110
cen03_rplB_contig_460_contig_461	70.5368289637953	801	286	279	140	96
cen03_rplB_contig_468_contig_469	58.2725060827251	822	255	224	204	139
cen03_rplB_contig_470_contig_471	67.3992673992674	819	272	280	161	106
cen03_rplB_contig_498_contig_499	67.2794117647059	816	271	278	158	109
cen03_rplB_contig_500_contig_501	58.9090909090909	825	252	234	199	140
cen03_rplB_contig_506_contig_507	69.4545454545455	825	278	295	156	96
cen03_rplB_contig_512_contig_513	71.5506715506716	819	303	283	144	89
cen03_rplB_contig_514_contig_515	65.2121212121212	825	260	278	179	108
cen03_rplB_contig_516_contig_517	63.5416666666667	480	170	135	109	66
cen03_rplB_contig_518_contig_519	69.7080291970803	822	277	296	149	100
cen03_rplB_contig_528_contig_529	67.8921568627451	816	276	278	158	104
cen03_rplB_contig_560_contig_561	60.6060606060606	825	255	245	184	141
cen03_rplB_contig_566_contig_567	60.0973236009732	822	266	228	195	133
cen03_rplB_contig_570_contig_571	69.5863746958638	822	304	268	145	105
cen03_rplB_contig_572_contig_573	67.4019607843137	816	278	272	150	116
cen03_rplB_contig_578_contig_579	65.4501216545012	822	249	289	172	112
cen03_rplB_contig_588_contig_589	64.1414141414141	792	254	254	169	115
cen03_rplB_contig_608_contig_609	66.7887667887668	819	247	300	163	109
cen03_rplB_contig_640_contig_641	60.5839416058394	822	268	230	196	128
cen03_rplB_contig_646_contig_647	61.9221411192214	822	257	252	178	135
cen03_rplB_contig_684_contig_685	67.5245098039216	816	274	277	160	105
cen03_rplB_contig_688_contig_689	66.301703163017	822	257	288	168	109
cen03_rplB_contig_698_contig_699	62.4724061810155	453	143	140	105	65
cen03_rplB_contig_700_contig_701	64.093137254902	816	261	262	185	108
cen03_rplB_contig_702_contig_703	65.6898656898657	819	244	294	168	113
cen03_rplB_contig_708_contig_709	62.2222222222222	720	259	189	162	110
cen03_rplB_contig_718_contig_719	61.1519607843137	816	256	243	185	132
cen03_rplB_contig_720_contig_721	55.9796437659033	786	238	202	199	147
cen03_rplB_contig_728_contig_729	68.2598039215686	816	275	282	158	101
cen03_rplB_contig_734_contig_735	60.2230483271375	807	261	225	185	136
cen03_rplB_contig_740_contig_741	61.8811881188119	606	195	180	137	94
cen03_rplB_contig_744_contig_745	66.7892156862745	816	273	272	162	109
cen03_rplB_contig_750_contig_751	65.0793650793651	819	245	288	168	118
cen03_rplB_contig_806_contig_807	65.0617283950617	810	244	283	171	112
cen03_rplB_contig_808_contig_809	61.0705596107056	822	260	242	191	129
cen03_rplB_contig_814_contig_815	62.3030303030303	825	267	247	186	125
cen03_rplB_contig_818_contig_819	62.0606060606061	825	276	236	192	121
cen03_rplB_contig_822_contig_823	65.8119658119658	819	276	263	162	118
cen03_rplB_contig_824_contig_825	65.8119658119658	819	253	286	167	113
cen03_rplB_contig_834_contig_835	67.0316301703163	822	279	272	171	100
cen03_rplB_contig_836_contig_837	58.7786259541985	786	240	222	181	143
cen03_rplB_contig_854_contig_855	62.5304136253041	822	277	237	185	123
cen03_rplB_contig_866_contig_867	67.1550671550672	819	266	284	163	106
cen03_rplB_contig_868_contig_869	57.669616519174	678	213	178	156	131
cen03_rplB_contig_872_contig_873	63.5802469135802	486	166	143	108	69
cen03_rplB_contig_878_contig_879	64.3122676579926	807	266	253	177	111
cen03_rplB_contig_890_contig_891	67.3939393939394	825	281	275	171	98
cen03_rplB_contig_896_contig_897	61.9221411192214	822	269	240	186	127
cen03_rplB_contig_898_contig_899	61.0909090909091	825	257	247	185	136
cen03_rplB_contig_902_contig_903	67.8921568627451	816	277	277	161	101
cen03_rplB_contig_910_contig_911	66.7883211678832	822	269	280	163	110
cen03_rplB_contig_930_contig_931	64.6060606060606	825	254	279	175	117
cen03_rplB_contig_932_contig_933	61.3138686131387	822	272	232	189	129
cen03_rplB_contig_934_contig_935	66.4242424242424	825	277	271	174	103
cen03_rplB_contig_946_contig_947	63.5327635327635	702	208	238	155	101
cen03_rplB_contig_960_contig_961	67.030303030303	825	279	274	163	109
cen03_rplB_contig_976_contig_977	67.1550671550672	819	270	280	164	105
cen03_rplB_contig_978_contig_979	66.2202380952381	672	210	235	134	93
cen03_rplB_contig_1018_contig_1019	62.2549019607843	816	251	257	174	134
cen03_rplB_contig_1020_contig_1021	67.2794117647059	816	278	271	168	99
cen03_rplB_contig_1034_contig_1035	63.4567901234568	810	271	243	177	119
cen03_rplB_contig_1078_contig_1079	63.1490787269682	597	210	167	127	93
cen03_rplB_contig_1090_contig_1091	69.1086691086691	819	268	298	155	98
cen03_rplB_contig_1094_contig_1095	64.093137254902	816	267	256	184	109
cen03_rplB_contig_1124_contig_1125	60.9489051094891	822	253	248	193	128
cen03_rplB_contig_1146_contig_1147	64.5909645909646	819	267	262	171	119
cen03_rplB_contig_1154_contig_1155	61.5757575757576	825	266	242	188	129
cen03_rplB_contig_1156_contig_1157	60.8623548922056	603	180	187	131	105
cen03_rplB_contig_1164_contig_1165	67.2771672771673	819	270	281	163	105
cen03_rplB_contig_1200_contig_1201	68.1372549019608	816	279	277	157	103
cen03_rplB_contig_1202_contig_1203	67.1532846715328	822	270	282	164	106
cen03_rplB_contig_1228_contig_1229	66.2420382165605	471	166	146	96	63
cen03_rplB_contig_1238_contig_1239	63.3939393939394	825	271	252	186	116
cen03_rplB_contig_1246_contig_1247	67.032967032967	819	270	279	164	106
cen03_rplB_contig_1260_contig_1261	68.2539682539683	819	268	291	156	104
cen03_rplB_contig_1264_contig_1265	62.5304136253041	822	260	254	182	126
cen03_rplB_contig_1276_contig_1277	60.3406326034063	822	265	231	198	128
cen03_rplB_contig_1288_contig_1289	63.5220125786164	477	134	169	106	68
cen03_rplB_contig_1296_contig_1297	64.2246642246642	819	279	247	174	119
cen03_rplB_contig_1352_contig_1353	68.7593423019432	669	221	239	123	86
cen03_rplB_contig_1354_contig_1355	68.1096681096681	693	229	243	133	88
cen03_rplB_contig_1362_contig_1363	65.0793650793651	819	248	285	169	117
cen03_rplB_contig_1378_contig_1379	60.9279609279609	819	251	248	189	131
cen03_rplB_contig_1428_contig_1429	67.5151515151515	825	279	278	164	104
cen03_rplB_contig_1444_contig_1445	64.0740740740741	810	258	261	174	117
cen03_rplB_contig_1450_contig_1451	47.2868217054264	516	150	94	160	112
cen03_rplB_contig_1486_contig_1487	68.3760683760684	819	269	291	156	103
cen03_rplB_contig_1494_contig_1495	67.4019607843137	816	282	268	169	97
cen03_rplB_contig_1514_contig_1515	66.9108669108669	819	273	275	164	107
cen03_rplB_contig_1534_contig_1535	59.3137254901961	816	264	220	193	139
cen03_rplB_contig_1584_contig_1585	67.7696078431373	816	281	272	157	106
cen03_rplB_contig_1586_contig_1587	69.5175438596491	456	169	148	93	46
cen03_rplB_contig_1614_contig_1615	67.8210678210678	693	228	242	132	91
cen03_rplB_contig_1618_contig_1619	67.8743961352657	828	278	284	162	104
cen03_rplB_contig_1624_contig_1625	68.9655172413793	783	266	274	153	90
cen03_rplB_contig_1634_contig_1635	62.9139072847682	453	148	137	105	63
cen03_rplB_contig_1642_contig_1643	67.2771672771673	819	273	278	162	106
cen03_rplB_contig_1710_contig_1711	46.8864468864469	819	213	171	258	177
cen03_rplB_contig_1726_contig_1727	67.6434676434676	819	269	285	160	105
cen03_rplB_contig_1762_contig_1763	64.8148148148148	810	251	274	170	115
cen03_rplB_contig_1768_contig_1769	67.8966789667897	813	276	276	153	108
cen03_rplB_contig_1780_contig_1781	64.9382716049383	810	250	276	170	114
cen03_rplB_contig_1786_contig_1787	68.6274509803922	561	198	187	103	73
cen03_rplB_contig_1930_contig_1931	67.7655677655678	819	270	285	160	104
cen03_rplB_contig_1946_contig_1947	70.1622971285893	801	271	291	154	85
cen03_rplB_contig_2018_contig_2019	70.1107011070111	813	274	296	157	86
cen03_rplB_contig_2040_contig_2041	69.3236714975845	828	276	298	156	98
cen03_rplB_contig_2072_contig_2073	69.7080291970803	822	277	296	153	96
cen03_rplB_contig_2092_contig_2093	69.8795180722892	498	174	174	88	62
cen03_rplB_contig_2196_contig_2197	66.3003663003663	819	269	274	166	110
cen03_rplB_contig_2226_contig_2227	65.5616942909761	543	184	172	112	75
cen03_rplB_contig_2238_contig_2239	64.4444444444444	810	256	266	175	113
cen03_rplB_contig_2336_contig_2337	69.2982456140351	456	167	149	93	47
cen03_rplB_contig_2340_contig_2341	66.7883211678832	822	278	271	169	104
cen03_rplB_contig_2376_contig_2377	68.8085676037483	747	258	256	146	87
cen03_rplB_contig_2652_contig_2653	63.5036496350365	822	272	250	181	119
cen03_rplB_contig_2852_contig_2853	64.3382352941177	816	272	253	176	115
cen03_rplB_contig_2854_contig_2855	63.8583638583639	819	272	251	178	118
cen03_rplB_contig_2912_contig_2913	44.2282749675746	771	199	142	256	174
cen03_rplB_contig_3318_contig_3319	70.671834625323	774	269	278	139	88
cen03_rplB_contig_3506_contig_3507	62.3456790123457	810	254	251	182	123
cen03_rplB_contig_4024_contig_4025	66.5450121654501	822	273	274	165	110
cen03_rplB_contig_4098_contig_4099	64.4444444444444	810	259	263	173	115
cen03_rplB_contig_4286_contig_4287	64.0836408364084	813	259	262	174	118
cen03_rplB_contig_4356_contig_4357	68.7423687423687	819	271	292	151	105
cen03_rplB_contig_4552_contig_4553	68	825	280	281	160	104
cen03_rplB_contig_4570_contig_4571	65.9231722428748	807	247	285	164	111
cen03_rplB_contig_4680_contig_4681	64.2246642246642	819	271	255	179	114
cen03_rplB_contig_5576_contig_5577	66.7883211678832	822	278	271	163	110
cen03_rplB_contig_6162_contig_6163	64.720194647202	822	246	286	170	120
cen03_rplB_contig_7100_contig_7101	65.5717761557178	822	250	289	170	113
cen03_rplB_contig_7640_contig_7641	70.6027060270603	813	288	286	152	87
cen03_rplB_contig_7644_contig_7645	70.5882352941177	816	287	289	152	88
cen03_rplB_contig_7682_contig_7683	69.7191697191697	819	267	304	152	96
cen03_rplB_contig_7704_contig_7705	70.7566462167689	489	169	177	83	60
cen03_rplB_contig_7754_contig_7755	69.8529411764706	816	292	278	147	99
cen03_rplB_contig_7764_contig_7765	72.671568627451	816	303	290	141	82
cen03_rplB_contig_7770_contig_7771	72.7272727272727	825	302	298	146	79
cen03_rplB_contig_7860_contig_7861	73.1617647058823	816	301	296	138	81
cen03_rplB_contig_7942_contig_7943	64.9789029535865	711	255	207	145	104
cen03_rplB_contig_7958_contig_7959	58.7606837606838	468	140	135	108	85
cen03_rplB_contig_7992_contig_7993	71.9101123595506	801	271	305	130	95
cen03_rplB_contig_8146_contig_8147	66.2962962962963	810	290	247	154	119
cen03_rplB_contig_8204_contig_8205	69.5970695970696	819	267	303	152	97
cen03_rplB_contig_8254_contig_8255	72.4747474747475	792	270	304	129	89
cen03_rplB_contig_8266_contig_8267	72.265625	768	261	294	129	84
cen03_rplB_contig_8286_contig_8287	73.5330836454432	801	278	311	128	84
cen03_rplB_contig_8296_contig_8297	70.7257072570726	813	290	285	150	88
cen03_rplB_contig_8318_contig_8319	70.7257072570726	813	292	283	148	90
cen03_rplB_contig_8350_contig_8351	72.8937728937729	819	298	299	139	83
cen03_rplB_contig_8384_contig_8385	72.5490196078431	816	298	294	142	82
cen03_rplB_contig_8420_contig_8421	73.8095238095238	504	186	186	70	62
cen03_rplB_contig_8440_contig_8441	68.935427574171	573	198	197	97	81
cen03_rplB_contig_8502_contig_8503	70.0757575757576	792	281	274	151	86
cen03_rplB_contig_8510_contig_8511	73.015873015873	819	302	296	139	82
cen03_rplB_contig_8532_contig_8533	68.0246913580247	810	301	250	152	107
cen03_rplB_contig_8546_contig_8547	69.9004975124378	804	269	293	150	92
cen03_rplB_contig_8630_contig_8631	69.3528693528693	819	269	299	154	97
cen03_rplB_contig_8662_contig_8663	70.5882352941177	816	273	303	145	95
cen03_rplB_contig_8754_contig_8755	72.1212121212121	825	303	292	150	80
cen03_rplB_contig_8762_contig_8763	72.4053724053724	819	299	294	144	82
cen03_rplB_contig_9716_contig_9717	70.316301703163	822	290	288	154	90
cen03_rplB_contig_9958_contig_9959	72.7272727272727	825	305	295	146	79
cen03_rplB_contig_10164_contig_10165	68.3397683397683	777	261	270	155	91
cen03_rplB_contig_10350_contig_10351	72.6190476190476	756	279	270	133	74
cen03_rplB_contig_10410_contig_10411	70.4938271604938	810	289	282	152	87
cen03_rplB_contig_10612_contig_10613	72.5490196078431	816	297	295	143	81
cen03_rplB_contig_11082_contig_11083	68.3687943262411	705	240	242	130	93
cen03_rplB_contig_11596_contig_11597	67.1902268760907	573	196	189	109	79
cen03_rplB_contig_11614_contig_11615	63.4057971014493	828	266	259	173	130
cen03_rplB_contig_12038_contig_12039	65.4411764705882	816	276	258	164	118
cen03_rplB_contig_12820_contig_12821	71.7575757575758	825	298	294	145	88
cen03_rplB_contig_13252_contig_13253	63.6734693877551	735	241	227	159	108
cen03_rplB_contig_13430_contig_13431	61.3333333333333	825	264	242	194	125
cen03_rplB_contig_15864_contig_15865	60.9649122807018	456	164	114	107	71
cen03_rplB_contig_16826_contig_16827	66.3003663003663	819	248	295	166	110
cen03_rplB_contig_17364_contig_17365	64.5985401459854	822	247	284	176	115
cen03_rplB_contig_18714_contig_18715	63.8709677419355	465	165	132	102	66
cen03_rplB_contig_19006_contig_19007	68.6060606060606	825	275	291	154	105
cen03_rplB_contig_20536_contig_20537	72.7941176470588	816	306	288	138	84
cen03_rplB_contig_20644_contig_20645	68.009768009768	819	271	286	159	103
cen03_rplB_contig_20794_contig_20795	65.8119658119658	819	276	263	167	113
cen03_rplB_contig_20834_contig_20835	62.8434886499403	837	259	267	201	110
cen03_rplB_contig_20850_contig_20851	65.8119658119658	819	246	293	166	114
cen03_rplB_contig_20886_contig_20887	64.720194647202	822	271	261	171	119
cen03_rplB_contig_21100_contig_21101	69.1358024691358	567	216	176	99	76
cen03_rplB_contig_21112_contig_21113	68.2367149758454	828	278	287	167	96
cen03_rplB_contig_21174_contig_21175	68.6131386861314	822	276	288	165	93
cen03_rplB_contig_21228_contig_21229	59.3023255813954	774	264	195	175	140
cen03_rplB_contig_21352_contig_21353	63.8583638583639	819	270	253	168	128
cen03_rplB_contig_21358_contig_21359	65.559655596556	813	268	265	170	110
cen03_rplB_contig_21378_contig_21379	63.4920634920635	819	264	256	181	118
cen03_rplB_contig_21512_contig_21513	64.963503649635	822	268	266	169	119
cen03_rplB_contig_21594_contig_21595	69.5863746958638	822	276	296	154	96
cen03_rplB_contig_21620_contig_21621	68.8564476885645	822	281	285	161	95
cen03_rplB_contig_21876_contig_21877	69.5652173913043	828	276	300	157	95
cen03_rplB_contig_21954_contig_21955	67.512077294686	828	273	286	173	96
cen03_rplB_contig_22208_contig_22209	67.639902676399	822	274	282	167	99
cen03_rplB_contig_22246_contig_22247	65.5717761557178	822	278	261	168	115
cen03_rplB_contig_22426_contig_22427	64.963503649635	822	254	280	175	113
cen03_rplB_contig_22602_contig_22603	62.4087591240876	822	275	238	184	125
cen03_rplB_contig_22668_contig_22669	68.3698296836983	822	280	282	165	95
cen03_rplB_contig_22830_contig_22831	68.0440771349862	726	248	246	138	94
cen03_rplB_contig_22996_contig_22997	68.8644688644689	819	276	288	150	105
cen03_rplB_contig_22998_contig_22999	66.6666666666667	726	246	238	145	97
cen03_rplB_contig_23862_contig_23863	70.4119850187266	801	282	282	144	93
cen03_rplB_contig_23934_contig_23935	60.2941176470588	816	254	238	185	139
cen03_rplB_contig_24508_contig_24509	69.7080291970803	822	288	285	153	96
cen03_rplB_contig_24612_contig_24613	63.973063973064	594	215	165	124	90
cen03_rplB_contig_24744_contig_24745	65.9313725490196	816	277	261	161	117
cen03_rplB_contig_24844_contig_24845	68.2539682539683	630	221	209	124	76
cen03_rplB_contig_24888_contig_24889	66.0740740740741	675	187	259	125	104
cen03_rplB_contig_25010_contig_25011	68.983268983269	777	260	276	151	90
cen03_rplB_contig_25884_contig_25885	63.8344226579521	459	148	145	94	72
cen03_rplB_contig_26012_contig_26013	61.5571776155718	822	274	232	188	128
cen03_rplB_contig_26140_contig_26141	62.3115577889447	597	217	155	129	96
cen03_rplB_contig_26278_contig_26279	41.7989417989418	567	144	93	159	171
cen03_rplB_contig_26310_contig_26311	46.0858585858586	792	222	143	224	203
cen03_rplB_contig_26738_contig_26739	66.5454545454545	825	260	289	163	113
cen03_rplB_contig_26766_contig_26767	53.2121212121212	825	233	206	229	157
cen03_rplB_contig_26872_contig_26873	66.3157894736842	570	180	198	107	85
cen03_rplB_contig_26936_contig_26937	58.7719298245614	456	149	119	109	79
cen03_rplB_contig_27022_contig_27023	69.8296836982968	822	274	300	149	99
cen03_rplB_contig_27180_contig_27181	70.1946472019465	822	275	302	148	97
cen03_rplB_contig_27196_contig_27197	56.4294631710362	801	229	223	205	144
cen03_rplB_contig_27224_contig_27225	63.3456334563346	813	269	246	169	129
cen03_rplB_contig_27232_contig_27233	64.1119221411192	822	275	252	167	128
cen03_rplB_contig_27300_contig_27301	69.3430656934307	822	276	294	155	97
cen03_rplB_contig_27392_contig_27393	70.0854700854701	819	283	291	151	94
cen03_rplB_contig_27408_contig_27409	69.8412698412698	819	273	299	151	96
cen03_rplB_contig_27482_contig_27483	70.316301703163	822	277	301	149	95
cen03_rplB_contig_27518_contig_27519	61.0878661087866	717	228	210	153	126
cen03_rplB_contig_27644_contig_27645	63.1504922644163	711	218	231	162	100
cen03_rplB_contig_27686_contig_27687	70.0729927007299	822	279	297	145	101
cen03_rplB_contig_27716_contig_27717	70.4379562043796	822	280	299	145	98
cen03_rplB_contig_27806_contig_27807	69.8296836982968	822	272	302	147	101
cen03_rplB_contig_27824_contig_27825	69.5863746958638	822	277	295	153	97
cen03_rplB_contig_27856_contig_27857	70.1946472019465	822	274	303	146	99
cen03_rplB_contig_28330_contig_28331	70.316301703163	822	277	301	147	97
cen03_rplB_contig_28378_contig_28379	64.1119221411192	822	272	255	165	130
cen03_rplB_contig_28396_contig_28397	69.6186961869619	813	281	285	141	106
cen03_rplB_contig_28430_contig_28431	70.0729927007299	822	277	299	148	98
cen03_rplB_contig_28464_contig_28465	70.4379562043796	822	277	302	147	96
cen03_rplB_contig_28482_contig_28483	70.0139470013947	717	239	263	128	87
cen03_rplB_contig_28514_contig_28515	62.5	456	156	129	96	75
cen03_rplB_contig_28654_contig_28655	59.6385542168675	498	176	121	118	83
cen03_rplB_contig_28666_contig_28667	59.9264705882353	816	266	223	192	135
cen03_rplB_contig_28696_contig_28697	63.2478632478633	819	271	247	180	121
cen03_rplB_contig_28702_contig_28703	48.2180293501048	477	127	103	135	112
cen03_rplB_contig_28714_contig_28715	64.5702306079665	477	169	139	100	69
cen03_rplB_contig_28742_contig_28743	63.5610766045549	483	171	136	106	70
cen03_rplB_contig_28784_contig_28785	64.8418491484185	822	272	261	167	122
cen03_rplB_contig_28792_contig_28793	59.9264705882353	816	270	219	195	132
cen03_rplB_contig_28894_contig_28895	68.2481751824817	822	282	279	163	98
cen03_rplB_contig_28900_contig_28901	69.0997566909976	822	275	293	156	98
cen03_rplB_contig_28938_contig_28939	62.0098039215686	816	274	232	176	134
cen03_rplB_contig_28962_contig_28963	61.2745098039216	816	251	249	188	128
cen03_rplB_contig_28964_contig_28965	65.2014652014652	819	280	254	164	121
cen03_rplB_contig_28982_contig_28983	65.4411764705882	816	269	265	162	120
cen03_rplB_contig_29000_contig_29001	66.2893081761006	795	275	252	154	114
cen03_rplB_contig_29022_contig_29023	63.6029411764706	816	271	248	173	124
cen03_rplB_contig_29068_contig_29069	70.0729927007299	822	286	290	150	96
cen03_rplB_contig_29108_contig_29109	72.6190476190476	504	188	178	77	61
cen03_rplB_contig_29218_contig_29219	65.0851581508516	822	270	265	168	119
cen03_rplB_contig_29242_contig_29243	68.8564476885645	822	278	288	149	107
cen03_rplB_contig_29244_contig_29245	61.6421568627451	816	246	257	178	135
cen03_rplB_contig_29300_contig_29301	63.625304136253	822	270	253	181	118
cen03_rplB_contig_29364_contig_29365	60.171568627451	816	270	221	193	132
cen03_rplB_contig_29480_contig_29481	70.0729927007299	822	275	301	148	98
cen03_rplB_contig_29524_contig_29525	68.978102189781	822	276	291	159	96
cen03_rplB_contig_29534_contig_29535	59.4936708860759	474	136	146	110	82
cen03_rplB_contig_29608_contig_29609	65.1960784313726	816	266	266	170	114
cen03_rplB_contig_29616_contig_29617	65.2905198776758	654	240	187	135	92
cen03_rplB_contig_29626_contig_29627	64.4891122278057	597	217	168	126	86
cen03_rplB_contig_29664_contig_29665	58.8235294117647	816	240	240	197	139
cen03_rplB_contig_30004_contig_30005	69.3430656934307	822	275	295	149	103
cen03_rplB_contig_30164_contig_30165	70.5521472392638	489	169	176	82	62
cen03_rplB_contig_30168_contig_30169	65.4501216545012	822	267	271	177	107
cen03_rplB_contig_30324_contig_30325	61.1922141119221	822	274	229	191	128
cen03_rplB_contig_30330_contig_30331	50.9259259259259	540	155	120	157	108
cen03_rplB_contig_30446_contig_30447	63.5036496350365	822	258	264	185	115
cen03_rplB_contig_30554_contig_30555	68.3698296836983	822	274	288	154	106
cen03_rplB_contig_30562_contig_30563	66.0561660561661	819	278	263	162	116
cen03_rplB_contig_30564_contig_30565	71.0462287104623	822	296	288	144	94
cen03_rplB_contig_30664_contig_30665	70.316301703163	822	290	288	151	93
cen03_rplB_contig_30948_contig_30949	69.0997566909976	822	275	293	158	96
cen03_rplB_contig_31026_contig_31027	69.1771269177127	717	238	258	133	88
cen03_rplB_contig_31046_contig_31047	72.5274725274725	819	295	299	145	80
cen03_rplB_contig_31082_contig_31083	66.4543524416136	471	168	145	102	56
cen03_rplB_contig_31128_contig_31129	71.4111922141119	822	289	298	143	92
cen03_rplB_contig_31458_contig_31459	71.7592592592593	648	229	236	106	77
cen03_rplB_contig_31596_contig_31597	63.4782608695652	690	224	214	138	114
cen03_rplB_contig_31628_contig_31629	71.6666666666667	480	168	176	76	60
cen03_rplB_contig_31670_contig_31671	65.9313725490196	816	277	261	161	117
cen03_rplB_contig_31694_contig_31695	69.9513381995134	822	286	289	151	96
cen03_rplB_contig_31696_contig_31697	67.8832116788321	822	270	288	156	108
cen03_rplB_contig_31702_contig_31703	69.8296836982968	822	290	284	156	92
cen03_rplB_contig_31884_contig_31885	69.5863746958638	822	277	295	154	96
cen03_rplB_contig_32044_contig_32045	68.4914841849148	822	277	286	162	97
cen03_rplB_contig_32160_contig_32161	60.3406326034063	822	265	231	192	134
cen03_rplB_contig_32192_contig_32193	66.5450121654501	822	270	277	163	112
cen03_rplB_contig_32352_contig_32353	70.8029197080292	822	278	304	145	95
cen03_rplB_contig_32362_contig_32363	64.3552311435523	822	248	281	170	123
cen03_rplB_contig_32524_contig_32525	70.0729927007299	822	275	301	147	99
cen03_rplB_contig_32528_contig_32529	64.3552311435523	822	270	259	172	121
cen03_rplB_contig_32544_contig_32545	69.9513381995134	822	278	297	149	98
cen03_rplB_contig_32558_contig_32559	70.7264957264957	468	165	166	84	53
cen03_rplB_contig_32978_contig_32979	65.819209039548	708	214	252	141	101
cen03_rplB_contig_33862_contig_33863	66.0583941605839	822	278	265	163	116
cen03_rplB_contig_34360_contig_34361	69.7080291970803	822	290	283	151	98
cen03_rplB_contig_35340_contig_35341	69.7080291970803	822	272	301	150	99
cen03_rplB_contig_35480_contig_35481	60.709219858156	705	205	223	157	120
cen03_rplB_contig_35604_contig_35605	69.4647201946472	822	270	301	154	97
cen03_rplB_contig_35614_contig_35615	60.709219858156	705	220	208	159	118
cen03_rplB_contig_36332_contig_36333	71.4460784313726	816	295	288	143	90
cen03_rplB_contig_36696_contig_36697	65.5813953488372	645	226	197	125	97
cen03_rplB_contig_36850_contig_36851	72.7920227920228	702	244	267	105	86
cen03_rplB_contig_37080_contig_37081	69.5863746958638	822	271	301	152	98
cen03_rplB_contig_37112_contig_37113	66.9135802469136	810	267	275	152	116
cen03_rplB_contig_37240_contig_37241	68.978102189781	822	285	282	153	102
cen03_rplB_contig_38042_contig_38043	65.4411764705882	816	278	256	163	119
cen03_rplB_contig_38674_contig_38675	70.0680272108844	588	206	206	104	72
cen03_rplB_contig_38974_contig_38975	68.8564476885645	822	275	291	158	98
cen03_rplB_contig_39160_contig_39161	69.8296836982968	822	275	299	151	97
cen03_rplB_contig_39844_contig_39845	69.3430656934307	822	274	296	153	99
cen03_rplB_contig_40212_contig_40213	66.2374821173104	699	215	248	138	98
cen03_rplB_contig_41264_contig_41265	67.6268861454047	729	256	237	145	91
cen03_rplB_contig_42032_contig_42033	66.820987654321	648	227	206	124	91
cen03_rplB_contig_42138_contig_42139	68.4914841849148	822	283	280	152	107
cen03_rplB_contig_42192_contig_42193	65.3508771929825	456	154	144	95	63
cen03_rplB_contig_42486_contig_42487	70.2432045779685	699	223	268	132	76
cen03_rplB_contig_42532_contig_42533	73.5042735042735	819	302	300	136	81
cen03_rplB_contig_42862_contig_42863	73.3821733821734	819	301	300	136	82
cen03_rplB_contig_45310_contig_45311	67.7083333333333	576	182	208	109	77
cen03_rplB_contig_45552_contig_45553	69.2121212121212	825	278	293	161	93
cen03_rplB_contig_46248_contig_46249	69.4949494949495	495	170	174	83	68
cen03_rplB_contig_46690_contig_46691	68.141592920354	678	226	236	133	83
cen03_rplB_contig_47952_contig_47953	70.6439393939394	528	182	191	88	67
cen03_rplB_contig_48004_contig_48005	65.3284671532847	822	244	293	171	114
cen03_rplB_contig_48110_contig_48111	67.3992673992674	819	270	282	161	106
cen03_rplB_contig_48210_contig_48211	69.5863746958638	822	276	296	155	95
cen03_rplB_contig_48480_contig_48481	67.5177304964539	705	235	241	141	88
cen03_rplB_contig_49006_contig_49007	67.6595744680851	705	238	239	140	88
cen03_rplB_contig_49234_contig_49235	68.6131386861314	822	274	290	164	94
cen03_rplB_contig_49262_contig_49263	66.6666666666667	672	193	255	129	95
cen03_rplB_contig_50536_contig_50537	68.8741721854305	453	150	162	82	59
cen03_rplB_contig_51628_contig_51629	59.7907324364723	669	215	185	153	116
cen03_rplB_contig_51698_contig_51699	60.7503607503607	693	233	188	150	122
cen03_rplB_contig_52572_contig_52573	62.2324159021407	654	206	201	139	108
cen03_rplB_contig_52704_contig_52705	59.7222222222222	648	207	180	152	109
cen03_rplB_contig_52726_contig_52727	62.8899835796388	609	213	170	132	94
cen03_rplB_contig_53424_contig_53425	65.5677655677656	819	250	287	167	115
cen03_rplB_contig_53502_contig_53503	65.3235653235653	819	247	288	169	115
cen03_rplB_contig_53520_contig_53521	63.1268436578171	678	213	215	148	102
cen03_rplB_contig_53890_contig_53891	65.3235653235653	819	255	280	173	111
cen03_rplB_contig_54456_contig_54457	69.1472868217054	645	217	229	113	86
cen03_rplB_contig_54464_contig_54465	61.2573099415205	684	219	200	155	110
cen03_rplB_contig_54568_contig_54569	64.8418491484185	822	244	289	174	115
cen03_rplB_contig_54588_contig_54589	64.6198830409357	684	207	235	137	105
cen03_rplB_contig_54782_contig_54783	64.4444444444444	675	208	227	142	98
cen03_rplB_contig_55920_contig_55921	65.6898656898657	819	245	293	169	112
cen03_rplB_contig_57118_contig_57119	67.3965936739659	822	279	275	162	106
cen03_rplB_contig_57124_contig_57125	60.5345911949686	636	189	196	135	116
cen03_rplB_contig_57242_contig_57243	67.2749391727494	822	264	289	168	101
cen03_rplB_contig_57298_contig_57299	60.5911330049261	609	188	181	131	109
cen03_rplB_contig_57326_contig_57327	66.3382594417077	609	201	203	127	78
cen03_rplB_contig_57418_contig_57419	70.0534759358289	561	193	200	94	74
cen03_rplB_contig_57432_contig_57433	62.0689655172414	609	184	194	139	92
cen03_rplB_contig_57516_contig_57517	67.1532846715328	822	264	288	168	102
cen03_rplB_contig_57560_contig_57561	68.9320388349515	618	209	217	105	87
cen03_rplB_contig_57566_contig_57567	68.6131386861314	822	274	290	163	95
cen03_rplB_contig_57928_contig_57929	67.1985815602837	564	181	198	111	74
cen03_rplB_contig_57970_contig_57971	64.026402640264	606	213	175	124	94
cen03_rplB_contig_58046_contig_58047	58.7155963302752	654	195	189	153	117
cen03_rplB_contig_58056_contig_58057	68.270944741533	561	189	194	102	76
cen03_rplB_contig_58102_contig_58103	71.2727272727273	825	281	307	143	94
cen03_rplB_contig_59024_contig_59025	68.4914841849148	822	275	288	165	94
cen03_rplB_contig_59180_contig_59181	70.4248366013072	612	202	229	107	74
cen03_rplB_contig_59244_contig_59245	62.0423892100193	519	178	144	104	93
cen03_rplB_contig_59562_contig_59563	62.3931623931624	585	168	197	127	93
cen03_rplB_contig_60050_contig_60051	69.5286195286195	594	208	205	111	70
cen03_rplB_contig_60318_contig_60319	70.4678362573099	684	219	263	123	79
cen03_rplB_contig_60588_contig_60589	65.5493482309125	537	171	181	101	84
cen03_rplB_contig_61000_contig_61001	65.2014652014652	819	247	287	172	113
cen03_rplB_contig_61056_contig_61057	64.329643296433	813	259	264	165	125
cen03_rplB_contig_61190_contig_61191	65.4320987654321	810	256	274	170	110
cen03_rplB_contig_61236_contig_61237	64.4526445264453	813	255	269	171	118
cen03_rplB_contig_61300_contig_61301	64.5756457564576	813	256	269	170	118
cen03_rplB_contig_61838_contig_61839	70.0729927007299	822	281	295	152	94
cen03_rplB_contig_61872_contig_61873	61.4121510673235	609	182	192	135	100
cen03_rplB_contig_62004_contig_62005	69.8296836982968	822	277	297	151	97
cen03_rplB_contig_62184_contig_62185	72.5060827250608	822	286	310	138	88
cen03_rplB_contig_62188_contig_62189	60	570	177	165	126	102
cen03_rplB_contig_62504_contig_62505	66.6666666666667	582	198	190	113	81
cen03_rplB_contig_62578_contig_62579	63.5701275045537	549	171	178	124	76
cen03_rplB_contig_62680_contig_62681	69.2214111922141	822	275	294	150	103
cen03_rplB_contig_62762_contig_62763	66.8458781362007	558	194	179	121	64
cen03_rplB_contig_62796_contig_62797	67.515923566879	471	153	165	89	64
cen03_rplB_contig_62814_contig_62815	69.2708333333333	576	197	202	102	75
cen03_rplB_contig_62844_contig_62845	66.0531697341513	489	171	152	109	57
cen03_rplB_contig_63034_contig_63035	64.6981627296588	762	251	242	162	107
cen03_rplB_contig_63302_contig_63303	70.3030303030303	825	274	306	150	95
cen03_rplB_contig_63394_contig_63395	69.7594501718213	582	200	206	102	74
cen03_rplB_contig_63984_contig_63985	70.6666666666667	825	269	314	149	93
cen03_rplB_contig_64086_contig_64087	68.4007707129094	519	171	184	97	67
cen03_rplB_contig_64248_contig_64249	68.8311688311688	462	152	166	81	63
cen03_rplB_contig_64262_contig_64263	65.625	576	180	198	108	90
cen03_rplB_contig_64644_contig_64645	64.7668393782383	579	173	202	118	86
cen03_rplB_contig_64696_contig_64697	62.5468164794007	534	163	171	110	90
cen03_rplB_contig_64946_contig_64947	68.8564476885645	822	276	290	163	93
cen03_rplB_contig_65334_contig_65335	68.5470085470085	585	201	200	103	81
cen03_rplB_contig_65360_contig_65361	69.7080291970803	822	278	295	147	102
cen03_rplB_contig_65580_contig_65581	66.8341708542714	597	199	200	114	84
cen03_rplB_contig_65648_contig_65649	67.6434676434676	819	268	286	161	104
cen03_rplB_contig_65688_contig_65689	67.1550671550672	819	275	275	164	105
cen03_rplB_contig_65776_contig_65777	66.3003663003663	819	253	290	165	111
cen03_rplB_contig_66030_contig_66031	67.6190476190476	525	160	195	104	66
cen03_rplB_contig_66092_contig_66093	64.1414141414141	594	181	200	122	91
cen03_rplB_contig_66144_contig_66145	68.4007707129094	519	175	180	104	60
cen03_rplB_contig_66372_contig_66373	70.0354609929078	564	197	198	96	73
cen03_rplB_contig_66496_contig_66497	68.8644688644689	546	183	193	97	73
cen03_rplB_contig_66970_contig_66971	70.7017543859649	570	189	214	97	70
cen03_rplB_contig_67086_contig_67087	69.9386503067485	489	165	177	91	56
cen03_rplB_contig_67234_contig_67235	61.6197183098592	852	258	267	200	127
cen03_rplB_contig_67296_contig_67297	62.9213483146067	534	157	179	113	85
cen03_rplB_contig_67330_contig_67331	71.1500974658869	513	177	188	94	54
cen03_rplB_contig_67400_contig_67401	58.3030303030303	825	247	234	215	129
cen03_rplB_contig_67484_contig_67485	63.953488372093	516	151	179	109	77
cen03_rplB_contig_67540_contig_67541	66.0968660968661	702	223	241	141	97
cen03_rplB_contig_67636_contig_67637	65.1072124756335	513	153	181	106	73
cen03_rplB_contig_67792_contig_67793	59.7701149425287	609	187	177	133	112
cen03_rplB_contig_67798_contig_67799	65.8730158730159	504	164	168	106	66
cen03_rplB_contig_67816_contig_67817	70.6666666666667	525	181	190	93	61
cen03_rplB_contig_68268_contig_68269	70.059880239521	501	166	185	95	55
cen03_rplB_contig_68444_contig_68445	65.4490106544901	657	210	220	131	96
cen03_rplB_contig_68736_contig_68737	70.3703703703704	459	154	169	84	52
cen03_rplB_contig_69134_contig_69135	63.2034632034632	462	160	132	97	73
cen03_rplB_contig_69206_contig_69207	69.249692496925	813	276	287	160	90
cen03_rplB_contig_69258_contig_69259	67.6190476190476	525	164	191	103	67
cen03_rplB_contig_69284_contig_69285	65.4501216545012	822	282	256	161	123
cen03_rplB_contig_69356_contig_69357	41.7132216014898	537	131	93	176	137
cen03_rplB_contig_69460_contig_69461	61.1842105263158	456	153	126	105	72
cen03_rplB_contig_69492_contig_69493	38.7596899224806	516	126	74	172	144
cen03_rplB_contig_69534_contig_69535	65.1041666666667	576	183	192	121	80
cen03_rplB_contig_69550_contig_69551	62.043795620438	822	276	234	188	124
cen03_rplB_contig_69574_contig_69575	69.4949494949495	495	166	178	92	59
cen03_rplB_contig_69702_contig_69703	63.7575757575758	825	288	238	171	128
cen03_rplB_contig_70052_contig_70053	72.6881720430108	465	166	172	77	50
cen03_rplB_contig_70488_contig_70489	64.2543859649123	456	152	141	89	74
cen03_rplB_contig_70590_contig_70591	69.601677148847	477	161	171	89	56
cen03_rplB_contig_70618_contig_70619	64.5756457564576	813	255	270	174	114
cen03_rplB_contig_70896_contig_70897	65.4832347140039	507	162	170	98	77
cen03_rplB_contig_71006_contig_71007	64.4891122278057	597	198	187	119	93
cen03_rplB_contig_71094_contig_71095	65.2014652014652	819	257	277	171	114
cen03_rplB_contig_71218_contig_71219	67.2380952380952	525	155	198	104	68
cen03_rplB_contig_71226_contig_71227	69.1666666666667	480	162	170	92	56
cen03_rplB_contig_71244_contig_71245	70.5738705738706	819	295	283	144	97
cen03_rplB_contig_71322_contig_71323	72.0767888307155	573	206	207	99	61
cen03_rplB_contig_71382_contig_71383	60.082304526749	486	154	138	107	87
cen03_rplB_contig_71428_contig_71429	72.1611721611722	819	289	302	140	88
cen03_rplB_contig_71442_contig_71443	69.5863746958638	822	274	298	155	95
cen03_rplB_contig_71454_contig_71455	69.8296836982968	822	269	305	152	96
cen03_rplB_contig_71582_contig_71583	68.6813186813187	546	178	197	102	69
cen03_rplB_contig_71596_contig_71597	70.9981167608286	531	188	189	95	59
cen03_rplB_contig_71610_contig_71611	69.4647201946472	822	272	299	153	98
cen03_rplB_contig_71616_contig_71617	70.0320512820513	624	205	232	119	68
cen03_rplB_contig_71648_contig_71649	65.5677655677656	819	254	283	171	111
cen03_rplB_contig_71668_contig_71669	67.0542635658915	516	171	175	102	68
cen03_rplB_contig_71678_contig_71679	69.2214111922141	822	270	299	157	96
cen03_rplB_contig_71764_contig_71765	67.7966101694915	531	173	187	101	70
cen03_rplB_contig_71766_contig_71767	70.0507614213198	591	201	213	107	70
cen03_rplB_contig_71798_contig_71799	69.3739424703892	591	189	221	108	73
cen03_rplB_contig_71802_contig_71803	63.3333333333333	480	164	140	114	62
cen03_rplB_contig_71852_contig_71853	70.1666666666667	600	211	210	109	70
cen03_rplB_contig_71880_contig_71881	69.3581780538302	483	163	172	94	54
cen03_rplB_contig_71982_contig_71983	69.9513381995134	822	273	302	153	94
cen03_rplB_contig_72264_contig_72265	60.7966457023061	477	142	148	113	74
cen03_rplB_contig_72362_contig_72363	63.036303630363	606	191	191	122	102
cen03_rplB_contig_72570_contig_72571	69.9513381995134	822	281	294	148	99
cen03_rplB_contig_72646_contig_72647	69.2307692307692	507	168	183	89	67
cen03_rplB_contig_72768_contig_72769	59.1194968553459	477	130	152	109	86
cen03_rplB_contig_73602_contig_73603	69.831223628692	474	158	173	90	53
cen03_rplB_contig_73914_contig_73915	68.1528662420382	471	146	175	98	52
cen03_rplB_contig_74584_contig_74585	71.2301587301587	504	173	186	89	56
cen03_rplB_contig_74694_contig_74695	69.4623655913979	465	156	167	89	53
cen03_rplB_contig_74754_contig_74755	68.8311688311688	462	145	173	86	58
cen03_rplB_contig_75132_contig_75133	59.1133004926108	609	187	173	134	115
cen03_rplB_contig_75222_contig_75223	65.9611992945326	567	196	178	118	75
cen03_rplB_contig_75304_contig_75305	61.4906832298137	483	172	125	115	71
cen03_rplB_contig_75802_contig_75803	63.9606396063961	813	254	266	168	125
cen03_rplB_contig_75914_contig_75915	58.2375478927203	522	161	143	123	95
cen03_rplB_contig_76032_contig_76033	62.9213483146067	534	174	162	116	82
cen03_rplB_contig_76134_contig_76135	67.7361853832442	561	185	195	110	71
cen03_rplB_contig_76252_contig_76253	66.0337552742616	474	138	175	96	65
cen03_rplB_contig_76308_contig_76309	70.6959706959707	819	299	280	146	94
cen03_rplB_contig_76404_contig_76405	57.5949367088608	474	135	138	111	90
cen03_rplB_contig_76596_contig_76597	70.6959706959707	819	295	284	145	95
cen03_rplB_contig_76994_contig_76995	73.1379731379731	819	304	295	133	87
cen03_rplB_contig_77926_contig_77927	66.859344894027	519	166	181	102	70
cen03_rplB_contig_78290_contig_78291	66.3023679417122	549	177	187	112	73
cen03_rplB_contig_78296_contig_78297	68.0272108843537	588	188	212	116	72
cen03_rplB_contig_78348_contig_78349	56.1111111111111	540	159	144	134	103
cen03_rplB_contig_78562_contig_78563	62.8450106157113	471	140	156	107	68
cen03_rplB_contig_78664_contig_78665	67.7655677655678	819	268	287	161	103
cen03_rplB_contig_78724_contig_78725	66.9108669108669	819	275	273	162	109
cen03_rplB_contig_78768_contig_78769	69.8681732580038	531	192	179	94	66
cen03_rplB_contig_79078_contig_79079	63.9606396063961	813	251	269	174	119
cen03_rplB_contig_79130_contig_79131	68.0473372781065	507	170	175	98	64
cen03_rplB_contig_79284_contig_79285	66.8615984405458	513	165	178	102	68
cen03_rplB_contig_79342_contig_79343	64.2543859649123	456	153	140	94	69
cen03_rplB_contig_79406_contig_79407	65.0793650793651	819	241	292	174	112
cen03_rplB_contig_79446_contig_79447	64.8702594810379	501	153	172	105	71
cen03_rplB_contig_79584_contig_79585	63.9583333333333	480	150	157	98	75
cen03_rplB_contig_79650_contig_79651	68.640350877193	456	151	162	85	58
cen03_rplB_contig_79758_contig_79759	61.4121510673235	609	193	181	129	106
cen03_rplB_contig_79766_contig_79767	69.9754901960784	816	295	276	151	94
cen03_rplB_contig_80000_contig_80001	65.1991614255765	477	162	149	99	67
cen03_rplB_contig_80012_contig_80013	67.0781893004115	486	156	170	96	64
cen03_rplB_contig_80030_contig_80031	71.7948717948718	819	302	286	143	88
cen03_rplB_contig_80034_contig_80035	67.0498084291188	522	177	173	98	74
cen03_rplB_contig_80130_contig_80131	66.0215053763441	465	141	166	96	62
cen03_rplB_contig_80170_contig_80171	68.8564476885645	822	277	289	154	102
cen03_rplB_contig_80212_contig_80213	66.1590524534687	591	179	212	117	83
cen03_rplB_contig_80932_contig_80933	66.4224664224664	819	255	289	165	110
cen03_rplB_contig_81330_contig_81331	69.9513381995134	822	282	293	152	95
cen03_rplB_contig_81462_contig_81463	70.8029197080292	822	289	293	146	94
cen03_rplB_contig_81464_contig_81465	59.963768115942	552	175	156	126	95
cen03_rplB_contig_81514_contig_81515	61.4643545279383	519	170	149	120	80
cen03_rplB_contig_81610_contig_81611	70.9981167608286	531	188	189	92	62
cen03_rplB_contig_81740_contig_81741	65.6898656898657	819	254	284	169	112
cen03_rplB_contig_81752_contig_81753	69.7115384615385	624	209	226	117	72
cen03_rplB_contig_81758_contig_81759	72.9411764705882	510	184	188	82	56
cen03_rplB_contig_81840_contig_81841	69.1358024691358	567	185	207	108	67
cen03_rplB_contig_82062_contig_82063	70.8029197080292	822	281	301	148	92
cen03_rplB_contig_82174_contig_82175	67.0231729055258	561	171	205	109	76
cen03_rplB_contig_82460_contig_82461	68.4365781710914	678	226	238	126	88
cen03_rplB_contig_82636_contig_82637	66.6666666666667	552	169	199	108	76
cen03_rplB_contig_82696_contig_82697	70.9784411276949	603	213	215	106	69
cen03_rplB_contig_82702_contig_82703	70.6959706959707	819	297	282	144	96
cen03_rplB_contig_82734_contig_82735	71.7948717948718	819	308	280	138	93
cen03_rplB_contig_82750_contig_82751	70.0854700854701	819	299	275	148	97
cen03_rplB_contig_82768_contig_82769	69.0938511326861	618	206	221	116	75
cen03_rplB_contig_82794_contig_82795	70.9803921568627	510	200	162	85	63
cen03_rplB_contig_83242_contig_83243	65.6126482213439	759	253	245	153	108
cen03_rplB_contig_83468_contig_83469	61.2903225806452	558	176	166	128	88
cen03_rplB_contig_83626_contig_83627	65.9259259259259	675	221	224	136	94
cen03_rplB_contig_83862_contig_83863	67.2348484848485	528	181	174	100	73
cen03_rplB_contig_83892_contig_83893	66.1616161616162	594	181	212	121	80
cen03_rplB_contig_83910_contig_83911	69.4647201946472	822	276	295	149	102
cen03_rplB_contig_83962_contig_83963	64.7163120567376	564	185	180	110	89
cen03_rplB_contig_83968_contig_83969	59.5238095238095	504	146	154	108	96
cen03_rplB_contig_84204_contig_84205	68.4108527131783	516	177	176	89	74
cen03_rplB_contig_84206_contig_84207	68.2456140350877	570	193	196	109	72
cen03_rplB_contig_84290_contig_84291	67.6136363636364	528	179	178	102	69
cen03_rplB_contig_84414_contig_84415	70.9349593495935	492	184	165	86	57
cen03_rplB_contig_84508_contig_84509	66.8468468468468	555	190	181	107	77
cen03_rplB_contig_84510_contig_84511	66.120218579235	549	182	181	110	76
cen03_rplB_contig_84696_contig_84697	66.8269230769231	624	215	202	131	76
cen03_rplB_contig_84714_contig_84715	60.989010989011	546	159	174	120	93
cen03_rplB_contig_84752_contig_84753	65.1960784313726	612	187	212	125	88
cen03_rplB_contig_84832_contig_84833	60	465	136	143	107	79
cen03_rplB_contig_85054_contig_85055	69.96699669967	606	198	226	110	72
cen03_rplB_contig_85084_contig_85085	43.2748538011696	513	128	94	176	115
cen03_rplB_contig_85208_contig_85209	64.6953405017921	558	196	165	101	96
cen03_rplB_contig_85282_contig_85283	61.8380062305296	642	232	165	140	105
cen03_rplB_contig_85664_contig_85665	66.9099756690998	822	270	280	166	106
cen03_rplB_contig_85702_contig_85703	66.1048689138577	534	175	178	109	72
cen03_rplB_contig_85730_contig_85731	65.5172413793103	609	195	204	122	88
cen03_rplB_contig_85848_contig_85849	67.7248677248677	567	179	205	112	71
cen03_rplB_contig_85974_contig_85975	66.6666666666667	558	163	209	110	76
cen03_rplB_contig_85996_contig_85997	65.6603773584906	795	276	246	156	117
cen03_rplB_contig_86092_contig_86093	69.4092827004219	474	159	170	87	58
cen03_rplB_contig_86110_contig_86111	61.214953271028	642	200	193	139	110
cen03_rplB_contig_86152_contig_86153	71.5328467153285	822	285	303	142	92
cen03_rplB_contig_86160_contig_86161	69.8602794411178	501	174	176	92	59
cen03_rplB_contig_86182_contig_86183	60.2503912363067	639	193	192	148	106
cen03_rplB_contig_86218_contig_86219	69.8296836982968	822	286	288	153	95
cen03_rplB_contig_86362_contig_86363	66.304347826087	552	184	182	106	80
cen03_rplB_contig_86364_contig_86365	61.8153364632238	639	206	189	140	104
cen03_rplB_contig_86458_contig_86459	68.3712121212121	528	169	192	99	68
cen03_rplB_contig_86466_contig_86467	69.8245614035088	570	201	197	103	69
cen03_rplB_contig_86482_contig_86483	69.9513381995134	822	279	296	146	101
cen03_rplB_contig_86750_contig_86751	68.9161554192229	489	165	172	95	57
cen03_rplB_contig_87000_contig_87001	64.8451730418944	549	186	170	103	90
cen03_rplB_contig_87232_contig_87233	69.0322580645161	465	146	175	89	55
cen03_rplB_contig_87386_contig_87387	70.7920792079208	606	206	223	108	69
cen03_rplB_contig_87848_contig_87849	72.1411192214112	822	295	298	140	89
cen03_rplB_contig_87882_contig_87883	60.4166666666667	816	264	229	193	130
cen03_rplB_contig_87884_contig_87885	70.1754385964912	513	166	194	89	64
cen03_rplB_contig_87924_contig_87925	67.5675675675676	555	177	198	107	73
cen03_rplB_contig_87960_contig_87961	62.1761658031088	579	183	177	128	91
cen03_rplB_contig_87992_contig_87993	70.9401709401709	819	304	277	136	102
cen03_rplB_contig_88012_contig_88013	66.9108669108669	819	264	284	166	105
cen03_rplB_contig_88028_contig_88029	72.8682170542636	516	183	193	81	59
cen03_rplB_contig_88044_contig_88045	56.8627450980392	510	153	137	124	96
cen03_rplB_contig_88096_contig_88097	67.1532846715328	822	275	277	167	103
cen03_rplB_contig_88112_contig_88113	70.2205882352941	816	291	282	149	94
cen03_rplB_contig_88256_contig_88257	68.4552845528455	615	203	218	118	76
cen03_rplB_contig_88266_contig_88267	70.4242424242424	825	288	293	151	93
cen03_rplB_contig_88508_contig_88509	67.258382642998	507	157	184	100	66
cen03_rplB_contig_88652_contig_88653	71.4884696016772	477	161	180	78	58
cen03_rplB_contig_88672_contig_88673	70.8148148148148	675	231	247	119	78
cen03_rplB_contig_89282_contig_89283	72.2222222222222	702	240	267	111	84
cen03_rplB_contig_89462_contig_89463	71	600	203	223	106	68
cen03_rplB_contig_89860_contig_89861	66.6666666666667	480	158	162	91	69
cen03_rplB_contig_89954_contig_89955	68.8564476885645	822	287	279	148	108
cen03_rplB_contig_90026_contig_90027	70.1946472019465	822	282	295	146	99
cen03_rplB_contig_90030_contig_90031	71.5942028985507	690	256	238	115	81
cen03_rplB_contig_90092_contig_90093	70.5653021442495	513	167	195	86	65
cen03_rplB_contig_90186_contig_90187	68.7347931873479	822	274	291	156	101
cen03_rplB_contig_90250_contig_90251	71.4043993231811	591	206	216	99	70
cen03_rplB_contig_90252_contig_90253	67.6706827309237	498	170	167	93	68
cen03_rplB_contig_90278_contig_90279	60.4622871046229	822	277	220	199	126
cen03_rplB_contig_90652_contig_90653	70.1946472019465	822	280	297	151	94
cen03_rplB_contig_90852_contig_90853	71.7813051146384	567	192	215	95	65
cen03_rplB_contig_90894_contig_90895	69.6969696969697	825	297	278	157	93
cen03_rplB_contig_91088_contig_91089	71.2550607287449	741	265	263	134	79
cen03_rplB_contig_91092_contig_91093	70.6959706959707	819	295	284	147	93
cen03_rplB_contig_91104_contig_91105	65.378421900161	621	206	200	131	84
cen03_rplB_contig_91156_contig_91157	70.343137254902	816	294	280	147	95
cen03_rplB_contig_91162_contig_91163	61.4545454545455	825	256	251	189	129
cen03_rplB_contig_91224_contig_91225	71.4285714285714	819	308	277	136	98
cen03_rplB_contig_91250_contig_91251	59.0579710144928	552	167	159	135	91
cen03_rplB_contig_91464_contig_91465	71.8592964824121	597	227	202	100	68
cen03_rplB_contig_91470_contig_91471	71.1021505376344	744	270	259	130	85
cen03_rplB_contig_91824_contig_91825	67.2839506172839	486	159	168	95	64
cen03_rplB_contig_91918_contig_91919	71.5723270440252	795	291	278	137	89
cen03_rplB_contig_92080_contig_92081	70.1946472019465	822	275	302	145	100
cen03_rplB_contig_92088_contig_92089	66.6666666666667	702	236	232	142	92
cen03_rplB_contig_92146_contig_92147	71.6727716727717	819	304	283	140	92
cen03_rplB_contig_92196_contig_92197	69.1891891891892	555	188	196	104	67
cen03_rplB_contig_92378_contig_92379	70.3401360544218	735	270	247	131	87
cen03_rplB_contig_92508_contig_92509	70.3030303030303	825	290	290	151	94
cen03_rplB_contig_92684_contig_92685	70.5454545454545	825	282	300	149	94
cen03_rplB_contig_92744_contig_92745	69.6078431372549	816	297	271	150	98
cen03_rplB_contig_92746_contig_92747	67.639902676399	822	281	275	163	103
cen03_rplB_contig_92872_contig_92873	70.8029197080292	822	287	295	145	95
cen03_rplB_contig_93122_contig_93123	72.1611721611722	819	312	279	139	89
cen03_rplB_contig_93466_contig_93467	71.2592592592593	675	243	238	117	77
cen03_rplB_contig_93510_contig_93511	71.2895377128954	822	291	295	143	93
cen03_rplB_contig_93618_contig_93619	71.889400921659	651	242	226	108	75
cen03_rplB_contig_93650_contig_93651	68.6131386861314	822	278	286	162	96
cen03_rplB_contig_93834_contig_93835	71.6049382716049	729	252	270	121	86
cen03_rplB_contig_94194_contig_94195	71.1673699015471	711	259	247	127	78
cen03_rplB_contig_94220_contig_94221	68.0365296803653	657	223	224	129	81
cen03_rplB_contig_94344_contig_94345	69.2214111922141	822	276	293	155	98
cen03_rplB_contig_94364_contig_94365	70.1946472019465	822	276	301	152	93
cen03_rplB_contig_94366_contig_94367	65.0793650793651	819	255	278	171	115
cen03_rplB_contig_94370_contig_94371	69.5863746958638	822	274	298	154	96
cen03_rplB_contig_94390_contig_94391	65.6898656898657	819	254	284	168	113
cen03_rplB_contig_94524_contig_94525	65.3235653235653	819	256	279	170	114
cen03_rplB_contig_94596_contig_94597	71.8446601941748	618	215	229	103	71
cen03_rplB_contig_94624_contig_94625	70.5596107055961	822	283	297	151	91
cen03_rplB_contig_94852_contig_94853	67.965367965368	462	147	167	92	56
cen03_rplB_contig_95022_contig_95023	70.0501253132832	798	272	287	142	97
cen03_rplB_contig_95034_contig_95035	69.8296836982968	822	280	294	154	94
cen03_rplB_contig_95072_contig_95073	71.0462287104623	822	284	300	148	90
cen03_rplB_contig_95284_contig_95285	69.9393939393939	825	284	293	150	98
cen03_rplB_contig_95320_contig_95321	69.8830409356725	684	229	249	121	85
cen03_rplB_contig_95338_contig_95339	71.6363636363636	825	293	298	140	94
cen03_rplB_contig_96492_contig_96493	69.9430199430199	702	226	265	131	80
cen03_rplB_contig_96510_contig_96511	71.9219219219219	666	234	245	114	73
cen03_rplB_contig_96516_contig_96517	71.8978102189781	822	283	308	139	92
cen03_rplB_contig_96574_contig_96575	69.2214111922141	822	270	299	155	98
cen03_rplB_contig_96608_contig_96609	70.5738705738706	819	294	284	146	95
cen03_rplB_contig_96636_contig_96637	69.7080291970803	822	278	295	149	100
cen03_rplB_contig_96716_contig_96717	71.1111111111111	585	197	219	101	68
cen03_rplB_contig_96812_contig_96813	69.8296836982968	822	275	299	150	98
cen03_rplB_contig_96820_contig_96821	71.7717717717718	666	245	233	115	73
cen03_rplB_contig_96858_contig_96859	69.7722567287785	483	158	179	87	59
cen03_rplB_contig_97112_contig_97113	68.8564476885645	822	271	295	161	95
cen03_rplB_contig_97132_contig_97133	69.9513381995134	822	281	294	153	94
cen03_rplB_contig_97450_contig_97451	70.4379562043796	822	283	296	151	92
cen03_rplB_contig_97452_contig_97453	62.3595505617978	534	169	164	120	81
cen03_rplB_contig_97506_contig_97507	71.654501216545	822	291	298	141	92
cen03_rplB_contig_97564_contig_97565	69.5863746958638	822	283	289	154	96
cen03_rplB_contig_97628_contig_97629	70.8117443868739	579	191	219	103	66
cen03_rplB_contig_97696_contig_97697	69.0997566909976	822	270	298	157	97
cen03_rplB_contig_97778_contig_97779	68.75	480	153	177	92	58
cen03_rplB_contig_98436_contig_98437	71.6666666666667	720	267	249	125	79
cen03_rplB_contig_100712_contig_100713	65.8119658119658	819	256	283	171	109
cen03_rplB_contig_100756_contig_100757	68.9655172413793	609	200	220	114	75
cen03_rplB_contig_101108_contig_101109	68.2539682539683	819	274	285	160	100
cen03_rplB_contig_101504_contig_101505	71.0622710622711	819	301	281	142	95
cen03_rplB_contig_101790_contig_101791	70.5705705705706	666	220	250	118	78
cen03_rplB_contig_101980_contig_101981	70.8683473389356	714	252	254	126	82
cen03_rplB_contig_102374_contig_102375	65.4456654456654	819	252	284	176	107
cen03_rplB_contig_102704_contig_102705	65.4456654456654	819	253	283	173	110
cen03_rplB_contig_102810_contig_102811	66.3003663003663	819	253	290	165	111
cen03_rplB_contig_102878_contig_102879	66.5445665445665	819	275	270	163	111
cen03_rplB_contig_103662_contig_103663	71.2727272727273	825	298	290	147	90
cen03_rplB_contig_103974_contig_103975	66.3003663003663	819	257	286	166	110
cen03_rplB_contig_104004_contig_104005	68.8564476885645	822	259	307	163	93
cen03_rplB_contig_104016_contig_104017	66.9117647058823	816	280	266	169	101
cen03_rplB_contig_104092_contig_104093	70.354609929078	705	238	258	125	84
cen03_rplB_contig_104598_contig_104599	68.978102189781	822	270	297	162	93
cen03_rplB_contig_104922_contig_104923	66.1927330173776	633	213	206	134	80
cen03_rplB_contig_104958_contig_104959	70.8496732026144	765	265	277	136	87
cen03_rplB_contig_104964_contig_104965	67.3387096774194	744	257	244	157	86
cen03_rplB_contig_105340_contig_105341	65.7836644591611	453	147	151	93	62
cen03_rplB_contig_105498_contig_105499	67.7777777777778	630	224	203	126	77
cen03_rplB_contig_105538_contig_105539	72.9166666666667	816	282	313	130	91
cen03_rplB_contig_105582_contig_105583	68.6915887850467	642	209	232	123	78
cen03_rplB_contig_105808_contig_105809	73.5294117647059	816	278	322	128	88
cen03_rplB_contig_105998_contig_105999	67.0316301703163	822	266	285	168	103
cen03_rplB_contig_106026_contig_106027	67.5245098039216	816	283	268	167	98
cen03_rplB_contig_106254_contig_106255	68.6202686202686	819	277	285	148	109
cen03_rplB_contig_106298_contig_106299	73.406862745098	816	282	317	131	86
cen03_rplB_contig_106476_contig_106477	68.6274509803922	816	289	271	159	97
cen03_rplB_contig_106560_contig_106561	72.3039215686274	816	277	313	135	91
cen03_rplB_contig_106822_contig_106823	69.4852941176471	816	292	275	153	96
cen03_rplB_contig_106894_contig_106895	70.6349206349206	630	223	222	114	71
cen03_rplB_contig_106912_contig_106913	72.2532588454376	537	187	201	82	67
cen03_rplB_contig_107106_contig_107107	71.1678832116788	822	284	301	146	91
cen03_rplB_contig_107152_contig_107153	69.7080291970803	822	276	297	149	100
cen03_rplB_contig_107786_contig_107787	73.3882030178327	729	257	278	119	75
cen03_rplB_contig_108204_contig_108205	66.9117647058823	816	278	268	172	98
cen03_rplB_contig_108500_contig_108501	71.2749615975422	651	242	222	116	71
cen03_rplB_contig_108806_contig_108807	65.8119658119658	819	257	282	169	111
cen03_rplB_contig_109310_contig_109311	70.1946472019465	822	281	296	151	94
cen03_rplB_contig_109518_contig_109519	69.1666666666667	480	154	178	90	58
cen03_rplB_contig_109522_contig_109523	65.1960784313726	816	269	263	177	107
cen03_rplB_contig_109696_contig_109697	62.8352490421456	522	170	158	110	84
cen03_rplB_contig_109724_contig_109725	69.7080291970803	822	284	289	150	99
cen03_rplB_contig_109784_contig_109785	69.9513381995134	822	276	299	149	98
cen03_rplB_contig_109810_contig_109811	67.7615571776156	822	274	283	155	110
cen03_rplB_contig_110248_contig_110249	60.2083333333333	480	148	141	104	87
cen03_rplB_contig_110436_contig_110437	73.0392156862745	816	283	313	130	90
cen03_rplB_contig_110464_contig_110465	69.7080291970803	822	272	301	151	98
cen03_rplB_contig_110558_contig_110559	69.8296836982968	822	276	298	146	102
cen03_rplB_contig_110562_contig_110563	70.3174603174603	630	223	220	113	74
cen03_rplB_contig_110670_contig_110671	71.1515151515152	825	298	289	143	95
cen03_rplB_contig_110904_contig_110905	70.7025411061285	669	251	222	117	79
cen03_rplB_contig_111076_contig_111077	71.4677640603567	729	260	261	124	84
cen03_rplB_contig_111208_contig_111209	69.8296836982968	822	274	300	146	102
cen03_rplB_contig_111428_contig_111429	71.5151515151515	825	291	299	144	91
cen03_rplB_contig_111662_contig_111663	65.3846153846154	702	223	236	147	96
cen03_rplB_contig_111896_contig_111897	71.3939393939394	825	299	290	147	89
cen03_rplB_contig_112124_contig_112125	73.3077905491699	783	278	296	124	85
cen03_rplB_contig_112338_contig_112339	69.7080291970803	822	276	297	155	94
cen03_rplB_contig_112400_contig_112401	71.3939393939394	825	300	289	146	90
cen03_rplB_contig_114042_contig_114043	71.8978102189781	822	284	307	138	93
cen03_rplB_contig_115250_contig_115251	71.141975308642	648	226	235	113	74
cen03_rplB_contig_115506_contig_115507	70.7423580786026	687	233	253	125	76
cen03_rplB_contig_115582_contig_115583	69.5863746958638	822	280	292	148	102
cen03_rplB_contig_115642_contig_115643	68.8679245283019	636	212	226	107	91
cen03_rplB_contig_116190_contig_116191	68.4914841849148	822	274	289	166	93
cen03_rplB_contig_116224_contig_116225	56.353591160221	543	164	142	128	109
cen03_rplB_contig_116746_contig_116747	70.8333333333333	768	279	265	136	88
cen03_rplB_contig_116806_contig_116807	68.4818481848185	606	218	197	115	76
cen03_rplB_contig_116814_contig_116815	63.6098981077147	687	242	195	145	105
cen03_rplB_contig_116926_contig_116927	65.6862745098039	816	278	258	164	116
cen03_rplB_contig_117206_contig_117207	65.4411764705882	816	275	259	164	118
cen03_rplB_contig_117294_contig_117295	72	825	305	289	141	90
cen03_rplB_contig_117382_contig_117383	70.9090909090909	825	290	295	143	97
cen03_rplB_contig_117448_contig_117449	71.3939393939394	825	304	285	141	95
cen03_rplB_contig_117476_contig_117477	70.6611570247934	726	257	256	130	83
cen03_rplB_contig_117640_contig_117641	64.3809523809524	525	178	160	105	82
cen03_rplB_contig_117728_contig_117729	70.1946472019465	822	277	300	152	93
cen03_rplB_contig_117768_contig_117769	70.9245742092457	822	277	306	144	95
cen03_rplB_contig_117792_contig_117793	70.8029197080292	822	287	295	148	92
cen03_rplB_contig_117902_contig_117903	71.0622710622711	819	274	308	143	94
cen03_rplB_contig_117910_contig_117911	71.7842323651452	723	263	256	125	79
cen03_rplB_contig_119008_contig_119009	70.316301703163	822	281	297	145	99
cen03_rplB_contig_119024_contig_119025	73.6519607843137	816	281	320	128	87
cen03_rplB_contig_119480_contig_119481	69.7994987468672	798	275	282	142	99
cen03_rplB_contig_119564_contig_119565	71.5994020926756	669	249	230	117	73
cen03_rplB_contig_119596_contig_119597	68.6274509803922	459	150	165	82	62
cen03_rplB_contig_119646_contig_119647	71.2309820193638	723	261	254	132	76
cen03_rplB_contig_119650_contig_119651	71.4285714285714	714	260	250	128	76
cen03_rplB_contig_120040_contig_120041	71.4475431606906	753	278	260	131	84
cen03_rplB_contig_120106_contig_120107	62.2574955908289	567	177	176	119	95
cen03_rplB_contig_120126_contig_120127	69.8296836982968	822	276	298	149	99
cen03_rplB_contig_120262_contig_120263	72.6247987117552	621	216	235	96	74
cen03_rplB_contig_120348_contig_120349	69.5863746958638	822	278	294	149	101
cen03_rplB_contig_120676_contig_120677	67.8030303030303	528	166	192	99	71
cen03_rplB_contig_120776_contig_120777	69.0997566909976	822	272	296	156	98
cen03_rplB_contig_120868_contig_120869	70.5967976710335	687	246	239	124	78
cen03_rplB_contig_120916_contig_120917	62.5798212005109	783	248	242	174	119
cen03_rplB_contig_120980_contig_120981	69.4647201946472	822	275	296	153	98
cen03_rplB_contig_121118_contig_121119	70.5882352941177	765	265	275	136	89
cen03_rplB_contig_121292_contig_121293	69.2214111922141	822	272	297	154	99
cen03_rplB_contig_121362_contig_121363	70.343137254902	816	291	283	149	93
cen03_rplB_contig_121452_contig_121453	69.5928753180662	786	268	279	147	92
cen03_rplB_contig_121542_contig_121543	69.9513381995134	822	278	297	147	100
cen03_rplB_contig_121574_contig_121575	61.304347826087	690	234	189	152	115
cen03_rplB_contig_121866_contig_121867	71.5608465608466	756	273	268	132	83
cen03_rplB_contig_122024_contig_122025	70.1946472019465	822	279	298	145	100
cen03_rplB_contig_122080_contig_122081	69.0997566909976	822	273	295	152	102
cen03_rplB_contig_122092_contig_122093	71.8055555555556	720	260	257	126	77
cen03_rplB_contig_122130_contig_122131	70.1946472019465	822	290	287	153	92
cen03_rplB_contig_122268_contig_122269	63.7469586374696	822	268	256	183	115
cen03_rplB_contig_122320_contig_122321	71.969696969697	792	295	275	136	86
cen03_rplB_contig_122476_contig_122477	67.0634920634921	756	243	264	146	103
cen03_rplB_contig_123030_contig_123031	71.5151515151515	825	301	289	143	92
cen03_rplB_contig_123166_contig_123167	70.0729927007299	822	275	301	147	99
cen03_rplB_contig_123350_contig_123351	69.9513381995134	822	277	298	148	99
cen03_rplB_contig_123414_contig_123415	69.8296836982968	822	276	298	149	99
cen03_rplB_contig_123636_contig_123637	69.5863746958638	822	279	293	147	103
cen03_rplB_contig_124888_contig_124889	66.301703163017	822	258	287	169	108
cen03_rplB_contig_125428_contig_125429	66.5333333333333	750	231	268	153	98
cen03_rplB_contig_125504_contig_125505	63.3879781420765	549	173	175	106	95
cen03_rplB_contig_125654_contig_125655	70.4379562043796	822	288	291	146	97
cen03_rplB_contig_126126_contig_126127	67.0557717250324	771	248	269	150	104
cen03_rplB_contig_126244_contig_126245	71.8146718146718	777	287	271	131	88
cen03_rplB_contig_126706_contig_126707	69.8296836982968	822	274	300	152	96
cen03_rplB_contig_127186_contig_127187	67.037037037037	810	261	282	160	107
cen03_rplB_contig_127194_contig_127195	67.6434676434676	819	271	283	159	106
cen03_rplB_contig_127412_contig_127413	66.9108669108669	819	273	275	165	106
cen03_rplB_contig_127654_contig_127655	65.0793650793651	819	253	280	175	111
cen03_rplB_contig_128000_contig_128001	65.3235653235653	819	254	281	173	111
cen03_rplB_contig_128464_contig_128465	70.5596107055961	822	288	292	148	94
cen03_rplB_contig_128520_contig_128521	70.1946472019465	822	279	298	145	100
cen03_rplB_contig_128676_contig_128677	69.8296836982968	822	278	296	149	99
cen03_rplB_contig_128772_contig_128773	66.6666666666667	819	258	288	162	111
cen03_rplB_contig_128854_contig_128855	65.679012345679	810	253	279	172	106
cen03_rplB_contig_129004_contig_129005	71.5151515151515	825	304	286	144	91
