ID	% GCContent	Total Count	G Count	C Count	A Count	T Count
cen05_aioA_contig_6_contig_7	62.1564482029598	1419	456	426	327	210
cen05_aioA_contig_14_contig_15	57.3839662447257	474	137	135	120	82
cen05_aioA_contig_162_contig_163	57.504873294347	513	143	152	127	91
cen05_aioA_contig_672_contig_673	61.5023474178404	1278	408	378	299	193
cen05_aioA_contig_1132_contig_1133	59.715242881072	1194	366	347	286	195
cen05_aioA_contig_1578_contig_1579	62.7510040160643	996	332	293	228	143
cen05_aioA_contig_1784_contig_1785	62.8440366972477	654	219	192	138	105
cen05_aioA_contig_1882_contig_1883	58.6527293844367	861	251	254	220	136
cen05_aioA_contig_1886_contig_1887	59.95670995671	924	290	264	211	159
cen05_aioA_contig_1894_contig_1895	58.8014981273408	534	161	153	132	88
cen05_aioA_contig_1904_contig_1905	60.6666666666667	900	288	258	204	150
cen05_aioA_contig_1958_contig_1959	58.6324786324786	585	183	160	140	102
cen05_aioA_contig_2926_contig_2927	59.3406593406593	819	244	242	207	126
cen05_aioA_contig_5220_contig_5221	63.5009310986965	537	179	162	120	76
cen05_aioA_contig_5244_contig_5245	61.1842105263158	456	144	135	104	73
cen05_aioA_contig_5368_contig_5369	62.6016260162602	492	160	148	113	71
cen05_aioA_contig_5876_contig_5877	63.1284916201117	537	176	163	122	76
cen05_aioA_contig_6060_contig_6061	63.3986928104575	612	191	197	133	91
cen05_aioA_contig_6148_contig_6149	61.2724757952974	723	226	217	154	126
cen05_aioA_contig_8906_contig_8907	65.1282051282051	585	182	199	121	83
cen05_aioA_contig_8978_contig_8979	64.7849462365591	744	257	225	159	103
cen05_aioA_contig_9488_contig_9489	60.6168446026097	843	258	253	189	143
cen05_aioA_contig_9558_contig_9559	58.6142322097378	534	157	156	124	97
cen05_aioA_contig_9700_contig_9701	61.0687022900763	786	246	234	172	134
cen05_aioA_contig_9742_contig_9743	60.536398467433	783	240	234	172	137
cen05_aioA_contig_10050_contig_10051	59.95670995671	924	275	279	203	167
cen05_aioA_contig_10206_contig_10207	60.8540925266904	843	256	257	191	139
cen05_aioA_contig_10506_contig_10507	61.1581920903955	708	209	224	163	112
cen05_aioA_contig_10524_contig_10525	59.5419847328244	786	234	234	181	137
cen05_aioA_contig_10596_contig_10597	60.0308641975309	648	198	191	150	109
cen05_aioA_contig_10634_contig_10635	61.7511520737327	651	201	201	149	100
cen05_aioA_contig_10668_contig_10669	59.5505617977528	534	160	158	125	91
cen05_aioA_contig_12294_contig_12295	59.5179738562092	2448	720	737	570	421
cen05_aioA_contig_14668_contig_14669	59.7575757575758	825	247	246	194	138
cen05_aioA_contig_15082_contig_15083	61.0526315789474	570	174	174	129	93
cen05_aioA_contig_16004_contig_16005	60.0664767331434	2106	639	626	481	360
