ID	% GCContent	Total Count	G Count	C Count	A Count	T Count
cen03_arsC_glut_contig_2_contig_3	63.963963963964	222	66	76	39	41
cen03_arsC_glut_contig_26_contig_27	64.3518518518518	216	64	75	35	42
cen03_arsC_glut_contig_28_contig_29	60.5263157894737	342	101	106	71	64
cen03_arsC_glut_contig_34_contig_35	63.5135135135135	222	64	77	40	41
cen03_arsC_glut_contig_36_contig_37	60.1307189542484	153	42	50	36	25
cen03_arsC_glut_contig_42_contig_43	60.0574712643678	348	103	106	78	61
cen03_arsC_glut_contig_44_contig_45	61.3095238095238	168	50	53	33	32
cen03_arsC_glut_contig_50_contig_51	62.8205128205128	156	49	49	21	37
cen03_arsC_glut_contig_58_contig_59	62.7450980392157	306	89	103	55	59
cen03_arsC_glut_contig_74_contig_75	58.7570621468927	177	53	51	37	36
cen03_arsC_glut_contig_76_contig_77	61.7283950617284	243	81	69	46	47
cen03_arsC_glut_contig_120_contig_121	55.8823529411765	204	53	61	53	37
cen03_arsC_glut_contig_122_contig_123	61.4718614718615	231	70	72	46	43
cen03_arsC_glut_contig_130_contig_131	60.6837606837607	234	67	75	48	44
cen03_arsC_glut_contig_164_contig_165	68.4684684684685	222	70	82	37	33
cen03_arsC_glut_contig_182_contig_183	61.5384615384615	273	88	80	53	52
cen03_arsC_glut_contig_224_contig_225	60.0732600732601	273	90	74	51	58
cen03_arsC_glut_contig_234_contig_235	68.3908045977011	348	110	128	56	54
cen03_arsC_glut_contig_238_contig_239	61.3475177304965	282	85	88	58	51
cen03_arsC_glut_contig_290_contig_291	61.1111111111111	198	58	63	38	39
cen03_arsC_glut_contig_292_contig_293	62.3563218390805	348	103	114	66	65
cen03_arsC_glut_contig_340_contig_341	63.2183908045977	174	55	55	33	31
cen03_arsC_glut_contig_346_contig_347	60.752688172043	186	58	55	38	35
cen03_arsC_glut_contig_364_contig_365	58.0459770114943	174	58	43	41	32
cen03_arsC_glut_contig_374_contig_375	60.8465608465608	189	59	56	36	38
cen03_arsC_glut_contig_526_contig_527	61.3475177304965	282	82	91	57	52
cen03_arsC_glut_contig_598_contig_599	72.7272727272727	165	58	62	18	27
cen03_arsC_glut_contig_636_contig_637	60.1307189542484	153	41	51	32	29
cen03_arsC_glut_contig_758_contig_759	73.2510288065844	243	87	91	34	31
cen03_arsC_glut_contig_766_contig_767	61.3707165109034	321	91	106	72	52
cen03_arsC_glut_contig_800_contig_801	70.4678362573099	342	112	129	54	47
cen03_arsC_glut_contig_808_contig_809	56.0606060606061	198	53	58	43	44
cen03_arsC_glut_contig_1192_contig_1193	60.7843137254902	153	42	51	30	30
cen03_arsC_glut_contig_1346_contig_1347	63.4782608695652	345	97	122	66	60
cen03_arsC_glut_contig_1348_contig_1349	70	270	97	92	46	35
cen03_arsC_glut_contig_1356_contig_1357	69.7819314641744	321	107	117	58	39
cen03_arsC_glut_contig_1402_contig_1403	63.8888888888889	252	79	82	50	41
cen03_arsC_glut_contig_1470_contig_1471	69.3215339233038	339	120	115	55	49
cen03_arsC_glut_contig_1498_contig_1499	73.6111111111111	216	73	86	28	29
cen03_arsC_glut_contig_1512_contig_1513	62.0289855072464	345	99	115	67	64
cen03_arsC_glut_contig_1522_contig_1523	55.1282051282051	312	84	88	70	70
cen03_arsC_glut_contig_1542_contig_1543	61.0062893081761	159	50	47	26	36
cen03_arsC_glut_contig_1548_contig_1549	65.863453815261	249	78	86	48	37
cen03_arsC_glut_contig_1562_contig_1563	67.2043010752688	186	68	57	30	31
cen03_arsC_glut_contig_1588_contig_1589	70.1149425287356	174	60	62	29	23
cen03_arsC_glut_contig_1598_contig_1599	73.2142857142857	168	58	65	24	21
cen03_arsC_glut_contig_1666_contig_1667	66.6666666666667	171	67	47	36	21
cen03_arsC_glut_contig_1668_contig_1669	60	270	80	82	52	56
cen03_arsC_glut_contig_1678_contig_1679	65.6357388316151	291	93	98	52	48
cen03_arsC_glut_contig_1772_contig_1773	61.8556701030928	291	86	94	55	56
cen03_arsC_glut_contig_1796_contig_1797	66.0869565217391	345	109	119	68	49
cen03_arsC_glut_contig_1852_contig_1853	67.8260869565217	345	111	123	64	47
cen03_arsC_glut_contig_1892_contig_1893	65.6862745098039	204	59	75	37	33
cen03_arsC_glut_contig_1982_contig_1983	59.9290780141844	282	78	91	59	54
cen03_arsC_glut_contig_2246_contig_2247	63.6363636363636	264	81	87	45	51
cen03_arsC_glut_contig_2280_contig_2281	67.8030303030303	264	81	98	47	38
cen03_arsC_glut_contig_2288_contig_2289	57.7464788732394	213	62	61	47	43
cen03_arsC_glut_contig_2412_contig_2413	64.1025641025641	234	77	73	48	36
cen03_arsC_glut_contig_2498_contig_2499	56.8627450980392	255	76	69	64	46
cen03_arsC_glut_contig_2502_contig_2503	61.8279569892473	186	60	55	39	32
cen03_arsC_glut_contig_2534_contig_2535	63.4259259259259	216	70	67	43	36
cen03_arsC_glut_contig_2552_contig_2553	58.6854460093897	213	57	68	48	40
cen03_arsC_glut_contig_2564_contig_2565	64	225	67	77	43	38
cen03_arsC_glut_contig_2614_contig_2615	62.8352490421456	261	79	85	49	48
cen03_arsC_glut_contig_2624_contig_2625	65.3333333333333	225	75	72	43	35
cen03_arsC_glut_contig_2650_contig_2651	60.8695652173913	345	97	113	74	61
cen03_arsC_glut_contig_2686_contig_2687	54.5454545454545	198	55	53	53	37
cen03_arsC_glut_contig_2716_contig_2717	62.8019323671498	207	59	71	44	33
cen03_arsC_glut_contig_2738_contig_2739	61.9718309859155	213	57	75	44	37
cen03_arsC_glut_contig_2740_contig_2741	61.7117117117117	222	65	72	47	38
cen03_arsC_glut_contig_2788_contig_2789	58.6497890295359	237	61	78	59	39
cen03_arsC_glut_contig_2792_contig_2793	60	210	62	64	47	37
cen03_arsC_glut_contig_2826_contig_2827	60.4761904761905	210	57	70	43	40
cen03_arsC_glut_contig_2848_contig_2849	60.6965174129353	201	57	65	40	39
cen03_arsC_glut_contig_2870_contig_2871	62.8019323671498	207	61	69	43	34
cen03_arsC_glut_contig_2918_contig_2919	64.1975308641975	243	76	80	43	44
cen03_arsC_glut_contig_2952_contig_2953	62.4521072796935	261	78	85	50	48
cen03_arsC_glut_contig_2998_contig_2999	59.5238095238095	210	63	62	49	36
cen03_arsC_glut_contig_3010_contig_3011	59.2039800995025	201	60	59	49	33
cen03_arsC_glut_contig_3016_contig_3017	52.6041666666667	192	51	50	53	38
cen03_arsC_glut_contig_3034_contig_3035	62.1951219512195	246	72	81	52	41
cen03_arsC_glut_contig_3046_contig_3047	55	240	60	72	62	46
cen03_arsC_glut_contig_3248_contig_3249	63.7931034482759	174	49	62	35	28
cen03_arsC_glut_contig_3274_contig_3275	57.9487179487179	195	52	61	50	32
cen03_arsC_glut_contig_3322_contig_3323	60.1307189542484	153	38	54	33	28
cen03_arsC_glut_contig_3326_contig_3327	59.6774193548387	186	51	60	46	29
cen03_arsC_glut_contig_3328_contig_3329	60.2150537634409	186	48	64	47	27
cen03_arsC_glut_contig_3404_contig_3405	64.4444444444444	180	57	59	33	31
cen03_arsC_glut_contig_3406_contig_3407	59.6491228070175	171	47	55	39	30
cen03_arsC_glut_contig_3438_contig_3439	62.9032258064516	186	48	69	37	32
cen03_arsC_glut_contig_3444_contig_3445	61.7886178861789	246	71	81	52	42
cen03_arsC_glut_contig_3466_contig_3467	70.3252032520325	246	91	82	37	36
cen03_arsC_glut_contig_3516_contig_3517	61.4035087719298	171	48	57	35	31
cen03_arsC_glut_contig_3538_contig_3539	62.5368731563422	339	105	107	71	56
cen03_arsC_glut_contig_3610_contig_3611	60.2739726027397	219	63	69	48	39
cen03_arsC_glut_contig_3702_contig_3703	58.3333333333333	156	47	44	38	27
cen03_arsC_glut_contig_3812_contig_3813	62.5	192	57	63	42	30
cen03_arsC_glut_contig_3820_contig_3821	68.7687687687688	333	114	115	52	52
cen03_arsC_glut_contig_3884_contig_3885	61.4035087719298	171	49	56	40	26
cen03_arsC_glut_contig_3962_contig_3963	56.8627450980392	153	41	46	35	31
cen03_arsC_glut_contig_4198_contig_4199	61.1940298507463	201	56	67	42	36
cen03_arsC_glut_contig_4234_contig_4235	59.4871794871795	195	62	54	45	34
cen03_arsC_glut_contig_4462_contig_4463	59.6707818930041	243	51	94	66	32
cen03_arsC_glut_contig_4880_contig_4881	60.093896713615	213	53	75	44	41
cen03_arsC_glut_contig_4962_contig_4963	61.1111111111111	198	57	64	44	33
cen03_arsC_glut_contig_5038_contig_5039	66.1458333333333	192	57	70	34	31
cen03_arsC_glut_contig_5062_contig_5063	58.8235294117647	153	39	51	37	26
cen03_arsC_glut_contig_5076_contig_5077	63.4408602150538	186	55	63	42	26
cen03_arsC_glut_contig_5096_contig_5097	55.8052434456929	267	68	81	65	53
cen03_arsC_glut_contig_5124_contig_5125	63.1111111111111	225	67	75	45	38
cen03_arsC_glut_contig_5748_contig_5749	62.3563218390805	348	103	114	66	65
cen03_arsC_glut_contig_5832_contig_5833	67.1957671957672	189	64	63	36	26
cen03_arsC_glut_contig_5834_contig_5835	66.6666666666667	165	48	62	31	24
cen03_arsC_glut_contig_5844_contig_5845	66.6666666666667	183	61	61	36	25
cen03_arsC_glut_contig_5944_contig_5945	64.7798742138365	318	100	106	63	49
cen03_arsC_glut_contig_6048_contig_6049	65.7657657657658	333	111	108	58	56
cen03_arsC_glut_contig_6184_contig_6185	66.6666666666667	339	108	118	69	44
cen03_arsC_glut_contig_6232_contig_6233	62.719298245614	228	70	73	47	38
cen03_arsC_glut_contig_6272_contig_6273	64.2857142857143	168	50	58	28	32
cen03_arsC_glut_contig_6620_contig_6621	59.915611814346	237	68	74	48	47
cen03_arsC_glut_contig_6864_contig_6865	60.233918128655	342	92	114	74	62
cen03_arsC_glut_contig_7270_contig_7271	60.3603603603604	222	63	71	49	39
