ID	% GCContent	Total Count	G Count	C Count	A Count	T Count
cen07_intI_contig_496_contig_497	65.3763440860215	465	192	112	73	88
cen07_intI_contig_878_contig_879	69.2954784437434	951	311	348	140	152
cen07_intI_contig_5936_contig_5937	63.5658914728682	516	161	167	103	85
cen07_intI_contig_6264_contig_6265	63.6842105263158	570	192	171	102	105
cen07_intI_contig_18744_contig_18745	62.1031746031746	504	173	140	72	119
cen07_intI_contig_18960_contig_18961	64.5161290322581	651	208	212	111	120
cen07_intI_contig_19110_contig_19111	61.4457831325301	747	182	277	158	130
cen07_intI_contig_28770_contig_28771	67.4565560821485	633	209	218	104	102
cen07_intI_contig_28790_contig_28791	67.6844783715013	786	269	263	121	133
cen07_intI_contig_28862_contig_28863	64.9916247906198	597	206	182	105	104
cen07_intI_contig_28874_contig_28875	67.7716390423573	543	180	188	87	88
cen07_intI_contig_28890_contig_28891	62.1505376344086	465	167	122	81	95
cen07_intI_contig_29100_contig_29101	71.1252653927813	471	172	163	65	71
cen07_intI_contig_29308_contig_29309	64.8809523809524	504	183	144	78	99
cen07_intI_contig_29344_contig_29345	63.6015325670498	522	145	187	94	96
