ID	% GCContent	Total Count	G Count	C Count	A Count	T Count
cen06_arsM_contig_18_contig_19	58.1481481481481	810	262	209	170	169
cen06_arsM_contig_30_contig_31	61.4163614163614	819	233	270	172	144
cen06_arsM_contig_36_contig_37	56.592039800995	804	251	204	173	176
cen06_arsM_contig_42_contig_43	60.479797979798	792	252	227	166	147
cen06_arsM_contig_82_contig_83	70.2331961591221	729	277	235	105	112
cen06_arsM_contig_184_contig_185	51.6765285996055	507	138	124	135	110
cen06_arsM_contig_276_contig_277	59.3556381660471	807	248	231	185	143
cen06_arsM_contig_448_contig_449	59.3008739076155	801	268	207	175	151
cen06_arsM_contig_510_contig_511	62.1722846441948	801	270	228	161	142
cen06_arsM_contig_554_contig_555	58.7064676616915	804	320	152	161	171
cen06_arsM_contig_576_contig_577	62.0512820512821	780	263	221	156	140
cen06_arsM_contig_620_contig_621	61.522633744856	486	162	137	93	94
cen06_arsM_contig_834_contig_835	56.2091503267974	612	182	162	141	127
cen06_arsM_contig_996_contig_997	61.0062893081761	636	205	183	133	115
cen06_arsM_contig_1130_contig_1131	67.3758865248227	705	266	209	119	111
cen06_arsM_contig_1132_contig_1133	59.2198581560284	564	190	144	112	118
cen06_arsM_contig_1156_contig_1157	61.0820244328098	573	183	167	104	119
cen06_arsM_contig_1166_contig_1167	66.6666666666667	597	188	210	106	93
cen06_arsM_contig_1186_contig_1187	60.0676818950931	591	197	158	125	111
cen06_arsM_contig_1262_contig_1263	68.4491978609626	561	218	166	76	101
cen06_arsM_contig_1304_contig_1305	55.793991416309	699	206	184	155	154
cen06_arsM_contig_1372_contig_1373	59.3705293276109	699	219	196	150	134
cen06_arsM_contig_1410_contig_1411	60.9406952965235	489	160	138	99	92
cen06_arsM_contig_1456_contig_1457	58.3838383838384	495	155	134	103	103
cen06_arsM_contig_1478_contig_1479	60.8262108262108	702	212	215	153	122
cen06_arsM_contig_1554_contig_1555	59.8484848484849	792	250	224	170	148
cen06_arsM_contig_1560_contig_1561	62.1993127147766	582	195	167	112	108
cen06_arsM_contig_1618_contig_1619	62.0474406991261	801	248	249	163	141
cen06_arsM_contig_1662_contig_1663	55.9259259259259	810	247	206	178	179
cen06_arsM_contig_1750_contig_1751	55.6451612903226	744	233	181	178	152
cen06_arsM_contig_1808_contig_1809	59.0511860174782	801	257	216	168	160
cen06_arsM_contig_1892_contig_1893	62.0646766169154	804	312	187	167	138
cen06_arsM_contig_1900_contig_1901	60.4810996563574	582	191	161	118	112
cen06_arsM_contig_1914_contig_1915	63.5157545605307	603	222	161	110	110
cen06_arsM_contig_1944_contig_1945	66.3120567375886	564	196	178	90	100
cen06_arsM_contig_2048_contig_2049	58.7360594795539	807	209	265	185	148
cen06_arsM_contig_2076_contig_2077	61.6605616605617	819	277	228	168	146
cen06_arsM_contig_2088_contig_2089	65.6898656898657	819	212	326	144	137
cen06_arsM_contig_2118_contig_2119	58.6452762923351	561	165	164	119	113
cen06_arsM_contig_2208_contig_2209	60.2469135802469	810	280	208	164	158
cen06_arsM_contig_2306_contig_2307	59.6014492753623	552	160	169	115	108
cen06_arsM_contig_2362_contig_2363	63.1868131868132	546	170	175	92	109
cen06_arsM_contig_2412_contig_2413	69.4589877835951	573	186	212	84	91
cen06_arsM_contig_2592_contig_2593	71.8253968253968	504	173	189	68	74
cen06_arsM_contig_2660_contig_2661	56.1274509803922	816	255	203	180	178
cen06_arsM_contig_2712_contig_2713	61.1111111111111	540	184	146	111	99
cen06_arsM_contig_2742_contig_2743	68.0241327300151	663	248	203	102	110
cen06_arsM_contig_2886_contig_2887	61.2836438923395	483	150	146	95	92
cen06_arsM_contig_2934_contig_2935	60.2996254681648	801	271	212	161	157
cen06_arsM_contig_2998_contig_2999	57.8754578754579	546	173	143	111	119
cen06_arsM_contig_3106_contig_3107	58.1349206349206	504	156	137	106	105
cen06_arsM_contig_3634_contig_3635	63.0541871921182	609	208	176	114	111
cen06_arsM_contig_3688_contig_3689	67.7361853832442	561	206	174	86	95
cen06_arsM_contig_3720_contig_3721	66.1616161616162	792	276	248	138	130
cen06_arsM_contig_3990_contig_3991	61.9402985074627	804	247	251	161	145
cen06_arsM_contig_4510_contig_4511	67.3027989821883	786	273	256	128	129
cen06_arsM_contig_4838_contig_4839	59.4257178526841	801	232	244	167	158
cen06_arsM_contig_4952_contig_4953	41.025641025641	507	128	80	166	133
cen06_arsM_contig_5102_contig_5103	68.4313725490196	510	168	181	78	83
cen06_arsM_contig_5990_contig_5991	67.6528599605523	507	189	154	71	93
cen06_arsM_contig_6256_contig_6257	67.1666666666667	600	202	201	101	96
cen06_arsM_contig_8324_contig_8325	61.9883040935673	513	170	148	107	88
cen06_arsM_contig_9314_contig_9315	72.7580372250423	591	220	210	76	85
cen06_arsM_contig_10728_contig_10729	59.0818363273453	501	154	142	112	93
cen06_arsM_contig_11190_contig_11191	73.2974910394265	558	192	217	78	71
cen06_arsM_contig_12274_contig_12275	64.3578643578644	693	247	199	119	128
cen06_arsM_contig_12716_contig_12717	60.7361963190184	489	162	135	109	83
cen06_arsM_contig_12810_contig_12811	73.8351254480287	558	194	218	78	68
cen06_arsM_contig_15496_contig_15497	68.5071574642127	489	190	145	72	82
cen06_arsM_contig_17378_contig_17379	62.2350674373796	519	173	150	108	88
cen06_arsM_contig_17754_contig_17755	60.5031446540881	795	276	205	166	148
cen06_arsM_contig_17992_contig_17993	62.7147766323024	582	192	173	101	116
cen06_arsM_contig_18506_contig_18507	68.0473372781065	507	191	154	69	93
cen06_arsM_contig_20898_contig_20899	73.4767025089606	558	193	217	78	70
cen06_arsM_contig_23586_contig_23587	54.4364508393285	834	219	235	208	172
cen06_arsM_contig_24016_contig_24017	58.7945879458795	813	266	212	182	153
cen06_arsM_contig_29370_contig_29371	59.6899224806202	516	168	140	109	99
cen06_arsM_contig_30892_contig_30893	64.2126789366053	489	160	154	86	89
cen06_arsM_contig_30894_contig_30895	58.4905660377358	795	241	224	180	150
cen06_arsM_contig_31414_contig_31415	62.4082232011747	681	233	192	139	117
cen06_arsM_contig_34788_contig_34789	62.8415300546448	549	188	157	105	99
cen06_arsM_contig_34936_contig_34937	62.0408163265306	735	187	269	147	132
cen06_arsM_contig_37482_contig_37483	58.0845771144279	804	258	209	170	167
cen06_arsM_contig_41070_contig_41071	67.8787878787879	495	179	157	79	80
cen06_arsM_contig_46140_contig_46141	61.1721611721612	819	234	267	173	145
cen06_arsM_contig_49096_contig_49097	61.7777777777778	675	180	237	139	119
cen06_arsM_contig_55016_contig_55017	67.1052631578947	684	234	225	108	117
cen06_arsM_contig_55454_contig_55455	40.719696969697	528	127	88	161	152
cen06_arsM_contig_55676_contig_55677	59.1002044989775	489	159	130	101	99
