ID	% GCContent	Total Count	G Count	C Count	A Count	T Count
cen06_arsC_glut_contig_2_contig_3	59.9033816425121	207	63	61	38	45
cen06_arsC_glut_contig_18_contig_19	66.025641025641	156	51	52	25	28
cen06_arsC_glut_contig_20_contig_21	72.4867724867725	189	64	73	23	29
cen06_arsC_glut_contig_32_contig_33	58.6206896551724	348	99	105	78	66
cen06_arsC_glut_contig_34_contig_35	56.62100456621	219	67	57	45	50
cen06_arsC_glut_contig_42_contig_43	64.9425287356322	348	109	117	62	60
cen06_arsC_glut_contig_46_contig_47	57.6190476190476	210	55	66	44	45
cen06_arsC_glut_contig_50_contig_51	60.3448275862069	174	49	56	29	40
cen06_arsC_glut_contig_52_contig_53	64.367816091954	348	111	113	65	59
cen06_arsC_glut_contig_58_contig_59	58.6805555555556	288	84	85	55	64
cen06_arsC_glut_contig_74_contig_75	61.9047619047619	252	72	84	50	46
cen06_arsC_glut_contig_80_contig_81	63.3333333333333	180	46	68	31	35
cen06_arsC_glut_contig_112_contig_113	66.6666666666667	198	59	73	30	36
cen06_arsC_glut_contig_116_contig_117	69.0909090909091	330	113	115	46	56
cen06_arsC_glut_contig_120_contig_121	57.9710144927536	345	101	99	76	69
cen06_arsC_glut_contig_122_contig_123	59.6244131455399	213	59	68	50	36
cen06_arsC_glut_contig_144_contig_145	63.4408602150538	186	60	58	36	32
cen06_arsC_glut_contig_154_contig_155	64.406779661017	177	56	58	29	34
cen06_arsC_glut_contig_160_contig_161	61.4492753623188	345	103	109	71	62
cen06_arsC_glut_contig_166_contig_167	62.6436781609195	348	106	112	71	59
cen06_arsC_glut_contig_302_contig_303	60.4166666666667	192	59	57	38	38
cen06_arsC_glut_contig_368_contig_369	58.6021505376344	186	56	53	35	42
cen06_arsC_glut_contig_420_contig_421	56.6037735849057	159	46	44	36	33
cen06_arsC_glut_contig_458_contig_459	55.5555555555556	171	49	46	43	33
cen06_arsC_glut_contig_460_contig_461	61.2612612612613	333	93	111	64	65
cen06_arsC_glut_contig_628_contig_629	60.8695652173913	276	84	84	57	51
cen06_arsC_glut_contig_636_contig_637	61.2068965517241	348	97	116	65	70
cen06_arsC_glut_contig_664_contig_665	58.974358974359	195	50	65	41	39
cen06_arsC_glut_contig_736_contig_737	66.0919540229885	348	103	127	67	51
cen06_arsC_glut_contig_788_contig_789	69.496855345912	318	103	118	59	38
cen06_arsC_glut_contig_902_contig_903	57.183908045977	348	100	99	77	72
cen06_arsC_glut_contig_942_contig_943	65.4761904761905	168	54	56	29	29
cen06_arsC_glut_contig_964_contig_965	71.1538461538462	156	56	55	27	18
cen06_arsC_glut_contig_1126_contig_1127	61.4583333333333	192	61	57	36	38
cen06_arsC_glut_contig_1230_contig_1231	63.681592039801	201	57	71	35	38
cen06_arsC_glut_contig_1570_contig_1571	58.4070796460177	339	100	98	77	64
cen06_arsC_glut_contig_1632_contig_1633	64.1350210970464	237	77	75	45	40
cen06_arsC_glut_contig_1690_contig_1691	72.6190476190476	168	61	61	23	23
cen06_arsC_glut_contig_1736_contig_1737	67.0250896057348	279	89	98	49	43
cen06_arsC_glut_contig_1784_contig_1785	68.4848484848485	165	54	59	25	27
cen06_arsC_glut_contig_1854_contig_1855	60.1190476190476	168	47	54	32	35
cen06_arsC_glut_contig_1890_contig_1891	58.0808080808081	198	55	60	40	43
cen06_arsC_glut_contig_1904_contig_1905	65.0537634408602	186	58	63	37	28
cen06_arsC_glut_contig_1976_contig_1977	65.7320872274143	321	116	95	48	62
cen06_arsC_glut_contig_2012_contig_2013	64.2512077294686	207	59	74	41	33
cen06_arsC_glut_contig_2026_contig_2027	69.7777777777778	225	77	80	33	35
cen06_arsC_glut_contig_2034_contig_2035	68.5897435897436	156	51	56	29	20
cen06_arsC_glut_contig_2080_contig_2081	57.9710144927536	345	106	94	84	61
cen06_arsC_glut_contig_2188_contig_2189	64.6153846153846	195	60	66	39	30
cen06_arsC_glut_contig_2282_contig_2283	68.2051282051282	195	68	65	37	25
cen06_arsC_glut_contig_2492_contig_2493	67.1794871794872	195	62	69	32	32
cen06_arsC_glut_contig_2694_contig_2695	71.2121212121212	264	87	101	42	34
cen06_arsC_glut_contig_2710_contig_2711	65.5797101449275	276	85	96	47	48
cen06_arsC_glut_contig_2720_contig_2721	58.3333333333333	156	56	35	33	32
cen06_arsC_glut_contig_2770_contig_2771	64.8888888888889	225	65	81	45	34
cen06_arsC_glut_contig_2880_contig_2881	61.4035087719298	228	61	79	45	43
cen06_arsC_glut_contig_2882_contig_2883	60.6425702811245	249	70	81	53	45
cen06_arsC_glut_contig_2900_contig_2901	70.6896551724138	174	51	72	25	26
cen06_arsC_glut_contig_2922_contig_2923	61.1721611721612	273	80	87	60	46
cen06_arsC_glut_contig_2944_contig_2945	63.3744855967078	243	76	78	51	38
cen06_arsC_glut_contig_2956_contig_2957	67.2955974842767	159	47	60	24	28
cen06_arsC_glut_contig_2998_contig_2999	62.5	216	68	67	50	31
cen06_arsC_glut_contig_3066_contig_3067	57.5757575757576	231	66	67	48	50
cen06_arsC_glut_contig_3120_contig_3121	64.4736842105263	228	69	78	42	39
cen06_arsC_glut_contig_3158_contig_3159	60.9929078014184	282	84	88	62	48
cen06_arsC_glut_contig_3188_contig_3189	71.031746031746	252	85	94	43	30
cen06_arsC_glut_contig_3244_contig_3245	64.0804597701149	348	120	103	60	65
cen06_arsC_glut_contig_3248_contig_3249	64.8888888888889	225	67	79	40	39
cen06_arsC_glut_contig_3270_contig_3271	64.0804597701149	348	107	116	64	61
cen06_arsC_glut_contig_3302_contig_3303	62.7450980392157	153	42	54	27	30
cen06_arsC_glut_contig_3338_contig_3339	72.8205128205128	195	66	76	30	23
cen06_arsC_glut_contig_3414_contig_3415	67.1428571428571	210	66	75	36	33
cen06_arsC_glut_contig_3424_contig_3425	66.2100456621005	219	72	73	39	35
cen06_arsC_glut_contig_3426_contig_3427	67.9012345679012	243	76	89	45	33
cen06_arsC_glut_contig_3466_contig_3467	54.9382716049383	162	45	44	35	38
cen06_arsC_glut_contig_3540_contig_3541	56.9444444444444	216	50	73	50	43
cen06_arsC_glut_contig_3630_contig_3631	62.5	168	56	49	37	26
cen06_arsC_glut_contig_3650_contig_3651	71.4912280701754	228	81	82	33	32
cen06_arsC_glut_contig_3668_contig_3669	61.9607843137255	255	68	90	59	38
cen06_arsC_glut_contig_3760_contig_3761	64.1414141414141	198	60	67	37	34
cen06_arsC_glut_contig_3874_contig_3875	66.1458333333333	192	62	65	40	25
cen06_arsC_glut_contig_3986_contig_3987	59.6491228070175	171	60	42	36	33
cen06_arsC_glut_contig_4094_contig_4095	60.4519774011299	177	49	58	39	31
cen06_arsC_glut_contig_4110_contig_4111	57.9234972677596	183	45	61	47	30
cen06_arsC_glut_contig_4222_contig_4223	57.0512820512821	156	44	45	39	28
cen06_arsC_glut_contig_4328_contig_4329	60.2941176470588	204	54	69	44	37
cen06_arsC_glut_contig_4342_contig_4343	65.4970760233918	171	48	64	35	24
cen06_arsC_glut_contig_4350_contig_4351	63.0208333333333	192	51	70	40	31
cen06_arsC_glut_contig_4362_contig_4363	61.437908496732	153	47	47	30	29
cen06_arsC_glut_contig_4364_contig_4365	61.1594202898551	345	102	109	72	62
cen06_arsC_glut_contig_4372_contig_4373	62.3456790123457	162	49	52	36	25
cen06_arsC_glut_contig_4422_contig_4423	61.1111111111111	342	104	105	73	60
cen06_arsC_glut_contig_4450_contig_4451	66.1375661375661	189	60	65	37	27
cen06_arsC_glut_contig_4464_contig_4465	61.7647058823529	204	56	70	39	39
cen06_arsC_glut_contig_4494_contig_4495	62.1794871794872	156	46	51	35	24
cen06_arsC_glut_contig_4518_contig_4519	61.437908496732	153	38	56	32	27
cen06_arsC_glut_contig_4642_contig_4643	63.8888888888889	216	64	74	45	33
cen06_arsC_glut_contig_4660_contig_4661	57.2327044025157	159	40	51	41	27
cen06_arsC_glut_contig_4694_contig_4695	61.3526570048309	207	58	69	45	35
cen06_arsC_glut_contig_4706_contig_4707	67.5213675213675	234	73	85	45	31
cen06_arsC_glut_contig_4716_contig_4717	69.3602693602694	297	104	102	46	45
cen06_arsC_glut_contig_5008_contig_5009	65.5913978494624	186	57	65	40	24
cen06_arsC_glut_contig_5020_contig_5021	63.75	240	72	81	47	40
cen06_arsC_glut_contig_5098_contig_5099	57.5757575757576	165	42	53	40	30
cen06_arsC_glut_contig_5132_contig_5133	56.2189054726368	201	52	61	56	32
cen06_arsC_glut_contig_5184_contig_5185	61.5023474178404	213	62	69	51	31
cen06_arsC_glut_contig_5488_contig_5489	61.7486338797814	183	52	61	42	28
cen06_arsC_glut_contig_5796_contig_5797	57.4712643678161	348	100	100	77	71
cen06_arsC_glut_contig_5838_contig_5839	61.4942528735632	348	101	113	74	60
cen06_arsC_glut_contig_6064_contig_6065	65.2298850574713	348	103	124	64	57
cen06_arsC_glut_contig_6086_contig_6087	64.2424242424242	330	104	108	65	53
cen06_arsC_glut_contig_6214_contig_6215	59.2592592592593	189	51	61	44	33
cen06_arsC_glut_contig_6296_contig_6297	68.8473520249221	321	111	110	59	41
cen06_arsC_glut_contig_6522_contig_6523	55.9139784946237	186	49	55	47	35
cen06_arsC_glut_contig_6902_contig_6903	60.8695652173913	345	97	113	68	67
cen06_arsC_glut_contig_6924_contig_6925	58.75	240	65	76	53	46
cen06_arsC_glut_contig_7150_contig_7151	58.8652482269504	282	74	92	61	55
cen06_arsC_glut_contig_7166_contig_7167	59.7222222222222	288	76	96	61	55
cen06_arsC_glut_contig_7476_contig_7477	59.6491228070175	342	92	112	76	62
