ID	% GCContent	Total Count	G Count	C Count	A Count	T Count
cen07_acr3_contig_192_contig_193	53.2555879494655	1029	274	274	180	301
cen07_acr3_contig_266_contig_267	54.1822721598002	801	238	196	138	229
cen07_acr3_contig_342_contig_343	54.0674603174603	1008	279	266	180	283
cen07_acr3_contig_358_contig_359	58.1081081081081	888	283	233	129	243
cen07_acr3_contig_396_contig_397	58.3333333333333	888	253	265	138	232
cen07_acr3_contig_498_contig_499	54.3756145526057	1017	278	275	173	291
cen07_acr3_contig_748_contig_749	65.6891495601173	1023	320	352	134	217
cen07_acr3_contig_1254_contig_1255	60.6936416184971	1038	328	302	150	258
cen07_acr3_contig_1334_contig_1335	60.1129943502825	885	243	289	124	229
cen07_acr3_contig_1400_contig_1401	60.8108108108108	888	266	274	121	227
cen07_acr3_contig_2200_contig_2201	53.5	600	166	155	111	168
cen07_acr3_contig_2506_contig_2507	60.536398467433	1044	316	316	161	251
cen07_acr3_contig_3422_contig_3423	66.3751214771623	1029	346	337	127	219
cen07_acr3_contig_3784_contig_3785	60.4719764011799	678	202	208	95	173
cen07_acr3_contig_5556_contig_5557	50.3663003663004	546	139	136	94	177
cen07_acr3_contig_13052_contig_13053	56.6666666666667	1020	312	266	163	279
cen07_acr3_contig_14252_contig_14253	61.8840579710145	690	222	205	99	164
cen07_acr3_contig_15842_contig_15843	66.8737060041408	483	154	169	56	104
cen07_acr3_contig_16112_contig_16113	55.7156580211335	1041	291	289	177	284
cen07_acr3_contig_17946_contig_17947	52.3577235772358	615	151	171	104	189
cen07_acr3_contig_18218_contig_18219	58.5492227979275	579	154	185	75	165
cen07_acr3_contig_18704_contig_18705	54.9313358302122	801	213	227	133	228
cen07_acr3_contig_19138_contig_19139	53.5762483130904	741	191	206	125	219
cen07_acr3_contig_19218_contig_19219	61.7777777777778	900	272	284	118	226
cen07_acr3_contig_19224_contig_19225	65.5637254901961	816	266	269	101	180
cen07_acr3_contig_19238_contig_19239	64.1395908543923	831	258	275	102	196
cen07_acr3_contig_21052_contig_21053	55.5555555555556	495	154	121	81	139
cen07_acr3_contig_22492_contig_22493	64.2570281124498	498	147	173	67	111
cen07_acr3_contig_24818_contig_24819	58.3333333333333	468	144	129	74	121
cen07_acr3_contig_24828_contig_24829	67.1691792294807	597	204	197	69	127
cen07_acr3_contig_24948_contig_24949	68.4908789386401	603	214	199	62	128
cen07_acr3_contig_25182_contig_25183	68.8888888888889	585	203	200	66	116
cen07_acr3_contig_26064_contig_26065	65.0793650793651	504	156	172	61	115
cen07_acr3_contig_26066_contig_26067	57.962962962963	540	162	151	94	133
cen07_acr3_contig_26086_contig_26087	53.4466477809254	1059	287	279	191	302
cen07_acr3_contig_26128_contig_26129	64.5348837209302	516	165	168	65	118
cen07_acr3_contig_26138_contig_26139	68.7392055267703	579	202	196	64	117
cen07_acr3_contig_26154_contig_26155	69.060773480663	543	195	180	58	110
cen07_acr3_contig_26284_contig_26285	63.9175257731959	582	182	190	76	134
cen07_acr3_contig_26508_contig_26509	54.9192364170338	681	193	181	117	190
cen07_acr3_contig_26760_contig_26761	58.974358974359	624	191	177	94	162
cen07_acr3_contig_27936_contig_27937	58.7719298245614	1026	363	240	155	268
cen07_acr3_contig_28200_contig_28201	65.4166666666667	480	155	159	61	105
cen07_acr3_contig_33314_contig_33315	65.1917404129794	678	217	225	87	149
cen07_acr3_contig_36432_contig_36433	64.8068669527897	699	223	230	90	156
cen07_acr3_contig_40884_contig_40885	65.1122625215889	579	191	186	68	134
cen07_acr3_contig_42352_contig_42353	65.625	576	199	179	68	130
cen07_acr3_contig_42384_contig_42385	53.5226077812829	951	260	249	174	268
cen07_acr3_contig_46258_contig_46259	63.7596899224806	516	166	163	66	121
