ID	% GCContent	Total Count	G Count	C Count	A Count	T Count
cen01_vanH_contig_78_contig_79	56.7441860465116	645	180	186	149	130
cen01_vanH_contig_218_contig_219	46.4419475655431	534	122	126	150	136
cen01_vanH_contig_228_contig_229	57.8014184397163	564	161	165	132	106
cen01_vanH_contig_280_contig_281	48.7421383647799	954	261	204	256	233
cen01_vanH_contig_370_contig_371	47.1698113207547	954	232	218	266	238
cen01_vanH_contig_556_contig_557	60.0638977635783	939	259	305	212	163
cen01_vanH_contig_590_contig_591	56.359649122807	456	121	136	113	86
cen01_vanH_contig_958_contig_959	60.8751608751609	777	229	244	164	140
cen01_vanH_contig_1098_contig_1099	46.5408805031447	954	229	215	269	241
cen01_vanH_contig_1264_contig_1265	44.2982456140351	456	95	107	133	121
cen01_vanH_contig_1284_contig_1285	48.2962962962963	675	177	149	179	170
cen01_vanH_contig_1488_contig_1489	52.3232323232323	495	131	128	122	114
cen01_vanH_contig_1612_contig_1613	47.4576271186441	531	127	125	146	133
cen01_vanH_contig_1684_contig_1685	45.0586264656616	597	133	136	180	148
cen01_vanH_contig_1856_contig_1857	47.1502590673575	579	148	125	154	152
cen01_vanH_contig_1936_contig_1937	60.8863198458574	519	159	157	109	94
cen01_vanH_contig_1942_contig_1943	62.8070175438597	570	160	198	121	91
cen01_vanH_contig_1962_contig_1963	46.5408805031447	954	231	213	268	242
cen01_vanH_contig_2034_contig_2035	48.75	480	127	107	128	118
cen01_vanH_contig_2362_contig_2363	48.125	480	127	104	131	118
cen01_vanH_contig_2520_contig_2521	46.4360587002096	954	226	217	273	238
cen01_vanH_contig_2524_contig_2525	57.7494692144374	471	140	132	109	90
cen01_vanH_contig_2992_contig_2993	61.6605616605617	819	229	276	179	135
cen01_vanH_contig_3246_contig_3247	46.9601677148847	954	230	218	268	238
cen01_vanH_contig_3440_contig_3441	46.8553459119497	954	230	217	269	238
cen01_vanH_contig_3598_contig_3599	47.0649895178197	954	229	220	266	239
