ID	% GCContent	Total Count	G Count	C Count	A Count	T Count
cen05_arsM_contig_282_contig_283	56.078431372549	510	158	128	117	107
cen05_arsM_contig_288_contig_289	57.4074074074074	810	253	212	180	165
cen05_arsM_contig_296_contig_297	56.5432098765432	810	253	205	165	187
cen05_arsM_contig_474_contig_475	56.5432098765432	810	254	204	164	188
cen05_arsM_contig_608_contig_609	54.0574282147316	801	228	205	195	173
cen05_arsM_contig_632_contig_633	60.0973236009732	822	311	183	184	144
cen05_arsM_contig_714_contig_715	61.5720524017467	687	231	192	137	127
cen05_arsM_contig_718_contig_719	55.3058676654182	801	245	198	189	169
cen05_arsM_contig_740_contig_741	60.2469135802469	810	259	229	178	144
cen05_arsM_contig_826_contig_827	58.364312267658	807	249	222	175	161
cen05_arsM_contig_860_contig_861	59.6296296296296	810	280	203	170	157
cen05_arsM_contig_1098_contig_1099	62.4048706240487	657	260	150	132	115
cen05_arsM_contig_1222_contig_1223	57.8358208955224	804	282	183	178	161
cen05_arsM_contig_1244_contig_1245	59.3261131167268	831	260	233	187	151
cen05_arsM_contig_1278_contig_1279	60.752688172043	558	188	151	112	107
cen05_arsM_contig_1476_contig_1477	63.2768361581921	708	247	201	136	124
cen05_arsM_contig_1518_contig_1519	58.5687382297552	531	147	164	116	104
cen05_arsM_contig_1566_contig_1567	62.5706214689266	708	242	201	139	126
cen05_arsM_contig_1578_contig_1579	61.1570247933884	726	202	242	132	150
cen05_arsM_contig_1592_contig_1593	61.1735330836454	801	271	219	174	137
cen05_arsM_contig_1604_contig_1605	63.1313131313131	594	214	161	114	105
cen05_arsM_contig_1610_contig_1611	62.3931623931624	819	260	251	168	140
cen05_arsM_contig_1624_contig_1625	52.8301886792453	795	220	200	187	188
cen05_arsM_contig_1648_contig_1649	62.2710622710623	819	258	252	167	142
cen05_arsM_contig_1660_contig_1661	66.916354556804	801	286	250	127	138
cen05_arsM_contig_1738_contig_1739	61.4540466392318	729	205	243	145	136
cen05_arsM_contig_1756_contig_1757	63.1578947368421	798	231	273	155	139
cen05_arsM_contig_1766_contig_1767	64.0394088669951	609	209	181	110	109
cen05_arsM_contig_1818_contig_1819	56.5656565656566	792	236	212	180	164
cen05_arsM_contig_1990_contig_1991	73.8292011019284	726	307	229	87	103
cen05_arsM_contig_2016_contig_2017	63.0630630630631	555	185	165	89	116
cen05_arsM_contig_2092_contig_2093	61.1594202898551	690	259	163	127	141
cen05_arsM_contig_2108_contig_2109	61.1872146118721	657	219	183	137	118
cen05_arsM_contig_2156_contig_2157	57.3573573573574	666	195	187	149	135
cen05_arsM_contig_2160_contig_2161	61.993769470405	642	230	168	133	111
cen05_arsM_contig_2166_contig_2167	60.8623548922056	603	199	168	129	107
cen05_arsM_contig_2170_contig_2171	59.3333333333333	600	231	125	130	114
cen05_arsM_contig_2176_contig_2177	56.6791510611735	801	220	234	198	149
cen05_arsM_contig_2242_contig_2243	61.0192837465565	726	234	209	151	132
cen05_arsM_contig_2244_contig_2245	61.5288220551378	798	260	231	165	142
cen05_arsM_contig_2312_contig_2313	60.2706027060271	813	243	247	179	144
cen05_arsM_contig_2354_contig_2355	60.0746268656716	804	259	224	171	150
cen05_arsM_contig_2388_contig_2389	61.1940298507463	804	257	235	160	152
cen05_arsM_contig_2396_contig_2397	60.4426002766252	723	231	206	141	145
cen05_arsM_contig_2408_contig_2409	64.5259938837921	654	213	209	125	107
cen05_arsM_contig_2438_contig_2439	45.9302325581395	516	144	93	150	129
cen05_arsM_contig_2456_contig_2457	63.720073664825	543	173	173	103	94
cen05_arsM_contig_2460_contig_2461	60.6334841628959	663	205	197	133	128
cen05_arsM_contig_2466_contig_2467	65.1815181518152	606	218	177	105	106
cen05_arsM_contig_2476_contig_2477	58.7982832618026	699	226	185	150	138
cen05_arsM_contig_2492_contig_2493	61.8055555555556	576	177	179	112	108
cen05_arsM_contig_2502_contig_2503	61.2373737373737	792	245	240	152	155
cen05_arsM_contig_2550_contig_2551	63.8576779026217	534	199	142	98	95
cen05_arsM_contig_2562_contig_2563	62.9032258064516	558	188	163	112	95
cen05_arsM_contig_2598_contig_2599	66.5408805031446	795	213	316	142	124
cen05_arsM_contig_2640_contig_2641	59.8002496878901	801	262	217	164	158
cen05_arsM_contig_2642_contig_2643	68.0790960451977	708	248	234	105	121
cen05_arsM_contig_2722_contig_2723	59.0909090909091	594	179	172	124	119
cen05_arsM_contig_2724_contig_2725	62.6506024096386	747	248	220	143	136
cen05_arsM_contig_2730_contig_2731	58.4670231729055	561	171	157	117	116
cen05_arsM_contig_2762_contig_2763	58.3703703703704	675	217	177	144	137
cen05_arsM_contig_2818_contig_2819	63.5338345864662	798	253	254	157	134
cen05_arsM_contig_2918_contig_2919	61.8573797678275	603	197	176	112	118
cen05_arsM_contig_2922_contig_2923	60.4477611940299	804	270	216	163	155
cen05_arsM_contig_3044_contig_3045	62.8282828282828	495	156	155	93	91
cen05_arsM_contig_3148_contig_3149	60.8641975308642	810	238	255	169	148
cen05_arsM_contig_3258_contig_3259	57.3584905660377	795	248	208	184	155
cen05_arsM_contig_3350_contig_3351	60.0282485875706	708	190	235	153	130
cen05_arsM_contig_3414_contig_3415	58.1481481481481	810	240	231	179	160
cen05_arsM_contig_3514_contig_3515	61.1832611832612	693	236	188	142	127
cen05_arsM_contig_3534_contig_3535	61.9469026548673	678	237	183	128	130
cen05_arsM_contig_3572_contig_3573	60.1747815230961	801	276	206	161	158
cen05_arsM_contig_3598_contig_3599	58.4905660377358	795	250	215	180	150
cen05_arsM_contig_3604_contig_3605	56.7295597484277	795	237	214	182	162
cen05_arsM_contig_3608_contig_3609	64.8809523809524	840	306	239	159	136
cen05_arsM_contig_3642_contig_3643	58.008658008658	693	230	172	141	150
cen05_arsM_contig_3716_contig_3717	63.8020833333333	768	239	251	150	128
cen05_arsM_contig_3728_contig_3729	61.9047619047619	735	242	213	134	146
cen05_arsM_contig_3732_contig_3733	72.972972972973	666	257	229	84	96
cen05_arsM_contig_3758_contig_3759	67.2782874617737	654	225	215	97	117
cen05_arsM_contig_3838_contig_3839	59.8130841121495	642	199	185	130	128
cen05_arsM_contig_3844_contig_3845	60.1449275362319	552	186	146	115	105
cen05_arsM_contig_3882_contig_3883	58.9490968801314	609	195	164	126	124
cen05_arsM_contig_3884_contig_3885	59.4059405940594	606	191	169	124	122
cen05_arsM_contig_3942_contig_3943	62.1301775147929	507	176	139	92	100
cen05_arsM_contig_4222_contig_4223	62.2574955908289	567	145	208	117	97
cen05_arsM_contig_4236_contig_4237	61.7647058823529	816	209	295	169	143
cen05_arsM_contig_4324_contig_4325	61.3149847094801	654	189	212	132	121
cen05_arsM_contig_4416_contig_4417	63.7540453074434	618	217	177	110	114
cen05_arsM_contig_4442_contig_4443	56.4516129032258	558	191	124	122	121
cen05_arsM_contig_5800_contig_5801	59.7402597402597	693	228	186	146	133
cen05_arsM_contig_5902_contig_5903	56.9135802469136	810	237	224	182	167
cen05_arsM_contig_5944_contig_5945	56.1076604554865	483	152	119	106	106
cen05_arsM_contig_6032_contig_6033	61.1316113161132	813	221	276	180	136
cen05_arsM_contig_6130_contig_6131	63.2768361581921	708	247	201	136	124
cen05_arsM_contig_6238_contig_6239	67.0781893004115	486	177	149	79	81
cen05_arsM_contig_6486_contig_6487	64.030131826742	531	184	156	108	83
cen05_arsM_contig_6790_contig_6791	69.5876288659794	582	209	196	87	90
cen05_arsM_contig_6832_contig_6833	70.7454289732771	711	261	242	108	100
cen05_arsM_contig_7010_contig_7011	67.6829268292683	492	174	159	81	78
cen05_arsM_contig_7334_contig_7335	58.9958158995816	717	237	186	153	141
cen05_arsM_contig_7358_contig_7359	70.6214689265537	708	263	237	98	110
cen05_arsM_contig_7380_contig_7381	59.2185592185592	819	254	231	180	154
cen05_arsM_contig_7504_contig_7505	59.2741935483871	744	226	215	157	146
cen05_arsM_contig_7534_contig_7535	53.5545023696682	633	197	142	147	147
cen05_arsM_contig_7610_contig_7611	60.4554865424431	483	137	155	95	96
cen05_arsM_contig_7622_contig_7623	61.850443599493	789	259	229	158	143
cen05_arsM_contig_7638_contig_7639	64.6739130434783	552	186	171	98	97
cen05_arsM_contig_7782_contig_7783	56.2962962962963	675	211	169	154	141
cen05_arsM_contig_7816_contig_7817	67.8642714570858	501	177	163	85	76
cen05_arsM_contig_10242_contig_10243	60.1941747572816	618	241	131	118	128
cen05_arsM_contig_14172_contig_14173	60.5214152700186	537	175	150	119	93
cen05_arsM_contig_14628_contig_14629	69.4139194139194	546	194	185	85	82
cen05_arsM_contig_14630_contig_14631	71.031746031746	504	176	182	73	73
cen05_arsM_contig_14634_contig_14635	63.3851468048359	579	198	169	112	100
cen05_arsM_contig_14830_contig_14831	60.5714285714286	525	171	147	117	90
cen05_arsM_contig_15724_contig_15725	57.7519379844961	516	175	123	118	100
cen05_arsM_contig_16236_contig_16237	61.1764705882353	510	162	150	105	93
cen05_arsM_contig_16886_contig_16887	66.1111111111111	540	181	176	91	92
cen05_arsM_contig_17042_contig_17043	65.6565656565657	792	275	245	135	137
cen05_arsM_contig_17892_contig_17893	61.6570327552987	519	166	154	101	98
cen05_arsM_contig_19506_contig_19507	60.515873015873	504	163	142	101	98
cen05_arsM_contig_20356_contig_20357	59.7510373443983	723	227	205	143	148
cen05_arsM_contig_21580_contig_21581	58.5774058577406	717	245	175	136	161
cen05_arsM_contig_21594_contig_21595	60.2020202020202	495	154	144	106	91
cen05_arsM_contig_21732_contig_21733	56.7765567765568	546	178	132	116	120
cen05_arsM_contig_22332_contig_22333	57.6305220883534	498	153	134	121	90
cen05_arsM_contig_22672_contig_22673	58.5858585858586	495	172	118	111	94
cen05_arsM_contig_24380_contig_24381	59.622641509434	795	244	230	167	154
cen05_arsM_contig_24532_contig_24533	55.3571428571429	504	182	97	96	129
cen05_arsM_contig_25156_contig_25157	59.3939393939394	495	156	138	111	90
cen05_arsM_contig_25602_contig_25603	71.5736040609137	591	217	206	81	87
cen05_arsM_contig_27834_contig_27835	69.3502824858757	708	254	237	112	105
cen05_arsM_contig_29276_contig_29277	67.8642714570858	501	167	173	79	82
cen05_arsM_contig_30732_contig_30733	63.3471645919779	723	227	231	131	134
cen05_arsM_contig_32010_contig_32011	62.7306273062731	813	232	278	170	133
cen05_arsM_contig_32210_contig_32211	60.1747815230961	801	273	209	169	150
cen05_arsM_contig_32364_contig_32365	56.69099756691	822	262	204	183	173
cen05_arsM_contig_33092_contig_33093	64.021164021164	567	187	176	101	103
cen05_arsM_contig_33764_contig_33765	59.3710691823899	795	246	226	166	157
cen05_arsM_contig_34108_contig_34109	61.6729088639201	801	263	231	155	152
cen05_arsM_contig_34470_contig_34471	60.6403013182674	531	152	170	110	99
cen05_arsM_contig_34656_contig_34657	61.9456366237482	699	199	234	140	126
cen05_arsM_contig_35800_contig_35801	59.8343685300207	483	147	142	110	84
cen05_arsM_contig_38228_contig_38229	63.4920634920635	504	175	145	102	82
cen05_arsM_contig_38544_contig_38545	60.8695652173913	483	135	159	107	82
cen05_arsM_contig_39444_contig_39445	59.2409240924092	606	191	168	124	123
cen05_arsM_contig_44594_contig_44595	69.3486590038314	522	182	180	84	76
cen05_arsM_contig_45000_contig_45001	69.2883895131086	534	186	184	84	80
cen05_arsM_contig_45362_contig_45363	59.6666666666667	600	178	180	129	113
cen05_arsM_contig_45996_contig_45997	64.8888888888889	675	231	207	112	125
cen05_arsM_contig_46530_contig_46531	58.0645161290323	558	176	148	116	118
cen05_arsM_contig_46550_contig_46551	61.6666666666667	660	198	209	128	125
cen05_arsM_contig_46660_contig_46661	57.7114427860697	804	281	183	178	162
cen05_arsM_contig_47352_contig_47353	71.0727969348659	522	186	185	74	77
cen05_arsM_contig_47760_contig_47761	61.2903225806452	651	196	203	134	118
cen05_arsM_contig_50196_contig_50197	56.7901234567901	810	235	225	185	165
cen05_arsM_contig_51560_contig_51561	60.9929078014184	564	175	169	109	111
cen05_arsM_contig_56088_contig_56089	61.1519607843137	816	235	264	173	144
cen05_arsM_contig_56580_contig_56581	68.1518151815181	606	221	192	102	91
cen05_arsM_contig_59086_contig_59087	58.1132075471698	795	250	212	182	151
cen05_arsM_contig_59830_contig_59831	59.6363636363636	825	264	228	184	149
cen05_arsM_contig_59856_contig_59857	58.030303030303	660	229	154	146	131
cen05_arsM_contig_60066_contig_60067	57.7694235588972	798	224	237	185	152
cen05_arsM_contig_60228_contig_60229	59.8705501618123	618	215	155	122	126
cen05_arsM_contig_61474_contig_61475	63.7254901960784	612	219	171	114	108
cen05_arsM_contig_61856_contig_61857	60.2189781021898	822	232	263	175	152
cen05_arsM_contig_62292_contig_62293	60.1410934744268	567	166	175	119	107
cen05_arsM_contig_63702_contig_63703	58.3333333333333	516	157	144	119	96
cen05_arsM_contig_65378_contig_65379	60.8214849921011	633	203	182	125	123
cen05_arsM_contig_66044_contig_66045	60.6365159128978	597	192	170	127	108
cen05_arsM_contig_66458_contig_66459	60.1904761904762	525	153	163	113	96
cen05_arsM_contig_66470_contig_66471	58.5185185185185	675	186	209	164	116
cen05_arsM_contig_67612_contig_67613	54.5584045584046	702	203	180	165	154
cen05_arsM_contig_68356_contig_68357	60	705	205	218	149	133
cen05_arsM_contig_68630_contig_68631	56.5432098765432	810	255	203	164	188
cen05_arsM_contig_75130_contig_75131	60.9195402298851	696	214	210	131	141
cen05_arsM_contig_83104_contig_83105	63.4180790960452	708	249	200	131	128
cen05_arsM_contig_84086_contig_84087	71.1213517665131	651	244	219	92	96
cen05_arsM_contig_84902_contig_84903	57.1604938271605	810	255	208	182	165
cen05_arsM_contig_89502_contig_89503	67.2316384180791	531	189	168	78	96
cen05_arsM_contig_90438_contig_90439	61.2359550561798	534	186	141	100	107
cen05_arsM_contig_91520_contig_91521	61.3168724279835	729	201	246	145	137
cen05_arsM_contig_91930_contig_91931	74.0591397849462	744	324	227	88	105
cen05_arsM_contig_93310_contig_93311	62.3134328358209	804	261	240	152	151
cen05_arsM_contig_94014_contig_94015	65.9420289855072	690	258	197	120	115
cen05_arsM_contig_94670_contig_94671	59.6666666666667	600	204	154	126	116
cen05_arsM_contig_96264_contig_96265	63.2183908045977	696	206	234	141	115
cen05_arsM_contig_96410_contig_96411	62.4048706240487	657	261	149	131	116
cen05_arsM_contig_97524_contig_97525	61.7597292724196	591	181	184	108	118
cen05_arsM_contig_98226_contig_98227	56.3165905631659	657	214	156	140	147
cen05_arsM_contig_98476_contig_98477	61.2903225806452	837	270	243	179	145
cen05_arsM_contig_100114_contig_100115	72.7272727272727	561	238	170	68	85
cen05_arsM_contig_104314_contig_104315	58.0200501253133	798	227	236	182	153
cen05_arsM_contig_109412_contig_109413	69.9275362318841	552	203	183	78	88
cen05_arsM_contig_109458_contig_109459	45.7627118644068	531	148	95	158	130
cen05_arsM_contig_109518_contig_109519	53.757225433526	519	133	146	125	115
cen05_arsM_contig_109624_contig_109625	64.8888888888889	675	232	206	110	127
cen05_arsM_contig_110004_contig_110005	55.12104283054	537	119	177	135	106
cen05_arsM_contig_110344_contig_110345	57.1069182389937	795	239	215	180	161
