ID	% GCContent	Total Count	G Count	C Count	A Count	T Count
cen07_arsA_contig_804_contig_805	58.0459770114943	522	155	148	114	105
cen07_arsA_contig_1036_contig_1037	66.6666666666667	516	165	179	77	95
cen07_arsA_contig_1870_contig_1871	66.2790697674419	516	172	170	93	81
cen07_arsA_contig_1872_contig_1873	67.6356589147287	516	178	171	90	77
cen07_arsA_contig_2544_contig_2545	67.843137254902	765	246	273	130	116
cen07_arsA_contig_2642_contig_2643	73.6842105263158	513	180	198	61	74
cen07_arsA_contig_2658_contig_2659	64.6706586826347	501	165	159	95	82
cen07_arsA_contig_2802_contig_2803	71.5976331360947	507	187	176	64	80
cen07_arsA_contig_3030_contig_3031	68.8453159041394	459	151	165	73	70
cen07_arsA_contig_3308_contig_3309	56.9105691056911	492	143	137	112	100
cen07_arsA_contig_3338_contig_3339	61.1479028697572	453	129	148	99	77
