ID	% GCContent	Total Count	G Count	C Count	A Count	T Count
cen01_rplB_contig_6_contig_7	62.0056497175141	708	226	213	149	120
cen01_rplB_contig_8_contig_9	70.0606060606061	825	278	300	159	88
cen01_rplB_contig_14_contig_15	69.6859903381642	828	295	282	155	96
cen01_rplB_contig_18_contig_19	69.9513381995134	822	282	293	156	91
cen01_rplB_contig_260_contig_261	69.8181818181818	825	293	283	150	99
cen01_rplB_contig_278_contig_279	70.5596107055961	822	273	307	144	98
cen01_rplB_contig_280_contig_281	70.4242424242424	825	292	289	149	95
cen01_rplB_contig_386_contig_387	69.8296836982968	822	284	290	149	99
cen01_rplB_contig_458_contig_459	67.1515151515152	825	261	293	162	109
cen01_rplB_contig_462_contig_463	61.6788321167883	822	261	246	190	125
cen01_rplB_contig_470_contig_471	65.9393939393939	825	279	265	162	119
cen01_rplB_contig_476_contig_477	64.4768856447689	822	261	269	167	125
cen01_rplB_contig_490_contig_491	65.9313725490196	816	261	277	167	111
cen01_rplB_contig_512_contig_513	63.2478632478633	819	268	250	193	108
cen01_rplB_contig_524_contig_525	64.1025641025641	819	262	263	158	136
cen01_rplB_contig_536_contig_537	68.3574879227053	828	270	296	167	95
cen01_rplB_contig_538_contig_539	68.1372549019608	816	259	297	160	100
cen01_rplB_contig_552_contig_553	64.4768856447689	822	270	260	168	124
cen01_rplB_contig_568_contig_569	66.5445665445665	819	254	291	166	108
cen01_rplB_contig_570_contig_571	70.316301703163	822	282	296	156	88
cen01_rplB_contig_572_contig_573	64.0921409214092	738	226	247	164	101
cen01_rplB_contig_584_contig_585	65.9393939393939	825	275	269	163	118
cen01_rplB_contig_586_contig_587	65.1960784313726	816	275	257	175	109
cen01_rplB_contig_590_contig_591	66.7887667887668	819	262	285	154	118
cen01_rplB_contig_598_contig_599	61.2745098039216	816	270	230	189	127
cen01_rplB_contig_600_contig_601	68.3760683760684	819	263	297	154	105
cen01_rplB_contig_606_contig_607	66.3003663003663	819	250	293	163	113
cen01_rplB_contig_612_contig_613	63.0170316301703	822	266	252	196	108
cen01_rplB_contig_622_contig_623	62.8815628815629	819	272	243	162	142
cen01_rplB_contig_658_contig_659	68.2367149758454	828	274	291	168	95
cen01_rplB_contig_662_contig_663	62.5	816	257	253	192	114
cen01_rplB_contig_672_contig_673	67.2727272727273	825	261	294	162	108
cen01_rplB_contig_680_contig_681	68.1318681318681	819	268	290	160	101
cen01_rplB_contig_706_contig_707	60.8272506082725	822	247	253	194	128
cen01_rplB_contig_722_contig_723	66.9211195928753	786	268	258	149	111
cen01_rplB_contig_728_contig_729	60.3418803418803	585	196	157	126	106
cen01_rplB_contig_732_contig_733	64.3137254901961	510	177	151	113	69
cen01_rplB_contig_742_contig_743	61.9221411192214	822	269	240	191	122
cen01_rplB_contig_760_contig_761	63.855421686747	498	168	150	106	74
cen01_rplB_contig_768_contig_769	62.5454545454545	825	255	261	192	117
cen01_rplB_contig_786_contig_787	61.5044247787611	678	228	189	141	120
cen01_rplB_contig_802_contig_803	69.9393939393939	825	282	295	159	89
cen01_rplB_contig_806_contig_807	61.6969696969697	825	257	252	193	123
cen01_rplB_contig_808_contig_809	64.8351648351648	819	265	266	152	136
cen01_rplB_contig_812_contig_813	62.5	816	249	261	182	124
cen01_rplB_contig_814_contig_815	63.4146341463415	738	230	238	160	110
cen01_rplB_contig_816_contig_817	71.5151515151515	825	290	300	139	96
cen01_rplB_contig_832_contig_833	71.030303030303	825	287	299	146	93
cen01_rplB_contig_838_contig_839	63.4794156706507	753	246	232	164	111
cen01_rplB_contig_844_contig_845	60.4622871046229	822	269	228	189	136
cen01_rplB_contig_854_contig_855	61.3970588235294	816	265	236	191	124
cen01_rplB_contig_858_contig_859	69.1086691086691	819	269	297	147	106
cen01_rplB_contig_870_contig_871	64.2246642246642	819	263	263	164	129
cen01_rplB_contig_886_contig_887	71.0622710622711	819	284	298	154	83
cen01_rplB_contig_910_contig_911	66.0583941605839	822	246	297	167	112
cen01_rplB_contig_936_contig_937	70.0606060606061	825	287	291	154	93
cen01_rplB_contig_938_contig_939	68.5049019607843	816	263	296	162	95
cen01_rplB_contig_942_contig_943	62.9901960784314	816	259	255	186	116
cen01_rplB_contig_954_contig_955	67.2771672771673	819	267	284	153	115
cen01_rplB_contig_962_contig_963	61.8004866180049	822	275	233	194	120
cen01_rplB_contig_964_contig_965	63.2226322263223	813	245	269	179	120
cen01_rplB_contig_968_contig_969	71.3235294117647	816	286	296	143	91
cen01_rplB_contig_976_contig_977	60.9489051094891	822	272	229	191	130
cen01_rplB_contig_1000_contig_1001	70.4590818363273	501	188	165	90	58
cen01_rplB_contig_1006_contig_1007	63.1386861313869	822	260	259	191	112
cen01_rplB_contig_1008_contig_1009	69.4852941176471	816	276	291	153	96
cen01_rplB_contig_1016_contig_1017	63.6029411764706	816	260	259	161	136
cen01_rplB_contig_1020_contig_1021	69.7191697191697	819	269	302	156	92
cen01_rplB_contig_1036_contig_1037	64.2714570858283	501	174	148	109	70
cen01_rplB_contig_1042_contig_1043	64.969696969697	825	267	269	162	127
cen01_rplB_contig_1054_contig_1055	66.4224664224664	819	272	272	160	115
cen01_rplB_contig_1056_contig_1057	61.3505747126437	696	219	208	148	121
cen01_rplB_contig_1058_contig_1059	61.6421568627451	816	255	248	189	124
cen01_rplB_contig_1084_contig_1085	64.3382352941177	816	275	250	185	106
cen01_rplB_contig_1098_contig_1099	69.8412698412698	819	282	290	157	90
cen01_rplB_contig_1126_contig_1127	67.2749391727494	822	290	263	165	104
cen01_rplB_contig_1184_contig_1185	70.9090909090909	825	299	286	145	95
cen01_rplB_contig_1200_contig_1201	65.6898656898657	819	273	265	164	117
cen01_rplB_contig_1210_contig_1211	58.3030303030303	825	266	215	204	140
cen01_rplB_contig_1218_contig_1219	61.6605616605617	819	256	249	188	126
cen01_rplB_contig_1230_contig_1231	50.5307855626327	471	126	112	132	101
cen01_rplB_contig_1232_contig_1233	70.314465408805	795	266	293	149	87
cen01_rplB_contig_1260_contig_1261	66.9090909090909	825	270	282	157	116
cen01_rplB_contig_1264_contig_1265	64.5909645909646	819	257	272	166	124
cen01_rplB_contig_1320_contig_1321	54.2579075425791	822	246	200	199	177
cen01_rplB_contig_1420_contig_1421	69.9275362318841	828	285	294	160	89
cen01_rplB_contig_1480_contig_1481	66.4224664224664	819	251	293	167	108
cen01_rplB_contig_1514_contig_1515	65.0887573964497	507	171	159	96	81
cen01_rplB_contig_1540_contig_1541	65.0735294117647	816	262	269	163	122
cen01_rplB_contig_1560_contig_1561	64.2335766423358	822	263	265	173	121
cen01_rplB_contig_1568_contig_1569	68.4210526315789	456	148	164	89	55
cen01_rplB_contig_1678_contig_1679	67.0426065162907	798	270	265	154	109
cen01_rplB_contig_1706_contig_1707	66.5454545454545	825	276	273	165	111
cen01_rplB_contig_1756_contig_1757	66.3003663003663	819	271	272	162	114
cen01_rplB_contig_1808_contig_1809	66.7887667887668	819	248	299	164	108
cen01_rplB_contig_1814_contig_1815	67.8030303030303	792	259	278	161	94
cen01_rplB_contig_1850_contig_1851	65.9047619047619	525	178	168	97	82
cen01_rplB_contig_2430_contig_2431	66.6666666666667	816	274	270	158	114
cen01_rplB_contig_2904_contig_2905	67.030303030303	825	282	271	160	112
cen01_rplB_contig_2960_contig_2961	65.6934306569343	822	268	272	164	118
cen01_rplB_contig_3378_contig_3379	70.8029197080292	822	285	297	155	85
cen01_rplB_contig_3406_contig_3407	71.7761557177616	822	288	302	152	80
cen01_rplB_contig_3518_contig_3519	66.5450121654501	822	278	269	161	114
cen01_rplB_contig_3624_contig_3625	67.2771672771673	819	254	297	162	106
cen01_rplB_contig_3796_contig_3797	65.6898656898657	819	262	276	173	108
cen01_rplB_contig_4006_contig_4007	67.2979797979798	792	269	264	151	108
cen01_rplB_contig_4232_contig_4233	64.6666666666667	600	178	210	124	88
cen01_rplB_contig_4498_contig_4499	70.4242424242424	825	289	292	151	93
cen01_rplB_contig_5364_contig_5365	72.9166666666667	816	304	291	138	83
cen01_rplB_contig_5396_contig_5397	72.2832722832723	819	298	294	140	87
cen01_rplB_contig_5434_contig_5435	72.5490196078431	816	298	294	140	84
cen01_rplB_contig_5464_contig_5465	72.3039215686274	816	300	290	138	88
cen01_rplB_contig_5470_contig_5471	71.5686274509804	816	292	292	146	86
cen01_rplB_contig_5500_contig_5501	71.5506715506716	819	291	295	148	85
cen01_rplB_contig_5536_contig_5537	69.9754901960784	816	273	298	159	86
cen01_rplB_contig_5654_contig_5655	71.4814814814815	810	282	297	144	87
cen01_rplB_contig_5660_contig_5661	70.4656862745098	816	280	295	155	86
cen01_rplB_contig_5680_contig_5681	71.9362745098039	816	287	300	149	80
cen01_rplB_contig_5696_contig_5697	72.671568627451	816	294	299	141	82
cen01_rplB_contig_5730_contig_5731	70.3703703703704	810	284	286	149	91
cen01_rplB_contig_5824_contig_5825	70.4656862745098	816	281	294	153	88
cen01_rplB_contig_5828_contig_5829	71.8711276332094	807	292	288	140	87
cen01_rplB_contig_5854_contig_5855	70.5882352941177	816	281	295	151	89
cen01_rplB_contig_5874_contig_5875	70.2205882352941	816	278	295	157	86
cen01_rplB_contig_5886_contig_5887	72.2428748451053	807	294	289	141	83
cen01_rplB_contig_5904_contig_5905	72.4848484848485	825	303	295	145	82
cen01_rplB_contig_5936_contig_5937	71.2727272727273	825	302	286	148	89
cen01_rplB_contig_5938_contig_5939	69.5970695970696	819	270	300	156	93
cen01_rplB_contig_6006_contig_6007	70.0854700854701	819	279	295	155	90
cen01_rplB_contig_6016_contig_6017	69.5928753180662	786	266	281	143	96
cen01_rplB_contig_6022_contig_6023	71.4637146371464	813	306	275	135	97
cen01_rplB_contig_6070_contig_6071	69.8473282442748	786	264	285	138	99
cen01_rplB_contig_6076_contig_6077	72.0779220779221	462	154	179	86	43
cen01_rplB_contig_6092_contig_6093	71.6363636363636	825	293	298	150	84
cen01_rplB_contig_6130_contig_6131	70.5276705276705	777	272	276	136	93
cen01_rplB_contig_6156_contig_6157	71.3235294117647	816	292	290	146	88
cen01_rplB_contig_6172_contig_6173	72.3636363636364	825	300	297	147	81
cen01_rplB_contig_6192_contig_6193	70.343137254902	816	283	291	155	87
cen01_rplB_contig_6202_contig_6203	72.3636363636364	825	301	296	145	83
cen01_rplB_contig_6206_contig_6207	63.3728590250329	759	254	227	164	114
cen01_rplB_contig_8508_contig_8509	70.1472556894244	747	258	266	131	92
cen01_rplB_contig_9398_contig_9399	67.6429567642957	717	245	240	125	107
cen01_rplB_contig_9424_contig_9425	70.2666666666667	750	267	260	132	91
cen01_rplB_contig_9606_contig_9607	70.2075702075702	819	275	300	157	87
cen01_rplB_contig_9644_contig_9645	72.2424242424242	825	300	296	148	81
cen01_rplB_contig_9660_contig_9661	72.0588235294118	816	289	299	146	82
cen01_rplB_contig_9806_contig_9807	70.8333333333333	816	281	297	153	85
cen01_rplB_contig_10464_contig_10465	68.1372549019608	816	260	296	153	107
cen01_rplB_contig_10958_contig_10959	70.7107843137255	816	278	299	155	84
cen01_rplB_contig_11578_contig_11579	66.0583941605839	822	271	272	163	116
cen01_rplB_contig_11904_contig_11905	66.421568627451	816	253	289	161	113
cen01_rplB_contig_11934_contig_11935	65.9367396593674	822	251	291	165	115
cen01_rplB_contig_12132_contig_12133	64.9509803921569	816	263	267	163	123
cen01_rplB_contig_12236_contig_12237	62.5668449197861	561	202	149	125	85
cen01_rplB_contig_12766_contig_12767	65.0735294117647	816	265	266	168	117
cen01_rplB_contig_13142_contig_13143	64.963503649635	822	265	269	170	118
cen01_rplB_contig_13174_contig_13175	66.6666666666667	822	270	278	172	102
cen01_rplB_contig_14444_contig_14445	68.3698296836983	822	268	294	166	94
cen01_rplB_contig_14484_contig_14485	69.5167286245353	807	270	291	153	93
cen01_rplB_contig_14486_contig_14487	67.8876678876679	819	301	255	155	108
cen01_rplB_contig_14498_contig_14499	60.3174603174603	819	257	237	182	143
cen01_rplB_contig_14538_contig_14539	70.8333333333333	816	278	300	155	83
cen01_rplB_contig_14550_contig_14551	65.2014652014652	819	259	275	164	121
cen01_rplB_contig_14558_contig_14559	67.3992673992674	819	297	255	156	111
cen01_rplB_contig_14604_contig_14605	55.12104283054	537	153	143	130	111
cen01_rplB_contig_14636_contig_14637	69.433465085639	759	273	254	145	87
cen01_rplB_contig_14722_contig_14723	70.2075702075702	819	304	271	145	99
cen01_rplB_contig_14806_contig_14807	70.0980392156863	816	297	275	152	92
cen01_rplB_contig_14812_contig_14813	57.673860911271	834	283	198	196	157
cen01_rplB_contig_14920_contig_14921	70.0854700854701	819	297	277	152	93
cen01_rplB_contig_14950_contig_14951	65.6898656898657	819	247	291	163	118
cen01_rplB_contig_14990_contig_14991	66.1782661782662	819	266	276	158	119
cen01_rplB_contig_15004_contig_15005	67.5182481751825	822	257	298	162	105
cen01_rplB_contig_15146_contig_15147	59.8290598290598	819	269	221	166	163
cen01_rplB_contig_15158_contig_15159	63.9042357274401	543	175	172	112	84
cen01_rplB_contig_15256_contig_15257	64.5833333333333	672	213	221	142	96
cen01_rplB_contig_15312_contig_15313	66.1764705882353	816	251	289	163	113
cen01_rplB_contig_15508_contig_15509	69.4647201946472	822	274	297	159	92
cen01_rplB_contig_15528_contig_15529	65.3409090909091	528	186	159	98	85
cen01_rplB_contig_15560_contig_15561	55.5555555555556	819	226	229	195	169
cen01_rplB_contig_15660_contig_15661	66.0583941605839	822	255	288	168	111
cen01_rplB_contig_16036_contig_16037	65.5717761557178	822	276	263	164	119
cen01_rplB_contig_16258_contig_16259	68.1159420289855	828	287	277	160	104
cen01_rplB_contig_16286_contig_16287	68.719806763285	828	277	292	155	104
cen01_rplB_contig_16766_contig_16767	71.8518518518518	810	288	294	141	87
cen01_rplB_contig_17062_contig_17063	70.0606060606061	825	296	282	150	97
cen01_rplB_contig_17078_contig_17079	68.1265206812652	822	283	277	159	103
cen01_rplB_contig_17692_contig_17693	68.8644688644689	819	267	297	151	104
cen01_rplB_contig_18036_contig_18037	67.2514619883041	513	183	162	92	76
cen01_rplB_contig_18200_contig_18201	68.8725490196078	816	268	294	142	112
cen01_rplB_contig_18876_contig_18877	63.3819951338199	822	273	248	188	113
cen01_rplB_contig_19004_contig_19005	42.989417989418	756	192	133	228	203
cen01_rplB_contig_19144_contig_19145	67.2514619883041	684	231	229	135	89
cen01_rplB_contig_19266_contig_19267	69.9513381995134	822	282	293	156	91
cen01_rplB_contig_19384_contig_19385	60.0490196078431	816	254	236	185	141
cen01_rplB_contig_19400_contig_19401	65.5637254901961	816	278	257	174	107
cen01_rplB_contig_19482_contig_19483	62.5	816	259	251	177	129
cen01_rplB_contig_19528_contig_19529	70.0729927007299	822	279	297	154	92
cen01_rplB_contig_19694_contig_19695	59.6813725490196	816	248	239	192	137
cen01_rplB_contig_19806_contig_19807	58.578431372549	816	244	234	199	139
cen01_rplB_contig_19846_contig_19847	67.4019607843137	816	267	283	160	106
cen01_rplB_contig_19926_contig_19927	68.978102189781	822	275	292	158	97
cen01_rplB_contig_19982_contig_19983	61.7647058823529	816	273	231	190	122
cen01_rplB_contig_20194_contig_20195	69.3440428380187	747	246	272	139	90
cen01_rplB_contig_20212_contig_20213	62.7450980392157	816	270	242	177	127
cen01_rplB_contig_20250_contig_20251	61.1519607843137	816	268	231	194	123
cen01_rplB_contig_20444_contig_20445	57.1428571428571	693	227	169	161	136
cen01_rplB_contig_20460_contig_20461	67.0316301703163	822	264	287	164	107
cen01_rplB_contig_20604_contig_20605	62.043795620438	822	257	253	178	134
cen01_rplB_contig_20732_contig_20733	50.9554140127389	471	128	112	129	102
cen01_rplB_contig_20884_contig_20885	64.3589743589744	780	260	242	176	102
cen01_rplB_contig_20896_contig_20897	60.2941176470588	816	261	231	183	141
cen01_rplB_contig_21000_contig_21001	59.622641509434	795	250	224	183	138
cen01_rplB_contig_21074_contig_21075	56.7765567765568	819	245	220	190	164
cen01_rplB_contig_21144_contig_21145	66.1800486618005	822	273	271	167	111
cen01_rplB_contig_21146_contig_21147	53.1135531135531	819	241	194	228	156
cen01_rplB_contig_21288_contig_21289	69.7191697191697	819	282	289	154	94
cen01_rplB_contig_21324_contig_21325	61.1111111111111	504	172	136	110	86
cen01_rplB_contig_21480_contig_21481	70.316301703163	822	289	289	152	92
cen01_rplB_contig_21486_contig_21487	61.0294117647059	816	262	236	178	140
cen01_rplB_contig_21686_contig_21687	71.7575757575758	825	290	302	153	80
cen01_rplB_contig_22018_contig_22019	72.2424242424242	825	294	302	141	88
cen01_rplB_contig_22090_contig_22091	61.1721611721612	819	256	245	182	136
cen01_rplB_contig_22202_contig_22203	68.3962264150943	636	215	220	127	74
cen01_rplB_contig_22346_contig_22347	68.5823754789272	522	176	182	101	63
cen01_rplB_contig_22420_contig_22421	70.3030303030303	825	291	289	155	90
cen01_rplB_contig_22676_contig_22677	67.7536231884058	828	272	289	151	116
cen01_rplB_contig_22790_contig_22791	67.1532846715328	822	255	297	162	108
cen01_rplB_contig_22796_contig_22797	70.8180708180708	819	287	293	151	88
cen01_rplB_contig_23554_contig_23555	71.5506715506716	819	291	295	149	84
cen01_rplB_contig_24468_contig_24469	59.0964590964591	819	238	246	200	135
cen01_rplB_contig_24852_contig_24853	71.0622710622711	819	290	292	152	85
cen01_rplB_contig_24938_contig_24939	69.7191697191697	819	276	295	146	102
cen01_rplB_contig_25626_contig_25627	69.5970695970696	819	290	280	152	97
cen01_rplB_contig_25892_contig_25893	66.7883211678832	822	277	272	164	109
cen01_rplB_contig_26642_contig_26643	69.7318007662835	522	181	183	96	62
cen01_rplB_contig_26902_contig_26903	70.3030303030303	825	293	287	150	95
cen01_rplB_contig_27442_contig_27443	64.2592592592593	540	183	164	117	76
cen01_rplB_contig_28296_contig_28297	71.6363636363636	825	302	289	150	84
cen01_rplB_contig_28742_contig_28743	69.2214111922141	822	273	296	158	95
cen01_rplB_contig_29184_contig_29185	70.7878787878788	825	300	284	152	89
cen01_rplB_contig_29638_contig_29639	72	825	305	289	148	83
cen01_rplB_contig_29846_contig_29847	72.1491228070175	456	144	185	73	54
cen01_rplB_contig_30676_contig_30677	59.0975254730713	687	214	192	156	125
cen01_rplB_contig_31268_contig_31269	71.0947109471095	813	270	308	142	93
cen01_rplB_contig_33020_contig_33021	70.3296703296703	819	291	285	151	92
cen01_rplB_contig_33052_contig_33053	70.5738705738706	819	284	294	157	84
cen01_rplB_contig_33258_contig_33259	61.4942528735632	696	223	205	147	121
cen01_rplB_contig_33750_contig_33751	68.8405797101449	828	268	302	170	88
cen01_rplB_contig_33948_contig_33949	66.6666666666667	828	260	292	173	103
cen01_rplB_contig_33976_contig_33977	68.1159420289855	828	266	298	169	95
cen01_rplB_contig_33990_contig_33991	69.6859903381642	828	275	302	160	91
cen01_rplB_contig_34044_contig_34045	66.9503546099291	705	235	237	138	95
cen01_rplB_contig_34068_contig_34069	71.5151515151515	825	304	286	151	84
cen01_rplB_contig_34072_contig_34073	67.8743961352657	828	280	282	173	93
cen01_rplB_contig_34094_contig_34095	68.2367149758454	828	272	293	168	95
cen01_rplB_contig_34098_contig_34099	67.3913043478261	828	273	285	173	97
cen01_rplB_contig_34296_contig_34297	69.4647201946472	822	279	292	155	96
cen01_rplB_contig_34400_contig_34401	68.9613526570048	828	272	299	168	89
cen01_rplB_contig_35866_contig_35867	62.9233511586453	561	192	161	125	83
cen01_rplB_contig_36002_contig_36003	68.6429512516469	759	266	255	139	99
cen01_rplB_contig_36078_contig_36079	59.3818984547461	453	150	119	94	90
cen01_rplB_contig_36562_contig_36563	66.0493827160494	810	256	279	165	110
cen01_rplB_contig_36626_contig_36627	62.2764227642276	615	192	191	147	85
cen01_rplB_contig_36722_contig_36723	63.6842105263158	570	179	184	124	83
cen01_rplB_contig_36730_contig_36731	70.2075702075702	819	288	287	147	97
cen01_rplB_contig_36766_contig_36767	60.6529209621993	582	188	165	136	93
cen01_rplB_contig_36856_contig_36857	69.8412698412698	819	286	286	154	93
cen01_rplB_contig_36870_contig_36871	70.7423580786026	687	235	251	115	86
cen01_rplB_contig_36904_contig_36905	67.3965936739659	822	268	286	163	105
cen01_rplB_contig_37274_contig_37275	69.5718654434251	654	215	240	117	82
cen01_rplB_contig_37872_contig_37873	60.7503607503607	693	211	210	163	109
cen01_rplB_contig_38078_contig_38079	65.2448657187994	633	190	223	124	96
cen01_rplB_contig_38130_contig_38131	65.9090909090909	660	196	239	131	94
cen01_rplB_contig_39396_contig_39397	62.2516556291391	453	156	126	93	78
cen01_rplB_contig_39416_contig_39417	70.3499079189687	543	189	193	100	61
cen01_rplB_contig_39428_contig_39429	72.8183118741059	699	241	268	111	79
cen01_rplB_contig_39478_contig_39479	64.0901771336554	621	195	203	127	96
cen01_rplB_contig_39508_contig_39509	67.8876678876679	819	267	289	155	108
cen01_rplB_contig_39512_contig_39513	62.015503875969	645	204	196	135	110
cen01_rplB_contig_39536_contig_39537	64.2246642246642	819	261	265	161	132
cen01_rplB_contig_39802_contig_39803	62.046204620462	606	194	182	134	96
cen01_rplB_contig_39840_contig_39841	66.8195718654434	654	217	220	122	95
cen01_rplB_contig_39942_contig_39943	67.6190476190476	630	208	218	120	84
cen01_rplB_contig_40040_contig_40041	63.8686131386861	822	278	247	183	114
cen01_rplB_contig_40082_contig_40083	62.6016260162602	615	211	174	137	93
cen01_rplB_contig_40142_contig_40143	69.009009009009	555	181	202	105	67
cen01_rplB_contig_40310_contig_40311	71.8106995884774	486	176	173	81	56
cen01_rplB_contig_40384_contig_40385	70.3296703296703	819	279	297	159	84
cen01_rplB_contig_40452_contig_40453	64.6566164154104	597	195	191	120	91
cen01_rplB_contig_40920_contig_40921	70.4724409448819	762	255	282	136	89
cen01_rplB_contig_41712_contig_41713	64.1025641025641	585	188	187	116	94
cen01_rplB_contig_42140_contig_42141	68.7830687830688	567	188	202	104	73
cen01_rplB_contig_42234_contig_42235	65.1851851851852	810	253	275	167	115
cen01_rplB_contig_42284_contig_42285	69.4560669456067	717	242	256	137	82
cen01_rplB_contig_42934_contig_42935	70.6959706959707	819	286	293	150	90
cen01_rplB_contig_43146_contig_43147	69.8412698412698	819	278	294	139	108
cen01_rplB_contig_43188_contig_43189	71.3876967095851	699	241	258	118	82
cen01_rplB_contig_43262_contig_43263	71.0578842315369	501	175	181	81	64
cen01_rplB_contig_43272_contig_43273	70.5454545454545	825	285	297	157	86
cen01_rplB_contig_43726_contig_43727	70.9245742092457	822	282	301	140	99
cen01_rplB_contig_43734_contig_43735	64.594127806563	579	182	192	117	88
cen01_rplB_contig_43766_contig_43767	70.5596107055961	822	305	275	141	101
cen01_rplB_contig_43848_contig_43849	71.6363636363636	825	288	303	151	83
cen01_rplB_contig_43876_contig_43877	72.6190476190476	504	181	185	79	59
cen01_rplB_contig_43932_contig_43933	69.9145299145299	585	200	209	105	71
cen01_rplB_contig_43938_contig_43939	73.2484076433121	471	169	176	77	49
cen01_rplB_contig_44558_contig_44559	67.005076142132	591	187	209	118	77
cen01_rplB_contig_44592_contig_44593	66.5016501650165	606	198	205	123	80
cen01_rplB_contig_45254_contig_45255	57.6271186440678	531	160	146	123	102
cen01_rplB_contig_45478_contig_45479	63.7254901960784	816	262	258	160	136
cen01_rplB_contig_45486_contig_45487	70.4517704517705	819	272	305	140	102
cen01_rplB_contig_45562_contig_45563	64.622641509434	636	209	202	125	100
cen01_rplB_contig_45846_contig_45847	69.8245614035088	570	185	213	106	66
cen01_rplB_contig_45882_contig_45883	72.8183118741059	699	241	268	111	79
cen01_rplB_contig_46282_contig_46283	69.364161849711	519	178	182	100	59
cen01_rplB_contig_47090_contig_47091	68.4466019417476	618	201	222	128	67
cen01_rplB_contig_47122_contig_47123	71.2909441233141	519	177	193	92	57
cen01_rplB_contig_47126_contig_47127	70.3030303030303	825	295	285	149	96
cen01_rplB_contig_47212_contig_47213	68.7908496732026	612	204	217	124	67
cen01_rplB_contig_47464_contig_47465	70.4504504504504	555	186	205	96	68
cen01_rplB_contig_47470_contig_47471	67.5531914893617	564	173	208	111	72
cen01_rplB_contig_47880_contig_47881	64.4578313253012	498	150	171	104	73
cen01_rplB_contig_48080_contig_48081	62.7878787878788	825	264	254	190	117
cen01_rplB_contig_48164_contig_48165	69.6428571428571	504	173	178	97	56
cen01_rplB_contig_48490_contig_48491	64.5593869731801	522	176	161	101	84
cen01_rplB_contig_48518_contig_48519	71.2727272727273	825	292	296	157	80
cen01_rplB_contig_48636_contig_48637	62.6326963906582	471	156	139	105	71
cen01_rplB_contig_48702_contig_48703	64.040404040404	495	159	158	105	73
cen01_rplB_contig_48758_contig_48759	70.5467372134039	567	198	202	106	61
cen01_rplB_contig_48776_contig_48777	60.3174603174603	567	171	171	136	89
cen01_rplB_contig_48796_contig_48797	71.3939393939394	825	292	297	154	82
cen01_rplB_contig_48828_contig_48829	71.5789473684211	570	186	222	99	63
cen01_rplB_contig_48876_contig_48877	72.7450980392157	510	174	197	85	54
cen01_rplB_contig_48920_contig_48921	67.4846625766871	489	167	163	102	57
cen01_rplB_contig_48950_contig_48951	69.7167755991285	459	161	159	82	57
cen01_rplB_contig_49202_contig_49203	66.6666666666667	537	172	186	105	74
cen01_rplB_contig_49204_contig_49205	68	825	275	286	168	96
cen01_rplB_contig_49250_contig_49251	68.0297397769517	807	265	284	163	95
cen01_rplB_contig_49280_contig_49281	67.6363636363636	825	268	290	177	90
cen01_rplB_contig_49320_contig_49321	67.4731182795699	744	238	264	158	84
cen01_rplB_contig_49396_contig_49397	65.7992565055762	807	255	276	172	104
cen01_rplB_contig_49438_contig_49439	71.5746421267894	489	170	180	84	55
cen01_rplB_contig_49504_contig_49505	66.4609053497942	486	149	174	105	58
cen01_rplB_contig_49888_contig_49889	71.7575757575758	825	294	298	153	80
cen01_rplB_contig_49904_contig_49905	70.3030303030303	825	282	298	158	87
cen01_rplB_contig_49916_contig_49917	71.2538226299694	654	231	235	119	69
cen01_rplB_contig_49926_contig_49927	71.7575757575758	825	292	300	148	85
cen01_rplB_contig_49936_contig_49937	71.7575757575758	825	292	300	150	83
cen01_rplB_contig_49942_contig_49943	69.0909090909091	825	276	294	156	99
cen01_rplB_contig_49964_contig_49965	70.8943089430894	615	222	214	117	62
cen01_rplB_contig_50064_contig_50065	65.8150851581509	822	260	281	166	115
cen01_rplB_contig_50080_contig_50081	70.8074534161491	483	167	175	84	57
cen01_rplB_contig_50124_contig_50125	69.7722567287785	483	168	169	92	54
cen01_rplB_contig_50158_contig_50159	71.5151515151515	825	298	292	155	80
cen01_rplB_contig_50164_contig_50165	67.9951690821256	828	275	288	174	91
cen01_rplB_contig_50226_contig_50227	72.7272727272727	825	297	303	144	81
cen01_rplB_contig_50248_contig_50249	68.0154142581888	519	173	180	94	72
cen01_rplB_contig_50256_contig_50257	71.2727272727273	825	290	298	154	83
cen01_rplB_contig_50334_contig_50335	71.1755233494364	621	222	220	105	74
cen01_rplB_contig_50768_contig_50769	69.4719471947195	606	203	218	112	73
cen01_rplB_contig_50782_contig_50783	66.4621676891616	489	161	164	96	68
cen01_rplB_contig_50824_contig_50825	63.2603406326034	822	273	247	188	114
cen01_rplB_contig_51432_contig_51433	71.2727272727273	825	293	295	155	82
cen01_rplB_contig_51770_contig_51771	73.1313131313131	495	177	185	88	45
cen01_rplB_contig_52166_contig_52167	68.75	816	259	302	156	99
cen01_rplB_contig_52290_contig_52291	69.3251533742331	489	172	167	93	57
cen01_rplB_contig_52776_contig_52777	57.3498964803313	483	158	119	110	96
cen01_rplB_contig_52826_contig_52827	65.6303972366149	579	174	206	117	82
cen01_rplB_contig_53138_contig_53139	72.4848484848485	825	293	305	143	84
cen01_rplB_contig_53206_contig_53207	62.3263888888889	576	180	179	118	99
cen01_rplB_contig_53228_contig_53229	63.4180790960452	708	244	205	150	109
cen01_rplB_contig_53354_contig_53355	65.9393939393939	825	305	239	168	113
cen01_rplB_contig_53382_contig_53383	66.2162162162162	666	213	228	134	91
cen01_rplB_contig_53578_contig_53579	72.1212121212121	825	291	304	147	83
cen01_rplB_contig_53690_contig_53691	71.1515151515152	825	293	294	156	82
cen01_rplB_contig_53790_contig_53791	68.5534591194968	477	166	161	88	62
cen01_rplB_contig_54076_contig_54077	65.3333333333333	825	272	267	163	123
cen01_rplB_contig_54410_contig_54411	63.2616487455197	558	182	171	110	95
cen01_rplB_contig_54448_contig_54449	67.6434676434676	819	278	276	157	108
cen01_rplB_contig_54482_contig_54483	69.3156732891832	453	143	171	89	50
cen01_rplB_contig_54732_contig_54733	71.5151515151515	825	296	294	153	82
cen01_rplB_contig_54750_contig_54751	71.1366538952746	783	272	285	147	79
cen01_rplB_contig_54852_contig_54853	70.9090909090909	825	288	297	158	82
cen01_rplB_contig_54950_contig_54951	62.1323529411765	816	260	247	167	142
cen01_rplB_contig_55224_contig_55225	70.3030303030303	825	280	300	149	96
cen01_rplB_contig_55540_contig_55541	67.8632478632479	585	182	215	107	81
cen01_rplB_contig_55692_contig_55693	63.9902676399027	822	276	250	188	108
cen01_rplB_contig_55718_contig_55719	61.3505747126437	696	220	207	148	121
cen01_rplB_contig_55734_contig_55735	70.4242424242424	825	280	301	162	82
cen01_rplB_contig_55748_contig_55749	68.4303350970018	567	182	206	110	69
cen01_rplB_contig_55772_contig_55773	69.96336996337	819	288	285	150	96
cen01_rplB_contig_55780_contig_55781	70.8108108108108	555	190	203	95	67
cen01_rplB_contig_56006_contig_56007	63.921568627451	510	168	158	102	82
cen01_rplB_contig_56356_contig_56357	68.3241252302026	543	178	193	105	67
cen01_rplB_contig_56380_contig_56381	71.1515151515152	825	289	298	157	81
cen01_rplB_contig_56494_contig_56495	64.1119221411192	822	267	260	182	113
cen01_rplB_contig_56532_contig_56533	64.6586345381526	498	162	160	105	71
cen01_rplB_contig_56564_contig_56565	72.5925925925926	540	198	194	99	49
cen01_rplB_contig_56600_contig_56601	65.5717761557178	822	268	271	180	103
cen01_rplB_contig_56680_contig_56681	70.7878787878788	825	287	297	159	82
cen01_rplB_contig_57650_contig_57651	70.5454545454545	825	274	308	161	82
cen01_rplB_contig_57692_contig_57693	72.0616570327553	519	179	195	98	47
cen01_rplB_contig_57700_contig_57701	71.2727272727273	825	273	315	154	83
cen01_rplB_contig_57792_contig_57793	68.9655172413793	522	168	192	100	62
cen01_rplB_contig_57932_contig_57933	73.5700197238659	507	180	193	80	54
cen01_rplB_contig_58216_contig_58217	59.4202898550725	552	158	170	124	100
cen01_rplB_contig_58242_contig_58243	66.0297239915074	471	155	156	100	60
cen01_rplB_contig_58322_contig_58323	68.8644688644689	819	285	279	152	103
cen01_rplB_contig_58404_contig_58405	67.1497584541063	621	212	205	119	85
cen01_rplB_contig_58430_contig_58431	66.4948453608247	582	183	204	116	79
cen01_rplB_contig_58596_contig_58597	70.4242424242424	825	290	291	157	87
cen01_rplB_contig_58626_contig_58627	73.3716475095785	522	201	182	93	46
cen01_rplB_contig_58668_contig_58669	71.1515151515152	825	291	296	154	84
cen01_rplB_contig_58670_contig_58671	72.43947858473	537	196	193	98	50
cen01_rplB_contig_59288_contig_59289	66.7883211678832	822	256	293	167	106
cen01_rplB_contig_59548_contig_59549	66.4224664224664	819	274	270	158	117
cen01_rplB_contig_59970_contig_59971	61.0852713178295	645	203	191	133	118
cen01_rplB_contig_59972_contig_59973	64.7173489278752	513	144	188	110	71
cen01_rplB_contig_59974_contig_59975	62.3188405797101	828	257	259	183	129
cen01_rplB_contig_60030_contig_60031	68.2080924855491	519	162	192	99	66
cen01_rplB_contig_60066_contig_60067	67.512077294686	828	266	293	175	94
cen01_rplB_contig_60118_contig_60119	67.0781893004115	486	159	167	97	63
cen01_rplB_contig_60132_contig_60133	66.0493827160494	648	218	210	125	95
cen01_rplB_contig_60184_contig_60185	68.1399631675875	543	191	179	101	72
cen01_rplB_contig_60220_contig_60221	67.3913043478261	828	280	278	173	97
cen01_rplB_contig_60222_contig_60223	68.9236111111111	576	206	191	116	63
cen01_rplB_contig_60324_contig_60325	66.2525879917184	483	145	175	100	63
cen01_rplB_contig_60662_contig_60663	68.8484848484848	825	276	292	156	101
cen01_rplB_contig_60724_contig_60725	61.3953488372093	645	199	197	148	101
cen01_rplB_contig_60848_contig_60849	69.009009009009	555	188	195	105	67
cen01_rplB_contig_60906_contig_60907	67.6328502415459	828	283	277	173	95
cen01_rplB_contig_60950_contig_60951	66.0455486542443	483	145	174	100	64
cen01_rplB_contig_60962_contig_60963	67.1191553544495	663	225	220	118	100
cen01_rplB_contig_61198_contig_61199	68.4848484848485	825	271	294	173	87
cen01_rplB_contig_61234_contig_61235	71.2727272727273	825	286	302	157	80
cen01_rplB_contig_61308_contig_61309	71.3513513513514	555	183	213	95	64
cen01_rplB_contig_61482_contig_61483	70.230607966457	477	147	188	83	59
cen01_rplB_contig_61508_contig_61509	72.7272727272727	825	322	278	141	84
cen01_rplB_contig_61546_contig_61547	68.3760683760684	819	270	290	156	103
cen01_rplB_contig_61552_contig_61553	67.0103092783505	582	197	193	109	83
cen01_rplB_contig_61584_contig_61585	72.3636363636364	825	297	300	150	78
cen01_rplB_contig_61634_contig_61635	69.7594501718213	582	205	201	99	77
cen01_rplB_contig_61642_contig_61643	70.6812652068127	822	271	310	146	95
cen01_rplB_contig_61660_contig_61661	70.3275529865125	519	182	183	93	61
cen01_rplB_contig_61668_contig_61669	70.0980392156863	816	286	286	143	101
cen01_rplB_contig_61718_contig_61719	71.2727272727273	825	281	307	152	85
cen01_rplB_contig_61746_contig_61747	62.7594627594628	819	257	257	183	122
cen01_rplB_contig_61914_contig_61915	71.3939393939394	825	305	284	148	88
cen01_rplB_contig_61980_contig_61981	68.4848484848485	825	275	290	157	103
cen01_rplB_contig_62078_contig_62079	67.3976608187134	684	234	227	123	100
cen01_rplB_contig_62242_contig_62243	69.4267515923567	471	154	173	88	56
cen01_rplB_contig_62358_contig_62359	69.1176470588235	816	272	292	151	101
cen01_rplB_contig_62456_contig_62457	53.3730158730159	504	143	126	137	98
cen01_rplB_contig_62512_contig_62513	68.7392055267703	579	193	205	114	67
cen01_rplB_contig_62904_contig_62905	71.1678832116788	822	277	308	153	84
cen01_rplB_contig_63000_contig_63001	69.7297297297297	555	181	206	102	66
cen01_rplB_contig_63104_contig_63105	69.5876288659794	582	190	215	109	68
cen01_rplB_contig_63132_contig_63133	70.5454545454545	825	285	297	158	85
cen01_rplB_contig_63242_contig_63243	72	825	291	303	149	82
cen01_rplB_contig_63278_contig_63279	59.6153846153846	468	138	141	111	78
cen01_rplB_contig_63320_contig_63321	71.3939393939394	825	287	302	152	84
cen01_rplB_contig_63340_contig_63341	68.9922480620155	645	213	232	120	80
cen01_rplB_contig_63572_contig_63573	71.1515151515152	825	270	317	156	82
cen01_rplB_contig_63598_contig_63599	72.6537216828479	618	217	232	101	68
cen01_rplB_contig_63738_contig_63739	71.5197956577267	783	272	288	144	79
cen01_rplB_contig_63748_contig_63749	71.8787878787879	825	300	293	150	82
cen01_rplB_contig_64322_contig_64323	69.9513381995134	822	276	299	151	96
cen01_rplB_contig_64370_contig_64371	70.4517704517705	819	278	299	152	90
cen01_rplB_contig_64784_contig_64785	65.5601659751037	723	243	231	138	111
cen01_rplB_contig_64792_contig_64793	59.9664991624791	597	190	168	144	95
cen01_rplB_contig_64992_contig_64993	69.7080291970803	822	274	299	157	92
cen01_rplB_contig_65044_contig_65045	70.4379562043796	822	278	301	151	92
cen01_rplB_contig_65048_contig_65049	62.6225490196078	816	276	235	187	118
cen01_rplB_contig_65150_contig_65151	72.4848484848485	825	303	295	149	78
cen01_rplB_contig_65178_contig_65179	71.6312056737589	564	196	208	94	66
cen01_rplB_contig_65188_contig_65189	69.5863746958638	822	283	289	154	96
cen01_rplB_contig_65296_contig_65297	72.3636363636364	825	299	298	147	81
cen01_rplB_contig_65308_contig_65309	72.3636363636364	825	301	296	150	78
cen01_rplB_contig_65432_contig_65433	60.8272506082725	822	255	245	190	132
cen01_rplB_contig_65596_contig_65597	69.7123519458545	591	202	210	117	62
cen01_rplB_contig_65604_contig_65605	71.3939393939394	825	283	306	151	85
cen01_rplB_contig_65634_contig_65635	66.7883211678832	822	272	277	168	105
cen01_rplB_contig_65660_contig_65661	72.0142602495544	561	200	204	104	53
cen01_rplB_contig_65802_contig_65803	66.6666666666667	822	280	268	172	102
cen01_rplB_contig_65864_contig_65865	71.8787878787879	825	287	306	149	83
cen01_rplB_contig_65868_contig_65869	67.3170731707317	615	203	211	108	93
cen01_rplB_contig_65870_contig_65871	67.8966789667897	813	256	296	149	112
cen01_rplB_contig_65908_contig_65909	71.7575757575758	825	287	305	149	84
cen01_rplB_contig_66194_contig_66195	72.1212121212121	825	305	290	147	83
cen01_rplB_contig_66408_contig_66409	63.9902676399027	822	278	248	181	115
cen01_rplB_contig_66534_contig_66535	70.9245742092457	822	275	308	156	83
cen01_rplB_contig_66666_contig_66667	68.9102564102564	624	208	222	110	84
cen01_rplB_contig_66678_contig_66679	72.3636363636364	825	295	302	150	78
cen01_rplB_contig_66868_contig_66869	72.2424242424242	825	308	288	146	83
cen01_rplB_contig_66904_contig_66905	71.4285714285714	630	218	232	119	61
cen01_rplB_contig_66962_contig_66963	69.5863746958638	822	279	293	156	94
cen01_rplB_contig_67392_contig_67393	70.6666666666667	825	284	299	154	88
cen01_rplB_contig_67600_contig_67601	70.9245742092457	822	283	300	150	89
cen01_rplB_contig_67756_contig_67757	70.8029197080292	822	281	301	145	95
cen01_rplB_contig_68652_contig_68653	71.5328467153285	822	279	309	146	88
cen01_rplB_contig_69030_contig_69031	72.6415094339623	636	217	245	106	68
cen01_rplB_contig_69902_contig_69903	69.7191697191697	819	272	299	146	102
cen01_rplB_contig_70672_contig_70673	67.5182481751825	822	278	277	160	107
cen01_rplB_contig_71054_contig_71055	63.9902676399027	822	281	245	183	113
cen01_rplB_contig_71142_contig_71143	68.2367149758454	828	273	292	166	97
cen01_rplB_contig_71204_contig_71205	72.3636363636364	825	295	302	151	77
cen01_rplB_contig_71218_contig_71219	69.2063492063492	630	211	225	121	73
cen01_rplB_contig_71220_contig_71221	59.7069597069597	819	251	238	187	143
cen01_rplB_contig_71262_contig_71263	67.0440251572327	795	272	261	153	109
cen01_rplB_contig_71268_contig_71269	68.7158469945355	732	246	257	146	83
cen01_rplB_contig_71426_contig_71427	66.2429378531073	708	262	207	140	99
cen01_rplB_contig_71806_contig_71807	68.6274509803922	459	161	154	89	55
cen01_rplB_contig_71934_contig_71935	67.9951690821256	828	275	288	166	99
cen01_rplB_contig_72024_contig_72025	60.2189781021898	822	255	240	192	135
cen01_rplB_contig_73098_contig_73099	69.2121212121212	825	284	287	155	99
cen01_rplB_contig_73312_contig_73313	60.5839416058394	822	257	241	191	133
cen01_rplB_contig_73382_contig_73383	71.654501216545	822	280	309	140	93
cen01_rplB_contig_73588_contig_73589	71.654501216545	822	283	306	151	82
cen01_rplB_contig_73844_contig_73845	64.3552311435523	822	263	266	182	111
cen01_rplB_contig_74030_contig_74031	69.7191697191697	819	265	306	156	92
cen01_rplB_contig_74064_contig_74065	66.0516605166052	813	264	273	169	107
cen01_rplB_contig_74144_contig_74145	61.3138686131387	822	263	241	197	121
cen01_rplB_contig_74822_contig_74823	70.5738705738706	819	270	308	150	91
cen01_rplB_contig_74978_contig_74979	67.9378531073446	708	238	243	141	86
cen01_rplB_contig_75026_contig_75027	72.7272727272727	825	303	297	148	77
cen01_rplB_contig_75244_contig_75245	72.1966205837174	651	231	239	115	66
cen01_rplB_contig_75990_contig_75991	68.6728395061728	648	223	222	118	85
cen01_rplB_contig_76138_contig_76139	66.9387755102041	735	248	244	143	100
cen01_rplB_contig_76504_contig_76505	71.7575757575758	825	296	296	149	84
cen01_rplB_contig_76540_contig_76541	63.8480392156863	816	260	261	165	130
cen01_rplB_contig_76770_contig_76771	60.4166666666667	816	262	231	195	128
cen01_rplB_contig_76948_contig_76949	71.7575757575758	825	286	306	151	82
cen01_rplB_contig_76954_contig_76955	61.1721611721612	819	250	251	187	131
cen01_rplB_contig_77068_contig_77069	72.1212121212121	825	286	309	148	82
cen01_rplB_contig_77462_contig_77463	61.7826617826618	819	245	261	179	134
cen01_rplB_contig_77502_contig_77503	72.2832722832723	819	300	292	152	75
cen01_rplB_contig_77972_contig_77973	72.5574712643678	696	247	258	126	65
cen01_rplB_contig_77984_contig_77985	67.3913043478261	828	278	280	176	94
cen01_rplB_contig_78078_contig_78079	71.2550607287449	741	256	272	140	73
cen01_rplB_contig_78140_contig_78141	64.963503649635	822	265	269	175	113
cen01_rplB_contig_78238_contig_78239	72.969696969697	825	314	288	145	78
cen01_rplB_contig_78282_contig_78283	71.7575757575758	825	290	302	150	83
cen01_rplB_contig_78290_contig_78291	70.5596107055961	822	289	291	148	94
cen01_rplB_contig_78538_contig_78539	71.1515151515152	825	288	299	151	87
cen01_rplB_contig_78666_contig_78667	71.6363636363636	825	294	297	151	83
cen01_rplB_contig_78828_contig_78829	72.2448979591837	735	256	275	130	74
cen01_rplB_contig_79380_contig_79381	70.7878787878788	825	288	296	151	90
cen01_rplB_contig_80096_contig_80097	70.9251101321586	681	231	252	125	73
cen01_rplB_contig_80138_contig_80139	71.4086471408647	717	236	276	128	77
cen01_rplB_contig_80194_contig_80195	72.8650137741047	726	250	279	123	74
cen01_rplB_contig_80706_contig_80707	70.4379562043796	822	278	301	157	86
cen01_rplB_contig_81104_contig_81105	68.8484848484848	825	275	293	156	101
cen01_rplB_contig_81380_contig_81381	70.9401709401709	819	284	297	155	83
cen01_rplB_contig_81408_contig_81409	69.8296836982968	822	281	293	156	92
cen01_rplB_contig_81492_contig_81493	70.1946472019465	822	291	286	151	94
cen01_rplB_contig_81522_contig_81523	71.6096324461343	789	282	283	146	78
cen01_rplB_contig_81578_contig_81579	67.2199170124481	723	247	239	137	100
cen01_rplB_contig_81600_contig_81601	70.8029197080292	822	283	299	155	85
cen01_rplB_contig_81646_contig_81647	70.7818930041152	729	262	254	135	78
cen01_rplB_contig_81698_contig_81699	71.7948717948718	819	290	298	155	76
cen01_rplB_contig_81704_contig_81705	72	825	296	298	147	84
cen01_rplB_contig_81734_contig_81735	72.1212121212121	825	297	298	147	83
cen01_rplB_contig_81880_contig_81881	71.7575757575758	825	290	302	149	84
cen01_rplB_contig_81914_contig_81915	70.0854700854701	819	274	300	154	91
cen01_rplB_contig_82126_contig_82127	72.3636363636364	825	294	303	150	78
cen01_rplB_contig_82152_contig_82153	72.2012578616352	795	279	295	142	79
cen01_rplB_contig_82160_contig_82161	71.8614718614719	693	252	246	127	68
cen01_rplB_contig_82274_contig_82275	67.8876678876679	819	279	277	160	103
cen01_rplB_contig_82332_contig_82333	69.1358024691358	567	185	207	106	69
cen01_rplB_contig_82334_contig_82335	71.2895377128954	822	284	302	147	89
cen01_rplB_contig_82396_contig_82397	68.6357243319269	711	245	243	137	86
cen01_rplB_contig_82430_contig_82431	72.6060606060606	825	298	301	147	79
cen01_rplB_contig_82580_contig_82581	72.0194647201946	822	288	304	148	82
cen01_rplB_contig_82762_contig_82763	72.0797720797721	702	251	255	131	65
cen01_rplB_contig_83152_contig_83153	69.8296836982968	822	277	297	160	88
cen01_rplB_contig_83374_contig_83375	72.969696969697	825	297	305	149	74
cen01_rplB_contig_83580_contig_83581	65.3992395437262	789	257	259	167	106
cen01_rplB_contig_83638_contig_83639	68.969696969697	825	283	286	156	100
cen01_rplB_contig_83774_contig_83775	71.4111922141119	822	288	299	152	83
cen01_rplB_contig_84282_contig_84283	72.1411192214112	822	284	309	149	80
cen01_rplB_contig_84284_contig_84285	66.1764705882353	816	259	281	164	112
cen01_rplB_contig_84394_contig_84395	72	825	299	295	147	84
cen01_rplB_contig_84398_contig_84399	72.463768115942	759	273	277	136	73
cen01_rplB_contig_84892_contig_84893	61.8004866180049	822	262	246	191	123
cen01_rplB_contig_84938_contig_84939	70.8333333333333	768	256	288	144	80
cen01_rplB_contig_85026_contig_85027	61.3138686131387	822	260	244	194	124
cen01_rplB_contig_85364_contig_85365	71.6339869281046	765	270	278	142	75
cen01_rplB_contig_85628_contig_85629	70.5738705738706	819	270	308	151	90
cen01_rplB_contig_86298_contig_86299	71.5846994535519	732	242	282	131	77
cen01_rplB_contig_86342_contig_86343	69.9872286079183	783	275	273	143	92
cen01_rplB_contig_86664_contig_86665	71.1748633879781	732	241	280	137	74
cen01_rplB_contig_86812_contig_86813	65.8156028368794	705	237	227	138	103
cen01_rplB_contig_86998_contig_86999	60.9467455621302	507	148	161	114	84
cen01_rplB_contig_87198_contig_87199	68.6060606060606	825	274	292	170	89
cen01_rplB_contig_87332_contig_87333	69.5652173913043	828	271	305	163	89
cen01_rplB_contig_87374_contig_87375	68.3574879227053	828	274	292	165	97
cen01_rplB_contig_87526_contig_87527	68.0154142581888	519	174	179	94	72
cen01_rplB_contig_87652_contig_87653	68.3574879227053	828	270	296	168	94
cen01_rplB_contig_87906_contig_87907	70.4517704517705	819	269	308	151	91
cen01_rplB_contig_88348_contig_88349	64.720194647202	822	283	249	181	109
cen01_rplB_contig_89730_contig_89731	63.1127450980392	816	259	256	160	141
cen01_rplB_contig_90062_contig_90063	71.2727272727273	825	287	301	153	84
cen01_rplB_contig_91302_contig_91303	67.3992673992674	819	282	270	157	110
cen01_rplB_contig_91516_contig_91517	72.2424242424242	825	297	299	147	82
cen01_rplB_contig_92308_contig_92309	70.0854700854701	819	266	308	155	90
cen01_rplB_contig_92614_contig_92615	66.3003663003663	819	277	266	161	115
cen01_rplB_contig_92932_contig_92933	70.4379562043796	822	280	299	156	87
cen01_rplB_contig_92970_contig_92971	65.1851851851852	810	256	272	169	113
cen01_rplB_contig_93024_contig_93025	72.6060606060606	825	297	302	150	76
cen01_rplB_contig_93532_contig_93533	58.2417582417582	819	253	224	191	151
