ID	% GCContent	Total Count	G Count	C Count	A Count	T Count
cen04_aioA_contig_34_contig_35	57.7142857142857	525	160	143	132	90
cen04_aioA_contig_782_contig_783	61.758691206544	489	153	149	116	71
cen04_aioA_contig_988_contig_989	63.2258064516129	465	151	143	98	73
cen04_aioA_contig_1982_contig_1983	58.9247311827957	465	138	136	113	78
cen04_aioA_contig_2788_contig_2789	61.6666666666667	660	213	194	145	108
cen04_aioA_contig_5866_contig_5867	59.8326359832636	717	218	211	156	132
cen04_aioA_contig_5922_contig_5923	59.500542888165	921	287	261	200	173
cen04_aioA_contig_6048_contig_6049	59.8434004474273	894	281	254	196	163
cen04_aioA_contig_6624_contig_6625	58.125	480	129	150	116	85
cen04_aioA_contig_6938_contig_6939	63.6217948717949	624	206	191	130	97
cen04_aioA_contig_7880_contig_7881	59.2982456140351	570	164	174	141	91
cen04_aioA_contig_7882_contig_7883	60.8225108225108	924	270	292	205	157
cen04_aioA_contig_9290_contig_9291	59.6638655462185	714	228	198	152	136
cen04_aioA_contig_10156_contig_10157	59.106529209622	873	272	244	191	166
