ID	% GCContent	Total Count	G Count	C Count	A Count	T Count
cen04_arsD_contig_8_contig_9	60.2150537634409	186	63	49	37	37
cen04_arsD_contig_12_contig_13	59.8214285714286	336	108	93	64	71
cen04_arsD_contig_26_contig_27	59.7402597402597	231	74	64	50	43
cen04_arsD_contig_30_contig_31	60.7305936073059	219	69	64	44	42
cen04_arsD_contig_54_contig_55	59.1036414565826	357	113	98	70	76
cen04_arsD_contig_60_contig_61	57.9908675799087	219	74	53	41	51
cen04_arsD_contig_62_contig_63	60.093896713615	213	70	58	40	45
cen04_arsD_contig_114_contig_115	60	165	51	48	32	34
cen04_arsD_contig_118_contig_119	60.4166666666667	288	92	82	58	56
cen04_arsD_contig_130_contig_131	57.4358974358974	195	64	48	41	42
cen04_arsD_contig_134_contig_135	60.1307189542484	153	54	38	30	31
cen04_arsD_contig_142_contig_143	56.6666666666667	210	64	55	41	50
cen04_arsD_contig_216_contig_217	53.5947712418301	153	44	38	32	39
