ID	% GCContent	Total Count	G Count	C Count	A Count	T Count
cen01_vanX_contig_4_contig_5	53.6585365853659	369	99	99	94	77
cen01_vanX_contig_18_contig_19	62.8333333333333	600	172	205	124	99
cen01_vanX_contig_24_contig_25	62.1666666666667	600	165	208	131	96
cen01_vanX_contig_890_contig_891	60.1139601139601	351	93	118	86	54
cen01_vanX_contig_910_contig_911	58.8034188034188	585	187	157	118	123
cen01_vanX_contig_928_contig_929	46.9011725293132	597	152	128	157	160
cen01_vanX_contig_930_contig_931	67.7248677248677	378	129	127	64	58
cen01_vanX_contig_1246_contig_1247	48.922056384743	603	163	132	154	154
cen01_vanX_contig_2190_contig_2191	63.2275132275132	378	123	116	86	53
cen01_vanX_contig_2212_contig_2213	67.6543209876543	405	137	137	71	60
cen01_vanX_contig_2226_contig_2227	66.9724770642202	327	101	118	61	47
cen01_vanX_contig_2558_contig_2559	60.3070175438597	456	138	137	92	89
cen01_vanX_contig_2708_contig_2709	60.5263157894737	456	141	135	90	90
cen01_vanX_contig_2782_contig_2783	51.8151815181518	303	90	67	72	74
cen01_vanX_contig_2914_contig_2915	67.601246105919	321	113	104	48	56
cen01_vanX_contig_2938_contig_2939	58.0246913580247	324	105	83	76	60
cen01_vanX_contig_3034_contig_3035	61.1111111111111	432	128	136	83	85
cen01_vanX_contig_5226_contig_5227	62.0232172470978	603	164	210	131	98
