ID	% GCContent	Total Count	G Count	C Count	A Count	T Count
cen03_vanH_contig_12_contig_13	65.9235668789809	942	320	301	171	150
cen03_vanH_contig_218_contig_219	66.2433862433862	945	291	335	179	140
cen03_vanH_contig_220_contig_221	65.5026455026455	945	283	336	185	141
cen03_vanH_contig_428_contig_429	66.8350168350168	594	195	202	103	94
cen03_vanH_contig_436_contig_437	65.1851851851852	945	283	333	186	143
cen03_vanH_contig_632_contig_633	62.9392971246006	939	276	315	194	154
cen03_vanH_contig_634_contig_635	62.5730994152047	684	193	235	142	114
cen03_vanH_contig_744_contig_745	65.4970760233918	684	233	215	123	113
cen03_vanH_contig_984_contig_985	63.6847710330138	939	278	320	192	149
