ID	% GCContent	Total Count	G Count	C Count	A Count	T Count
cen04_arsC_glut_contig_2_contig_3	59.7101449275362	345	95	111	69	70
cen04_arsC_glut_contig_8_contig_9	62.7240143369176	279	96	79	53	51
cen04_arsC_glut_contig_12_contig_13	63.5802469135802	162	47	56	25	34
cen04_arsC_glut_contig_30_contig_31	61.4942528735632	348	106	108	74	60
cen04_arsC_glut_contig_36_contig_37	60.0574712643678	348	104	105	74	65
cen04_arsC_glut_contig_38_contig_39	63.4703196347032	219	66	73	34	46
cen04_arsC_glut_contig_52_contig_53	60.4938271604938	162	50	48	28	36
cen04_arsC_glut_contig_54_contig_55	66.6666666666667	240	81	79	40	40
cen04_arsC_glut_contig_56_contig_57	65.1685393258427	267	73	101	41	52
cen04_arsC_glut_contig_62_contig_63	61.7816091954023	348	102	113	70	63
cen04_arsC_glut_contig_64_contig_65	64.1025641025641	156	50	50	27	29
cen04_arsC_glut_contig_66_contig_67	57.5342465753425	219	55	71	52	41
cen04_arsC_glut_contig_70_contig_71	62.0689655172414	348	101	115	72	60
cen04_arsC_glut_contig_76_contig_77	61.4457831325301	249	73	80	51	45
cen04_arsC_glut_contig_84_contig_85	63.2850241545894	207	57	74	36	40
cen04_arsC_glut_contig_86_contig_87	62.3563218390805	348	104	113	64	67
cen04_arsC_glut_contig_88_contig_89	63.6363636363636	198	58	68	30	42
cen04_arsC_glut_contig_90_contig_91	59.0909090909091	198	61	56	39	42
cen04_arsC_glut_contig_98_contig_99	58.1761006289308	318	79	106	69	64
cen04_arsC_glut_contig_102_contig_103	64.2857142857143	168	47	61	29	31
cen04_arsC_glut_contig_134_contig_135	61.4035087719298	171	52	53	37	29
cen04_arsC_glut_contig_156_contig_157	59.5679012345679	324	95	98	68	63
cen04_arsC_glut_contig_254_contig_255	61.1111111111111	216	61	71	37	47
cen04_arsC_glut_contig_322_contig_323	59.9250936329588	267	85	75	52	55
cen04_arsC_glut_contig_420_contig_421	58.4699453551913	183	50	57	36	40
cen04_arsC_glut_contig_492_contig_493	58.9371980676328	207	57	65	52	33
cen04_arsC_glut_contig_506_contig_507	51.7543859649123	228	66	52	62	48
cen04_arsC_glut_contig_526_contig_527	65.3508771929825	228	74	75	42	37
cen04_arsC_glut_contig_636_contig_637	60.2898550724638	345	101	107	72	65
cen04_arsC_glut_contig_682_contig_683	61.1111111111111	252	77	77	55	43
cen04_arsC_glut_contig_794_contig_795	71.1610486891386	267	95	95	42	35
cen04_arsC_glut_contig_856_contig_857	62.0833333333333	240	65	84	50	41
cen04_arsC_glut_contig_922_contig_923	56.3786008230453	243	57	80	67	39
cen04_arsC_glut_contig_1536_contig_1537	61.4718614718615	231	63	79	47	42
cen04_arsC_glut_contig_1646_contig_1647	51.3409961685824	261	63	71	75	52
cen04_arsC_glut_contig_1698_contig_1699	61.9607843137255	255	83	75	54	43
cen04_arsC_glut_contig_1722_contig_1723	60.2040816326531	294	83	94	61	56
cen04_arsC_glut_contig_1844_contig_1845	64.1744548286604	321	107	99	61	54
cen04_arsC_glut_contig_1952_contig_1953	60.9649122807018	228	68	71	53	36
cen04_arsC_glut_contig_2090_contig_2091	57.9908675799087	219	54	73	47	45
cen04_arsC_glut_contig_2118_contig_2119	62.1993127147766	291	79	102	62	48
cen04_arsC_glut_contig_2132_contig_2133	64.1975308641975	324	112	96	72	44
cen04_arsC_glut_contig_2196_contig_2197	60.9318996415771	279	71	99	52	57
cen04_arsC_glut_contig_2286_contig_2287	69.3602693602694	297	101	105	51	40
cen04_arsC_glut_contig_2358_contig_2359	60	345	100	107	76	62
cen04_arsC_glut_contig_2402_contig_2403	70.048309178744	207	72	73	32	30
cen04_arsC_glut_contig_2442_contig_2443	55.4385964912281	285	75	83	67	60
cen04_arsC_glut_contig_2732_contig_2733	59.9099099099099	222	57	76	49	40
cen04_arsC_glut_contig_2864_contig_2865	58.3333333333333	156	44	47	30	35
cen04_arsC_glut_contig_2888_contig_2889	58.8477366255144	243	69	74	55	45
cen04_arsC_glut_contig_2930_contig_2931	66.6666666666667	174	60	56	25	33
cen04_arsC_glut_contig_2956_contig_2957	61.1111111111111	180	52	58	32	38
cen04_arsC_glut_contig_2992_contig_2993	66.6666666666667	285	84	106	52	43
cen04_arsC_glut_contig_3042_contig_3043	57.8059071729958	237	63	74	53	47
cen04_arsC_glut_contig_3066_contig_3067	57.9365079365079	252	66	80	53	53
cen04_arsC_glut_contig_3148_contig_3149	61.2612612612613	222	66	70	46	40
cen04_arsC_glut_contig_3200_contig_3201	56.8075117370892	213	57	64	50	42
cen04_arsC_glut_contig_3258_contig_3259	62.015503875969	258	82	78	55	43
cen04_arsC_glut_contig_3268_contig_3269	69.5340501792115	279	88	106	48	37
cen04_arsC_glut_contig_3298_contig_3299	60	240	71	73	46	50
cen04_arsC_glut_contig_3312_contig_3313	60.9848484848485	264	70	91	48	55
cen04_arsC_glut_contig_3320_contig_3321	61.6666666666667	180	51	60	35	34
cen04_arsC_glut_contig_3348_contig_3349	64.1791044776119	201	62	67	38	34
cen04_arsC_glut_contig_3384_contig_3385	70.1149425287356	174	63	59	27	25
cen04_arsC_glut_contig_3410_contig_3411	62.3809523809524	210	62	69	47	32
cen04_arsC_glut_contig_3442_contig_3443	60.9053497942387	243	67	81	57	38
cen04_arsC_glut_contig_3544_contig_3545	61.4942528735632	174	52	55	39	28
cen04_arsC_glut_contig_3564_contig_3565	58.5964912280702	285	74	93	59	59
cen04_arsC_glut_contig_3610_contig_3611	56.2248995983936	249	60	80	68	41
cen04_arsC_glut_contig_3708_contig_3709	63.849765258216	213	65	71	40	37
cen04_arsC_glut_contig_3794_contig_3795	61.5819209039548	177	49	60	41	27
cen04_arsC_glut_contig_3798_contig_3799	62.3809523809524	210	61	70	37	42
cen04_arsC_glut_contig_3822_contig_3823	62.8019323671498	207	59	71	41	36
cen04_arsC_glut_contig_3900_contig_3901	62.7450980392157	153	45	51	33	24
cen04_arsC_glut_contig_3958_contig_3959	62.1621621621622	222	68	70	53	31
cen04_arsC_glut_contig_3972_contig_3973	62.3655913978495	186	53	63	46	24
cen04_arsC_glut_contig_4010_contig_4011	58.7878787878788	165	46	51	36	32
cen04_arsC_glut_contig_4036_contig_4037	60.1190476190476	168	47	54	40	27
cen04_arsC_glut_contig_4056_contig_4057	62.3655913978495	186	58	58	43	27
cen04_arsC_glut_contig_4068_contig_4069	64.2857142857143	210	62	73	42	33
cen04_arsC_glut_contig_4150_contig_4151	69.0909090909091	330	107	121	54	48
cen04_arsC_glut_contig_4170_contig_4171	62.1468926553672	177	53	57	40	27
cen04_arsC_glut_contig_4200_contig_4201	66.6666666666667	156	44	60	33	19
cen04_arsC_glut_contig_4204_contig_4205	56.140350877193	342	75	117	94	56
cen04_arsC_glut_contig_4226_contig_4227	62.9032258064516	186	57	60	42	27
cen04_arsC_glut_contig_4242_contig_4243	59.2039800995025	201	57	62	44	38
cen04_arsC_glut_contig_4326_contig_4327	63.1578947368421	285	90	90	57	48
cen04_arsC_glut_contig_4384_contig_4385	65.8333333333333	240	75	83	45	37
cen04_arsC_glut_contig_4422_contig_4423	57.6719576719577	189	45	64	46	34
cen04_arsC_glut_contig_4476_contig_4477	67.2727272727273	165	54	57	28	26
cen04_arsC_glut_contig_4486_contig_4487	62.1794871794872	156	48	49	31	28
cen04_arsC_glut_contig_4520_contig_4521	59.1954022988506	348	100	106	77	65
cen04_arsC_glut_contig_4566_contig_4567	67.9324894514768	237	81	80	43	33
cen04_arsC_glut_contig_4582_contig_4583	57.7777777777778	180	48	56	45	31
cen04_arsC_glut_contig_4584_contig_4585	69.620253164557	237	82	83	39	33
cen04_arsC_glut_contig_4740_contig_4741	56.8452380952381	336	86	105	75	70
cen04_arsC_glut_contig_4796_contig_4797	62.3655913978495	186	57	59	37	33
cen04_arsC_glut_contig_4862_contig_4863	63.3802816901408	213	65	70	38	40
cen04_arsC_glut_contig_5486_contig_5487	68.4444444444444	225	70	84	42	29
cen04_arsC_glut_contig_5522_contig_5523	63.2183908045977	174	49	61	38	26
cen04_arsC_glut_contig_5534_contig_5535	68.5185185185185	162	50	61	26	25
cen04_arsC_glut_contig_6062_contig_6063	55.3672316384181	177	50	48	41	38
cen04_arsC_glut_contig_6288_contig_6289	62.9032258064516	186	54	63	41	28
cen04_arsC_glut_contig_6500_contig_6501	67.2131147540984	183	59	64	35	25
cen04_arsC_glut_contig_6544_contig_6545	63.6363636363636	198	62	64	40	32
cen04_arsC_glut_contig_6678_contig_6679	62.2641509433962	159	45	54	34	26
cen04_arsC_glut_contig_7020_contig_7021	63.5416666666667	192	64	58	48	22
cen04_arsC_glut_contig_7080_contig_7081	62.2222222222222	360	110	114	76	60
cen04_arsC_glut_contig_7098_contig_7099	69.7916666666667	192	68	66	35	23
cen04_arsC_glut_contig_7222_contig_7223	68.4848484848485	165	58	55	30	22
