ID	% GCContent	Total Count	G Count	C Count	A Count	T Count
cen01_arsC_glut_contig_6_contig_7	61.1111111111111	198	55	66	42	35
cen01_arsC_glut_contig_16_contig_17	60.632183908046	348	100	111	70	67
cen01_arsC_glut_contig_20_contig_21	64	225	67	77	40	41
cen01_arsC_glut_contig_22_contig_23	62.0689655172414	348	100	116	65	67
cen01_arsC_glut_contig_28_contig_29	61.4942528735632	348	101	113	65	69
cen01_arsC_glut_contig_30_contig_31	65.1041666666667	192	54	71	27	40
cen01_arsC_glut_contig_32_contig_33	67.1717171717172	198	61	72	33	32
cen01_arsC_glut_contig_38_contig_39	61.2068965517241	348	109	104	66	69
cen01_arsC_glut_contig_44_contig_45	56.4102564102564	195	47	63	45	40
cen01_arsC_glut_contig_50_contig_51	66.3793103448276	348	117	114	58	59
cen01_arsC_glut_contig_62_contig_63	62.280701754386	342	95	118	67	62
cen01_arsC_glut_contig_64_contig_65	66.1375661375661	189	63	62	31	33
cen01_arsC_glut_contig_68_contig_69	64	225	69	75	39	42
cen01_arsC_glut_contig_70_contig_71	63.5964912280702	228	72	73	51	32
cen01_arsC_glut_contig_82_contig_83	64.7727272727273	264	83	88	52	41
cen01_arsC_glut_contig_86_contig_87	65.7894736842105	342	104	121	56	61
cen01_arsC_glut_contig_108_contig_109	66.0377358490566	159	55	50	27	27
cen01_arsC_glut_contig_110_contig_111	63.5135135135135	222	64	77	44	37
cen01_arsC_glut_contig_116_contig_117	60.5797101449275	345	106	103	73	63
cen01_arsC_glut_contig_120_contig_121	64.1025641025641	234	73	77	45	39
cen01_arsC_glut_contig_234_contig_235	58.974358974359	273	86	75	54	58
cen01_arsC_glut_contig_324_contig_325	59.3272171253823	327	101	93	72	61
cen01_arsC_glut_contig_378_contig_379	61.0062893081761	159	49	48	30	32
cen01_arsC_glut_contig_394_contig_395	64.9425287356322	348	104	122	63	59
cen01_arsC_glut_contig_448_contig_449	58.843537414966	294	84	89	64	57
cen01_arsC_glut_contig_644_contig_645	71.8654434250764	327	112	123	48	44
cen01_arsC_glut_contig_658_contig_659	63.0630630630631	222	64	76	41	41
cen01_arsC_glut_contig_784_contig_785	59.0909090909091	198	57	60	42	39
cen01_arsC_glut_contig_788_contig_789	67.6190476190476	315	103	110	50	52
cen01_arsC_glut_contig_816_contig_817	69.8412698412698	189	69	63	26	31
cen01_arsC_glut_contig_970_contig_971	56.3636363636364	165	44	49	37	35
cen01_arsC_glut_contig_1028_contig_1029	72.1264367816092	348	125	126	52	45
cen01_arsC_glut_contig_1112_contig_1113	59.6078431372549	255	73	79	50	53
cen01_arsC_glut_contig_1114_contig_1115	66.1538461538462	195	61	68	31	35
cen01_arsC_glut_contig_1164_contig_1165	58.6805555555556	288	90	79	67	52
cen01_arsC_glut_contig_1488_contig_1489	66.6666666666667	348	120	112	57	59
cen01_arsC_glut_contig_1522_contig_1523	67.4418604651163	258	90	84	42	42
cen01_arsC_glut_contig_1536_contig_1537	58.2456140350877	285	87	79	61	58
cen01_arsC_glut_contig_1646_contig_1647	58.6854460093897	213	54	71	39	49
cen01_arsC_glut_contig_1648_contig_1649	54.2857142857143	210	46	68	60	36
cen01_arsC_glut_contig_1844_contig_1845	58.6309523809524	336	101	96	75	64
cen01_arsC_glut_contig_1912_contig_1913	59.1194968553459	159	43	51	30	35
cen01_arsC_glut_contig_2102_contig_2103	65.8536585365854	246	68	94	50	34
cen01_arsC_glut_contig_2108_contig_2109	58.2329317269076	249	69	76	58	46
cen01_arsC_glut_contig_2204_contig_2205	66.2878787878788	264	85	90	44	45
cen01_arsC_glut_contig_2300_contig_2301	62.0833333333333	240	80	69	46	45
cen01_arsC_glut_contig_2320_contig_2321	62.280701754386	228	73	69	45	41
cen01_arsC_glut_contig_2352_contig_2353	63.8418079096045	177	53	60	27	37
cen01_arsC_glut_contig_2578_contig_2579	62.4472573839662	237	70	78	46	43
cen01_arsC_glut_contig_2580_contig_2581	62.1621621621622	222	65	73	43	41
cen01_arsC_glut_contig_2596_contig_2597	62.0253164556962	237	72	75	54	36
cen01_arsC_glut_contig_2656_contig_2657	59.1954022988506	174	47	56	42	29
cen01_arsC_glut_contig_2678_contig_2679	64.1025641025641	195	54	71	40	30
cen01_arsC_glut_contig_2682_contig_2683	60	240	64	80	48	48
cen01_arsC_glut_contig_2722_contig_2723	57.2463768115942	276	74	84	66	52
cen01_arsC_glut_contig_2730_contig_2731	63.3986928104575	153	48	49	29	27
cen01_arsC_glut_contig_2904_contig_2905	54.2168674698795	249	67	68	60	54
cen01_arsC_glut_contig_2954_contig_2955	62.0689655172414	348	102	114	64	68
cen01_arsC_glut_contig_3032_contig_3033	58.9371980676328	207	51	71	54	31
cen01_arsC_glut_contig_3072_contig_3073	52.9761904761905	168	39	50	46	33
cen01_arsC_glut_contig_3174_contig_3175	64.6586345381526	249	76	85	50	38
cen01_arsC_glut_contig_3206_contig_3207	61.8279569892473	186	53	62	46	25
cen01_arsC_glut_contig_3230_contig_3231	63.3879781420765	183	51	65	37	30
cen01_arsC_glut_contig_3276_contig_3277	71.3178294573643	258	99	85	37	37
cen01_arsC_glut_contig_3352_contig_3353	64.4808743169399	183	58	60	41	24
cen01_arsC_glut_contig_3370_contig_3371	56.7251461988304	342	74	120	94	54
cen01_arsC_glut_contig_3374_contig_3375	58.4615384615385	195	46	68	42	39
cen01_arsC_glut_contig_3376_contig_3377	69.7530864197531	162	50	63	30	19
cen01_arsC_glut_contig_3402_contig_3403	62.3655913978495	279	83	91	66	39
cen01_arsC_glut_contig_3484_contig_3485	62.3456790123457	162	47	54	38	23
cen01_arsC_glut_contig_3490_contig_3491	63.5416666666667	192	60	62	43	27
cen01_arsC_glut_contig_3506_contig_3507	61.9047619047619	168	48	56	33	31
cen01_arsC_glut_contig_3720_contig_3721	62.1052631578947	285	96	81	51	57
cen01_arsC_glut_contig_3838_contig_3839	60.377358490566	159	38	58	36	27
cen01_arsC_glut_contig_3956_contig_3957	64.9717514124294	177	55	60	35	27
cen01_arsC_glut_contig_3958_contig_3959	58.1818181818182	165	48	48	36	33
cen01_arsC_glut_contig_4482_contig_4483	69.2528735632184	348	117	124	54	53
cen01_arsC_glut_contig_4862_contig_4863	64.5833333333333	192	58	66	41	27
cen01_arsC_glut_contig_4890_contig_4891	70.2702702702703	333	114	120	57	42
cen01_arsC_glut_contig_4908_contig_4909	69.2528735632184	348	108	133	54	53
cen01_arsC_glut_contig_4924_contig_4925	62.2418879056047	339	104	107	68	60
cen01_arsC_glut_contig_4930_contig_4931	56.4516129032258	186	40	65	54	27
cen01_arsC_glut_contig_4956_contig_4957	66.6666666666667	186	64	60	36	26
cen01_arsC_glut_contig_4998_contig_4999	57.0707070707071	198	55	58	51	34
cen01_arsC_glut_contig_5040_contig_5041	55.3763440860215	186	38	65	55	28
cen01_arsC_glut_contig_5246_contig_5247	61.0119047619048	336	103	102	64	67
cen01_arsC_glut_contig_5444_contig_5445	62.1951219512195	246	77	76	51	42
cen01_arsC_glut_contig_5592_contig_5593	63.7426900584795	342	106	112	68	56
cen01_arsC_glut_contig_5612_contig_5613	63.4703196347032	219	70	69	41	39
cen01_arsC_glut_contig_5814_contig_5815	68.7134502923977	342	112	123	55	52
