ID	% GCContent	Total Count	G Count	C Count	A Count	T Count
cen04_arsM_contig_2_contig_3	57.6543209876543	810	278	189	180	163
cen04_arsM_contig_8_contig_9	59.6871239470517	831	266	230	177	158
cen04_arsM_contig_20_contig_21	57.6779026217228	801	225	237	164	175
cen04_arsM_contig_26_contig_27	61.6915422885572	804	273	223	171	137
cen04_arsM_contig_32_contig_33	57.7777777777778	810	263	205	171	171
cen04_arsM_contig_44_contig_45	57.037037037037	810	258	204	175	173
cen04_arsM_contig_48_contig_49	58.955223880597	804	256	218	171	159
cen04_arsM_contig_98_contig_99	60.0499375780275	801	267	214	174	146
cen04_arsM_contig_148_contig_149	59.1168091168091	702	245	170	142	145
cen04_arsM_contig_334_contig_335	61.8339529120198	807	323	176	169	139
cen04_arsM_contig_406_contig_407	59.9520383693046	834	269	231	176	158
cen04_arsM_contig_426_contig_427	62.1722846441948	801	313	185	166	137
cen04_arsM_contig_476_contig_477	62.453531598513	807	320	184	160	143
cen04_arsM_contig_506_contig_507	56.9651741293532	804	261	197	172	174
cen04_arsM_contig_516_contig_517	56.0493827160494	810	253	201	172	184
cen04_arsM_contig_594_contig_595	59.6190476190476	525	132	181	125	87
cen04_arsM_contig_606_contig_607	65.2777777777778	792	275	242	137	138
cen04_arsM_contig_670_contig_671	55.8052434456929	801	252	195	176	178
cen04_arsM_contig_692_contig_693	62.3296158612144	807	320	183	161	143
cen04_arsM_contig_728_contig_729	66.2962962962963	540	187	171	94	88
cen04_arsM_contig_736_contig_737	66.4845173041894	549	188	177	94	90
cen04_arsM_contig_776_contig_777	54.8269581056466	549	168	133	120	128
cen04_arsM_contig_920_contig_921	58.0357142857143	672	229	161	145	137
cen04_arsM_contig_984_contig_985	67.1361502347418	639	225	204	102	108
cen04_arsM_contig_1012_contig_1013	59.1515151515151	825	311	177	186	151
cen04_arsM_contig_1024_contig_1025	58.0586080586081	546	164	153	114	115
cen04_arsM_contig_1116_contig_1117	70.2898550724638	828	313	269	128	118
cen04_arsM_contig_1136_contig_1137	70.1690821256039	828	292	289	118	129
cen04_arsM_contig_1182_contig_1183	70.0606060606061	825	312	266	129	118
cen04_arsM_contig_1476_contig_1477	71.0947109471095	813	320	258	117	118
cen04_arsM_contig_1480_contig_1481	60.36866359447	651	201	192	132	126
cen04_arsM_contig_1516_contig_1517	62.6086956521739	690	219	213	139	119
cen04_arsM_contig_1538_contig_1539	58.364312267658	807	257	214	180	156
cen04_arsM_contig_1546_contig_1547	65.4040404040404	792	307	211	155	119
cen04_arsM_contig_1562_contig_1563	60.0250626566416	798	247	232	166	153
cen04_arsM_contig_1566_contig_1567	44.6327683615819	531	146	91	156	138
cen04_arsM_contig_1744_contig_1745	61.4427860696517	804	261	233	162	148
cen04_arsM_contig_1838_contig_1839	60.3318250377074	663	258	142	142	121
cen04_arsM_contig_1870_contig_1871	60.1226993865031	489	153	141	106	89
cen04_arsM_contig_1894_contig_1895	60.7594936708861	711	225	207	147	132
cen04_arsM_contig_1898_contig_1899	56.7295597484277	795	252	199	180	164
cen04_arsM_contig_1932_contig_1933	67.9487179487179	546	191	180	82	93
cen04_arsM_contig_1956_contig_1957	63.5455680399501	801	279	230	156	136
cen04_arsM_contig_1990_contig_1991	62.1722846441948	801	297	201	156	147
cen04_arsM_contig_2046_contig_2047	58.2822085889571	489	151	134	108	96
cen04_arsM_contig_2058_contig_2059	63.2113821138211	492	152	159	85	96
cen04_arsM_contig_2192_contig_2193	58.6206896551724	783	260	199	160	164
cen04_arsM_contig_2830_contig_2831	63.2183908045977	696	234	206	116	140
cen04_arsM_contig_2840_contig_2841	58.641975308642	810	267	208	165	170
cen04_arsM_contig_3046_contig_3047	66.3265306122449	588	205	185	105	93
cen04_arsM_contig_3110_contig_3111	61.4107883817427	723	230	214	141	138
cen04_arsM_contig_3324_contig_3325	70.1149425287356	696	246	242	112	96
cen04_arsM_contig_3426_contig_3427	62.4338624338624	567	164	190	116	97
cen04_arsM_contig_3536_contig_3537	67.175572519084	786	255	273	139	119
cen04_arsM_contig_3592_contig_3593	59.9752168525403	807	249	235	173	150
cen04_arsM_contig_3600_contig_3601	60.0991325898389	807	252	233	170	152
cen04_arsM_contig_3718_contig_3719	58.5406301824212	603	200	153	124	126
cen04_arsM_contig_3720_contig_3721	60.15625	768	251	211	154	152
cen04_arsM_contig_3852_contig_3853	56.231884057971	690	219	169	159	143
cen04_arsM_contig_3862_contig_3863	59.3047034764826	489	151	139	103	96
cen04_arsM_contig_3934_contig_3935	61.6755793226381	561	175	171	116	99
cen04_arsM_contig_3990_contig_3991	60	555	168	165	112	110
cen04_arsM_contig_4016_contig_4017	59.9752168525403	807	241	243	173	150
cen04_arsM_contig_4032_contig_4033	59.7014925373134	804	216	264	175	149
cen04_arsM_contig_4072_contig_4073	60.6870229007634	786	251	226	161	148
cen04_arsM_contig_4128_contig_4129	57.1428571428571	798	220	236	182	160
cen04_arsM_contig_4226_contig_4227	62.2132253711201	741	246	215	149	131
cen04_arsM_contig_4302_contig_4303	57.2681704260652	798	234	223	175	166
cen04_arsM_contig_4456_contig_4457	60.7929515418502	681	195	219	150	117
cen04_arsM_contig_4506_contig_4507	58.8744588744589	693	202	206	151	134
cen04_arsM_contig_4532_contig_4533	64.2857142857143	672	243	189	126	114
cen04_arsM_contig_4546_contig_4547	58.6666666666667	600	185	167	126	122
cen04_arsM_contig_4630_contig_4631	59.5555555555556	675	199	203	152	121
cen04_arsM_contig_4634_contig_4635	59.9033816425121	828	244	252	177	155
cen04_arsM_contig_4880_contig_4881	61.1451942740286	489	160	139	96	94
cen04_arsM_contig_4984_contig_4985	73.0706075533662	609	230	215	76	88
cen04_arsM_contig_5092_contig_5093	70.5387205387205	594	220	199	90	85
cen04_arsM_contig_5102_contig_5103	72.969696969697	825	311	291	107	116
cen04_arsM_contig_5192_contig_5193	62.3106060606061	528	189	140	103	96
cen04_arsM_contig_5202_contig_5203	58.6912065439673	489	149	138	103	99
cen04_arsM_contig_5234_contig_5235	65.3116531165312	738	259	223	129	127
cen04_arsM_contig_5284_contig_5285	66.301703163017	822	292	253	139	138
cen04_arsM_contig_5480_contig_5481	60.7246376811594	690	209	210	141	130
cen04_arsM_contig_5624_contig_5625	73.2121212121212	825	308	296	106	115
cen04_arsM_contig_5978_contig_5979	56.8306010928962	549	185	127	124	113
cen04_arsM_contig_6486_contig_6487	67.7725118483412	633	226	203	109	95
cen04_arsM_contig_6804_contig_6805	66.2393162393162	702	252	213	120	117
cen04_arsM_contig_6934_contig_6935	61.7216117216117	546	172	165	104	105
cen04_arsM_contig_7142_contig_7143	66.5024630541872	609	214	191	100	104
cen04_arsM_contig_7214_contig_7215	62.3123123123123	666	226	189	128	123
cen04_arsM_contig_7516_contig_7517	63.4207240948814	801	279	229	156	137
cen04_arsM_contig_7682_contig_7683	58.5365853658537	615	214	146	131	124
cen04_arsM_contig_7906_contig_7907	67.0520231213873	519	184	164	86	85
cen04_arsM_contig_8070_contig_8071	68.7853107344633	708	252	235	115	106
cen04_arsM_contig_8284_contig_8285	57.6427255985267	543	191	122	114	116
cen04_arsM_contig_8662_contig_8663	66.8582375478927	522	174	175	87	86
cen04_arsM_contig_8760_contig_8761	62.4242424242424	495	156	153	99	87
cen04_arsM_contig_8836_contig_8837	64.8717948717949	780	268	238	145	129
cen04_arsM_contig_8946_contig_8947	58.4905660377358	795	259	206	172	158
cen04_arsM_contig_9266_contig_9267	58.2822085889571	489	138	147	103	101
cen04_arsM_contig_9624_contig_9625	63.2520325203252	615	211	178	116	110
cen04_arsM_contig_10092_contig_10093	57.962962962963	540	171	142	122	105
cen04_arsM_contig_10232_contig_10233	56.5377532228361	543	174	133	125	111
cen04_arsM_contig_10548_contig_10549	67.4140508221226	669	252	199	114	104
cen04_arsM_contig_10596_contig_10597	62.0634920634921	630	216	175	123	116
cen04_arsM_contig_11174_contig_11175	73.4375	576	238	185	77	76
cen04_arsM_contig_11524_contig_11525	57.7533577533578	819	290	183	177	169
cen04_arsM_contig_13218_contig_13219	56.701030927835	582	181	149	138	114
cen04_arsM_contig_14842_contig_14843	66.6666666666667	498	170	162	82	84
cen04_arsM_contig_15136_contig_15137	59.1078066914498	807	281	196	167	163
cen04_arsM_contig_16780_contig_16781	61.318407960199	804	216	277	174	137
cen04_arsM_contig_17742_contig_17743	61.0136452241715	513	185	128	112	88
cen04_arsM_contig_18514_contig_18515	60	510	149	157	110	94
cen04_arsM_contig_18830_contig_18831	62.1553884711779	798	227	269	167	135
cen04_arsM_contig_19204_contig_19205	57.9710144927536	483	161	119	93	110
cen04_arsM_contig_19724_contig_19725	60.5911330049261	609	213	156	113	127
cen04_arsM_contig_20036_contig_20037	61.0852713178295	645	219	175	117	134
cen04_arsM_contig_22772_contig_22773	59.4810379241517	501	154	144	111	92
cen04_arsM_contig_23604_contig_23605	58.8599752168525	807	283	192	170	162
cen04_arsM_contig_23800_contig_23801	61.4622057001239	807	309	187	166	145
cen04_arsM_contig_23832_contig_23833	57.6642335766423	822	276	198	186	162
cen04_arsM_contig_25028_contig_25029	59.3253968253968	504	160	139	108	97
cen04_arsM_contig_25070_contig_25071	56.8773234200743	807	269	190	184	164
cen04_arsM_contig_25460_contig_25461	66.7929292929293	792	269	260	138	125
cen04_arsM_contig_26338_contig_26339	67.056530214425	513	172	172	90	79
cen04_arsM_contig_26566_contig_26567	70.0980392156863	612	207	222	85	98
cen04_arsM_contig_27378_contig_27379	58.7064676616915	804	255	217	169	163
cen04_arsM_contig_27436_contig_27437	69.1891891891892	555	186	198	95	76
cen04_arsM_contig_27732_contig_27733	60.3550295857988	507	152	154	115	86
cen04_arsM_contig_28308_contig_28309	61.7216117216117	546	169	168	106	103
cen04_arsM_contig_28938_contig_28939	71.5151515151515	495	181	173	79	62
cen04_arsM_contig_30770_contig_30771	56.1728395061728	810	256	199	182	173
cen04_arsM_contig_32100_contig_32101	66.4634146341463	492	167	160	87	78
cen04_arsM_contig_32128_contig_32129	55.8897243107769	798	271	175	183	169
cen04_arsM_contig_32868_contig_32869	67.0731707317073	492	172	158	83	79
cen04_arsM_contig_33186_contig_33187	59.0111642743222	627	183	187	125	132
cen04_arsM_contig_36350_contig_36351	69.6606786427146	501	175	174	74	78
cen04_arsM_contig_36552_contig_36553	61.3553113553114	546	180	155	100	111
cen04_arsM_contig_37158_contig_37159	69.0123456790123	810	304	255	126	125
cen04_arsM_contig_37322_contig_37323	55.2238805970149	804	255	189	181	179
cen04_arsM_contig_37398_contig_37399	54.8654244306418	483	145	120	108	110
cen04_arsM_contig_37822_contig_37823	57.2377158034529	753	238	193	155	167
cen04_arsM_contig_39466_contig_39467	56.1076604554865	483	138	133	101	111
cen04_arsM_contig_39500_contig_39501	56.9135802469136	810	257	204	175	174
cen04_arsM_contig_40126_contig_40127	60.2484472049689	483	126	165	106	86
cen04_arsM_contig_42638_contig_42639	58.1481481481481	810	264	207	172	167
cen04_arsM_contig_45910_contig_45911	61.318407960199	804	218	275	173	138
cen04_arsM_contig_49438_contig_49439	69.9393939393939	825	314	263	127	121
cen04_arsM_contig_50666_contig_50667	61.0275689223058	798	222	265	162	149
cen04_arsM_contig_51692_contig_51693	69.6606786427146	501	176	173	75	77
cen04_arsM_contig_54014_contig_54015	61.318407960199	804	216	277	172	139
cen04_arsM_contig_54020_contig_54021	59.7826086956522	828	252	243	173	160
cen04_arsM_contig_54442_contig_54443	58.5454545454545	825	306	177	189	153
cen04_arsM_contig_56966_contig_56967	58.6477987421384	636	212	161	137	126
cen04_arsM_contig_57190_contig_57191	59.6363636363636	825	314	178	183	150
cen04_arsM_contig_57304_contig_57305	62.962962962963	621	209	182	119	111
cen04_arsM_contig_58890_contig_58891	57.6208178438662	807	274	191	181	161
cen04_arsM_contig_58958_contig_58959	73.5757575757576	825	309	298	103	115
cen04_arsM_contig_59060_contig_59061	59.7457627118644	708	217	206	149	136
cen04_arsM_contig_60668_contig_60669	58.4541062801932	828	246	238	177	167
cen04_arsM_contig_61796_contig_61797	61.0810810810811	555	187	152	116	100
cen04_arsM_contig_62850_contig_62851	57.7447335811648	807	274	192	178	163
cen04_arsM_contig_65440_contig_65441	70.4301075268817	558	222	171	82	83
cen04_arsM_contig_66158_contig_66159	58.9090909090909	825	308	178	188	151
cen04_arsM_contig_66562_contig_66563	68.1818181818182	726	258	237	118	113
cen04_arsM_contig_66580_contig_66581	74.8062015503876	774	299	280	93	102
cen04_arsM_contig_66682_contig_66683	60.2201257861635	636	176	207	130	123
cen04_arsM_contig_68614_contig_68615	64.9122807017544	627	229	178	116	104
cen04_arsM_contig_68656_contig_68657	74.8378728923476	771	303	274	92	102
cen04_arsM_contig_68732_contig_68733	69.2439862542955	582	211	192	80	99
cen04_arsM_contig_68978_contig_68979	61.6915422885572	804	219	277	170	138
cen04_arsM_contig_69020_contig_69021	65.4028436018957	633	236	178	118	101
cen04_arsM_contig_69188_contig_69189	57.6779026217228	534	184	124	112	114
cen04_arsM_contig_69458_contig_69459	58.0586080586081	546	163	154	114	115
cen04_arsM_contig_69648_contig_69649	60.4838709677419	744	239	211	146	148
cen04_arsM_contig_70664_contig_70665	65.1017214397496	639	220	196	116	107
cen04_arsM_contig_71288_contig_71289	71.5773809523809	672	257	224	92	99
cen04_arsM_contig_71896_contig_71897	69.4202898550725	690	254	225	104	107
cen04_arsM_contig_71956_contig_71957	65.2482269503546	705	242	218	134	111
cen04_arsM_contig_73038_contig_73039	58.8822355289421	501	147	148	107	99
cen04_arsM_contig_73120_contig_73121	56.8306010928962	549	185	127	124	113
cen04_arsM_contig_73578_contig_73579	59.7292724196277	591	172	181	117	121
cen04_arsM_contig_74134_contig_74135	63.7614678899083	654	219	198	123	114
cen04_arsM_contig_74462_contig_74463	62.4561403508772	570	154	202	114	100
cen04_arsM_contig_74538_contig_74539	59.3162393162393	585	165	182	125	113
cen04_arsM_contig_76482_contig_76483	61.6666666666667	600	168	202	127	103
cen04_arsM_contig_78880_contig_78881	59.2727272727273	825	308	181	186	150
cen04_arsM_contig_80468_contig_80469	57.1251548946716	807	269	192	185	161
cen04_arsM_contig_82968_contig_82969	67.479674796748	492	173	159	84	76
cen04_arsM_contig_86476_contig_86477	67.6470588235294	612	227	187	98	100
cen04_arsM_contig_86710_contig_86711	58.9430894308943	492	152	138	105	97
cen04_arsM_contig_87990_contig_87991	59.7826086956522	828	255	240	174	159
cen04_arsM_contig_88448_contig_88449	66.869918699187	492	168	161	85	78
cen04_arsM_contig_92028_contig_92029	58.3333333333333	624	177	187	136	124
cen04_arsM_contig_93934_contig_93935	72.8867623604466	627	234	223	79	91
cen04_arsM_contig_94220_contig_94221	57.8686493184634	807	274	193	180	160
cen04_arsM_contig_95068_contig_95069	61.81592039801	804	218	279	176	131
cen04_arsM_contig_95918_contig_95919	64.021164021164	567	188	175	101	103
cen04_arsM_contig_97292_contig_97293	71.5986394557823	588	213	208	85	82
cen04_arsM_contig_101344_contig_101345	68.2666666666667	750	253	259	119	119
cen04_arsM_contig_101566_contig_101567	59.5410628019324	828	245	248	178	157
cen04_arsM_contig_101904_contig_101905	68.9950980392157	816	307	256	128	125
cen04_arsM_contig_101926_contig_101927	60.5947955390335	807	254	235	169	149
cen04_arsM_contig_103876_contig_103877	61.046511627907	516	175	140	98	103
cen04_arsM_contig_104266_contig_104267	62.0481927710843	498	147	162	101	88
cen04_arsM_contig_105026_contig_105027	60.0858369098712	699	211	209	140	139
cen04_arsM_contig_105596_contig_105597	67.4650698602794	501	180	158	86	77
cen04_arsM_contig_115996_contig_115997	65.3900709219858	705	242	219	134	110
cen04_arsM_contig_119568_contig_119569	65.9259259259259	540	189	167	95	89
cen04_arsM_contig_120400_contig_120401	59.1240875912409	822	277	209	175	161
cen04_arsM_contig_120426_contig_120427	61.5671641791045	804	215	280	176	133
cen04_arsM_contig_120448_contig_120449	56.5055762081784	807	268	188	188	163
