ID	% GCContent	Total Count	G Count	C Count	A Count	T Count
cen04_intI_contig_4_contig_5	61.9198312236287	948	288	299	176	185
cen04_intI_contig_266_contig_267	68.8073394495413	654	225	225	104	100
cen04_intI_contig_408_contig_409	73.080967402734	951	290	405	119	137
cen04_intI_contig_2196_contig_2197	69.2556634304207	927	321	321	142	143
cen04_intI_contig_13636_contig_13637	61.4420062695925	957	302	286	197	172
cen04_intI_contig_34840_contig_34841	62.8691983122363	474	160	138	83	93
cen04_intI_contig_39966_contig_39967	61.2869198312236	948	285	296	179	188
cen04_intI_contig_39978_contig_39979	61.8018018018018	555	175	168	103	109
cen04_intI_contig_40006_contig_40007	54.4642857142857	672	171	195	146	160
cen04_intI_contig_40026_contig_40027	67.2699849170437	663	227	219	106	111
cen04_intI_contig_40038_contig_40039	70.873786407767	927	328	329	125	145
cen04_intI_contig_40050_contig_40051	67.9611650485437	927	310	320	141	156
cen04_intI_contig_40064_contig_40065	72.0604099244876	927	340	328	124	135
cen04_intI_contig_40096_contig_40097	61.4035087719298	570	177	173	107	113
cen04_intI_contig_40212_contig_40213	54.5688545688546	777	228	196	197	156
cen04_intI_contig_40566_contig_40567	62.8811777076761	951	301	297	161	192
