ID	% GCContent	Total Count	G Count	C Count	A Count	T Count
cen07_rplB_contig_4_contig_5	62.4813153961136	669	224	194	135	116
cen07_rplB_contig_24_contig_25	71.3024282560706	453	161	162	87	43
cen07_rplB_contig_156_contig_157	70.8651399491094	786	258	299	143	86
cen07_rplB_contig_298_contig_299	68.3636363636364	825	266	298	153	108
cen07_rplB_contig_306_contig_307	64.8418491484185	822	250	283	177	112
cen07_rplB_contig_312_contig_313	64.176245210728	522	167	168	103	84
cen07_rplB_contig_316_contig_317	59.8343685300207	483	162	127	113	81
cen07_rplB_contig_320_contig_321	64.957264957265	819	248	284	173	114
cen07_rplB_contig_322_contig_323	63.625304136253	822	270	253	184	115
cen07_rplB_contig_332_contig_333	66.1764705882353	816	270	270	170	106
cen07_rplB_contig_356_contig_357	63.0170316301703	822	283	235	178	126
cen07_rplB_contig_412_contig_413	65.2014652014652	819	250	284	176	109
cen07_rplB_contig_416_contig_417	65.6898656898657	819	246	292	173	108
cen07_rplB_contig_418_contig_419	58.029197080292	822	253	224	199	146
cen07_rplB_contig_430_contig_431	61.8181818181818	825	252	258	182	133
cen07_rplB_contig_432_contig_433	69.8646986469865	813	268	300	155	90
cen07_rplB_contig_434_contig_435	63.4803921568627	816	282	236	173	125
cen07_rplB_contig_436_contig_437	70.4517704517705	819	275	302	144	98
cen07_rplB_contig_438_contig_439	60.3406326034063	822	273	223	199	127
cen07_rplB_contig_440_contig_441	64.5909645909646	819	267	262	176	114
cen07_rplB_contig_464_contig_465	69.0909090909091	825	270	300	163	92
cen07_rplB_contig_468_contig_469	69.6040868454662	783	266	279	139	99
cen07_rplB_contig_470_contig_471	62.3030303030303	825	276	238	186	125
cen07_rplB_contig_476_contig_477	68.2539682539683	819	268	291	152	108
cen07_rplB_contig_482_contig_483	65.5982905982906	468	164	143	102	59
cen07_rplB_contig_484_contig_485	60.6060606060606	825	256	244	196	129
cen07_rplB_contig_490_contig_491	61.8004866180049	822	285	223	186	128
cen07_rplB_contig_492_contig_493	44.1860465116279	645	167	118	191	169
cen07_rplB_contig_496_contig_497	60.1476014760148	813	269	220	194	130
cen07_rplB_contig_504_contig_505	64.2156862745098	816	251	273	177	115
cen07_rplB_contig_522_contig_523	63.3851468048359	579	184	183	124	88
cen07_rplB_contig_552_contig_553	62.6843657817109	678	220	205	149	104
cen07_rplB_contig_566_contig_567	60.9489051094891	822	247	254	189	132
cen07_rplB_contig_574_contig_575	59.367396593674	822	259	229	193	141
cen07_rplB_contig_580_contig_581	62.156862745098	510	159	158	105	88
cen07_rplB_contig_582_contig_583	66.0561660561661	819	277	264	161	117
cen07_rplB_contig_588_contig_589	64.8351648351648	819	258	273	167	121
cen07_rplB_contig_592_contig_593	65.9340659340659	819	250	290	172	107
cen07_rplB_contig_594_contig_595	69.8412698412698	819	278	294	146	101
cen07_rplB_contig_602_contig_603	65.9313725490196	816	270	268	171	107
cen07_rplB_contig_634_contig_635	64.3617021276596	564	178	185	115	86
cen07_rplB_contig_642_contig_643	55.7575757575758	825	250	210	205	160
cen07_rplB_contig_650_contig_651	64.5390070921986	564	184	180	115	85
cen07_rplB_contig_652_contig_653	62.6716604244694	801	255	247	182	117
cen07_rplB_contig_660_contig_661	63.0792227204783	669	212	210	144	103
cen07_rplB_contig_662_contig_663	67.3913043478261	828	285	273	170	100
cen07_rplB_contig_664_contig_665	65.8088235294118	816	254	283	171	108
cen07_rplB_contig_666_contig_667	62.0098039215686	816	263	243	183	127
cen07_rplB_contig_704_contig_705	66.5079365079365	630	224	195	129	82
cen07_rplB_contig_734_contig_735	57.8947368421053	513	162	135	119	97
cen07_rplB_contig_750_contig_751	65.2068126520681	822	247	289	179	107
cen07_rplB_contig_756_contig_757	61.2745098039216	816	250	250	192	124
cen07_rplB_contig_762_contig_763	61.3138686131387	822	254	250	187	131
cen07_rplB_contig_764_contig_765	63.7575757575758	825	274	252	185	114
cen07_rplB_contig_776_contig_777	70.2991452991453	468	171	158	82	57
cen07_rplB_contig_796_contig_797	60.0490196078431	816	257	233	192	134
cen07_rplB_contig_798_contig_799	61.6421568627451	816	275	228	194	119
cen07_rplB_contig_818_contig_819	65.8119658119658	819	250	289	172	108
cen07_rplB_contig_824_contig_825	62.2324159021407	654	211	196	135	112
cen07_rplB_contig_828_contig_829	65.3256704980843	522	175	166	109	72
cen07_rplB_contig_840_contig_841	64.4688644688645	819	248	280	176	115
cen07_rplB_contig_862_contig_863	68.2481751824817	822	272	289	153	108
cen07_rplB_contig_864_contig_865	65.9313725490196	816	256	282	173	105
cen07_rplB_contig_876_contig_877	61.9393939393939	825	279	232	178	136
cen07_rplB_contig_890_contig_891	65.3186274509804	816	252	281	175	108
cen07_rplB_contig_916_contig_917	60.2083333333333	480	161	128	110	81
cen07_rplB_contig_928_contig_929	46.4912280701754	456	121	91	127	117
cen07_rplB_contig_934_contig_935	63.7469586374696	822	253	271	179	119
cen07_rplB_contig_936_contig_937	67.6328502415459	828	284	276	170	98
cen07_rplB_contig_950_contig_951	63.7254901960784	816	282	238	179	117
cen07_rplB_contig_958_contig_959	67.3965936739659	822	285	269	162	106
cen07_rplB_contig_976_contig_977	68.3823529411765	816	279	279	152	106
cen07_rplB_contig_994_contig_995	66.2907268170426	798	263	266	164	105
cen07_rplB_contig_1014_contig_1015	65.8088235294118	816	271	266	169	110
cen07_rplB_contig_1028_contig_1029	63.3578431372549	816	283	234	180	119
cen07_rplB_contig_1040_contig_1041	65.6969696969697	825	256	286	174	109
cen07_rplB_contig_1050_contig_1051	65.3333333333333	825	253	286	178	108
cen07_rplB_contig_1062_contig_1063	64.9206349206349	630	210	199	132	89
cen07_rplB_contig_1094_contig_1095	64.963503649635	822	251	283	178	110
cen07_rplB_contig_1110_contig_1111	60.4622871046229	822	251	246	197	128
cen07_rplB_contig_1118_contig_1119	65.0851581508516	822	267	268	167	120
cen07_rplB_contig_1130_contig_1131	67.0343137254902	816	276	271	159	110
cen07_rplB_contig_1140_contig_1141	66.984126984127	630	226	196	126	82
cen07_rplB_contig_1144_contig_1145	59.6107055961071	822	264	226	195	137
cen07_rplB_contig_1262_contig_1263	65.9313725490196	816	268	270	172	106
cen07_rplB_contig_1266_contig_1267	65.0617283950617	810	254	273	170	113
cen07_rplB_contig_1292_contig_1293	67.3939393939394	825	269	287	163	106
cen07_rplB_contig_1476_contig_1477	65.3235653235653	819	246	289	175	109
cen07_rplB_contig_1486_contig_1487	64.8148148148148	810	254	271	172	113
cen07_rplB_contig_1498_contig_1499	69.6859903381642	828	277	300	159	92
cen07_rplB_contig_1524_contig_1525	65.0793650793651	819	252	281	178	108
cen07_rplB_contig_1596_contig_1597	65.0617283950617	810	257	270	172	111
cen07_rplB_contig_1644_contig_1645	60.9279609279609	819	255	244	188	132
cen07_rplB_contig_1646_contig_1647	71.6577540106952	561	198	204	93	66
cen07_rplB_contig_1660_contig_1661	69.4339622641509	795	267	285	153	90
cen07_rplB_contig_1766_contig_1767	65.8150851581509	822	276	265	167	114
cen07_rplB_contig_1852_contig_1853	69.4647201946472	822	282	289	148	103
cen07_rplB_contig_1878_contig_1879	68.859649122807	456	151	163	86	56
cen07_rplB_contig_2074_contig_2075	66.0583941605839	822	273	270	169	110
cen07_rplB_contig_2088_contig_2089	65.6641604010025	798	262	262	163	111
cen07_rplB_contig_2174_contig_2175	65.8119658119658	819	251	288	173	107
cen07_rplB_contig_2766_contig_2767	64.9318463444857	807	256	268	168	115
cen07_rplB_contig_2842_contig_2843	65.9393939393939	825	269	275	174	107
cen07_rplB_contig_3362_contig_3363	68.3760683760684	819	265	295	155	104
cen07_rplB_contig_4218_contig_4219	64.3719806763285	828	278	255	171	124
cen07_rplB_contig_4298_contig_4299	64.4097222222222	576	193	178	122	83
cen07_rplB_contig_4540_contig_4541	65.8119658119658	819	259	280	167	113
cen07_rplB_contig_4600_contig_4601	66.5445665445665	819	267	278	171	103
cen07_rplB_contig_4746_contig_4747	54.3524416135881	471	134	122	133	82
cen07_rplB_contig_4760_contig_4761	65.4456654456654	819	252	284	175	108
cen07_rplB_contig_4788_contig_4789	67.0807453416149	483	156	168	101	58
cen07_rplB_contig_4874_contig_4875	65.9147869674186	798	247	279	170	102
cen07_rplB_contig_4902_contig_4903	68.7810945273632	804	286	267	152	99
cen07_rplB_contig_5114_contig_5115	64.7311827956989	465	161	140	91	73
cen07_rplB_contig_5244_contig_5245	62.2895622895623	594	183	187	134	90
cen07_rplB_contig_5412_contig_5413	65.4545454545455	825	257	283	176	109
cen07_rplB_contig_5472_contig_5473	64.8936170212766	564	184	182	114	84
cen07_rplB_contig_5734_contig_5735	65.6826568265683	813	246	288	173	106
cen07_rplB_contig_5738_contig_5739	64.8351648351648	819	247	284	180	108
cen07_rplB_contig_5766_contig_5767	64.7272727272727	825	279	255	181	110
cen07_rplB_contig_6104_contig_6105	61.9422572178478	762	249	223	166	124
cen07_rplB_contig_6534_contig_6535	68.2539682539683	819	275	284	152	108
cen07_rplB_contig_6718_contig_6719	48.6928104575163	612	157	141	167	147
cen07_rplB_contig_6934_contig_6935	72.969696969697	825	307	295	144	79
cen07_rplB_contig_6986_contig_6987	69.7142857142857	525	184	182	86	73
cen07_rplB_contig_7044_contig_7045	70.479704797048	813	270	303	144	96
cen07_rplB_contig_7052_contig_7053	73.6519607843137	816	306	295	133	82
cen07_rplB_contig_7216_contig_7217	66.1782661782662	819	266	276	172	105
cen07_rplB_contig_7230_contig_7231	73.406862745098	816	302	297	138	79
cen07_rplB_contig_7384_contig_7385	69.8412698412698	819	273	299	148	99
cen07_rplB_contig_7396_contig_7397	66.8662674650699	501	184	151	97	69
cen07_rplB_contig_7438_contig_7439	72.3926380368098	489	179	175	83	52
cen07_rplB_contig_7470_contig_7471	71.9557195571956	813	285	300	136	92
cen07_rplB_contig_7500_contig_7501	72.463768115942	483	178	172	74	59
cen07_rplB_contig_7564_contig_7565	73.6519607843137	816	306	295	132	83
cen07_rplB_contig_7566_contig_7567	70.5882352941177	816	281	295	138	102
cen07_rplB_contig_7582_contig_7583	70.4517704517705	819	273	304	145	97
cen07_rplB_contig_7696_contig_7697	70.2075702075702	819	271	304	146	98
cen07_rplB_contig_7698_contig_7699	69.9849170437406	663	224	240	119	80
cen07_rplB_contig_7712_contig_7713	62.8450106157113	471	169	127	96	79
cen07_rplB_contig_7782_contig_7783	67.6543209876543	810	298	250	152	110
cen07_rplB_contig_7818_contig_7819	69.9186991869919	492	178	166	80	68
cen07_rplB_contig_7850_contig_7851	72.3247232472325	813	295	293	131	94
cen07_rplB_contig_8568_contig_8569	65.3439153439153	756	240	254	148	114
cen07_rplB_contig_8756_contig_8757	71.9362745098039	816	282	305	136	93
cen07_rplB_contig_9058_contig_9059	46.5846994535519	732	188	153	200	191
cen07_rplB_contig_9248_contig_9249	65.8119658119658	819	253	286	173	107
cen07_rplB_contig_9650_contig_9651	69.9047619047619	525	182	185	97	61
cen07_rplB_contig_9658_contig_9659	65.6862745098039	816	253	283	171	109
cen07_rplB_contig_10082_contig_10083	65.7088122605364	522	176	167	106	73
cen07_rplB_contig_10158_contig_10159	61.4666666666667	750	245	216	157	132
cen07_rplB_contig_10314_contig_10315	62.3030303030303	825	258	256	180	131
cen07_rplB_contig_10684_contig_10685	63.6363636363636	825	272	253	188	112
cen07_rplB_contig_11016_contig_11017	66.4224664224664	819	254	290	172	103
cen07_rplB_contig_12020_contig_12021	69.8795180722892	747	259	263	128	97
cen07_rplB_contig_12918_contig_12919	66.4529914529915	468	162	149	85	72
cen07_rplB_contig_13682_contig_13683	64.3790849673203	612	197	197	121	97
cen07_rplB_contig_15018_contig_15019	63.2352941176471	816	284	232	181	119
cen07_rplB_contig_15958_contig_15959	69.9047619047619	525	190	177	89	69
cen07_rplB_contig_16468_contig_16469	61.3605442176871	735	226	225	160	124
cen07_rplB_contig_16602_contig_16603	71.8137254901961	816	295	291	137	93
cen07_rplB_contig_16712_contig_16713	70.4517704517705	819	276	301	145	97
cen07_rplB_contig_16714_contig_16715	64.1843971631206	564	180	182	115	87
cen07_rplB_contig_16722_contig_16723	66.046511627907	645	221	205	115	104
cen07_rplB_contig_17088_contig_17089	65.2859960552268	507	182	149	106	70
cen07_rplB_contig_17916_contig_17917	66.8571428571429	525	182	169	93	81
cen07_rplB_contig_17930_contig_17931	69.5863746958638	822	285	287	149	101
cen07_rplB_contig_17974_contig_17975	72.2017220172202	813	294	293	145	81
cen07_rplB_contig_18028_contig_18029	65.0793650793651	819	256	277	171	115
cen07_rplB_contig_18118_contig_18119	66.4233576642336	822	269	277	171	105
cen07_rplB_contig_18180_contig_18181	63.4615384615385	468	157	140	97	74
cen07_rplB_contig_18248_contig_18249	65.4501216545012	822	265	273	176	108
cen07_rplB_contig_18262_contig_18263	64.8351648351648	819	250	281	176	112
cen07_rplB_contig_18306_contig_18307	69.5757575757576	825	286	288	149	102
cen07_rplB_contig_18484_contig_18485	65.2482269503546	564	189	179	114	82
cen07_rplB_contig_18528_contig_18529	69.3528693528693	819	276	292	148	103
cen07_rplB_contig_18576_contig_18577	60.9489051094891	822	278	223	198	123
cen07_rplB_contig_18730_contig_18731	63.0170316301703	822	264	254	170	134
cen07_rplB_contig_18800_contig_18801	66.4750957854406	522	177	170	96	79
cen07_rplB_contig_18816_contig_18817	66.1800486618005	822	274	270	171	107
cen07_rplB_contig_18834_contig_18835	69.7080291970803	822	279	294	159	90
cen07_rplB_contig_18860_contig_18861	69.96336996337	819	277	296	143	103
cen07_rplB_contig_18864_contig_18865	68.6746987951807	747	247	266	136	98
cen07_rplB_contig_18912_contig_18913	66.6666666666667	822	271	277	171	103
cen07_rplB_contig_19078_contig_19079	66.7883211678832	822	270	279	170	103
cen07_rplB_contig_19162_contig_19163	67.6434676434676	819	267	287	162	103
cen07_rplB_contig_19168_contig_19169	64.7130647130647	819	254	276	171	118
cen07_rplB_contig_19220_contig_19221	69.3430656934307	822	280	290	148	104
cen07_rplB_contig_19234_contig_19235	64.4688644688645	819	265	263	168	123
cen07_rplB_contig_19762_contig_19763	64.2978003384095	591	183	197	118	93
cen07_rplB_contig_19772_contig_19773	65.3235653235653	819	250	285	176	108
cen07_rplB_contig_20252_contig_20253	70.5234159779614	726	249	263	124	90
cen07_rplB_contig_21496_contig_21497	62.9901960784314	816	265	249	171	131
cen07_rplB_contig_21820_contig_21821	66.030534351145	786	270	249	152	115
cen07_rplB_contig_21932_contig_21933	43.1734317343173	813	209	142	246	216
cen07_rplB_contig_21974_contig_21975	66.0583941605839	822	274	269	164	115
cen07_rplB_contig_22012_contig_22013	64.969696969697	825	285	251	167	122
cen07_rplB_contig_22144_contig_22145	66.8010752688172	744	250	247	145	102
cen07_rplB_contig_22266_contig_22267	60.1532567049808	522	182	132	127	81
cen07_rplB_contig_22770_contig_22771	66.1800486618005	822	273	271	169	109
cen07_rplB_contig_22998_contig_22999	45.8333333333333	792	221	142	224	205
cen07_rplB_contig_23022_contig_23023	40.9090909090909	792	183	141	260	208
cen07_rplB_contig_23080_contig_23081	67.1515151515152	825	280	274	165	106
cen07_rplB_contig_23224_contig_23225	63.9902676399027	822	269	257	179	117
cen07_rplB_contig_23230_contig_23231	41.970802919708	822	199	146	251	226
cen07_rplB_contig_23498_contig_23499	50	462	136	95	118	113
cen07_rplB_contig_23968_contig_23969	62.6225490196078	816	257	254	179	126
cen07_rplB_contig_24110_contig_24111	69.8296836982968	822	274	300	152	96
cen07_rplB_contig_24250_contig_24251	58.9838909541512	807	265	211	189	142
cen07_rplB_contig_24262_contig_24263	70.316301703163	822	275	303	150	94
cen07_rplB_contig_24340_contig_24341	60.171568627451	816	256	235	197	128
cen07_rplB_contig_24648_contig_24649	70.316301703163	822	281	297	154	90
cen07_rplB_contig_24774_contig_24775	56.3786008230453	486	164	110	104	108
cen07_rplB_contig_24798_contig_24799	63.2352941176471	816	286	230	176	124
cen07_rplB_contig_24800_contig_24801	64.6825396825397	504	176	150	107	71
cen07_rplB_contig_24830_contig_24831	65.1960784313726	816	268	264	165	119
cen07_rplB_contig_24908_contig_24909	58.592132505176	483	157	126	118	82
cen07_rplB_contig_24934_contig_24935	62.1323529411765	816	256	251	173	136
cen07_rplB_contig_24942_contig_24943	65.2439024390244	492	173	148	102	69
cen07_rplB_contig_24998_contig_24999	65.9367396593674	822	270	272	176	104
cen07_rplB_contig_25190_contig_25191	61.0294117647059	816	262	236	181	137
cen07_rplB_contig_25206_contig_25207	62.1323529411765	816	251	256	177	132
cen07_rplB_contig_25208_contig_25209	65.3900709219858	705	249	212	142	102
cen07_rplB_contig_25218_contig_25219	50.077519379845	645	183	140	179	143
cen07_rplB_contig_25366_contig_25367	60.7843137254902	816	267	229	191	129
cen07_rplB_contig_25446_contig_25447	59.9264705882353	816	274	215	192	135
cen07_rplB_contig_25462_contig_25463	65.4456654456654	819	263	273	170	113
cen07_rplB_contig_25570_contig_25571	65.6934306569343	822	266	274	175	107
cen07_rplB_contig_25612_contig_25613	66.3003663003663	819	273	270	163	113
cen07_rplB_contig_25742_contig_25743	58.7009803921569	816	238	241	199	138
cen07_rplB_contig_25800_contig_25801	68.8725490196078	816	280	282	149	105
cen07_rplB_contig_25916_contig_25917	64.2246642246642	819	265	261	169	124
cen07_rplB_contig_25982_contig_25983	69.2214111922141	822	270	299	155	98
cen07_rplB_contig_26070_contig_26071	68.8725490196078	816	285	277	148	106
cen07_rplB_contig_26108_contig_26109	58.1081081081081	666	214	173	155	124
cen07_rplB_contig_26406_contig_26407	67.7282377919321	471	161	158	92	60
cen07_rplB_contig_26498_contig_26499	69.3333333333333	825	280	292	151	102
cen07_rplB_contig_26692_contig_26693	70.4517704517705	819	270	307	151	91
cen07_rplB_contig_26724_contig_26725	69.8412698412698	819	271	301	159	88
cen07_rplB_contig_27212_contig_27213	70.6140350877193	456	156	166	83	51
cen07_rplB_contig_27710_contig_27711	65.0709219858156	564	186	181	111	86
cen07_rplB_contig_27794_contig_27795	71.0622710622711	819	273	309	146	91
cen07_rplB_contig_29066_contig_29067	65.4576856649395	579	200	179	124	76
cen07_rplB_contig_29304_contig_29305	66.0561660561661	819	256	285	170	108
cen07_rplB_contig_30258_contig_30259	51.5503875968992	516	144	122	134	116
cen07_rplB_contig_30472_contig_30473	73.4989648033126	483	173	182	73	55
cen07_rplB_contig_30550_contig_30551	41.1580594679186	639	159	104	190	186
cen07_rplB_contig_30838_contig_30839	58.8807785888078	822	261	223	205	133
cen07_rplB_contig_31224_contig_31225	58.2978723404255	705	225	186	157	137
cen07_rplB_contig_31676_contig_31677	69.3627450980392	816	278	288	148	102
cen07_rplB_contig_31894_contig_31895	67.7469135802469	648	227	212	120	89
cen07_rplB_contig_32274_contig_32275	69.9393939393939	825	284	293	148	100
cen07_rplB_contig_32948_contig_32949	73.1182795698925	558	220	188	90	60
cen07_rplB_contig_33554_contig_33555	72.6495726495726	702	255	255	120	72
cen07_rplB_contig_34432_contig_34433	64.7988505747126	696	235	216	137	108
cen07_rplB_contig_36148_contig_36149	68.6486486486486	555	190	191	98	76
cen07_rplB_contig_36350_contig_36351	62.2103386809269	561	183	166	112	100
cen07_rplB_contig_37344_contig_37345	66.0561660561661	819	254	287	173	105
cen07_rplB_contig_40236_contig_40237	49.1009681881051	723	190	165	207	161
cen07_rplB_contig_40488_contig_40489	72.969696969697	825	308	294	143	80
cen07_rplB_contig_41216_contig_41217	66.1782661782662	819	254	288	170	107
cen07_rplB_contig_41448_contig_41449	65.0717703349282	627	206	202	131	88
cen07_rplB_contig_41618_contig_41619	65.0980392156863	510	168	164	102	76
cen07_rplB_contig_41658_contig_41659	71.1538461538462	624	215	229	109	71
cen07_rplB_contig_41682_contig_41683	67.9012345679012	810	274	276	162	98
cen07_rplB_contig_41832_contig_41833	42.0138888888889	576	148	94	205	129
cen07_rplB_contig_42008_contig_42009	66.4233576642336	822	269	277	170	106
cen07_rplB_contig_43090_contig_43091	47.7777777777778	630	163	138	186	143
cen07_rplB_contig_43262_contig_43263	65.2014652014652	819	259	275	173	112
cen07_rplB_contig_43894_contig_43895	68.8564476885645	822	275	291	164	92
cen07_rplB_contig_44316_contig_44317	72.9824561403509	570	205	211	97	57
cen07_rplB_contig_44680_contig_44681	64.8148148148148	486	168	147	104	67
cen07_rplB_contig_44684_contig_44685	70.5357142857143	672	236	238	116	82
cen07_rplB_contig_45250_contig_45251	57.0542635658915	645	209	159	159	118
cen07_rplB_contig_45316_contig_45317	66.6666666666667	471	172	142	95	62
cen07_rplB_contig_45492_contig_45493	65.4456654456654	819	250	286	169	114
cen07_rplB_contig_45666_contig_45667	64.4688644688645	819	247	281	169	122
cen07_rplB_contig_46338_contig_46339	58.9108910891089	606	193	164	131	118
cen07_rplB_contig_46942_contig_46943	67.9425837320574	627	202	224	120	81
cen07_rplB_contig_48100_contig_48101	66.4224664224664	819	256	288	169	106
cen07_rplB_contig_48154_contig_48155	67.0912951167728	471	164	152	96	59
cen07_rplB_contig_48452_contig_48453	71.1382113821138	492	171	179	89	53
cen07_rplB_contig_48454_contig_48455	67.8876678876679	819	268	288	164	99
cen07_rplB_contig_48462_contig_48463	68.1265206812652	822	275	285	166	96
cen07_rplB_contig_48476_contig_48477	70.440251572327	477	164	172	87	54
cen07_rplB_contig_48762_contig_48763	68.9814814814815	648	220	227	112	89
cen07_rplB_contig_48780_contig_48781	66.8789808917197	471	174	141	95	61
cen07_rplB_contig_48804_contig_48805	69.0058479532164	684	233	239	118	94
cen07_rplB_contig_48824_contig_48825	67.8832116788321	822	272	286	171	93
cen07_rplB_contig_48940_contig_48941	66.0162601626016	615	205	201	122	87
cen07_rplB_contig_49124_contig_49125	64.6129541864139	633	210	199	133	91
cen07_rplB_contig_49220_contig_49221	69.3430656934307	822	313	257	155	97
cen07_rplB_contig_49528_contig_49529	67.8876678876679	819	276	280	160	103
cen07_rplB_contig_49614_contig_49615	68.2598039215686	816	287	270	150	109
cen07_rplB_contig_49920_contig_49921	65.9340659340659	819	261	279	169	110
cen07_rplB_contig_50010_contig_50011	69.5757575757576	825	267	307	153	98
cen07_rplB_contig_50094_contig_50095	66.5450121654501	822	273	274	172	103
cen07_rplB_contig_50276_contig_50277	64.3467643467643	819	246	281	169	123
cen07_rplB_contig_51114_contig_51115	70.0159489633174	627	212	227	112	76
cen07_rplB_contig_51200_contig_51201	72.3300970873786	618	236	211	96	75
cen07_rplB_contig_51224_contig_51225	65.6666666666667	600	182	212	125	81
cen07_rplB_contig_51310_contig_51311	64.8692810457516	612	192	205	121	94
cen07_rplB_contig_51370_contig_51371	60.3406326034063	822	243	253	189	137
cen07_rplB_contig_51386_contig_51387	63.573883161512	582	188	182	124	88
cen07_rplB_contig_51392_contig_51393	63.2478632478633	819	245	273	176	125
cen07_rplB_contig_51438_contig_51439	64.2424242424242	495	157	161	107	70
cen07_rplB_contig_51532_contig_51533	65.5394524959742	621	199	208	127	87
cen07_rplB_contig_51576_contig_51577	64.7940074906367	534	163	183	115	73
cen07_rplB_contig_51596_contig_51597	62.7450980392157	663	203	213	138	109
cen07_rplB_contig_52832_contig_52833	60.9865470852018	669	220	188	136	125
cen07_rplB_contig_52990_contig_52991	60.5769230769231	624	206	172	151	95
cen07_rplB_contig_54944_contig_54945	63.9517345399698	663	202	222	142	97
cen07_rplB_contig_55038_contig_55039	68.986568986569	819	274	291	153	101
cen07_rplB_contig_55230_contig_55231	70.0854700854701	819	281	293	144	101
cen07_rplB_contig_55276_contig_55277	45.5238095238095	525	122	117	156	130
cen07_rplB_contig_55344_contig_55345	65.2173913043478	690	222	228	142	98
cen07_rplB_contig_55438_contig_55439	60.6936416184971	519	162	153	114	90
cen07_rplB_contig_55482_contig_55483	48.2654600301659	663	168	152	191	152
cen07_rplB_contig_55938_contig_55939	63.3528265107213	513	154	171	108	80
cen07_rplB_contig_56220_contig_56221	63.1782945736434	516	157	169	124	66
cen07_rplB_contig_56426_contig_56427	64.3809523809524	525	164	174	112	75
cen07_rplB_contig_56612_contig_56613	65.1769087523277	537	173	177	112	75
cen07_rplB_contig_56620_contig_56621	63.7596899224806	516	157	172	107	80
cen07_rplB_contig_56642_contig_56643	66.8508287292818	543	174	189	112	68
cen07_rplB_contig_56658_contig_56659	65.3703703703704	540	171	182	112	75
cen07_rplB_contig_56684_contig_56685	65.6910569105691	615	197	207	116	95
cen07_rplB_contig_56748_contig_56749	66.2790697674419	516	167	175	100	74
cen07_rplB_contig_56832_contig_56833	64.3467643467643	819	251	276	170	122
cen07_rplB_contig_57052_contig_57053	68.1564245810056	537	179	187	100	71
cen07_rplB_contig_57152_contig_57153	64.957264957265	819	246	286	168	119
cen07_rplB_contig_57424_contig_57425	64.4194756554307	534	180	164	119	71
cen07_rplB_contig_58280_contig_58281	64.8373983739837	492	158	161	107	66
cen07_rplB_contig_58446_contig_58447	65.4901960784314	510	166	168	107	69
cen07_rplB_contig_58456_contig_58457	63.1578947368421	456	151	137	97	71
cen07_rplB_contig_59060_contig_59061	69.0335305719921	507	172	178	94	63
cen07_rplB_contig_59078_contig_59079	66.8478260869565	552	178	191	118	65
cen07_rplB_contig_59080_contig_59081	68.760907504363	573	202	192	116	63
cen07_rplB_contig_59172_contig_59173	62.2916666666667	480	151	148	101	80
cen07_rplB_contig_59654_contig_59655	65.5629139072848	453	159	138	96	60
cen07_rplB_contig_59846_contig_59847	67.2794117647059	816	284	265	155	112
cen07_rplB_contig_59854_contig_59855	67.032967032967	819	267	282	168	102
cen07_rplB_contig_59942_contig_59943	63.9593908629442	591	180	198	128	85
cen07_rplB_contig_59966_contig_59967	71.4285714285714	546	203	187	95	61
cen07_rplB_contig_59992_contig_59993	65.5677655677656	819	253	284	166	116
cen07_rplB_contig_59998_contig_59999	66.1016949152542	531	176	175	114	66
cen07_rplB_contig_60054_contig_60055	67.0682730923695	498	160	174	100	64
cen07_rplB_contig_60068_contig_60069	70.8571428571429	525	184	188	91	62
cen07_rplB_contig_60096_contig_60097	61.9047619047619	546	173	165	113	95
cen07_rplB_contig_60108_contig_60109	63.9042357274401	543	186	161	110	86
cen07_rplB_contig_60164_contig_60165	69.5736434108527	516	165	194	95	62
cen07_rplB_contig_60192_contig_60193	68.4287812041116	681	224	242	133	82
cen07_rplB_contig_60206_contig_60207	69.4719471947195	606	193	228	112	73
cen07_rplB_contig_60208_contig_60209	63.4920634920635	819	250	270	168	131
cen07_rplB_contig_60356_contig_60357	66.6666666666667	534	173	183	109	69
cen07_rplB_contig_60396_contig_60397	72.4206349206349	504	174	191	86	53
cen07_rplB_contig_60424_contig_60425	64.9122807017544	513	165	168	107	73
cen07_rplB_contig_60426_contig_60427	72.0496894409938	483	180	168	83	52
cen07_rplB_contig_60510_contig_60511	59.9616858237548	522	156	157	121	88
cen07_rplB_contig_60588_contig_60589	63.1027253668763	477	148	153	107	69
cen07_rplB_contig_60612_contig_60613	64	825	258	270	181	116
cen07_rplB_contig_60692_contig_60693	65.8730158730159	504	172	160	101	71
cen07_rplB_contig_60958_contig_60959	68.3426443202979	537	177	190	100	70
cen07_rplB_contig_61632_contig_61633	66.8817204301075	465	158	153	98	56
cen07_rplB_contig_62384_contig_62385	61.2662942271881	537	186	143	121	87
cen07_rplB_contig_62434_contig_62435	61.3247863247863	468	134	153	106	75
cen07_rplB_contig_62562_contig_62563	61.1418047882136	543	173	159	131	80
cen07_rplB_contig_62640_contig_62641	68.4313725490196	510	172	177	100	61
cen07_rplB_contig_62874_contig_62875	71.6981132075472	477	152	190	81	54
cen07_rplB_contig_63664_contig_63665	72.0787207872079	813	292	294	144	83
cen07_rplB_contig_63690_contig_63691	62.0689655172414	522	159	165	105	93
cen07_rplB_contig_63698_contig_63699	65.8914728682171	645	223	202	116	104
cen07_rplB_contig_63864_contig_63865	61.1742424242424	528	172	151	129	76
cen07_rplB_contig_63870_contig_63871	59.2592592592593	459	131	141	110	77
cen07_rplB_contig_63986_contig_63987	61.2903225806452	465	141	144	107	73
cen07_rplB_contig_64022_contig_64023	70.2857142857143	525	184	185	90	66
cen07_rplB_contig_64112_contig_64113	63.0952380952381	504	162	156	100	86
cen07_rplB_contig_64132_contig_64133	66.6666666666667	825	307	243	164	111
cen07_rplB_contig_64256_contig_64257	71.709717097171	813	292	291	145	85
cen07_rplB_contig_65482_contig_65483	71.8518518518518	810	289	293	142	86
cen07_rplB_contig_65654_contig_65655	72.5108225108225	462	177	158	75	52
cen07_rplB_contig_65722_contig_65723	60.2484472049689	483	166	125	108	84
cen07_rplB_contig_65776_contig_65777	68.1972789115646	588	207	194	116	71
cen07_rplB_contig_66014_contig_66015	67.7824267782427	717	247	239	136	95
cen07_rplB_contig_66034_contig_66035	70.4119850187266	534	183	193	91	67
cen07_rplB_contig_66414_contig_66415	69.3798449612403	516	179	179	88	70
cen07_rplB_contig_67034_contig_67035	64.7130647130647	819	254	276	165	124
cen07_rplB_contig_67174_contig_67175	55.0387596899225	516	154	130	123	109
cen07_rplB_contig_67176_contig_67177	69.2449355432781	543	183	193	104	63
cen07_rplB_contig_67188_contig_67189	64.0096618357488	828	274	256	166	132
cen07_rplB_contig_67198_contig_67199	72.6269315673289	453	171	158	80	44
cen07_rplB_contig_67382_contig_67383	70.5284552845528	492	174	173	86	59
cen07_rplB_contig_67662_contig_67663	60.1731601731602	462	143	135	99	85
cen07_rplB_contig_67766_contig_67767	61.1111111111111	522	168	151	111	92
cen07_rplB_contig_68306_contig_68307	68.969696969697	825	275	294	163	93
cen07_rplB_contig_68420_contig_68421	66.4343786295006	861	276	296	177	112
cen07_rplB_contig_68478_contig_68479	66.4902998236332	567	178	199	108	82
cen07_rplB_contig_68494_contig_68495	70.6827309236948	498	172	180	94	52
cen07_rplB_contig_68704_contig_68705	65.2849740932643	579	182	196	114	87
cen07_rplB_contig_68998_contig_68999	60.5714285714286	525	158	160	115	92
cen07_rplB_contig_69156_contig_69157	59.8198198198198	555	179	153	123	100
cen07_rplB_contig_69294_contig_69295	65.8119658119658	819	262	277	166	114
cen07_rplB_contig_69780_contig_69781	59.4202898550725	483	147	140	113	83
cen07_rplB_contig_70042_contig_70043	64.7130647130647	819	252	278	166	123
cen07_rplB_contig_70062_contig_70063	66.4893617021277	564	179	196	108	81
cen07_rplB_contig_70080_contig_70081	64.8351648351648	819	247	284	168	120
cen07_rplB_contig_70302_contig_70303	64.7826086956522	690	210	237	138	105
cen07_rplB_contig_70446_contig_70447	67.8275290215589	603	203	206	124	70
cen07_rplB_contig_70898_contig_70899	67.7304964539007	564	180	202	113	69
cen07_rplB_contig_71240_contig_71241	66.6666666666667	570	192	188	118	72
cen07_rplB_contig_71546_contig_71547	59.6363636363636	825	250	242	201	132
cen07_rplB_contig_71740_contig_71741	64.5951035781544	531	173	170	112	76
cen07_rplB_contig_72020_contig_72021	60.7064017660044	453	123	152	100	78
cen07_rplB_contig_72316_contig_72317	71.0622710622711	819	280	302	142	95
cen07_rplB_contig_72380_contig_72381	64.7186147186147	462	139	160	99	64
cen07_rplB_contig_72414_contig_72415	63.8888888888889	540	192	153	113	82
cen07_rplB_contig_72426_contig_72427	67.6646706586826	501	175	164	95	67
cen07_rplB_contig_72466_contig_72467	66.9354838709677	744	247	251	155	91
cen07_rplB_contig_72904_contig_72905	69.1588785046729	642	214	230	118	80
cen07_rplB_contig_73054_contig_73055	69.6629213483146	534	175	197	96	66
cen07_rplB_contig_73476_contig_73477	66.1654135338346	798	250	278	155	115
cen07_rplB_contig_73678_contig_73679	63.6178861788618	492	151	162	95	84
cen07_rplB_contig_73718_contig_73719	70.3567035670357	813	270	302	144	97
cen07_rplB_contig_74204_contig_74205	58.719646799117	453	131	135	104	83
cen07_rplB_contig_74628_contig_74629	63.5313531353135	606	195	190	126	95
cen07_rplB_contig_74970_contig_74971	61.6969696969697	825	271	238	184	132
cen07_rplB_contig_75312_contig_75313	69.0322580645161	465	152	169	92	52
cen07_rplB_contig_75478_contig_75479	67.2284644194757	534	166	193	111	64
cen07_rplB_contig_75678_contig_75679	64.2962962962963	675	224	210	138	103
cen07_rplB_contig_75778_contig_75779	69.3333333333333	525	183	181	93	68
cen07_rplB_contig_75802_contig_75803	67.4382716049383	648	221	216	129	82
cen07_rplB_contig_75944_contig_75945	60.0973236009732	822	248	246	196	132
cen07_rplB_contig_75968_contig_75969	70.7257072570726	813	291	284	151	87
cen07_rplB_contig_75986_contig_75987	64.7916666666667	480	166	145	100	69
cen07_rplB_contig_76132_contig_76133	65.0793650793651	819	259	274	168	118
cen07_rplB_contig_76302_contig_76303	66.2990196078431	816	274	267	169	106
cen07_rplB_contig_76358_contig_76359	63.5578583765112	579	193	175	121	90
cen07_rplB_contig_76390_contig_76391	65.6140350877193	570	190	184	117	79
cen07_rplB_contig_76648_contig_76649	71.063829787234	705	252	249	129	75
cen07_rplB_contig_77872_contig_77873	66.6666666666667	630	215	205	132	78
cen07_rplB_contig_78036_contig_78037	69.2121212121212	825	274	297	163	91
cen07_rplB_contig_78040_contig_78041	70.2830188679245	636	217	230	117	72
cen07_rplB_contig_78290_contig_78291	65.625	576	191	187	125	73
cen07_rplB_contig_79216_contig_79217	58.9403973509934	453	134	133	108	78
cen07_rplB_contig_79600_contig_79601	67.741935483871	465	143	172	93	57
cen07_rplB_contig_80230_contig_80231	65.6898656898657	819	253	285	171	110
cen07_rplB_contig_81422_contig_81423	65.8914728682171	645	217	208	137	83
cen07_rplB_contig_81454_contig_81455	70.6467661691542	603	202	224	111	66
cen07_rplB_contig_81596_contig_81597	66.1788617886179	615	205	202	118	90
cen07_rplB_contig_82056_contig_82057	68.1647940074906	534	192	172	108	62
cen07_rplB_contig_82082_contig_82083	64.9019607843137	510	166	165	110	69
cen07_rplB_contig_82128_contig_82129	69.2307692307692	819	280	287	154	98
cen07_rplB_contig_82226_contig_82227	69.5652173913043	621	209	223	110	79
cen07_rplB_contig_82252_contig_82253	69.4610778443114	501	171	177	85	68
cen07_rplB_contig_82292_contig_82293	71.1666666666667	600	201	226	106	67
cen07_rplB_contig_82374_contig_82375	64.9019607843137	510	172	159	109	70
cen07_rplB_contig_82424_contig_82425	67.3758865248227	564	179	201	115	69
cen07_rplB_contig_82612_contig_82613	64.2424242424242	825	271	259	183	112
cen07_rplB_contig_83094_contig_83095	64.8514851485149	606	204	189	118	95
cen07_rplB_contig_83168_contig_83169	64.5909645909646	819	251	278	168	122
cen07_rplB_contig_83320_contig_83321	65.1577503429355	729	229	246	151	103
cen07_rplB_contig_83372_contig_83373	71.6744913928013	639	228	230	116	65
cen07_rplB_contig_83440_contig_83441	64.622641509434	636	212	199	138	87
cen07_rplB_contig_83520_contig_83521	69.8216735253772	729	248	261	133	87
cen07_rplB_contig_83662_contig_83663	67.4897119341564	486	168	160	82	76
cen07_rplB_contig_83672_contig_83673	69.5863746958638	822	274	298	159	91
cen07_rplB_contig_84134_contig_84135	67.6680972818312	699	239	234	142	84
cen07_rplB_contig_84510_contig_84511	64.2611683848797	582	186	188	116	92
cen07_rplB_contig_84960_contig_84961	64	525	156	180	108	81
cen07_rplB_contig_86298_contig_86299	70.6666666666667	525	188	183	89	65
cen07_rplB_contig_86444_contig_86445	65.7738095238095	672	216	226	128	102
cen07_rplB_contig_87186_contig_87187	65.3235653235653	819	262	273	167	117
cen07_rplB_contig_89018_contig_89019	67.9824561403509	456	155	155	88	58
cen07_rplB_contig_89040_contig_89041	69.3333333333333	525	184	180	92	69
cen07_rplB_contig_89240_contig_89241	70.6896551724138	522	177	192	91	62
cen07_rplB_contig_89518_contig_89519	70.4819277108434	498	176	175	83	64
cen07_rplB_contig_92198_contig_92199	67.2316384180791	708	264	212	138	94
cen07_rplB_contig_92358_contig_92359	66.6666666666667	816	271	273	167	105
cen07_rplB_contig_92404_contig_92405	69.7674418604651	645	224	226	109	86
cen07_rplB_contig_92688_contig_92689	71.900826446281	726	271	251	118	86
cen07_rplB_contig_92724_contig_92725	72.0787207872079	813	298	288	143	84
cen07_rplB_contig_92958_contig_92959	69.6969696969697	825	274	301	159	91
cen07_rplB_contig_93122_contig_93123	69.901547116737	711	241	256	130	84
cen07_rplB_contig_93150_contig_93151	56.7708333333333	576	171	156	143	106
cen07_rplB_contig_93250_contig_93251	70.0248756218905	804	263	300	158	83
cen07_rplB_contig_93672_contig_93673	69.7080291970803	822	274	299	155	94
cen07_rplB_contig_93868_contig_93869	72.2222222222222	810	297	288	143	82
cen07_rplB_contig_93994_contig_93995	69.9588477366255	486	172	168	84	62
cen07_rplB_contig_94194_contig_94195	67.1150971599402	669	226	223	135	85
cen07_rplB_contig_94528_contig_94529	69.6774193548387	465	167	157	80	61
cen07_rplB_contig_94700_contig_94701	71.5803452855246	753	270	269	136	78
cen07_rplB_contig_95108_contig_95109	64.2246642246642	819	260	266	175	118
cen07_rplB_contig_95144_contig_95145	64.2246642246642	819	253	273	169	124
cen07_rplB_contig_95148_contig_95149	65.0793650793651	819	254	279	166	120
cen07_rplB_contig_95156_contig_95157	64.5909645909646	819	249	280	170	120
cen07_rplB_contig_95382_contig_95383	65.2360515021459	699	219	237	135	108
cen07_rplB_contig_95482_contig_95483	64.957264957265	819	257	275	164	123
cen07_rplB_contig_95612_contig_95613	65.6695156695157	702	220	241	140	101
cen07_rplB_contig_95690_contig_95691	69.5757575757576	825	275	299	159	92
cen07_rplB_contig_95728_contig_95729	65.8119658119658	819	255	284	166	114
cen07_rplB_contig_95984_contig_95985	68.009768009768	819	279	278	154	108
cen07_rplB_contig_97078_contig_97079	67.7536231884058	828	287	274	167	100
cen07_rplB_contig_97174_contig_97175	67.0289855072464	552	176	194	118	64
cen07_rplB_contig_97470_contig_97471	70.2594810379241	501	171	181	87	62
cen07_rplB_contig_98188_contig_98189	71.8666666666667	750	279	260	127	84
cen07_rplB_contig_98274_contig_98275	69.5201037613489	771	259	277	152	83
cen07_rplB_contig_98964_contig_98965	69.8602794411178	501	171	179	84	67
cen07_rplB_contig_99316_contig_99317	72.4528301886792	795	293	283	141	78
cen07_rplB_contig_99410_contig_99411	65.2014652014652	819	254	280	167	118
cen07_rplB_contig_99464_contig_99465	63.7254901960784	510	157	168	100	85
cen07_rplB_contig_99596_contig_99597	72.939729397294	813	301	292	140	80
cen07_rplB_contig_99744_contig_99745	65.5677655677656	819	260	277	164	118
cen07_rplB_contig_99856_contig_99857	69.0909090909091	825	276	294	164	91
cen07_rplB_contig_99946_contig_99947	69.7435897435897	780	257	287	149	87
cen07_rplB_contig_100722_contig_100723	63.9949109414758	786	269	234	171	112
cen07_rplB_contig_101396_contig_101397	69.1358024691358	810	270	290	159	91
cen07_rplB_contig_101436_contig_101437	69.4545454545455	825	270	303	160	92
cen07_rplB_contig_102018_contig_102019	65.6898656898657	819	257	281	169	112
