ID	% GCContent	Total Count	G Count	C Count	A Count	T Count
cen05_rplB_contig_4_contig_5	63.3939393939394	825	274	249	171	131
cen05_rplB_contig_138_contig_139	71.9557195571956	813	285	300	137	91
cen05_rplB_contig_200_contig_201	67.1532846715328	822	265	287	153	117
cen05_rplB_contig_210_contig_211	69.4749694749695	819	269	300	152	98
cen05_rplB_contig_322_contig_323	72.8770595690748	789	274	301	131	83
cen05_rplB_contig_356_contig_357	62.1818181818182	825	274	239	184	128
cen05_rplB_contig_370_contig_371	65.0735294117647	816	247	284	168	117
cen05_rplB_contig_374_contig_375	63.8686131386861	822	243	282	174	123
cen05_rplB_contig_376_contig_377	71.8978102189781	822	285	306	142	89
cen05_rplB_contig_378_contig_379	72.3844282238443	822	285	310	140	87
cen05_rplB_contig_380_contig_381	62.3574144486692	789	268	224	170	127
cen05_rplB_contig_398_contig_399	62.962962962963	459	146	143	103	67
cen05_rplB_contig_402_contig_403	61.5757575757576	825	267	241	190	127
cen05_rplB_contig_412_contig_413	62.2710622710623	819	255	255	184	125
cen05_rplB_contig_458_contig_459	60.1212121212121	825	262	234	197	132
cen05_rplB_contig_468_contig_469	60.3636363636364	825	271	227	194	133
cen05_rplB_contig_474_contig_475	70.2205882352941	816	278	295	148	95
cen05_rplB_contig_500_contig_501	60.7207207207207	555	191	146	131	87
cen05_rplB_contig_514_contig_515	64.093137254902	816	294	229	184	109
cen05_rplB_contig_518_contig_519	71.654501216545	822	281	308	143	90
cen05_rplB_contig_526_contig_527	65.7355679702048	537	183	170	107	77
cen05_rplB_contig_536_contig_537	72.8710462287105	822	286	313	129	94
cen05_rplB_contig_542_contig_543	59.5151515151515	825	261	230	190	144
cen05_rplB_contig_544_contig_545	66.6666666666667	822	266	282	164	110
cen05_rplB_contig_552_contig_553	58.9090909090909	825	263	223	203	136
cen05_rplB_contig_578_contig_579	62.0071684587814	558	203	143	127	85
cen05_rplB_contig_596_contig_597	64.8484848484848	825	276	259	177	113
cen05_rplB_contig_622_contig_623	65.8088235294118	816	286	251	171	108
cen05_rplB_contig_646_contig_647	63.5036496350365	822	240	282	175	125
cen05_rplB_contig_648_contig_649	59.8440545808967	513	171	136	127	79
cen05_rplB_contig_658_contig_659	60.8863198458574	519	175	141	125	78
cen05_rplB_contig_664_contig_665	65.5637254901961	816	275	260	172	109
cen05_rplB_contig_670_contig_671	60.6060606060606	825	267	233	197	128
cen05_rplB_contig_676_contig_677	65.5637254901961	816	275	260	175	106
cen05_rplB_contig_678_contig_679	64.3552311435523	822	243	286	167	126
cen05_rplB_contig_684_contig_685	62.6520681265207	822	262	253	182	125
cen05_rplB_contig_694_contig_695	58.9090909090909	825	250	236	199	140
cen05_rplB_contig_700_contig_701	61.7647058823529	510	195	120	106	89
cen05_rplB_contig_702_contig_703	59.3939393939394	825	256	234	195	140
cen05_rplB_contig_712_contig_713	71.2041884816754	573	179	229	91	74
cen05_rplB_contig_718_contig_719	63.0170316301703	822	259	259	186	118
cen05_rplB_contig_740_contig_741	65.6934306569343	822	278	262	174	108
cen05_rplB_contig_742_contig_743	66.5432098765432	810	262	277	162	109
cen05_rplB_contig_750_contig_751	60.5616605616606	819	260	236	193	130
cen05_rplB_contig_762_contig_763	65.0442477876106	678	217	224	143	94
cen05_rplB_contig_764_contig_765	64.7130647130647	819	242	288	169	120
cen05_rplB_contig_776_contig_777	65.0793650793651	819	259	274	169	117
cen05_rplB_contig_778_contig_779	61.3138686131387	822	257	247	190	128
cen05_rplB_contig_780_contig_781	71.4111922141119	822	284	303	142	93
cen05_rplB_contig_790_contig_791	64.7058823529412	816	245	283	168	120
cen05_rplB_contig_794_contig_795	67.4019607843137	816	275	275	159	107
cen05_rplB_contig_802_contig_803	68.009768009768	819	282	275	166	96
cen05_rplB_contig_816_contig_817	65.4520917678812	741	274	211	151	105
cen05_rplB_contig_818_contig_819	66.3003663003663	819	272	271	167	109
cen05_rplB_contig_824_contig_825	64.3382352941177	816	280	245	185	106
cen05_rplB_contig_832_contig_833	60.5839416058394	822	268	230	194	130
cen05_rplB_contig_838_contig_839	64.7130647130647	819	273	257	175	114
cen05_rplB_contig_868_contig_869	65.5677655677656	819	283	254	172	110
cen05_rplB_contig_880_contig_881	60.3636363636364	825	268	230	189	138
cen05_rplB_contig_890_contig_891	62.0606060606061	825	275	237	185	128
cen05_rplB_contig_910_contig_911	64.1119221411192	822	288	239	187	108
cen05_rplB_contig_934_contig_935	61.8181818181818	825	262	248	192	123
cen05_rplB_contig_936_contig_937	67.5245098039216	816	275	276	158	107
cen05_rplB_contig_942_contig_943	61.6352201257862	636	197	195	138	106
cen05_rplB_contig_946_contig_947	59.8540145985401	822	265	227	186	144
cen05_rplB_contig_950_contig_951	58.7878787878788	825	262	223	200	140
cen05_rplB_contig_954_contig_955	63.8480392156863	816	282	239	185	110
cen05_rplB_contig_980_contig_981	66.7878787878788	825	273	278	162	112
cen05_rplB_contig_1002_contig_1003	62.8415300546448	549	194	151	126	78
cen05_rplB_contig_1012_contig_1013	65.8150851581509	822	284	257	175	106
cen05_rplB_contig_1020_contig_1021	65.3186274509804	816	276	257	176	107
cen05_rplB_contig_1030_contig_1031	65.4456654456654	819	244	292	164	119
cen05_rplB_contig_1036_contig_1037	68.2424242424242	825	276	287	163	99
cen05_rplB_contig_1046_contig_1047	62.8676470588235	816	254	259	180	123
cen05_rplB_contig_1058_contig_1059	65.0851581508516	822	286	249	173	114
cen05_rplB_contig_1068_contig_1069	61.2745098039216	816	248	252	183	133
cen05_rplB_contig_1074_contig_1075	60.3535353535354	792	237	241	190	124
cen05_rplB_contig_1086_contig_1087	70.1946472019465	822	276	301	146	99
cen05_rplB_contig_1090_contig_1091	64.6060606060606	825	284	249	181	111
cen05_rplB_contig_1120_contig_1121	62.2857142857143	525	149	178	111	87
cen05_rplB_contig_1152_contig_1153	65.5637254901961	816	277	258	162	119
cen05_rplB_contig_1166_contig_1167	59.7575757575758	825	259	234	201	131
cen05_rplB_contig_1176_contig_1177	64.5909645909646	819	256	273	163	127
cen05_rplB_contig_1192_contig_1193	64.720194647202	822	272	260	176	114
cen05_rplB_contig_1196_contig_1197	60.2424242424242	825	265	232	195	133
cen05_rplB_contig_1212_contig_1213	64.1119221411192	822	239	288	174	121
cen05_rplB_contig_1224_contig_1225	64.8351648351648	819	265	266	175	113
cen05_rplB_contig_1240_contig_1241	60.7843137254902	816	267	229	187	133
cen05_rplB_contig_1242_contig_1243	62.4661246612466	738	241	220	162	115
cen05_rplB_contig_1244_contig_1245	64.8484848484848	825	276	259	183	107
cen05_rplB_contig_1260_contig_1261	63.9902676399027	822	240	286	174	122
cen05_rplB_contig_1272_contig_1273	66.5130568356375	651	223	210	133	85
cen05_rplB_contig_1292_contig_1293	63.9705882352941	816	245	277	173	121
cen05_rplB_contig_1308_contig_1309	64.7540983606557	732	235	239	149	109
cen05_rplB_contig_1344_contig_1345	71.1515151515152	825	282	305	146	92
cen05_rplB_contig_1352_contig_1353	66.4233576642336	822	267	279	166	110
cen05_rplB_contig_1362_contig_1363	64.8484848484848	825	248	287	174	116
cen05_rplB_contig_1386_contig_1387	62.1301775147929	507	177	138	117	75
cen05_rplB_contig_1388_contig_1389	70.8061002178649	459	171	154	84	50
cen05_rplB_contig_1390_contig_1391	68.4981684981685	819	269	292	159	99
cen05_rplB_contig_1420_contig_1421	65.9313725490196	816	277	261	174	104
cen05_rplB_contig_1430_contig_1431	60.705596107056	822	254	245	194	129
cen05_rplB_contig_1442_contig_1443	65.1457541191381	789	246	268	160	115
cen05_rplB_contig_1448_contig_1449	65.4589371980676	828	280	262	179	107
cen05_rplB_contig_1468_contig_1469	70.0248756218905	804	267	296	147	94
cen05_rplB_contig_1554_contig_1555	66.4197530864197	810	262	276	163	109
cen05_rplB_contig_1592_contig_1593	66.1728395061728	810	258	278	162	112
cen05_rplB_contig_1604_contig_1605	66.2921348314607	534	163	191	101	79
cen05_rplB_contig_1622_contig_1623	68.719806763285	828	275	294	163	96
cen05_rplB_contig_1632_contig_1633	65.0851581508516	822	247	288	170	117
cen05_rplB_contig_1664_contig_1665	65.0851581508516	822	274	261	176	111
cen05_rplB_contig_1672_contig_1673	65.5717761557178	822	277	262	176	107
cen05_rplB_contig_1686_contig_1687	65.0909090909091	825	278	259	173	115
cen05_rplB_contig_1714_contig_1715	64.2246642246642	819	243	283	175	118
cen05_rplB_contig_1722_contig_1723	65.8212560386473	828	282	263	166	117
cen05_rplB_contig_1724_contig_1725	69.6517412935323	804	263	297	148	96
cen05_rplB_contig_1844_contig_1845	64.4688644688645	819	240	288	166	125
cen05_rplB_contig_1870_contig_1871	64.2335766423358	822	250	278	172	122
cen05_rplB_contig_1902_contig_1903	65.8150851581509	822	279	262	164	117
cen05_rplB_contig_1918_contig_1919	72.3429951690821	828	288	311	141	88
cen05_rplB_contig_2026_contig_2027	66.3003663003663	819	289	254	169	107
cen05_rplB_contig_2046_contig_2047	64.4356955380577	762	242	249	158	113
cen05_rplB_contig_2080_contig_2081	61.6421568627451	816	268	235	184	129
cen05_rplB_contig_2096_contig_2097	65.9259259259259	810	260	274	164	112
cen05_rplB_contig_2138_contig_2139	64.7766323024055	582	198	179	121	84
cen05_rplB_contig_2154_contig_2155	71.0334788937409	687	247	241	114	85
cen05_rplB_contig_2166_contig_2167	69.1214470284238	774	243	292	137	102
cen05_rplB_contig_2240_contig_2241	67.3939393939394	825	279	277	161	108
cen05_rplB_contig_2342_contig_2343	64.5502645502645	756	242	246	155	113
cen05_rplB_contig_2372_contig_2373	65.8212560386473	828	281	264	166	117
cen05_rplB_contig_2404_contig_2405	67.0316301703163	822	272	279	163	108
cen05_rplB_contig_2648_contig_2649	64.5679012345679	810	253	270	165	122
cen05_rplB_contig_2728_contig_2729	66.0401002506266	798	257	270	161	110
cen05_rplB_contig_2780_contig_2781	68.978102189781	822	278	289	155	100
cen05_rplB_contig_3896_contig_3897	65.1851851851852	810	254	274	167	115
cen05_rplB_contig_4018_contig_4019	66.789667896679	813	260	283	162	108
cen05_rplB_contig_4050_contig_4051	65.0909090909091	825	278	259	178	110
cen05_rplB_contig_4166_contig_4167	69.0909090909091	825	276	294	155	100
cen05_rplB_contig_4168_contig_4169	66.0516605166052	813	260	277	163	113
cen05_rplB_contig_4214_contig_4215	66.5436654366544	813	266	275	162	110
cen05_rplB_contig_4246_contig_4247	63.75	480	153	153	95	79
cen05_rplB_contig_4300_contig_4301	65.8884565499351	771	265	243	148	115
cen05_rplB_contig_4412_contig_4413	63.1386861313869	822	273	246	184	119
cen05_rplB_contig_4624_contig_4625	61.4163614163614	819	255	248	176	140
cen05_rplB_contig_5138_contig_5139	63.8480392156863	816	278	243	184	111
cen05_rplB_contig_5344_contig_5345	62.5382262996942	654	224	185	135	110
cen05_rplB_contig_5422_contig_5423	64.6258503401361	735	235	240	152	108
cen05_rplB_contig_5494_contig_5495	67.030303030303	825	271	282	163	109
cen05_rplB_contig_5634_contig_5635	64.828431372549	816	247	282	166	121
cen05_rplB_contig_5682_contig_5683	66.301703163017	822	272	273	164	113
cen05_rplB_contig_5862_contig_5863	66.9191919191919	792	269	261	157	105
cen05_rplB_contig_6008_contig_6009	60.7487922705314	828	272	231	179	146
cen05_rplB_contig_6120_contig_6121	65.5677655677656	819	278	259	175	107
cen05_rplB_contig_6182_contig_6183	65.7986111111111	576	195	184	106	91
cen05_rplB_contig_6426_contig_6427	68.2602921646746	753	261	253	147	92
cen05_rplB_contig_6598_contig_6599	64.1212121212121	825	254	275	174	122
cen05_rplB_contig_6622_contig_6623	64.6825396825397	756	237	252	157	110
cen05_rplB_contig_6698_contig_6699	67.030303030303	825	277	276	163	109
cen05_rplB_contig_6792_contig_6793	69.0909090909091	825	275	295	152	103
cen05_rplB_contig_6946_contig_6947	65.0909090909091	825	251	286	166	122
cen05_rplB_contig_7032_contig_7033	71.7948717948718	819	277	311	142	89
cen05_rplB_contig_7184_contig_7185	64.5502645502645	756	243	245	155	113
cen05_rplB_contig_7300_contig_7301	62.6151012891344	543	186	154	125	78
cen05_rplB_contig_7304_contig_7305	70.5882352941177	816	280	296	145	95
cen05_rplB_contig_7322_contig_7323	62.6666666666667	825	273	244	176	132
cen05_rplB_contig_7338_contig_7339	66.7887667887668	819	270	277	164	108
cen05_rplB_contig_7866_contig_7867	65.5717761557178	822	285	254	172	111
cen05_rplB_contig_8530_contig_8531	65.4434250764526	654	224	204	142	84
cen05_rplB_contig_8734_contig_8735	65.8181818181818	825	291	252	174	108
cen05_rplB_contig_9042_contig_9043	65.8056580565806	813	240	295	157	121
cen05_rplB_contig_9148_contig_9149	72.4477244772448	813	296	293	141	83
cen05_rplB_contig_9182_contig_9183	72.5707257072571	813	296	294	135	88
cen05_rplB_contig_9192_contig_9193	69.1176470588235	816	278	286	140	112
cen05_rplB_contig_9342_contig_9343	71.7250324254215	771	264	289	125	93
cen05_rplB_contig_9470_contig_9471	70.9558823529412	816	270	309	139	98
cen05_rplB_contig_9474_contig_9475	72.2017220172202	813	294	293	137	89
cen05_rplB_contig_9598_contig_9599	71.5506715506716	819	275	311	143	90
cen05_rplB_contig_9606_contig_9607	71.5328467153285	822	296	292	145	89
cen05_rplB_contig_9636_contig_9637	71.2121212121212	792	281	283	143	85
cen05_rplB_contig_9680_contig_9681	70.8333333333333	816	281	297	130	108
cen05_rplB_contig_9712_contig_9713	72.8167281672817	813	305	287	134	87
cen05_rplB_contig_9722_contig_9723	72.5707257072571	813	301	289	136	87
cen05_rplB_contig_9776_contig_9777	71.8978102189781	822	289	302	149	82
cen05_rplB_contig_9842_contig_9843	71.2177121771218	813	288	291	144	90
cen05_rplB_contig_9878_contig_9879	64.4688644688645	819	265	263	176	115
cen05_rplB_contig_9896_contig_9897	65.6862745098039	816	244	292	159	121
cen05_rplB_contig_10058_contig_10059	67.9012345679012	810	311	239	144	116
cen05_rplB_contig_10066_contig_10067	72.0551378446115	798	284	291	139	84
cen05_rplB_contig_10232_contig_10233	66.421568627451	816	240	302	151	123
cen05_rplB_contig_10284_contig_10285	65.4456654456654	819	271	265	175	108
cen05_rplB_contig_10334_contig_10335	72.1813725490196	816	292	297	136	91
cen05_rplB_contig_10366_contig_10367	72.2017220172202	813	287	300	145	81
cen05_rplB_contig_10412_contig_10413	74.1452991452991	468	185	162	68	53
cen05_rplB_contig_10436_contig_10437	60.8272506082725	822	261	239	188	134
cen05_rplB_contig_10482_contig_10483	69.8412698412698	819	274	298	145	102
cen05_rplB_contig_11110_contig_11111	65.792759051186	801	273	254	171	103
cen05_rplB_contig_12278_contig_12279	72.5563909774436	798	280	299	137	82
cen05_rplB_contig_12554_contig_12555	68.9814814814815	648	218	229	121	80
cen05_rplB_contig_12594_contig_12595	69.1244239631336	651	216	234	125	76
cen05_rplB_contig_14336_contig_14337	42.5454545454545	825	210	141	251	223
cen05_rplB_contig_14558_contig_14559	68.9708141321045	651	214	235	120	82
cen05_rplB_contig_14710_contig_14711	62.2549019607843	816	247	261	178	130
cen05_rplB_contig_15402_contig_15403	68.4069611780455	747	260	251	137	99
cen05_rplB_contig_15864_contig_15865	71.7761557177616	822	288	302	147	85
cen05_rplB_contig_16722_contig_16723	59.8540145985401	822	262	230	189	141
cen05_rplB_contig_20314_contig_20315	66.140350877193	570	198	179	115	78
cen05_rplB_contig_20334_contig_20335	64.1119221411192	822	271	256	177	118
cen05_rplB_contig_20502_contig_20503	63.6141636141636	819	266	255	182	116
cen05_rplB_contig_20576_contig_20577	68.1265206812652	822	277	283	156	106
cen05_rplB_contig_21232_contig_21233	65.5677655677656	819	276	261	165	117
cen05_rplB_contig_21250_contig_21251	60.5839416058394	822	259	239	187	137
cen05_rplB_contig_22074_contig_22075	64.9470899470899	756	238	253	154	111
cen05_rplB_contig_22280_contig_22281	67.7290836653386	753	262	248	149	94
cen05_rplB_contig_22290_contig_22291	61.5196078431373	816	271	231	180	134
cen05_rplB_contig_22682_contig_22683	64.8418491484185	822	272	261	174	115
cen05_rplB_contig_22754_contig_22755	67.1978751660027	753	260	246	151	96
cen05_rplB_contig_23324_contig_23325	71.3407134071341	813	270	310	142	91
cen05_rplB_contig_23346_contig_23347	70.0606060606061	825	283	295	159	88
cen05_rplB_contig_23432_contig_23433	66.8269230769231	624	212	205	110	97
cen05_rplB_contig_24916_contig_24917	68.2539682539683	819	276	283	155	105
cen05_rplB_contig_25022_contig_25023	68.3636363636364	825	283	281	156	105
cen05_rplB_contig_25114_contig_25115	67.8921568627451	816	270	284	154	108
cen05_rplB_contig_25210_contig_25211	67.8832116788321	822	271	287	160	104
cen05_rplB_contig_25232_contig_25233	68.4914841849148	822	272	291	162	97
cen05_rplB_contig_25236_contig_25237	65.4501216545012	822	283	255	177	107
cen05_rplB_contig_25296_contig_25297	69.2028985507246	828	277	296	158	97
cen05_rplB_contig_25534_contig_25535	65.3284671532847	822	277	260	166	119
cen05_rplB_contig_25634_contig_25635	59.7575757575758	825	252	241	199	133
cen05_rplB_contig_25698_contig_25699	65.5717761557178	822	279	260	161	122
cen05_rplB_contig_25822_contig_25823	67.6470588235294	816	263	289	161	103
cen05_rplB_contig_25880_contig_25881	68.8564476885645	822	277	289	161	95
cen05_rplB_contig_26094_contig_26095	68.719806763285	828	277	292	156	103
cen05_rplB_contig_26164_contig_26165	65.3284671532847	822	277	260	177	108
cen05_rplB_contig_26300_contig_26301	60.0732600732601	819	258	234	184	143
cen05_rplB_contig_26302_contig_26303	58.7168758716876	717	216	205	164	132
cen05_rplB_contig_26352_contig_26353	63.625304136253	822	240	283	174	125
cen05_rplB_contig_26374_contig_26375	68.1265206812652	822	275	285	160	102
cen05_rplB_contig_26382_contig_26383	68.7347931873479	822	272	293	160	97
cen05_rplB_contig_26396_contig_26397	65.6934306569343	822	279	261	173	109
cen05_rplB_contig_26478_contig_26479	68.3698296836983	822	273	289	161	99
cen05_rplB_contig_26630_contig_26631	59.3272171253823	654	193	195	155	111
cen05_rplB_contig_26716_contig_26717	68.8564476885645	822	280	286	155	101
cen05_rplB_contig_26796_contig_26797	60.4622871046229	822	282	215	184	141
cen05_rplB_contig_27008_contig_27009	68.7347931873479	822	278	287	162	95
cen05_rplB_contig_27098_contig_27099	71.654501216545	822	288	301	145	88
cen05_rplB_contig_27406_contig_27407	59.6107055961071	822	245	245	192	140
cen05_rplB_contig_27696_contig_27697	61.9047619047619	819	261	246	183	129
cen05_rplB_contig_27714_contig_27715	69.5863746958638	822	273	299	156	94
cen05_rplB_contig_28690_contig_28691	60.0973236009732	822	266	228	186	142
cen05_rplB_contig_29036_contig_29037	65.3284671532847	822	283	254	165	120
cen05_rplB_contig_29092_contig_29093	65.4411764705882	816	278	256	160	122
cen05_rplB_contig_29274_contig_29275	72.0142602495544	561	185	219	88	69
cen05_rplB_contig_29426_contig_29427	63.7146371463715	813	301	217	166	129
cen05_rplB_contig_29430_contig_29431	64.5756457564576	813	257	268	168	120
cen05_rplB_contig_29602_contig_29603	62.0606060606061	825	268	244	191	122
cen05_rplB_contig_29834_contig_29835	61.9393939393939	825	268	243	190	124
cen05_rplB_contig_30050_contig_30051	64.8148148148148	756	233	257	154	112
cen05_rplB_contig_30204_contig_30205	62.4542124542125	546	179	162	126	79
cen05_rplB_contig_30494_contig_30495	72.1411192214112	822	284	309	141	88
cen05_rplB_contig_30584_contig_30585	63.5916359163592	813	280	237	161	135
cen05_rplB_contig_30984_contig_30985	41.8491484184915	822	209	135	243	235
cen05_rplB_contig_31160_contig_31161	45.959595959596	792	222	142	224	204
cen05_rplB_contig_31228_contig_31229	67.5182481751825	822	262	293	161	106
cen05_rplB_contig_31310_contig_31311	67.2749391727494	822	282	271	170	99
cen05_rplB_contig_31502_contig_31503	65.0851581508516	822	278	257	173	114
cen05_rplB_contig_31664_contig_31665	69.8245614035088	570	188	210	103	69
cen05_rplB_contig_31970_contig_31971	60.3406326034063	822	246	250	197	129
cen05_rplB_contig_32094_contig_32095	41.1616161616162	792	196	130	229	237
cen05_rplB_contig_32192_contig_32193	66.4459161147903	453	153	148	82	70
cen05_rplB_contig_32238_contig_32239	66.304347826087	552	194	172	111	75
cen05_rplB_contig_32506_contig_32507	42.2733077905492	783	204	127	227	225
cen05_rplB_contig_32634_contig_32635	66.2079510703364	654	211	222	136	85
cen05_rplB_contig_32674_contig_32675	67.2749391727494	822	264	289	167	102
cen05_rplB_contig_32872_contig_32873	70.5128205128205	546	189	196	94	67
cen05_rplB_contig_33008_contig_33009	62.6225490196078	816	278	233	178	127
cen05_rplB_contig_33010_contig_33011	66.4233576642336	822	292	254	165	111
cen05_rplB_contig_33194_contig_33195	65.1906519065191	813	278	252	168	115
cen05_rplB_contig_33760_contig_33761	62.4624624624625	666	221	195	143	107
cen05_rplB_contig_33786_contig_33787	60.7843137254902	816	258	238	193	127
cen05_rplB_contig_33846_contig_33847	59.8039215686275	816	240	248	192	136
cen05_rplB_contig_33912_contig_33913	58.9460784313725	816	248	233	196	139
cen05_rplB_contig_33962_contig_33963	72.3844282238443	822	285	310	139	88
cen05_rplB_contig_33986_contig_33987	64.4607843137255	816	276	250	181	109
cen05_rplB_contig_34286_contig_34287	60.906862745098	816	279	218	197	122
cen05_rplB_contig_34376_contig_34377	62.0833333333333	480	162	136	110	72
cen05_rplB_contig_34498_contig_34499	62.9129129129129	666	226	193	140	107
cen05_rplB_contig_34604_contig_34605	66.1080074487896	537	182	173	103	79
cen05_rplB_contig_34764_contig_34765	60.6617647058824	816	266	229	183	138
cen05_rplB_contig_34844_contig_34845	60.9279609279609	819	251	248	186	134
cen05_rplB_contig_34882_contig_34883	63.8480392156863	816	275	246	170	125
cen05_rplB_contig_34904_contig_34905	65.6969696969697	825	275	267	178	105
cen05_rplB_contig_34924_contig_34925	62.9901960784314	816	281	233	177	125
cen05_rplB_contig_34960_contig_34961	63.3879781420765	549	186	162	126	75
cen05_rplB_contig_35008_contig_35009	59.2592592592593	810	260	220	185	145
cen05_rplB_contig_35130_contig_35131	67.2705314009662	828	262	295	168	103
cen05_rplB_contig_35162_contig_35163	65.0909090909091	825	281	256	183	105
cen05_rplB_contig_35228_contig_35229	68.978102189781	822	272	295	156	99
cen05_rplB_contig_35248_contig_35249	64.1975308641975	810	271	249	179	111
cen05_rplB_contig_35290_contig_35291	61.1519607843137	816	274	225	194	123
cen05_rplB_contig_35400_contig_35401	65.3186274509804	816	273	260	173	110
cen05_rplB_contig_35504_contig_35505	60.906862745098	816	271	226	184	135
cen05_rplB_contig_35520_contig_35521	64.5833333333333	816	272	255	182	107
cen05_rplB_contig_35548_contig_35549	62.043795620438	822	264	246	185	127
cen05_rplB_contig_35562_contig_35563	61.4406779661017	708	239	196	154	119
cen05_rplB_contig_35614_contig_35615	64.15770609319	558	181	177	109	91
cen05_rplB_contig_35628_contig_35629	66.0539215686274	816	278	261	171	106
cen05_rplB_contig_35714_contig_35715	65.2121212121212	825	282	256	184	103
cen05_rplB_contig_35732_contig_35733	63.8480392156863	816	269	252	169	126
cen05_rplB_contig_35746_contig_35747	61.1764705882353	765	253	215	180	117
cen05_rplB_contig_35762_contig_35763	57.6312576312576	819	229	243	196	151
cen05_rplB_contig_35768_contig_35769	65.6862745098039	816	283	253	170	110
cen05_rplB_contig_35794_contig_35795	64.2424242424242	825	247	283	176	119
cen05_rplB_contig_35802_contig_35803	65.0918635170604	762	257	239	162	104
cen05_rplB_contig_35816_contig_35817	60.8751608751609	777	233	240	183	121
cen05_rplB_contig_35884_contig_35885	64.828431372549	816	278	251	176	111
cen05_rplB_contig_35886_contig_35887	64.15770609319	558	183	175	107	93
cen05_rplB_contig_35896_contig_35897	63.3578431372549	816	279	238	174	125
cen05_rplB_contig_35908_contig_35909	69.8412698412698	819	274	298	152	95
cen05_rplB_contig_36006_contig_36007	60.251572327044	795	249	230	183	133
cen05_rplB_contig_36080_contig_36081	64.4591611479029	453	162	130	90	71
cen05_rplB_contig_36114_contig_36115	67.5151515151515	825	264	293	163	105
cen05_rplB_contig_36164_contig_36165	62.6126126126126	666	227	190	142	107
cen05_rplB_contig_36218_contig_36219	62.7450980392157	816	272	240	177	127
cen05_rplB_contig_36234_contig_36235	61.3970588235294	816	252	249	190	125
cen05_rplB_contig_36338_contig_36339	62.5	504	175	140	112	77
cen05_rplB_contig_36430_contig_36431	64.3467643467643	819	241	286	174	118
cen05_rplB_contig_36538_contig_36539	65.6898656898657	819	274	264	177	104
cen05_rplB_contig_36638_contig_36639	58.1481481481481	810	256	215	195	144
cen05_rplB_contig_36742_contig_36743	64.8293963254593	762	243	251	157	111
cen05_rplB_contig_36790_contig_36791	69.6969696969697	825	280	295	155	95
cen05_rplB_contig_36882_contig_36883	59.3556381660471	807	254	225	183	145
cen05_rplB_contig_36950_contig_36951	59.4362745098039	816	250	235	191	140
cen05_rplB_contig_37062_contig_37063	67.0316301703163	822	268	283	157	114
cen05_rplB_contig_37068_contig_37069	65.2014652014652	819	258	276	167	118
cen05_rplB_contig_37662_contig_37663	72.1411192214112	822	286	307	136	93
cen05_rplB_contig_37858_contig_37859	71.9298245614035	570	200	210	87	73
cen05_rplB_contig_38298_contig_38299	68.8484848484848	825	278	290	162	95
cen05_rplB_contig_38480_contig_38481	71.3080168776371	711	243	264	117	87
cen05_rplB_contig_39018_contig_39019	64.2384105960265	453	140	151	100	62
cen05_rplB_contig_39710_contig_39711	70.6959706959707	819	272	307	145	95
cen05_rplB_contig_40652_contig_40653	62.8953771289538	822	278	239	182	123
cen05_rplB_contig_41260_contig_41261	68.9950980392157	816	282	281	141	112
cen05_rplB_contig_41746_contig_41747	71.8434343434343	792	287	282	140	83
cen05_rplB_contig_42488_contig_42489	72.2627737226277	822	297	297	143	85
cen05_rplB_contig_43314_contig_43315	62.9787234042553	705	222	222	152	109
cen05_rplB_contig_44098_contig_44099	71.5099715099715	702	250	252	123	77
cen05_rplB_contig_44304_contig_44305	69.9393939393939	825	282	295	151	97
cen05_rplB_contig_44838_contig_44839	72.5490196078431	816	293	299	135	89
cen05_rplB_contig_45054_contig_45055	63.6015325670498	522	155	177	106	84
cen05_rplB_contig_45106_contig_45107	65.6934306569343	822	250	290	168	114
cen05_rplB_contig_45720_contig_45721	69.0883190883191	702	236	249	123	94
cen05_rplB_contig_47800_contig_47801	63.6904761904762	672	224	204	136	108
cen05_rplB_contig_49044_contig_49045	66.5327978580991	747	253	244	154	96
cen05_rplB_contig_49536_contig_49537	61.2685560053981	741	225	229	177	110
cen05_rplB_contig_50560_contig_50561	67.6434676434676	819	269	285	158	107
cen05_rplB_contig_50776_contig_50777	72.1411192214112	822	303	290	146	83
cen05_rplB_contig_52244_contig_52245	64.2156862745098	816	272	252	175	117
cen05_rplB_contig_52570_contig_52571	69.3333333333333	825	275	297	155	98
cen05_rplB_contig_52576_contig_52577	66.3414634146341	615	213	195	120	87
cen05_rplB_contig_52812_contig_52813	59.9708879184862	687	217	195	152	123
cen05_rplB_contig_53850_contig_53851	64.6198830409357	684	222	220	133	109
cen05_rplB_contig_55444_contig_55445	65.7777777777778	675	238	206	140	91
cen05_rplB_contig_56300_contig_56301	71.5867158671587	813	294	288	141	90
cen05_rplB_contig_56506_contig_56507	68.8725490196078	816	279	283	153	101
cen05_rplB_contig_57428_contig_57429	67.2340425531915	705	226	248	142	89
cen05_rplB_contig_57658_contig_57659	67.6151761517615	738	248	251	139	100
cen05_rplB_contig_58216_contig_58217	68.4766214177979	663	218	236	127	82
cen05_rplB_contig_59426_contig_59427	63.6363636363636	693	235	206	146	106
cen05_rplB_contig_59800_contig_59801	60.4395604395604	819	248	247	194	130
cen05_rplB_contig_59952_contig_59953	61.8473895582329	498	174	134	110	80
cen05_rplB_contig_60776_contig_60777	63.023679417122	549	191	155	127	76
cen05_rplB_contig_61346_contig_61347	65.2298850574713	696	234	220	136	106
cen05_rplB_contig_62024_contig_62025	52.4031007751938	645	199	139	170	137
cen05_rplB_contig_62072_contig_62073	52.863436123348	681	211	149	179	142
cen05_rplB_contig_62096_contig_62097	46.8302658486708	489	131	98	146	114
cen05_rplB_contig_62134_contig_62135	70.0606060606061	825	267	311	156	91
cen05_rplB_contig_63300_contig_63301	63.5265700483092	828	277	249	170	132
cen05_rplB_contig_63456_contig_63457	65.0793650793651	819	247	286	165	121
cen05_rplB_contig_63484_contig_63485	63.963963963964	666	225	201	135	105
cen05_rplB_contig_63574_contig_63575	63.2440476190476	672	223	202	138	109
cen05_rplB_contig_63658_contig_63659	64.4961240310078	645	222	194	139	90
cen05_rplB_contig_64130_contig_64131	60.4938271604938	648	199	193	150	106
cen05_rplB_contig_65188_contig_65189	63.3333333333333	690	228	209	140	113
cen05_rplB_contig_65744_contig_65745	64.2276422764228	615	178	217	124	96
cen05_rplB_contig_66090_contig_66091	63.2850241545894	828	267	257	176	128
cen05_rplB_contig_66112_contig_66113	66.9887278582931	621	204	212	125	80
cen05_rplB_contig_66128_contig_66129	66.4473684210526	456	153	150	91	62
cen05_rplB_contig_66154_contig_66155	64.9789029535865	474	156	152	99	67
cen05_rplB_contig_66246_contig_66247	66.4902998236332	567	201	176	117	73
cen05_rplB_contig_66264_contig_66265	64.9789029535865	474	161	147	96	70
cen05_rplB_contig_66280_contig_66281	60.8938547486034	537	165	162	121	89
cen05_rplB_contig_66310_contig_66311	66.6666666666667	570	195	185	104	86
cen05_rplB_contig_66314_contig_66315	63.5416666666667	576	197	169	113	97
cen05_rplB_contig_66438_contig_66439	71.4285714285714	546	196	194	98	58
cen05_rplB_contig_66490_contig_66491	67.8787878787879	825	268	292	170	95
cen05_rplB_contig_66498_contig_66499	69.3333333333333	675	222	246	122	85
cen05_rplB_contig_66520_contig_66521	66.9090909090909	825	262	290	173	100
cen05_rplB_contig_66562_contig_66563	61.4545454545455	825	267	240	198	120
cen05_rplB_contig_66582_contig_66583	61.9393939393939	825	264	247	191	123
cen05_rplB_contig_66616_contig_66617	66.4233576642336	822	272	274	163	113
cen05_rplB_contig_66666_contig_66667	63.6141636141636	819	253	268	181	117
cen05_rplB_contig_66756_contig_66757	70.5069124423963	651	223	236	107	85
cen05_rplB_contig_66776_contig_66777	66.3934426229508	732	238	248	155	91
cen05_rplB_contig_66816_contig_66817	65.979381443299	582	199	185	116	82
cen05_rplB_contig_66882_contig_66883	64.9263721552878	747	274	211	151	111
cen05_rplB_contig_66958_contig_66959	67.2727272727273	825	257	298	174	96
cen05_rplB_contig_66992_contig_66993	66.1290322580645	558	188	181	113	76
cen05_rplB_contig_67028_contig_67029	65.3284671532847	822	273	264	169	116
cen05_rplB_contig_67038_contig_67039	64.0070921985816	564	185	176	112	91
cen05_rplB_contig_67044_contig_67045	67.5151515151515	825	261	296	171	97
cen05_rplB_contig_67078_contig_67079	66.6666666666667	651	212	222	133	84
cen05_rplB_contig_67194_contig_67195	64.4848484848485	825	266	266	170	123
cen05_rplB_contig_67446_contig_67447	63.3825944170772	609	193	193	123	100
cen05_rplB_contig_67452_contig_67453	61.5196078431373	816	281	221	193	121
cen05_rplB_contig_67686_contig_67687	66.6666666666667	534	183	173	108	70
cen05_rplB_contig_68284_contig_68285	63.2727272727273	825	271	251	179	124
cen05_rplB_contig_68498_contig_68499	67.2839506172839	810	281	264	153	112
cen05_rplB_contig_68764_contig_68765	42.911877394636	522	138	86	164	134
cen05_rplB_contig_68804_contig_68805	67.1515151515152	825	258	296	174	97
cen05_rplB_contig_68814_contig_68815	66.5454545454545	825	272	277	171	105
cen05_rplB_contig_68948_contig_68949	63.2478632478633	819	248	270	170	131
cen05_rplB_contig_69064_contig_69065	69.5863746958638	822	275	297	154	96
cen05_rplB_contig_69704_contig_69705	71.0059171597633	507	169	191	95	52
cen05_rplB_contig_69730_contig_69731	68.6021505376344	465	166	153	89	57
cen05_rplB_contig_69988_contig_69989	67.5635276532138	669	209	243	125	92
cen05_rplB_contig_70182_contig_70183	62.82722513089	573	191	169	119	94
cen05_rplB_contig_70286_contig_70287	63.6842105263158	570	188	175	119	88
cen05_rplB_contig_70368_contig_70369	66.3551401869159	642	201	225	127	89
cen05_rplB_contig_70510_contig_70511	63.573883161512	582	171	199	116	96
cen05_rplB_contig_70804_contig_70805	64.8148148148148	810	253	272	165	120
cen05_rplB_contig_70814_contig_70815	63.2872503840246	651	201	211	131	108
cen05_rplB_contig_70864_contig_70865	62.7725856697819	642	195	208	136	103
cen05_rplB_contig_70890_contig_70891	65.6826568265683	813	253	281	166	113
cen05_rplB_contig_71022_contig_71023	65.5608214849921	633	196	219	128	90
cen05_rplB_contig_71026_contig_71027	65.0793650793651	819	248	285	169	117
cen05_rplB_contig_71030_contig_71031	62.1495327102804	642	210	189	137	106
cen05_rplB_contig_71046_contig_71047	64.5645645645646	666	207	223	130	106
cen05_rplB_contig_71092_contig_71093	62.8899835796388	609	207	176	130	96
cen05_rplB_contig_71114_contig_71115	63.2226322263223	813	256	258	170	129
cen05_rplB_contig_71170_contig_71171	61.3526570048309	621	189	192	130	110
cen05_rplB_contig_71442_contig_71443	65.2610441767068	498	170	155	108	65
cen05_rplB_contig_71684_contig_71685	63.1172839506173	648	205	204	125	114
cen05_rplB_contig_71712_contig_71713	63.5036496350365	822	280	242	178	122
cen05_rplB_contig_72004_contig_72005	69.6969696969697	594	190	224	104	76
cen05_rplB_contig_72012_contig_72013	71.1515151515152	825	282	305	147	91
cen05_rplB_contig_72268_contig_72269	64	825	275	253	179	118
cen05_rplB_contig_73088_contig_73089	64.8451730418944	549	165	191	107	86
cen05_rplB_contig_73096_contig_73097	64.2424242424242	825	278	252	167	128
cen05_rplB_contig_73340_contig_73341	58.8541666666667	576	179	160	126	111
cen05_rplB_contig_73562_contig_73563	65.863453815261	498	186	142	94	76
cen05_rplB_contig_73854_contig_73855	69.7974217311234	543	184	195	96	68
cen05_rplB_contig_74618_contig_74619	66.2942271880819	537	184	172	109	72
cen05_rplB_contig_75760_contig_75761	67.7631578947368	456	156	153	85	62
cen05_rplB_contig_75764_contig_75765	68.4210526315789	570	195	195	102	78
cen05_rplB_contig_75788_contig_75789	65.9047619047619	525	173	173	110	69
cen05_rplB_contig_75810_contig_75811	66.5040650406504	615	194	215	121	85
cen05_rplB_contig_75836_contig_75837	67.001675041876	597	200	200	113	84
cen05_rplB_contig_76042_contig_76043	70.5128205128205	468	162	168	90	48
cen05_rplB_contig_76292_contig_76293	66.4728682170543	516	174	169	100	73
cen05_rplB_contig_76326_contig_76327	64.4444444444444	675	213	222	137	103
cen05_rplB_contig_76330_contig_76331	66.304347826087	552	181	185	107	79
cen05_rplB_contig_76416_contig_76417	65.7817109144543	678	216	230	131	101
cen05_rplB_contig_76440_contig_76441	70.276008492569	471	167	164	90	50
cen05_rplB_contig_76748_contig_76749	66.2942271880819	537	173	183	104	77
cen05_rplB_contig_76818_contig_76819	64.3137254901961	510	154	174	107	75
cen05_rplB_contig_76888_contig_76889	61.3026819923372	522	163	157	112	90
cen05_rplB_contig_76948_contig_76949	71.4548802946593	543	186	202	96	59
cen05_rplB_contig_76950_contig_76951	64.3137254901961	510	154	174	102	80
cen05_rplB_contig_77068_contig_77069	63.3911368015414	519	154	175	106	84
cen05_rplB_contig_77070_contig_77071	64.8373983739837	492	154	165	104	69
cen05_rplB_contig_77268_contig_77269	63.8271604938272	810	260	257	167	126
cen05_rplB_contig_77372_contig_77373	63.7146371463715	813	255	263	171	124
cen05_rplB_contig_77408_contig_77409	71.9362745098039	816	292	295	137	92
cen05_rplB_contig_77560_contig_77561	63.8480392156863	816	271	250	174	121
cen05_rplB_contig_77578_contig_77579	65.4366543665437	813	259	273	166	115
cen05_rplB_contig_77618_contig_77619	63.8583638583639	819	277	246	172	124
cen05_rplB_contig_77680_contig_77681	65.5717761557178	822	273	266	173	110
cen05_rplB_contig_78146_contig_78147	63.9376218323587	513	155	173	108	77
cen05_rplB_contig_78172_contig_78173	67.3992673992674	819	273	279	157	110
cen05_rplB_contig_78386_contig_78387	65.6976744186046	516	176	163	109	68
cen05_rplB_contig_78576_contig_78577	61.7647058823529	612	205	173	130	104
cen05_rplB_contig_78608_contig_78609	60.6529209621993	582	190	163	126	103
cen05_rplB_contig_79014_contig_79015	67.989417989418	756	270	244	146	96
cen05_rplB_contig_79022_contig_79023	65.2014652014652	819	248	286	169	116
cen05_rplB_contig_79198_contig_79199	62.7062706270627	606	202	178	127	99
cen05_rplB_contig_79274_contig_79275	72.7941176470588	816	290	304	131	91
cen05_rplB_contig_79358_contig_79359	63.5135135135135	666	214	209	148	95
cen05_rplB_contig_79466_contig_79467	67.3684210526316	570	190	194	104	82
cen05_rplB_contig_79530_contig_79531	64.5299145299145	468	149	153	103	63
cen05_rplB_contig_79626_contig_79627	62.0606060606061	825	274	238	190	123
cen05_rplB_contig_79628_contig_79629	64.983164983165	594	205	181	114	94
cen05_rplB_contig_79642_contig_79643	65	480	162	150	103	65
cen05_rplB_contig_80190_contig_80191	70.6896551724138	522	180	189	97	56
cen05_rplB_contig_80274_contig_80275	62.463768115942	690	219	212	143	116
cen05_rplB_contig_80650_contig_80651	64.3410852713178	516	149	183	108	76
cen05_rplB_contig_80766_contig_80767	62.111801242236	483	159	141	106	77
cen05_rplB_contig_81026_contig_81027	63.75	480	164	142	94	80
cen05_rplB_contig_81152_contig_81153	65.0602409638554	498	175	149	100	74
cen05_rplB_contig_81184_contig_81185	66.4750957854406	522	180	167	106	69
cen05_rplB_contig_81210_contig_81211	68.9583333333333	480	172	159	86	63
cen05_rplB_contig_81216_contig_81217	64.6986469864699	813	256	270	166	121
cen05_rplB_contig_81286_contig_81287	72.4264705882353	816	293	298	133	92
cen05_rplB_contig_81290_contig_81291	72.5490196078431	816	288	304	131	93
cen05_rplB_contig_81308_contig_81309	62.3188405797101	483	155	146	94	88
cen05_rplB_contig_81310_contig_81311	64.3809523809524	525	176	162	109	78
cen05_rplB_contig_81322_contig_81323	61.1764705882353	510	171	141	117	81
cen05_rplB_contig_81340_contig_81341	70.3703703703704	459	167	156	89	47
cen05_rplB_contig_81384_contig_81385	72.1813725490196	816	294	295	132	95
cen05_rplB_contig_81452_contig_81453	73.6474694589878	573	216	206	88	63
cen05_rplB_contig_81580_contig_81581	70.9981167608286	531	180	197	92	62
cen05_rplB_contig_81584_contig_81585	70.6439393939394	528	181	192	99	56
cen05_rplB_contig_81606_contig_81607	70.8333333333333	480	160	180	89	51
cen05_rplB_contig_81626_contig_81627	63.9606396063961	813	256	264	171	122
cen05_rplB_contig_81732_contig_81733	70.8571428571429	525	174	198	90	63
cen05_rplB_contig_81744_contig_81745	67.2839506172839	486	165	162	96	63
cen05_rplB_contig_81796_contig_81797	65.4832347140039	507	159	173	99	76
cen05_rplB_contig_81820_contig_81821	63.8230647709321	633	213	191	137	92
cen05_rplB_contig_81826_contig_81827	71.4285714285714	819	290	295	138	96
cen05_rplB_contig_81870_contig_81871	63.2302405498282	582	194	174	126	88
cen05_rplB_contig_82048_contig_82049	61.7357001972387	507	152	161	113	81
cen05_rplB_contig_82070_contig_82071	64.6808510638298	705	236	220	147	102
cen05_rplB_contig_82100_contig_82101	64.5909645909646	819	283	246	173	117
cen05_rplB_contig_82242_contig_82243	64.4688644688645	819	242	286	168	123
cen05_rplB_contig_82246_contig_82247	69.2214111922141	822	269	300	154	99
cen05_rplB_contig_82260_contig_82261	63.9810426540284	633	197	208	125	103
cen05_rplB_contig_82312_contig_82313	59.8787878787879	825	256	238	188	143
cen05_rplB_contig_82418_contig_82419	65.3333333333333	825	263	276	172	114
cen05_rplB_contig_82538_contig_82539	69.1489361702128	564	191	199	115	59
cen05_rplB_contig_82562_contig_82563	63.4285714285714	525	166	167	108	84
cen05_rplB_contig_82686_contig_82687	64.6341463414634	492	149	169	101	73
cen05_rplB_contig_82760_contig_82761	61.598440545809	513	165	151	110	87
cen05_rplB_contig_82790_contig_82791	57.0652173913044	552	168	147	134	103
cen05_rplB_contig_82798_contig_82799	60.4622871046229	822	259	238	189	136
cen05_rplB_contig_82992_contig_82993	63.4831460674157	534	166	173	117	78
cen05_rplB_contig_83594_contig_83595	63.3578431372549	816	253	264	169	130
cen05_rplB_contig_84472_contig_84473	63.5009310986965	537	190	151	121	75
cen05_rplB_contig_84506_contig_84507	66.1782661782662	819	252	290	166	111
cen05_rplB_contig_85056_contig_85057	67.0289855072464	552	178	192	107	75
cen05_rplB_contig_85302_contig_85303	65.8730158730159	504	171	161	101	71
cen05_rplB_contig_85346_contig_85347	60.042735042735	468	138	143	114	73
cen05_rplB_contig_85382_contig_85383	72.4264705882353	816	291	300	135	90
cen05_rplB_contig_85644_contig_85645	63.2098765432099	810	250	262	170	128
cen05_rplB_contig_85672_contig_85673	68	825	273	288	169	95
cen05_rplB_contig_85750_contig_85751	66.25	480	162	156	99	63
cen05_rplB_contig_85940_contig_85941	64.0650406504065	615	183	211	128	93
cen05_rplB_contig_86340_contig_86341	62.3983739837398	492	174	133	107	78
cen05_rplB_contig_86380_contig_86381	64.4308943089431	492	158	159	95	80
cen05_rplB_contig_86434_contig_86435	72.9166666666667	816	295	300	130	91
cen05_rplB_contig_86474_contig_86475	64.6986469864699	813	256	270	166	121
cen05_rplB_contig_86492_contig_86493	64.2126789366053	489	154	160	93	82
cen05_rplB_contig_86498_contig_86499	65.9090909090909	528	162	186	114	66
cen05_rplB_contig_86564_contig_86565	65.6826568265683	813	262	272	162	117
cen05_rplB_contig_86774_contig_86775	62.2605363984674	522	179	146	108	89
cen05_rplB_contig_86808_contig_86809	67.2764227642276	492	181	150	92	69
cen05_rplB_contig_86826_contig_86827	64.4848484848485	825	268	264	170	123
cen05_rplB_contig_86858_contig_86859	63.3540372670807	483	165	141	113	64
cen05_rplB_contig_87478_contig_87479	63.8743455497382	573	178	188	120	87
cen05_rplB_contig_87508_contig_87509	65.559655596556	813	263	270	158	122
cen05_rplB_contig_87548_contig_87549	62.962962962963	594	188	186	130	90
cen05_rplB_contig_87770_contig_87771	63.2520325203252	615	182	207	127	99
cen05_rplB_contig_88058_contig_88059	66.4855072463768	552	180	187	104	81
cen05_rplB_contig_88108_contig_88109	67.8095238095238	525	170	186	98	71
cen05_rplB_contig_88188_contig_88189	74.7474747474748	495	188	182	69	56
cen05_rplB_contig_88388_contig_88389	66.8549905838041	531	180	175	102	74
cen05_rplB_contig_88592_contig_88593	60.427807486631	561	163	176	133	89
cen05_rplB_contig_88664_contig_88665	72.4264705882353	816	292	299	136	89
cen05_rplB_contig_88802_contig_88803	71.6666666666667	480	163	181	84	52
cen05_rplB_contig_88986_contig_88987	66.0493827160494	486	163	158	94	71
cen05_rplB_contig_89198_contig_89199	64.7509578544061	522	170	168	107	77
cen05_rplB_contig_89238_contig_89239	67.156862745098	816	271	277	161	107
cen05_rplB_contig_89256_contig_89257	63.8733705772812	537	169	174	114	80
cen05_rplB_contig_89380_contig_89381	64.8033126293996	483	160	153	102	68
cen05_rplB_contig_89386_contig_89387	66.4814814814815	540	188	171	101	80
cen05_rplB_contig_89450_contig_89451	67.7655677655678	819	274	281	159	105
cen05_rplB_contig_89478_contig_89479	63.8297872340426	564	184	176	118	86
cen05_rplB_contig_89492_contig_89493	66.260162601626	492	164	162	93	73
cen05_rplB_contig_89758_contig_89759	67.056530214425	513	179	165	103	66
cen05_rplB_contig_89852_contig_89853	60.6425702811245	498	159	143	115	81
cen05_rplB_contig_89932_contig_89933	65.8280922431866	477	158	156	97	66
cen05_rplB_contig_89960_contig_89961	73.8229755178908	531	196	196	83	56
cen05_rplB_contig_89972_contig_89973	64.720194647202	822	263	269	176	114
cen05_rplB_contig_90016_contig_90017	64.969696969697	825	280	256	178	111
cen05_rplB_contig_90020_contig_90021	64.4688644688645	819	245	283	169	122
cen05_rplB_contig_90136_contig_90137	67.6470588235294	510	171	174	99	66
cen05_rplB_contig_90312_contig_90313	64.957264957265	819	248	284	169	118
cen05_rplB_contig_90684_contig_90685	67.2413793103448	522	190	161	104	67
cen05_rplB_contig_91122_contig_91123	64.1025641025641	819	243	282	171	123
cen05_rplB_contig_91182_contig_91183	67.4285714285714	525	178	176	107	64
cen05_rplB_contig_91356_contig_91357	63.9902676399027	822	270	256	178	118
cen05_rplB_contig_91380_contig_91381	66.8724279835391	486	169	156	98	63
cen05_rplB_contig_91794_contig_91795	64.3467643467643	819	248	279	167	125
cen05_rplB_contig_92782_contig_92783	59.4135802469136	648	209	176	152	111
cen05_rplB_contig_92800_contig_92801	62.4242424242424	825	277	238	187	123
cen05_rplB_contig_92812_contig_92813	64.1025641025641	819	246	279	182	112
cen05_rplB_contig_92830_contig_92831	63.2478632478633	819	268	250	184	117
cen05_rplB_contig_92992_contig_92993	63.6942675159236	471	170	130	101	70
cen05_rplB_contig_93582_contig_93583	64.5435244161359	471	155	149	100	67
cen05_rplB_contig_93636_contig_93637	64.5962732919255	483	175	137	106	65
cen05_rplB_contig_93934_contig_93935	60.5095541401274	471	134	151	99	87
cen05_rplB_contig_94024_contig_94025	59.463986599665	597	183	172	142	100
cen05_rplB_contig_94084_contig_94085	66.820987654321	648	215	218	131	84
cen05_rplB_contig_94118_contig_94119	64.7130647130647	819	240	290	168	121
cen05_rplB_contig_94168_contig_94169	67.0349907918969	543	183	181	108	71
cen05_rplB_contig_94190_contig_94191	65.0246305418719	609	189	207	120	93
cen05_rplB_contig_94250_contig_94251	64.1255605381166	669	197	232	136	104
cen05_rplB_contig_94408_contig_94409	71.9362745098039	816	298	289	136	93
cen05_rplB_contig_94414_contig_94415	71.4285714285714	483	164	181	82	56
cen05_rplB_contig_94426_contig_94427	72.0588235294118	816	295	293	134	94
cen05_rplB_contig_94434_contig_94435	72.0588235294118	816	296	292	134	94
cen05_rplB_contig_94442_contig_94443	63.6036036036036	555	189	164	108	94
cen05_rplB_contig_94506_contig_94507	73.4463276836158	531	200	190	79	62
cen05_rplB_contig_95390_contig_95391	62.2340425531915	564	174	177	113	100
cen05_rplB_contig_95768_contig_95769	63.745704467354	582	172	199	122	89
cen05_rplB_contig_95794_contig_95795	69.4444444444444	468	155	170	81	62
cen05_rplB_contig_95944_contig_95945	64.7130647130647	819	249	281	165	124
cen05_rplB_contig_95992_contig_95993	66.9117647058823	816	248	298	158	112
cen05_rplB_contig_96064_contig_96065	63.6704119850187	534	165	175	103	91
cen05_rplB_contig_96104_contig_96105	67.2794117647059	816	246	303	156	111
cen05_rplB_contig_96266_contig_96267	65.4545454545455	825	266	274	175	110
cen05_rplB_contig_96368_contig_96369	43.2950191570881	522	116	110	166	130
cen05_rplB_contig_96536_contig_96537	65.3846153846154	546	186	171	109	80
cen05_rplB_contig_96772_contig_96773	64.8809523809524	672	222	214	139	97
cen05_rplB_contig_97074_contig_97075	65.5757575757576	825	286	255	173	111
cen05_rplB_contig_97248_contig_97249	65.3907496012759	627	212	198	124	93
cen05_rplB_contig_97560_contig_97561	59.3220338983051	708	212	208	158	130
cen05_rplB_contig_97856_contig_97857	67.9078014184397	564	194	189	116	65
cen05_rplB_contig_98020_contig_98021	67.8787878787879	825	267	293	165	100
cen05_rplB_contig_98044_contig_98045	61.1111111111111	486	157	140	105	84
cen05_rplB_contig_98164_contig_98165	68.9542483660131	612	211	211	108	82
cen05_rplB_contig_98180_contig_98181	65.3333333333333	825	262	277	179	107
cen05_rplB_contig_98236_contig_98237	63.625304136253	822	289	234	187	112
cen05_rplB_contig_98274_contig_98275	59.8958333333333	576	185	160	128	103
cen05_rplB_contig_98326_contig_98327	67.3939393939394	825	268	288	164	105
cen05_rplB_contig_98340_contig_98341	71.4003944773175	507	183	179	88	57
cen05_rplB_contig_98364_contig_98365	63.1578947368421	798	250	254	170	124
cen05_rplB_contig_98418_contig_98419	58.1239530988275	597	186	161	138	112
cen05_rplB_contig_98526_contig_98527	69.0021231422505	471	161	164	88	58
cen05_rplB_contig_98616_contig_98617	64.8745519713262	558	183	179	111	85
cen05_rplB_contig_98624_contig_98625	66.2790697674419	516	173	169	101	73
cen05_rplB_contig_98976_contig_98977	66.025641025641	624	187	225	134	78
cen05_rplB_contig_99126_contig_99127	66.3003663003663	819	289	254	168	108
cen05_rplB_contig_99180_contig_99181	67.9389312977099	786	259	275	156	96
cen05_rplB_contig_99216_contig_99217	63.9902676399027	822	290	236	185	111
cen05_rplB_contig_99362_contig_99363	70.6270627062706	606	199	229	104	74
cen05_rplB_contig_99526_contig_99527	65.1991614255765	477	157	154	104	62
cen05_rplB_contig_99600_contig_99601	69.7080291970803	822	270	303	156	93
cen05_rplB_contig_100066_contig_100067	70.273631840796	804	267	298	143	96
cen05_rplB_contig_100134_contig_100135	72.7716727716728	819	300	296	129	94
cen05_rplB_contig_100144_contig_100145	61.0441767068273	498	152	152	117	77
cen05_rplB_contig_100210_contig_100211	60.1666666666667	600	186	175	138	101
cen05_rplB_contig_100332_contig_100333	70.293609671848	579	200	207	105	67
cen05_rplB_contig_100454_contig_100455	69.1983122362869	711	226	266	134	85
cen05_rplB_contig_100470_contig_100471	72.0588235294118	816	292	296	134	94
cen05_rplB_contig_100476_contig_100477	71.1656441717791	489	166	182	92	49
cen05_rplB_contig_100542_contig_100543	69.8529411764706	816	296	274	145	101
cen05_rplB_contig_100852_contig_100853	73.015873015873	819	302	296	128	93
cen05_rplB_contig_100864_contig_100865	62.6225490196078	816	279	232	188	117
cen05_rplB_contig_100926_contig_100927	67.4019607843137	816	248	302	157	109
cen05_rplB_contig_100934_contig_100935	57.9520697167756	459	137	129	108	85
cen05_rplB_contig_101010_contig_101011	60.9271523178808	453	136	140	99	78
cen05_rplB_contig_101088_contig_101089	64.7272727272727	825	268	266	186	105
cen05_rplB_contig_101288_contig_101289	68.0555555555556	792	261	278	152	101
cen05_rplB_contig_101970_contig_101971	61.0705596107056	822	266	236	189	131
cen05_rplB_contig_102316_contig_102317	60.8484848484849	825	263	239	191	132
cen05_rplB_contig_102548_contig_102549	59.9756690997567	822	261	232	189	140
cen05_rplB_contig_102570_contig_102571	62.7878787878788	825	276	242	191	116
cen05_rplB_contig_102624_contig_102625	62.3030303030303	825	275	239	182	129
cen05_rplB_contig_102686_contig_102687	65.9340659340659	819	282	258	172	107
cen05_rplB_contig_102696_contig_102697	62.026862026862	819	261	247	184	127
cen05_rplB_contig_102780_contig_102781	62.5152625152625	819	259	253	183	124
cen05_rplB_contig_102834_contig_102835	63.625304136253	822	267	256	178	121
cen05_rplB_contig_103062_contig_103063	62.5152625152625	819	263	249	183	124
cen05_rplB_contig_103242_contig_103243	72.5490196078431	816	293	299	132	92
cen05_rplB_contig_103272_contig_103273	62.6373626373626	819	258	255	183	123
cen05_rplB_contig_103274_contig_103275	61.3970588235294	816	253	248	189	126
cen05_rplB_contig_103502_contig_103503	72.7716727716728	819	302	294	132	91
cen05_rplB_contig_103752_contig_103753	69.0909090909091	825	273	297	158	97
cen05_rplB_contig_103896_contig_103897	71.2727272727273	825	274	314	146	91
cen05_rplB_contig_104560_contig_104561	67.3525377229081	729	259	232	144	94
cen05_rplB_contig_104702_contig_104703	71.5686274509804	816	285	299	139	93
cen05_rplB_contig_104836_contig_104837	65.8119658119658	819	280	259	165	115
cen05_rplB_contig_105052_contig_105053	71.6183574879227	828	296	297	144	91
cen05_rplB_contig_105102_contig_105103	72.2017220172202	813	283	304	138	88
cen05_rplB_contig_105172_contig_105173	72.5856697819315	642	232	234	102	74
cen05_rplB_contig_105520_contig_105521	71.2727272727273	825	287	301	148	89
cen05_rplB_contig_106632_contig_106633	59.8233995584989	453	132	139	104	78
cen05_rplB_contig_106782_contig_106783	69.5568400770713	519	172	189	96	62
cen05_rplB_contig_107034_contig_107035	65.4366543665437	813	260	272	165	116
cen05_rplB_contig_107324_contig_107325	64.3605870020964	477	160	147	108	62
cen05_rplB_contig_107466_contig_107467	65.9340659340659	819	281	259	165	114
cen05_rplB_contig_107550_contig_107551	66.3333333333333	600	197	201	116	86
cen05_rplB_contig_107554_contig_107555	70.7070707070707	693	236	254	121	82
cen05_rplB_contig_107894_contig_107895	73.2600732600733	819	302	298	131	88
cen05_rplB_contig_107912_contig_107913	66.6666666666667	819	285	261	171	102
cen05_rplB_contig_108430_contig_108431	70.9090909090909	825	281	304	146	94
cen05_rplB_contig_108464_contig_108465	72.7564102564103	624	233	221	99	71
cen05_rplB_contig_108902_contig_108903	62.0098039215686	816	281	225	189	121
cen05_rplB_contig_109042_contig_109043	64.7130647130647	819	283	247	165	124
cen05_rplB_contig_109418_contig_109419	66.1728395061728	810	266	270	164	110
cen05_rplB_contig_109442_contig_109443	63.2352941176471	816	270	246	169	131
cen05_rplB_contig_109704_contig_109705	62.7450980392157	816	271	241	175	129
cen05_rplB_contig_110024_contig_110025	64.8351648351648	819	249	282	169	119
cen05_rplB_contig_110138_contig_110139	65.8730158730159	630	195	220	135	80
cen05_rplB_contig_113196_contig_113197	63.317384370016	627	207	190	136	94
cen05_rplB_contig_113220_contig_113221	70.9558823529412	816	282	297	139	98
cen05_rplB_contig_113332_contig_113333	68.2819383259912	681	231	234	127	89
cen05_rplB_contig_113378_contig_113379	67.6470588235294	816	249	303	155	109
cen05_rplB_contig_113830_contig_113831	68.944099378882	483	151	182	91	59
cen05_rplB_contig_113838_contig_113839	70.3862660944206	699	240	252	125	82
cen05_rplB_contig_114030_contig_114031	69.9004975124378	804	273	289	146	96
cen05_rplB_contig_114066_contig_114067	68.969696969697	825	279	290	162	94
cen05_rplB_contig_114190_contig_114191	69.1511387163561	483	144	190	90	59
cen05_rplB_contig_114428_contig_114429	70.4081632653061	588	212	202	97	77
cen05_rplB_contig_114474_contig_114475	65.1991614255765	477	152	159	102	64
cen05_rplB_contig_114544_contig_114545	69.5286195286195	594	186	227	105	76
cen05_rplB_contig_114756_contig_114757	66.1746617466175	813	265	273	163	112
cen05_rplB_contig_114892_contig_114893	66.6666666666667	780	254	266	146	114
cen05_rplB_contig_115128_contig_115129	69.0666666666667	750	264	254	132	100
cen05_rplB_contig_115278_contig_115279	64.1255605381166	669	246	183	136	104
cen05_rplB_contig_115802_contig_115803	72.7678571428571	672	245	244	108	75
cen05_rplB_contig_115970_contig_115971	69.9867197875166	753	267	260	146	80
cen05_rplB_contig_116116_contig_116117	67.1212121212121	660	217	226	127	90
cen05_rplB_contig_116130_contig_116131	71.1711711711712	777	264	289	140	84
cen05_rplB_contig_116144_contig_116145	68.6060606060606	825	275	291	169	90
cen05_rplB_contig_116234_contig_116235	70.9039548022599	708	238	264	121	85
cen05_rplB_contig_116310_contig_116311	68.3636363636364	825	270	294	167	94
cen05_rplB_contig_116342_contig_116343	67.7575757575758	825	278	281	162	104
cen05_rplB_contig_116692_contig_116693	72.8643216080402	597	222	213	91	71
cen05_rplB_contig_117066_contig_117067	64.9446494464945	813	262	266	166	119
cen05_rplB_contig_117176_contig_117177	66.2015503875969	645	210	217	125	93
cen05_rplB_contig_117254_contig_117255	62.5978090766823	639	203	197	140	99
cen05_rplB_contig_117382_contig_117383	70.1923076923077	624	216	222	115	71
cen05_rplB_contig_117816_contig_117817	66.8103448275862	696	235	230	145	86
cen05_rplB_contig_117882_contig_117883	64.9769585253456	651	199	224	133	95
cen05_rplB_contig_118284_contig_118285	67.030303030303	825	275	278	170	102
cen05_rplB_contig_118510_contig_118511	71.0765239948119	771	270	278	130	93
cen05_rplB_contig_118848_contig_118849	63.8376383763838	813	255	264	169	125
cen05_rplB_contig_118896_contig_118897	64.7130647130647	819	246	284	167	122
cen05_rplB_contig_118936_contig_118937	68.6060606060606	825	273	293	166	93
cen05_rplB_contig_119084_contig_119085	70.3030303030303	825	274	306	156	89
cen05_rplB_contig_119264_contig_119265	71.6911764705882	816	290	295	134	97
cen05_rplB_contig_120024_contig_120025	70.9090909090909	825	268	317	151	89
cen05_rplB_contig_120072_contig_120073	71.7813051146384	567	206	201	89	71
cen05_rplB_contig_120612_contig_120613	69.96996996997	666	227	239	124	76
cen05_rplB_contig_120634_contig_120635	65.1851851851852	675	228	212	145	90
cen05_rplB_contig_120678_contig_120679	64.1025641025641	819	242	283	172	122
cen05_rplB_contig_120858_contig_120859	71.3276836158192	708	240	265	120	83
cen05_rplB_contig_120906_contig_120907	64.8760330578512	726	234	237	157	98
cen05_rplB_contig_121042_contig_121043	70.3703703703704	702	239	255	130	78
cen05_rplB_contig_121048_contig_121049	68.4426229508197	732	245	256	153	78
cen05_rplB_contig_121192_contig_121193	67.7519379844961	645	219	218	119	89
cen05_rplB_contig_121222_contig_121223	68.1547619047619	672	229	229	125	89
cen05_rplB_contig_121322_contig_121323	70.2702702702703	666	226	242	124	74
cen05_rplB_contig_121402_contig_121403	64.0740740740741	810	249	270	165	126
cen05_rplB_contig_121520_contig_121521	70.995670995671	693	240	252	128	73
cen05_rplB_contig_121808_contig_121809	65.4377880184332	651	200	226	132	93
cen05_rplB_contig_122236_contig_122237	71.6666666666667	480	163	181	84	52
cen05_rplB_contig_122756_contig_122757	65.4456654456654	819	284	252	170	113
cen05_rplB_contig_123002_contig_123003	66.5079365079365	630	204	215	122	89
cen05_rplB_contig_123092_contig_123093	70.7878787878788	825	279	305	147	94
cen05_rplB_contig_123156_contig_123157	65.9340659340659	819	284	256	172	107
cen05_rplB_contig_123270_contig_123271	70.4242424242424	825	281	300	155	89
cen05_rplB_contig_124234_contig_124235	70.1818181818182	825	273	306	152	94
cen05_rplB_contig_124286_contig_124287	67.6363636363636	825	277	281	168	99
cen05_rplB_contig_124414_contig_124415	67.7575757575758	825	264	295	168	98
cen05_rplB_contig_124528_contig_124529	72.3039215686274	816	296	294	136	90
cen05_rplB_contig_126964_contig_126965	61.6421568627451	816	271	232	175	138
cen05_rplB_contig_127824_contig_127825	66.6666666666667	819	285	261	172	101
cen05_rplB_contig_127838_contig_127839	64.2246642246642	819	248	278	170	123
cen05_rplB_contig_128022_contig_128023	66.0886319845857	519	185	158	106	70
cen05_rplB_contig_128284_contig_128285	62.5	816	280	230	176	130
cen05_rplB_contig_128358_contig_128359	71.3709677419355	744	262	269	132	81
cen05_rplB_contig_128362_contig_128363	72.463768115942	828	298	302	142	86
cen05_rplB_contig_128436_contig_128437	71.5151515151515	825	290	300	148	87
cen05_rplB_contig_128464_contig_128465	71.8599033816425	828	292	303	143	90
cen05_rplB_contig_128540_contig_128541	65.6290531776913	771	272	234	155	110
cen05_rplB_contig_128656_contig_128657	71.6397849462366	744	264	269	134	77
cen05_rplB_contig_128802_contig_128803	72.0214190093708	747	263	275	130	79
cen05_rplB_contig_128882_contig_128883	70.6214689265537	708	239	261	125	83
cen05_rplB_contig_129036_contig_129037	68.1222707423581	687	217	251	130	89
cen05_rplB_contig_129164_contig_129165	67.5213675213675	819	261	292	151	115
cen05_rplB_contig_129192_contig_129193	71.256038647343	828	284	306	152	86
cen05_rplB_contig_129304_contig_129305	66.9108669108669	819	265	283	158	113
cen05_rplB_contig_129490_contig_129491	66.6666666666667	540	194	166	109	71
cen05_rplB_contig_129540_contig_129541	71.7391304347826	828	294	300	144	90
cen05_rplB_contig_130438_contig_130439	69.0909090909091	825	280	290	160	95
cen05_rplB_contig_130810_contig_130811	59.4713656387665	681	214	191	155	121
cen05_rplB_contig_130854_contig_130855	69.3333333333333	825	276	296	164	89
cen05_rplB_contig_130996_contig_130997	70.995670995671	693	237	255	121	80
cen05_rplB_contig_131300_contig_131301	72.5403817914831	681	245	249	110	77
cen05_rplB_contig_131304_contig_131305	64.4688644688645	819	245	283	171	120
cen05_rplB_contig_131410_contig_131411	63.9130434782609	690	202	239	144	105
cen05_rplB_contig_131798_contig_131799	67.6883780332056	783	255	275	146	107
cen05_rplB_contig_131856_contig_131857	64.3467643467643	819	243	284	171	121
cen05_rplB_contig_131892_contig_131893	66.6666666666667	519	164	182	106	67
cen05_rplB_contig_131940_contig_131941	69.5273631840796	804	276	283	155	90
cen05_rplB_contig_131946_contig_131947	71.7299578059072	711	247	263	119	82
cen05_rplB_contig_131954_contig_131955	69.8181818181818	825	279	297	149	100
cen05_rplB_contig_132102_contig_132103	69.5380774032459	801	274	283	154	90
cen05_rplB_contig_132312_contig_132313	64.957264957265	819	249	283	169	118
cen05_rplB_contig_132344_contig_132345	64.5909645909646	819	243	286	170	120
cen05_rplB_contig_132628_contig_132629	59.8412698412698	630	203	174	143	110
cen05_rplB_contig_132634_contig_132635	71.4460784313726	816	285	298	139	94
cen05_rplB_contig_132720_contig_132721	65.8119658119658	819	279	260	173	107
cen05_rplB_contig_132732_contig_132733	64.957264957265	819	245	287	171	116
cen05_rplB_contig_132826_contig_132827	71.6363636363636	825	288	303	148	86
cen05_rplB_contig_133362_contig_133363	71.6183574879227	828	292	301	146	89
cen05_rplB_contig_133534_contig_133535	59.8540145985401	822	256	236	193	137
cen05_rplB_contig_133588_contig_133589	69.1091954022989	696	219	262	130	85
cen05_rplB_contig_134228_contig_134229	71.071953010279	681	234	250	118	79
cen05_rplB_contig_134402_contig_134403	71.7703349282297	627	217	233	107	70
cen05_rplB_contig_135334_contig_135335	63.7146371463715	813	261	257	172	123
cen05_rplB_contig_135386_contig_135387	70.2020202020202	792	275	281	145	91
cen05_rplB_contig_135576_contig_135577	65.8792650918635	762	249	253	151	109
cen05_rplB_contig_135666_contig_135667	63.6141636141636	819	245	276	172	126
cen05_rplB_contig_135860_contig_135861	62.8048780487805	492	151	158	103	80
cen05_rplB_contig_135952_contig_135953	72.2222222222222	828	296	302	142	88
cen05_rplB_contig_136032_contig_136033	64.8351648351648	819	247	284	166	122
cen05_rplB_contig_136108_contig_136109	67.3992673992674	819	272	280	159	108
cen05_rplB_contig_136112_contig_136113	64.8293963254593	762	232	262	156	112
cen05_rplB_contig_136170_contig_136171	65.4456654456654	819	284	252	171	112
cen05_rplB_contig_136870_contig_136871	67.1550671550672	819	269	281	163	106
cen05_rplB_contig_137370_contig_137371	64.4955300127714	783	253	252	162	116
cen05_rplB_contig_137512_contig_137513	63.3819951338199	822	295	226	186	115
cen05_rplB_contig_137650_contig_137651	48.2295482295482	819	237	158	254	170
cen05_rplB_contig_138170_contig_138171	70.6666666666667	825	277	306	150	92
cen05_rplB_contig_138298_contig_138299	57.2649572649573	819	246	223	193	157
cen05_rplB_contig_138772_contig_138773	63.2603406326034	822	269	251	173	129
cen05_rplB_contig_138982_contig_138983	64.3467643467643	819	244	283	173	119
cen05_rplB_contig_139058_contig_139059	65.0793650793651	819	249	284	167	119
cen05_rplB_contig_139522_contig_139523	72.463768115942	828	297	303	144	84
cen05_rplB_contig_140006_contig_140007	65.0793650793651	819	259	274	163	123
