ID	% GCContent	Total Count	G Count	C Count	A Count	T Count
cen10_acr3_contig_8_contig_9	64.1170915958451	1059	353	326	140	240
cen10_acr3_contig_30_contig_31	54.7480620155039	1032	287	278	183	284
cen10_acr3_contig_34_contig_35	57.9961464354528	519	144	157	71	147
cen10_acr3_contig_50_contig_51	46.8852459016393	915	223	206	194	292
cen10_acr3_contig_176_contig_177	71.4565004887586	1023	379	352	108	184
cen10_acr3_contig_182_contig_183	68.1159420289855	1035	348	357	105	225
cen10_acr3_contig_472_contig_473	42.1157684630739	501	107	104	145	145
cen10_acr3_contig_486_contig_487	71.3178294573643	1032	341	395	105	191
cen10_acr3_contig_576_contig_577	62.0132953466287	1053	335	318	150	250
cen10_acr3_contig_588_contig_589	69.8966408268734	774	248	293	76	157
cen10_acr3_contig_608_contig_609	67.8294573643411	1032	361	339	112	220
cen10_acr3_contig_724_contig_725	71.6763005780347	1038	359	385	107	187
cen10_acr3_contig_752_contig_753	37.4521072796935	1044	221	170	274	379
cen10_acr3_contig_870_contig_871	55.6201550387597	516	139	148	72	157
cen10_acr3_contig_908_contig_909	58.1369248035915	891	242	276	143	230
cen10_acr3_contig_1056_contig_1057	59.2156862745098	1020	318	286	150	266
cen10_acr3_contig_1072_contig_1073	72.3032069970845	1029	354	390	95	190
cen10_acr3_contig_1342_contig_1343	58.7064676616915	1005	305	285	159	256
cen10_acr3_contig_1360_contig_1361	44.1056910569106	492	124	93	115	160
cen10_acr3_contig_1450_contig_1451	68.8262910798122	1065	343	390	121	211
cen10_acr3_contig_1516_contig_1517	74.2603550295858	1014	402	351	76	185
cen10_acr3_contig_1590_contig_1591	49.4824016563147	483	126	113	98	146
cen10_acr3_contig_1764_contig_1765	69.3372898120673	1011	332	369	113	197
cen10_acr3_contig_1770_contig_1771	62.890625	768	247	236	89	196
cen10_acr3_contig_2086_contig_2087	69.7329376854599	1011	336	369	100	206
cen10_acr3_contig_2224_contig_2225	64.7173489278752	1026	323	341	127	235
cen10_acr3_contig_2752_contig_2753	64.2276422764228	492	159	157	58	118
cen10_acr3_contig_2768_contig_2769	53.2352941176471	1020	268	275	173	304
cen10_acr3_contig_4002_contig_4003	70.3488372093023	1032	340	386	101	205
cen10_acr3_contig_4050_contig_4051	68.9138576779026	1068	352	384	109	223
cen10_acr3_contig_4214_contig_4215	69.5014662756598	1023	304	407	105	207
cen10_acr3_contig_5256_contig_5257	54.4278606965174	1005	285	262	158	300
cen10_acr3_contig_5860_contig_5861	66.9772256728779	966	284	363	120	199
cen10_acr3_contig_6184_contig_6185	73.5067437379576	1038	366	397	91	184
cen10_acr3_contig_9328_contig_9329	57.6086956521739	828	233	244	128	223
cen10_acr3_contig_11738_contig_11739	58.8347659980898	1047	319	297	163	268
cen10_acr3_contig_12816_contig_12817	71.4147286821705	1032	353	384	94	201
cen10_acr3_contig_13182_contig_13183	51.6765285996055	507	119	143	96	149
cen10_acr3_contig_13458_contig_13459	57.1290944123314	1038	311	282	152	293
cen10_acr3_contig_13644_contig_13645	59.0953785644051	1017	290	311	163	253
cen10_acr3_contig_13864_contig_13865	46.1047254150702	783	179	182	174	248
cen10_acr3_contig_14428_contig_14429	67.7047289504037	867	257	330	107	173
cen10_acr3_contig_14486_contig_14487	57.5956284153005	915	256	271	142	246
cen10_acr3_contig_15340_contig_15341	71.7497556207234	1023	385	349	104	185
cen10_acr3_contig_18106_contig_18107	58.3042973286876	861	252	250	142	217
cen10_acr3_contig_22136_contig_22137	45.3159041394335	459	102	106	101	150
cen10_acr3_contig_22816_contig_22817	51.4792899408284	507	120	141	94	152
cen10_acr3_contig_22892_contig_22893	61.7715617715618	858	260	270	125	203
cen10_acr3_contig_22970_contig_22971	70.7142857142857	840	327	267	79	167
cen10_acr3_contig_24802_contig_24803	54.8333333333333	600	168	161	100	171
cen10_acr3_contig_25520_contig_25521	70.3389830508475	1062	355	392	106	209
cen10_acr3_contig_26336_contig_26337	71.7497556207234	1023	375	359	108	181
cen10_acr3_contig_26712_contig_26713	66.1764705882353	612	211	194	72	135
cen10_acr3_contig_26812_contig_26813	68.8995215311005	627	225	207	62	133
cen10_acr3_contig_26816_contig_26817	64.0132669983416	603	183	203	75	142
cen10_acr3_contig_26982_contig_26983	72.310405643739	567	196	214	47	110
cen10_acr3_contig_27058_contig_27059	44.6540880503145	636	151	133	146	206
cen10_acr3_contig_27234_contig_27235	62.1212121212121	594	174	195	83	142
cen10_acr3_contig_27250_contig_27251	65.1591289782245	597	202	187	73	135
cen10_acr3_contig_28154_contig_28155	63.7305699481865	579	185	184	70	140
cen10_acr3_contig_28170_contig_28171	54.4839255499154	591	156	166	99	170
cen10_acr3_contig_28322_contig_28323	56.9288389513109	534	149	155	85	145
cen10_acr3_contig_28546_contig_28547	57.4955908289242	567	157	169	85	156
cen10_acr3_contig_29838_contig_29839	69.4915254237288	531	190	179	54	108
cen10_acr3_contig_29852_contig_29853	51.986183074266	579	151	150	114	164
cen10_acr3_contig_29874_contig_29875	68.6666666666667	600	214	198	61	127
cen10_acr3_contig_29918_contig_29919	67.8936605316973	489	157	175	53	104
cen10_acr3_contig_30130_contig_30131	52.3540489642185	1062	270	286	196	310
cen10_acr3_contig_30286_contig_30287	68.3333333333333	600	213	197	62	128
cen10_acr3_contig_30350_contig_30351	54.6511627906977	516	143	139	86	148
cen10_acr3_contig_30394_contig_30395	56.0077519379845	516	151	138	82	145
cen10_acr3_contig_30774_contig_30775	60.7207207207207	555	165	172	77	141
cen10_acr3_contig_30974_contig_30975	59.375	480	145	140	70	125
cen10_acr3_contig_31074_contig_31075	72.5146198830409	513	189	183	42	99
cen10_acr3_contig_31642_contig_31643	69	600	216	198	60	126
cen10_acr3_contig_32346_contig_32347	60.9649122807018	456	144	134	65	113
cen10_acr3_contig_32760_contig_32761	37.2188139059305	489	101	81	131	176
cen10_acr3_contig_32906_contig_32907	71.7497556207234	1023	377	357	107	182
cen10_acr3_contig_33038_contig_33039	69.3404634581105	561	188	201	59	113
cen10_acr3_contig_33080_contig_33081	64.922480620155	516	174	161	55	126
cen10_acr3_contig_33216_contig_33217	47.02154626109	789	195	176	158	260
cen10_acr3_contig_33340_contig_33341	69.1851851851852	675	224	243	72	136
cen10_acr3_contig_35044_contig_35045	70.8189158016148	867	297	317	76	177
cen10_acr3_contig_35348_contig_35349	70.3933747412008	483	168	172	48	95
cen10_acr3_contig_36006_contig_36007	72.972972972973	666	226	260	58	122
cen10_acr3_contig_36320_contig_36321	69.620253164557	711	228	267	77	139
cen10_acr3_contig_36478_contig_36479	67.2161172161172	546	181	186	57	122
cen10_acr3_contig_37320_contig_37321	70.2956989247312	744	217	306	81	140
cen10_acr3_contig_37564_contig_37565	48.0392156862745	510	124	121	110	155
cen10_acr3_contig_37576_contig_37577	51.4619883040936	513	138	126	107	142
cen10_acr3_contig_37644_contig_37645	46.8810916179337	1026	252	229	234	311
cen10_acr3_contig_37876_contig_37877	70.0980392156863	816	251	321	88	156
cen10_acr3_contig_39106_contig_39107	70.8823529411765	1020	356	367	96	201
cen10_acr3_contig_39144_contig_39145	58.6744639376218	1026	313	289	156	268
cen10_acr3_contig_39168_contig_39169	68.3018867924528	795	248	295	82	170
cen10_acr3_contig_39996_contig_39997	68.4507042253521	1065	341	388	123	213
cen10_acr3_contig_40838_contig_40839	68.4410646387833	789	249	291	89	160
cen10_acr3_contig_41696_contig_41697	70.1996927803379	651	174	283	73	121
cen10_acr3_contig_41860_contig_41861	67.4213836477987	795	245	291	86	173
cen10_acr3_contig_41884_contig_41885	71.1366538952746	783	278	279	81	145
cen10_acr3_contig_43056_contig_43057	69.3333333333333	600	215	201	58	126
cen10_acr3_contig_43154_contig_43155	62.0748299319728	588	187	178	81	142
cen10_acr3_contig_43238_contig_43239	63.8257575757576	1056	345	329	144	238
cen10_acr3_contig_43574_contig_43575	57.3192239858907	567	156	169	87	155
cen10_acr3_contig_44206_contig_44207	69.2528735632184	696	261	221	72	142
cen10_acr3_contig_44260_contig_44261	58.4459459459459	888	253	266	150	219
cen10_acr3_contig_45088_contig_45089	60.536398467433	1044	326	306	149	263
cen10_acr3_contig_45312_contig_45313	67.1641791044776	804	271	269	91	173
cen10_acr3_contig_45406_contig_45407	60.5664488017429	459	143	135	65	116
cen10_acr3_contig_48258_contig_48259	63.2505175983437	966	308	303	136	219
cen10_acr3_contig_48614_contig_48615	68.574297188755	996	308	375	109	204
cen10_acr3_contig_48672_contig_48673	71.8475073313783	1023	382	353	103	185
cen10_acr3_contig_48752_contig_48753	64.9523809523809	525	166	175	66	118
cen10_acr3_contig_48954_contig_48955	68.6332350049164	1017	351	347	111	208
cen10_acr3_contig_49036_contig_49037	64.437984496124	1032	332	333	124	243
cen10_acr3_contig_49118_contig_49119	62.6666666666667	525	153	176	73	123
cen10_acr3_contig_49420_contig_49421	72.189349112426	1014	339	393	97	185
cen10_acr3_contig_49984_contig_49985	63.3851468048359	579	189	178	72	140
cen10_acr3_contig_50084_contig_50085	62.9411764705882	510	164	157	66	123
cen10_acr3_contig_52392_contig_52393	54.8449612403101	1032	290	276	181	285
cen10_acr3_contig_53438_contig_53439	57.1428571428571	567	156	168	85	158
cen10_acr3_contig_53856_contig_53857	58.1372549019608	1020	291	302	154	273
cen10_acr3_contig_53960_contig_53961	58.6437440305635	1047	315	299	163	270
cen10_acr3_contig_54588_contig_54589	59.3123209169054	1047	320	301	157	269
cen10_acr3_contig_55122_contig_55123	69.1969196919692	909	286	343	100	180
