ID	% GCContent	Total Count	G Count	C Count	A Count	T Count
cen12_arsC_glut_contig_6_contig_7	63.2183908045977	348	98	122	67	61
cen12_arsC_glut_contig_16_contig_17	56.6091954022989	348	103	94	85	66
cen12_arsC_glut_contig_20_contig_21	67.1794871794872	195	65	66	30	34
cen12_arsC_glut_contig_24_contig_25	62.5730994152047	342	99	115	70	58
cen12_arsC_glut_contig_28_contig_29	62.1212121212121	264	85	79	51	49
cen12_arsC_glut_contig_30_contig_31	64.367816091954	348	111	113	65	59
cen12_arsC_glut_contig_46_contig_47	61.7391304347826	345	104	109	69	63
cen12_arsC_glut_contig_48_contig_49	66.0766961651917	339	111	113	67	48
cen12_arsC_glut_contig_126_contig_127	70.7762557077626	219	78	77	31	33
cen12_arsC_glut_contig_152_contig_153	60.632183908046	348	95	116	61	76
cen12_arsC_glut_contig_164_contig_165	52.1604938271605	324	92	77	86	69
cen12_arsC_glut_contig_194_contig_195	59.7701149425287	348	102	106	78	62
cen12_arsC_glut_contig_292_contig_293	65.2173913043478	345	112	113	64	56
cen12_arsC_glut_contig_314_contig_315	59.2920353982301	339	95	106	68	70
cen12_arsC_glut_contig_580_contig_581	64.9122807017544	228	71	77	43	37
cen12_arsC_glut_contig_648_contig_649	63.2183908045977	348	101	119	67	61
cen12_arsC_glut_contig_658_contig_659	60.9649122807018	228	67	72	46	43
cen12_arsC_glut_contig_666_contig_667	60.2409638554217	249	77	73	51	48
cen12_arsC_glut_contig_700_contig_701	64.9275362318841	345	103	121	66	55
cen12_arsC_glut_contig_968_contig_969	59.6899224806202	258	66	88	52	52
cen12_arsC_glut_contig_1060_contig_1061	58.8235294117647	204	47	73	49	35
cen12_arsC_glut_contig_1110_contig_1111	69.5652173913043	207	74	70	34	29
cen12_arsC_glut_contig_1204_contig_1205	64.6551724137931	348	101	124	64	59
cen12_arsC_glut_contig_1276_contig_1277	66.6666666666667	192	63	65	38	26
cen12_arsC_glut_contig_1286_contig_1287	62.2222222222222	180	47	65	38	30
cen12_arsC_glut_contig_1310_contig_1311	61.4035087719298	342	103	107	74	58
cen12_arsC_glut_contig_1492_contig_1493	68.1818181818182	198	62	73	39	24
cen12_arsC_glut_contig_1566_contig_1567	65.5913978494624	186	57	65	41	23
cen12_arsC_glut_contig_1610_contig_1611	63.4408602150538	186	56	62	41	27
cen12_arsC_glut_contig_1866_contig_1867	63.4218289085546	339	103	112	66	58
cen12_arsC_glut_contig_1926_contig_1927	66.6666666666667	339	109	117	58	55
cen12_arsC_glut_contig_1930_contig_1931	69.0058479532164	342	112	124	61	45
cen12_arsC_glut_contig_1972_contig_1973	64.2611683848797	291	98	89	62	42
cen12_arsC_glut_contig_2004_contig_2005	66.966966966967	333	103	120	68	42
cen12_arsC_glut_contig_2008_contig_2009	65.7276995305164	213	63	77	41	32
cen12_arsC_glut_contig_2040_contig_2041	66.6666666666667	339	109	117	58	55
cen12_arsC_glut_contig_2076_contig_2077	56.4516129032258	186	46	59	43	38
