ID	% GCContent	Total Count	G Count	C Count	A Count	T Count
cen17_arsM_contig_246_contig_247	68.2456140350877	570	188	201	94	87
cen17_arsM_contig_456_contig_457	69.3815987933635	663	249	211	101	102
cen17_arsM_contig_766_contig_767	65.1438240270728	591	197	188	110	96
cen17_arsM_contig_976_contig_977	66.3157894736842	570	197	181	95	97
cen17_arsM_contig_1068_contig_1069	68.75	528	183	180	82	83
cen17_arsM_contig_1126_contig_1127	70.4590818363273	501	185	168	59	89
cen17_arsM_contig_1306_contig_1307	68.3250414593698	603	217	195	97	94
cen17_arsM_contig_1438_contig_1439	67.1212121212121	660	239	204	111	106
cen17_arsM_contig_1552_contig_1553	70.6806282722513	573	206	199	88	80
cen17_arsM_contig_1560_contig_1561	56.2881562881563	819	279	182	195	163
cen17_arsM_contig_1740_contig_1741	68.0473372781065	507	176	169	82	80
cen17_arsM_contig_2110_contig_2111	65.2557319223986	567	192	178	101	96
cen17_arsM_contig_2200_contig_2201	64.2735042735043	585	201	175	97	112
cen17_arsM_contig_2274_contig_2275	63.3699633699634	546	189	157	98	102
cen17_arsM_contig_2410_contig_2411	69.0031152647975	642	231	212	98	101
cen17_arsM_contig_2458_contig_2459	65.7097288676236	627	219	193	109	106
cen17_arsM_contig_2548_contig_2549	63.8297872340426	705	228	222	134	121
cen17_arsM_contig_4046_contig_4047	66.1538461538462	585	213	174	100	98
cen17_arsM_contig_4350_contig_4351	67.0886075949367	711	260	217	116	118
cen17_arsM_contig_4422_contig_4423	64.4927536231884	690	201	244	135	110
cen17_arsM_contig_4474_contig_4475	65.4919236417034	681	211	235	130	105
cen17_arsM_contig_4542_contig_4543	70.3703703703704	486	165	177	71	73
cen17_arsM_contig_4592_contig_4593	63.0666666666667	750	253	220	150	127
cen17_arsM_contig_4816_contig_4817	56.0878243512974	501	159	122	106	114
cen17_arsM_contig_4956_contig_4957	57.201646090535	486	168	110	107	101
cen17_arsM_contig_5164_contig_5165	62.5	816	230	280	171	135
cen17_arsM_contig_5392_contig_5393	59.7222222222222	576	228	116	124	108
cen17_arsM_contig_5454_contig_5455	57.6354679802956	609	208	143	129	129
cen17_arsM_contig_5892_contig_5893	63.1239935587762	621	267	125	107	122
cen17_arsM_contig_6032_contig_6033	60.5919003115265	642	220	169	134	119
cen17_arsM_contig_6080_contig_6081	67.2839506172839	486	155	172	81	78
cen17_arsM_contig_6086_contig_6087	67.5579322638146	561	197	182	93	89
cen17_arsM_contig_6164_contig_6165	70.5069124423963	651	238	221	101	91
cen17_arsM_contig_6178_contig_6179	67.8883071553229	573	198	191	93	91
cen17_arsM_contig_6314_contig_6315	59.018759018759	693	207	202	147	137
cen17_arsM_contig_6328_contig_6329	58.6826347305389	501	138	156	92	115
cen17_arsM_contig_6666_contig_6667	57.3476702508961	558	172	148	124	114
cen17_arsM_contig_7070_contig_7071	62.6811594202899	552	166	180	106	100
cen17_arsM_contig_8132_contig_8133	60.1123595505618	534	178	143	102	111
cen17_arsM_contig_8408_contig_8409	59.7765363128492	537	178	143	106	110
cen17_arsM_contig_8470_contig_8471	69.2982456140351	798	291	262	126	119
cen17_arsM_contig_9172_contig_9173	68.9594356261023	567	199	192	91	85
cen17_arsM_contig_10322_contig_10323	69.2771084337349	498	177	168	75	78
cen17_arsM_contig_15812_contig_15813	72.0164609053498	486	187	163	68	68
cen17_arsM_contig_18116_contig_18117	60.8863198458574	519	183	133	96	107
cen17_arsM_contig_18160_contig_18161	69.9453551912568	549	191	193	89	76
cen17_arsM_contig_18278_contig_18279	58.4761904761905	525	149	158	115	103
cen17_arsM_contig_19918_contig_19919	59.8290598290598	585	161	189	119	116
cen17_arsM_contig_21144_contig_21145	66.0919540229885	522	184	161	95	82
cen17_arsM_contig_23674_contig_23675	70.8333333333333	648	242	217	95	94
cen17_arsM_contig_24846_contig_24847	71.3483146067416	534	202	179	80	73
cen17_arsM_contig_25812_contig_25813	63.4517766497462	591	177	198	119	97
cen17_arsM_contig_27084_contig_27085	59.8343685300207	483	175	114	108	86
cen17_arsM_contig_30652_contig_30653	70.1086956521739	552	183	204	77	88
cen17_arsM_contig_31808_contig_31809	71.1764705882353	510	190	173	71	76
cen17_arsM_contig_34340_contig_34341	69.0821256038647	621	224	205	98	94
cen17_arsM_contig_36858_contig_36859	69.6498054474708	771	289	248	112	122
cen17_arsM_contig_36990_contig_36991	66.5454545454545	825	294	255	142	134
cen17_arsM_contig_45522_contig_45523	66.2835249042146	522	187	159	85	91
cen17_arsM_contig_50942_contig_50943	66.4242424242424	825	294	254	143	134
cen17_arsM_contig_52308_contig_52309	67.8095238095238	525	189	167	91	78
cen17_arsM_contig_53332_contig_53333	65.3273809523809	672	234	205	122	111
cen17_arsM_contig_54186_contig_54187	68.2110682110682	777	289	241	114	133
cen17_arsM_contig_54652_contig_54653	67.5635276532138	669	243	209	106	111
cen17_arsM_contig_56064_contig_56065	58.2278481012658	711	240	174	157	140
cen17_arsM_contig_58324_contig_58325	64.5299145299145	702	252	201	117	132
cen17_arsM_contig_59494_contig_59495	68.7022900763359	786	272	268	130	116
cen17_arsM_contig_59992_contig_59993	67.9089026915114	483	179	149	81	74
cen17_arsM_contig_61230_contig_61231	67.6553672316384	708	264	215	111	118
cen17_arsM_contig_61464_contig_61465	68.2539682539683	504	176	168	81	79
cen17_arsM_contig_61950_contig_61951	68.3087027914614	609	212	204	98	95
cen17_arsM_contig_62312_contig_62313	68.3962264150943	636	233	202	93	108
cen17_arsM_contig_64630_contig_64631	68.039950062422	801	293	252	134	122
cen17_arsM_contig_64754_contig_64755	68.1069958847737	486	163	168	75	80
cen17_arsM_contig_64906_contig_64907	66.9887278582931	621	231	185	97	108
cen17_arsM_contig_65268_contig_65269	67.4115456238361	537	203	159	81	94
cen17_arsM_contig_66086_contig_66087	67.003367003367	594	216	182	93	103
cen17_arsM_contig_66470_contig_66471	69.1622103386809	561	198	190	90	83
cen17_arsM_contig_66606_contig_66607	67.6954732510288	486	166	163	80	77
cen17_arsM_contig_67110_contig_67111	69.1622103386809	561	211	177	88	85
cen17_arsM_contig_67526_contig_67527	67.7902621722846	801	291	252	136	122
cen17_arsM_contig_68118_contig_68119	69.0335305719921	507	189	161	80	77
cen17_arsM_contig_71306_contig_71307	67.9933665008292	603	224	186	90	103
cen17_arsM_contig_72644_contig_72645	68.6011904761905	672	253	208	98	113
cen17_arsM_contig_75490_contig_75491	68.7593423019432	669	253	207	95	114
cen17_arsM_contig_76614_contig_76615	68.922305764411	798	290	260	124	124
cen17_arsM_contig_83250_contig_83251	63.4840871021776	597	218	161	105	113
cen17_arsM_contig_84292_contig_84293	67.6616915422886	603	230	178	91	104
cen17_arsM_contig_87398_contig_87399	71.0659898477157	591	216	204	85	86
cen17_arsM_contig_90194_contig_90195	63.573883161512	582	174	196	116	96
cen17_arsM_contig_92926_contig_92927	36.7567567567568	555	124	80	198	153
cen17_arsM_contig_93494_contig_93495	67.9417122040073	549	191	182	87	89
cen17_arsM_contig_93820_contig_93821	68.5507246376812	690	255	218	102	115
cen17_arsM_contig_93942_contig_93943	69.2156862745098	510	194	159	78	79
cen17_arsM_contig_94234_contig_94235	68.9655172413793	522	175	185	83	79
cen17_arsM_contig_96092_contig_96093	68.4126984126984	630	230	201	99	100
cen17_arsM_contig_97754_contig_97755	67.2619047619048	672	242	210	117	103
cen17_arsM_contig_98804_contig_98805	70.4099821746881	561	218	177	87	79
cen17_arsM_contig_108794_contig_108795	67.4311926605505	654	231	210	105	108
cen17_arsM_contig_112666_contig_112667	60.5263157894737	570	190	155	112	113
