ID	% GCContent	Total Count	G Count	C Count	A Count	T Count
cen14_intI_contig_44_contig_45	47.5583864118896	942	239	209	253	241
cen14_intI_contig_94_contig_95	68.7763713080169	948	344	308	158	138
cen14_intI_contig_110_contig_111	69.8412698412698	945	390	270	125	160
cen14_intI_contig_112_contig_113	60.8286252354049	531	167	156	118	90
cen14_intI_contig_172_contig_173	59.0717299578059	948	302	258	203	185
cen14_intI_contig_186_contig_187	48.4472049689441	483	122	112	130	119
cen14_intI_contig_242_contig_243	57.5268817204301	930	261	274	209	186
cen14_intI_contig_3790_contig_3791	48.1481481481481	945	243	212	254	236
cen14_intI_contig_4356_contig_4357	58.1521739130435	552	163	158	129	102
cen14_intI_contig_4396_contig_4397	71.1748633879781	732	281	240	96	115
cen14_intI_contig_16034_contig_16035	47.23991507431	942	239	206	253	244
cen14_intI_contig_16052_contig_16053	48.8322717622081	471	119	111	128	113
cen14_intI_contig_16246_contig_16247	68.8748685594111	951	356	299	138	158
cen14_intI_contig_16272_contig_16273	65.1612903225806	465	138	165	87	75
