ID	% GCContent	Total Count	G Count	C Count	A Count	T Count
cen10_rplB_contig_2_contig_3	63.7575757575758	825	270	256	169	130
cen10_rplB_contig_12_contig_13	68.7272727272727	825	296	271	156	102
cen10_rplB_contig_14_contig_15	42.512077294686	828	179	173	264	212
cen10_rplB_contig_22_contig_23	70.6812652068127	822	282	299	149	92
cen10_rplB_contig_24_contig_25	70.048309178744	828	287	293	146	102
cen10_rplB_contig_26_contig_27	69.8067632850242	828	274	304	151	99
cen10_rplB_contig_30_contig_31	70.9245742092457	822	281	302	146	93
cen10_rplB_contig_94_contig_95	72.972972972973	555	204	201	91	59
cen10_rplB_contig_112_contig_113	70.9558823529412	816	284	295	146	91
cen10_rplB_contig_138_contig_139	70.3296703296703	819	289	287	145	98
cen10_rplB_contig_496_contig_497	71.030303030303	825	292	294	143	96
cen10_rplB_contig_506_contig_507	68.7272727272727	825	272	295	147	111
cen10_rplB_contig_510_contig_511	70.3030303030303	825	281	299	148	97
cen10_rplB_contig_518_contig_519	68.1212121212121	825	275	287	150	113
cen10_rplB_contig_532_contig_533	69.0909090909091	825	279	291	147	108
cen10_rplB_contig_540_contig_541	70.4242424242424	825	291	290	148	96
cen10_rplB_contig_542_contig_543	70.0606060606061	825	274	304	152	95
cen10_rplB_contig_584_contig_585	69.9393939393939	825	274	303	148	100
cen10_rplB_contig_626_contig_627	52.9482551143201	831	238	202	205	186
cen10_rplB_contig_632_contig_633	70.7878787878788	825	290	294	147	94
cen10_rplB_contig_636_contig_637	68.6945500633714	789	265	277	140	107
cen10_rplB_contig_644_contig_645	57.7533577533578	819	249	224	185	161
cen10_rplB_contig_724_contig_725	70.9090909090909	825	293	292	143	97
cen10_rplB_contig_782_contig_783	55.6363636363636	825	253	206	206	160
cen10_rplB_contig_846_contig_847	64.720194647202	822	272	260	165	125
cen10_rplB_contig_852_contig_853	64.963503649635	822	275	259	161	127
cen10_rplB_contig_858_contig_859	67.5182481751825	822	293	262	154	113
cen10_rplB_contig_872_contig_873	64.0449438202247	534	169	173	104	88
cen10_rplB_contig_882_contig_883	64.093137254902	816	273	250	175	118
cen10_rplB_contig_916_contig_917	63.8787878787879	825	267	260	172	126
cen10_rplB_contig_936_contig_937	70.4517704517705	819	276	301	145	97
cen10_rplB_contig_938_contig_939	62.6520681265207	822	259	256	168	139
cen10_rplB_contig_948_contig_949	64.9193548387097	744	237	246	151	110
cen10_rplB_contig_964_contig_965	71.7761557177616	822	290	300	147	85
cen10_rplB_contig_972_contig_973	63.3578431372549	816	292	225	175	124
cen10_rplB_contig_1014_contig_1015	62.287104622871	822	290	222	173	137
cen10_rplB_contig_1020_contig_1021	69.8296836982968	822	275	299	156	92
cen10_rplB_contig_1038_contig_1039	70.5454545454545	825	281	301	144	99
cen10_rplB_contig_1066_contig_1067	70.3030303030303	825	281	299	149	96
cen10_rplB_contig_1084_contig_1085	55.6363636363636	825	253	206	206	160
cen10_rplB_contig_1094_contig_1095	69.4749694749695	819	276	293	154	96
cen10_rplB_contig_1102_contig_1103	70.5513784461153	798	275	288	147	88
cen10_rplB_contig_1152_contig_1153	70.6666666666667	825	283	300	149	93
cen10_rplB_contig_1168_contig_1169	66.4233576642336	822	286	260	164	112
cen10_rplB_contig_1170_contig_1171	58.7591240875912	822	246	237	179	160
cen10_rplB_contig_1178_contig_1179	68.2481751824817	822	272	289	153	108
cen10_rplB_contig_1194_contig_1195	70.6467661691542	804	278	290	149	87
cen10_rplB_contig_1196_contig_1197	57.8181818181818	825	249	228	201	147
cen10_rplB_contig_1208_contig_1209	68	825	266	295	170	94
cen10_rplB_contig_1212_contig_1213	63.3819951338199	822	271	250	178	123
cen10_rplB_contig_1218_contig_1219	69.8181818181818	825	272	304	149	100
cen10_rplB_contig_1224_contig_1225	69.9561403508772	456	163	156	86	51
cen10_rplB_contig_1262_contig_1263	70.048309178744	828	283	297	155	93
cen10_rplB_contig_1270_contig_1271	56.969696969697	825	251	219	196	159
cen10_rplB_contig_1302_contig_1303	68.1318681318681	819	269	289	158	103
cen10_rplB_contig_1410_contig_1411	70.7006369426752	471	158	175	83	55
cen10_rplB_contig_1430_contig_1431	65.9393939393939	825	292	252	161	120
cen10_rplB_contig_1540_contig_1541	71.0462287104623	822	283	301	136	102
cen10_rplB_contig_1590_contig_1591	49.3827160493827	810	232	168	211	199
cen10_rplB_contig_1628_contig_1629	69.3333333333333	825	274	298	159	94
cen10_rplB_contig_1758_contig_1759	69.3430656934307	822	271	299	145	107
cen10_rplB_contig_2000_contig_2001	64.3552311435523	822	270	259	166	127
cen10_rplB_contig_2182_contig_2183	63.8242894056848	774	249	245	155	125
cen10_rplB_contig_3312_contig_3313	68.7423687423687	819	287	276	150	106
cen10_rplB_contig_3428_contig_3429	70.3030303030303	825	285	295	153	92
cen10_rplB_contig_3552_contig_3553	58.4242424242424	825	265	217	202	141
cen10_rplB_contig_3806_contig_3807	64.2585551330799	789	287	220	167	115
cen10_rplB_contig_3826_contig_3827	65.6898656898657	819	262	276	178	103
cen10_rplB_contig_3936_contig_3937	59.030303030303	825	269	218	200	138
cen10_rplB_contig_4048_contig_4049	67.156862745098	816	286	262	161	107
cen10_rplB_contig_4366_contig_4367	65.0918635170604	762	257	239	144	122
cen10_rplB_contig_4640_contig_4641	71.3235294117647	816	271	311	134	100
cen10_rplB_contig_4656_contig_4657	72.1611721611722	819	299	292	137	91
cen10_rplB_contig_4662_contig_4663	70.7878787878788	825	293	291	147	94
cen10_rplB_contig_4704_contig_4705	71.7575757575758	825	304	288	144	89
cen10_rplB_contig_4718_contig_4719	70.1946472019465	822	288	289	150	95
cen10_rplB_contig_4734_contig_4735	70.5882352941177	816	277	299	137	103
cen10_rplB_contig_4738_contig_4739	74.2647058823529	816	319	287	119	91
cen10_rplB_contig_4762_contig_4763	71.1515151515152	825	287	300	151	87
cen10_rplB_contig_4772_contig_4773	72.7941176470588	816	296	298	132	90
cen10_rplB_contig_4796_contig_4797	70.3007518796992	798	278	283	143	94
cen10_rplB_contig_4804_contig_4805	71.9169719169719	819	269	320	143	87
cen10_rplB_contig_4838_contig_4839	72.1813725490196	816	296	293	139	88
cen10_rplB_contig_4848_contig_4849	70.7107843137255	816	281	296	145	94
cen10_rplB_contig_4850_contig_4851	67.5213675213675	819	278	275	155	111
cen10_rplB_contig_4870_contig_4871	70.9401709401709	819	290	291	142	96
cen10_rplB_contig_4914_contig_4915	71.2727272727273	825	303	285	146	91
cen10_rplB_contig_4920_contig_4921	70.4517704517705	819	282	295	148	94
cen10_rplB_contig_4922_contig_4923	70.8333333333333	816	283	295	146	92
cen10_rplB_contig_4938_contig_4939	68.6202686202686	819	287	275	148	109
cen10_rplB_contig_4982_contig_4983	68.3760683760684	819	284	276	148	111
cen10_rplB_contig_4992_contig_4993	70.8333333333333	816	286	292	146	92
cen10_rplB_contig_5022_contig_5023	70.3007518796992	798	283	278	138	99
cen10_rplB_contig_5050_contig_5051	71.5686274509804	816	292	292	142	90
cen10_rplB_contig_5060_contig_5061	67.5438596491228	798	277	262	152	107
cen10_rplB_contig_5106_contig_5107	71.0622710622711	819	290	292	143	94
cen10_rplB_contig_5108_contig_5109	72.0149253731343	804	289	290	134	91
cen10_rplB_contig_5110_contig_5111	70.8333333333333	816	295	283	142	96
cen10_rplB_contig_5124_contig_5125	70.3562340966921	786	279	274	141	92
cen10_rplB_contig_5126_contig_5127	70.3296703296703	819	284	292	145	98
cen10_rplB_contig_5140_contig_5141	65.8119658119658	819	271	268	161	119
cen10_rplB_contig_5150_contig_5151	72.3057644110276	798	295	282	125	96
cen10_rplB_contig_5164_contig_5165	70.7107843137255	816	290	287	147	92
cen10_rplB_contig_5170_contig_5171	70.9401709401709	819	282	299	143	95
cen10_rplB_contig_5174_contig_5175	72.2832722832723	819	303	289	138	89
cen10_rplB_contig_5246_contig_5247	70.3007518796992	798	274	287	144	93
cen10_rplB_contig_5248_contig_5249	67.7944862155389	798	280	261	154	103
cen10_rplB_contig_5258_contig_5259	72.3270440251572	477	172	173	77	55
cen10_rplB_contig_5270_contig_5271	72.039072039072	819	294	296	138	91
cen10_rplB_contig_5280_contig_5281	71.6911764705882	816	295	290	140	91
cen10_rplB_contig_5310_contig_5311	71.4285714285714	819	288	297	144	90
cen10_rplB_contig_5344_contig_5345	70.3296703296703	819	289	287	146	97
cen10_rplB_contig_5384_contig_5385	70.9558823529412	816	285	294	146	91
cen10_rplB_contig_5390_contig_5391	70.2020202020202	792	284	272	140	96
cen10_rplB_contig_5408_contig_5409	70.1492537313433	804	280	284	146	94
cen10_rplB_contig_5756_contig_5757	71.2858926342072	801	287	284	140	90
cen10_rplB_contig_5972_contig_5973	70.8487084870849	813	279	297	144	93
cen10_rplB_contig_6310_contig_6311	70.2075702075702	819	287	288	147	97
cen10_rplB_contig_6566_contig_6567	68.1274900398406	753	239	274	143	97
cen10_rplB_contig_6666_contig_6667	70.5882352941177	816	282	294	146	94
cen10_rplB_contig_6674_contig_6675	70.8651399491094	786	273	284	142	87
cen10_rplB_contig_7022_contig_7023	72.5415070242656	783	283	285	134	81
cen10_rplB_contig_7044_contig_7045	69.8181818181818	825	279	297	157	92
cen10_rplB_contig_7234_contig_7235	72.0588235294118	816	291	297	130	98
cen10_rplB_contig_7382_contig_7383	64.2246642246642	819	272	254	179	114
cen10_rplB_contig_7480_contig_7481	61.4734299516908	828	265	244	186	133
cen10_rplB_contig_7578_contig_7579	70.5882352941177	816	289	287	133	107
cen10_rplB_contig_8052_contig_8053	70	810	267	300	147	96
cen10_rplB_contig_9026_contig_9027	72.3039215686274	816	266	324	140	86
cen10_rplB_contig_9276_contig_9277	73.1617647058823	816	307	290	134	85
cen10_rplB_contig_9394_contig_9395	71.141975308642	648	223	238	113	74
cen10_rplB_contig_9742_contig_9743	70.5488621151272	747	260	267	130	90
cen10_rplB_contig_9946_contig_9947	70.7006369426752	471	158	175	84	54
cen10_rplB_contig_10326_contig_10327	62.1863799283154	558	178	169	113	98
cen10_rplB_contig_11154_contig_11155	64.2424242424242	825	303	227	179	116
cen10_rplB_contig_11364_contig_11365	71.8787878787879	825	307	286	144	88
cen10_rplB_contig_11568_contig_11569	67.032967032967	819	277	272	152	118
cen10_rplB_contig_11674_contig_11675	71.5686274509804	816	289	295	144	88
cen10_rplB_contig_11760_contig_11761	72.2424242424242	825	303	293	142	87
cen10_rplB_contig_11968_contig_11969	66.5441176470588	816	299	244	146	127
cen10_rplB_contig_13512_contig_13513	68.1372549019608	816	271	285	157	103
cen10_rplB_contig_14140_contig_14141	58.4859584859585	819	258	221	180	160
cen10_rplB_contig_14252_contig_14253	69.0997566909976	822	280	288	160	94
cen10_rplB_contig_14532_contig_14533	67.5151515151515	825	276	281	156	112
cen10_rplB_contig_14680_contig_14681	64.7058823529412	816	291	237	168	120
cen10_rplB_contig_14788_contig_14789	69.6629213483146	801	273	285	152	91
cen10_rplB_contig_14918_contig_14919	70.3296703296703	819	287	289	148	95
cen10_rplB_contig_15038_contig_15039	62.8099173553719	726	260	196	159	111
cen10_rplB_contig_15114_contig_15115	69.6390658174098	471	158	170	84	59
cen10_rplB_contig_15366_contig_15367	70.6959706959707	819	284	295	143	97
cen10_rplB_contig_15536_contig_15537	70.9163346613546	753	263	271	134	85
cen10_rplB_contig_15566_contig_15567	70.7107843137255	816	284	293	146	93
cen10_rplB_contig_15618_contig_15619	63.2231404958678	726	250	209	141	126
cen10_rplB_contig_15660_contig_15661	65.0735294117647	816	267	264	169	116
cen10_rplB_contig_15720_contig_15721	70.3296703296703	819	284	292	148	95
cen10_rplB_contig_15768_contig_15769	60.6060606060606	495	153	147	94	101
cen10_rplB_contig_15848_contig_15849	66.9191919191919	792	272	258	148	114
cen10_rplB_contig_15932_contig_15933	70.8333333333333	816	284	294	143	95
cen10_rplB_contig_15950_contig_15951	67.5276752767528	813	281	268	151	113
cen10_rplB_contig_16026_contig_16027	61.6236162361624	813	263	238	177	135
cen10_rplB_contig_16036_contig_16037	66.6666666666667	813	270	272	157	114
cen10_rplB_contig_16206_contig_16207	65.559655596556	813	290	243	158	122
cen10_rplB_contig_16218_contig_16219	49.3975903614458	498	142	104	135	117
cen10_rplB_contig_16248_contig_16249	67.4046740467405	813	278	270	151	114
cen10_rplB_contig_16628_contig_16629	57.5645756457565	813	235	233	192	153
cen10_rplB_contig_16742_contig_16743	72.0588235294118	816	294	294	142	86
cen10_rplB_contig_16856_contig_16857	65.8056580565806	813	276	259	161	117
cen10_rplB_contig_16878_contig_16879	48.7179487179487	819	232	167	239	181
cen10_rplB_contig_16938_contig_16939	66.1764705882353	816	282	258	154	122
cen10_rplB_contig_17780_contig_17781	71.2345679012346	810	297	280	151	82
cen10_rplB_contig_18466_contig_18467	70.0729927007299	822	279	297	155	91
cen10_rplB_contig_18468_contig_18469	70.316301703163	822	284	294	146	98
cen10_rplB_contig_18606_contig_18607	71.030303030303	825	283	303	149	90
cen10_rplB_contig_18640_contig_18641	72.3844282238443	822	297	298	141	86
cen10_rplB_contig_19048_contig_19049	65.9313725490196	816	293	245	164	114
cen10_rplB_contig_19152_contig_19153	64.093137254902	816	279	244	170	123
cen10_rplB_contig_19244_contig_19245	70.0854700854701	819	297	277	144	101
cen10_rplB_contig_19510_contig_19511	72.3636363636364	825	310	287	140	88
cen10_rplB_contig_19650_contig_19651	70.1525054466231	459	161	161	81	56
cen10_rplB_contig_19720_contig_19721	70.0854700854701	819	284	290	149	96
cen10_rplB_contig_19772_contig_19773	67.7777777777778	630	205	222	123	80
cen10_rplB_contig_19872_contig_19873	58.974358974359	819	245	238	180	156
cen10_rplB_contig_19952_contig_19953	70.7878787878788	825	300	284	141	100
cen10_rplB_contig_20202_contig_20203	72.1813725490196	816	273	316	132	95
cen10_rplB_contig_20508_contig_20509	70.230607966457	477	161	174	87	55
cen10_rplB_contig_20524_contig_20525	70.0606060606061	825	280	298	152	95
cen10_rplB_contig_20670_contig_20671	70.4517704517705	819	286	291	147	95
cen10_rplB_contig_20704_contig_20705	70.7107843137255	816	285	292	144	95
cen10_rplB_contig_20710_contig_20711	71.3939393939394	825	296	293	143	93
cen10_rplB_contig_20808_contig_20809	69.8181818181818	825	270	306	152	97
cen10_rplB_contig_20884_contig_20885	72.5060827250608	822	293	303	138	88
cen10_rplB_contig_20914_contig_20915	64.2335766423358	822	269	259	171	123
cen10_rplB_contig_21278_contig_21279	71.8787878787879	825	300	293	141	91
cen10_rplB_contig_21448_contig_21449	62.6666666666667	825	269	248	181	127
cen10_rplB_contig_21526_contig_21527	71.8137254901961	816	295	291	131	99
cen10_rplB_contig_21608_contig_21609	72.1411192214112	822	285	308	130	99
cen10_rplB_contig_21988_contig_21989	71.3064713064713	819	284	300	142	93
cen10_rplB_contig_22304_contig_22305	74.4588744588745	462	170	174	75	43
cen10_rplB_contig_22650_contig_22651	72.4477244772448	813	273	316	137	87
cen10_rplB_contig_22788_contig_22789	61.4184397163121	705	221	212	154	118
cen10_rplB_contig_23444_contig_23445	70.4242424242424	825	286	295	147	97
cen10_rplB_contig_23512_contig_23513	70.5454545454545	825	291	291	147	96
cen10_rplB_contig_23580_contig_23581	69.8412698412698	819	277	295	151	96
cen10_rplB_contig_23624_contig_23625	71.078431372549	816	294	286	143	93
cen10_rplB_contig_23988_contig_23989	70.4242424242424	825	287	294	147	97
cen10_rplB_contig_24120_contig_24121	67.4948240165631	483	174	152	90	67
cen10_rplB_contig_25066_contig_25067	70.8333333333333	816	286	292	147	91
cen10_rplB_contig_25192_contig_25193	69.4092827004219	474	154	175	90	55
cen10_rplB_contig_26584_contig_26585	56.4425770308123	714	224	179	174	137
cen10_rplB_contig_26740_contig_26741	70.3030303030303	825	284	296	146	99
cen10_rplB_contig_27422_contig_27423	70.9090909090909	825	291	294	147	93
cen10_rplB_contig_28382_contig_28383	71.3939393939394	825	290	299	140	96
cen10_rplB_contig_29360_contig_29361	61.8055555555556	576	173	183	120	100
cen10_rplB_contig_29362_contig_29363	62.9901960784314	816	257	257	177	125
cen10_rplB_contig_29992_contig_29993	70.5454545454545	825	299	283	147	96
cen10_rplB_contig_30080_contig_30081	70.3296703296703	819	291	285	146	97
cen10_rplB_contig_30264_contig_30265	71.1309523809524	672	234	244	119	75
cen10_rplB_contig_30394_contig_30395	61.2554112554113	462	156	127	91	88
cen10_rplB_contig_30704_contig_30705	63.2727272727273	825	266	256	173	130
cen10_rplB_contig_31698_contig_31699	72.6277372262774	822	285	312	137	88
cen10_rplB_contig_32286_contig_32287	61.3636363636364	660	213	192	143	112
cen10_rplB_contig_32434_contig_32435	66.5254237288136	708	238	233	136	101
cen10_rplB_contig_32462_contig_32463	65.1515151515152	660	209	221	140	90
cen10_rplB_contig_33066_contig_33067	64.9305555555556	576	175	199	120	82
cen10_rplB_contig_33168_contig_33169	71.5328467153285	822	308	280	142	92
cen10_rplB_contig_33880_contig_33881	61.4492753623188	690	218	206	159	107
cen10_rplB_contig_33928_contig_33929	58.1039755351682	654	193	187	157	117
cen10_rplB_contig_33998_contig_33999	69.6859903381642	828	279	298	154	97
cen10_rplB_contig_34082_contig_34083	69.4444444444444	828	274	301	160	93
cen10_rplB_contig_34246_contig_34247	71.8137254901961	816	291	295	143	87
cen10_rplB_contig_34378_contig_34379	68.969696969697	825	277	292	147	109
cen10_rplB_contig_34682_contig_34683	71.3939393939394	825	284	305	143	93
cen10_rplB_contig_34772_contig_34773	63.3802816901408	639	218	187	138	96
cen10_rplB_contig_34796_contig_34797	70.5454545454545	825	285	297	148	95
cen10_rplB_contig_34840_contig_34841	61.7753623188406	552	182	159	122	89
cen10_rplB_contig_35282_contig_35283	70.5357142857143	672	229	245	111	87
cen10_rplB_contig_35598_contig_35599	70.048309178744	828	286	294	154	94
cen10_rplB_contig_35786_contig_35787	69.8067632850242	828	274	304	154	96
cen10_rplB_contig_36104_contig_36105	70.048309178744	828	281	299	155	93
cen10_rplB_contig_36210_contig_36211	69.2982456140351	456	166	150	83	57
cen10_rplB_contig_36228_contig_36229	69.8067632850242	828	280	298	157	93
cen10_rplB_contig_36432_contig_36433	70.1690821256039	828	287	294	153	94
cen10_rplB_contig_36510_contig_36511	69.6859903381642	828	276	301	157	94
cen10_rplB_contig_36914_contig_36915	67.1521035598706	618	211	204	112	91
cen10_rplB_contig_37016_contig_37017	66.4596273291925	483	158	163	91	71
cen10_rplB_contig_37042_contig_37043	68.1318681318681	819	280	278	157	104
cen10_rplB_contig_37052_contig_37053	71.6363636363636	825	302	289	142	92
cen10_rplB_contig_37606_contig_37607	64.327485380117	513	166	164	108	75
cen10_rplB_contig_37942_contig_37943	70.1690821256039	828	274	307	154	93
cen10_rplB_contig_38346_contig_38347	71.0144927536232	828	278	310	148	92
cen10_rplB_contig_38516_contig_38517	71.9169719169719	819	269	320	138	92
cen10_rplB_contig_38524_contig_38525	69.8067632850242	828	278	300	156	94
cen10_rplB_contig_38546_contig_38547	70.1690821256039	828	286	295	153	94
cen10_rplB_contig_38732_contig_38733	70.7275803722504	591	205	213	102	71
cen10_rplB_contig_39162_contig_39163	65.1428571428571	525	171	171	101	82
cen10_rplB_contig_39240_contig_39241	66.5441176470588	816	298	245	145	128
cen10_rplB_contig_39362_contig_39363	65.3333333333333	525	172	171	101	81
cen10_rplB_contig_39384_contig_39385	70.5314009661836	828	283	301	153	91
cen10_rplB_contig_39608_contig_39609	71.8137254901961	816	271	315	137	93
cen10_rplB_contig_39664_contig_39665	70.4861111111111	576	193	213	99	71
cen10_rplB_contig_40404_contig_40405	72.2832722832723	819	268	324	134	93
cen10_rplB_contig_40464_contig_40465	69.9612403100775	516	177	184	96	59
cen10_rplB_contig_40884_contig_40885	64.5098039215686	510	152	177	107	74
cen10_rplB_contig_41160_contig_41161	70.0647249190938	618	218	215	110	75
cen10_rplB_contig_41262_contig_41263	71.0843373493976	498	173	181	91	53
cen10_rplB_contig_41312_contig_41313	61.5520282186949	567	182	167	130	88
cen10_rplB_contig_41560_contig_41561	68.8888888888889	810	280	278	148	104
cen10_rplB_contig_41580_contig_41581	62.1621621621622	555	176	169	123	87
cen10_rplB_contig_41736_contig_41737	70.048309178744	828	273	307	154	94
cen10_rplB_contig_41878_contig_41879	72.0194647201946	822	275	317	141	89
cen10_rplB_contig_41888_contig_41889	67.2749391727494	822	261	292	162	107
cen10_rplB_contig_41924_contig_41925	71.8787878787879	825	292	301	138	94
cen10_rplB_contig_42084_contig_42085	73.4567901234568	486	178	179	82	47
cen10_rplB_contig_42122_contig_42123	68.6486486486486	555	182	199	97	77
cen10_rplB_contig_42294_contig_42295	65.9420289855072	552	178	186	107	81
cen10_rplB_contig_42542_contig_42543	72.8710462287105	822	295	304	140	83
cen10_rplB_contig_42608_contig_42609	67.7551020408163	735	259	239	137	100
cen10_rplB_contig_42708_contig_42709	63.7362637362637	546	182	166	117	81
cen10_rplB_contig_42742_contig_42743	62.8815628815629	819	273	242	157	147
cen10_rplB_contig_42846_contig_42847	67.219152854512	543	191	174	104	74
cen10_rplB_contig_42864_contig_42865	67.479674796748	492	176	156	89	71
cen10_rplB_contig_43548_contig_43549	67.6891615541922	489	176	155	89	69
cen10_rplB_contig_43880_contig_43881	68.6594202898551	552	175	204	101	72
cen10_rplB_contig_44198_contig_44199	68.9873417721519	474	150	177	87	60
cen10_rplB_contig_44718_contig_44719	66.4772727272727	528	171	180	100	77
cen10_rplB_contig_44758_contig_44759	68.125	480	171	156	88	65
cen10_rplB_contig_44760_contig_44761	69.8564593301435	627	224	214	103	86
cen10_rplB_contig_44820_contig_44821	70.0186219739292	537	182	194	91	70
cen10_rplB_contig_44942_contig_44943	67.4115456238361	537	186	176	98	77
cen10_rplB_contig_45194_contig_45195	60.5714285714286	525	157	161	108	99
cen10_rplB_contig_45526_contig_45527	71.5151515151515	825	292	298	137	98
cen10_rplB_contig_46218_contig_46219	67.8362573099415	513	164	184	95	70
cen10_rplB_contig_46678_contig_46679	69.6859903381642	828	278	299	158	93
cen10_rplB_contig_46724_contig_46725	71.5986394557823	588	197	224	98	69
cen10_rplB_contig_46738_contig_46739	70.048309178744	828	276	304	155	93
cen10_rplB_contig_46754_contig_46755	56.120527306968	531	143	155	131	102
cen10_rplB_contig_47348_contig_47349	62.7659574468085	564	177	177	120	90
cen10_rplB_contig_47758_contig_47759	70.4106280193237	828	277	306	153	92
cen10_rplB_contig_47820_contig_47821	68.7861271676301	519	171	186	94	68
cen10_rplB_contig_48302_contig_48303	63.7554585152838	687	218	220	140	109
cen10_rplB_contig_48548_contig_48549	68.2971014492754	552	175	202	104	71
cen10_rplB_contig_49038_contig_49039	60.8782435129741	501	150	155	110	86
cen10_rplB_contig_49428_contig_49429	72.9032258064516	465	166	173	71	55
cen10_rplB_contig_49532_contig_49533	71.0144927536232	828	279	309	147	93
cen10_rplB_contig_49668_contig_49669	70.5738705738706	819	294	284	151	90
cen10_rplB_contig_49690_contig_49691	71.1843711843712	819	294	289	143	93
cen10_rplB_contig_49784_contig_49785	70.4517704517705	819	289	288	146	96
cen10_rplB_contig_49800_contig_49801	57.8638497652582	852	271	222	207	152
cen10_rplB_contig_49820_contig_49821	70.5738705738706	819	282	296	147	94
cen10_rplB_contig_49822_contig_49823	70.2048417132216	537	177	200	93	67
cen10_rplB_contig_49832_contig_49833	74.2331288343558	489	171	192	79	47
cen10_rplB_contig_49868_contig_49869	72.2832722832723	819	302	290	138	89
cen10_rplB_contig_49876_contig_49877	70.6959706959707	819	290	289	144	96
cen10_rplB_contig_49936_contig_49937	57.7464788732394	852	265	227	212	148
cen10_rplB_contig_49976_contig_49977	71.1843711843712	819	303	280	142	94
cen10_rplB_contig_49986_contig_49987	61.0169491525424	531	166	158	115	92
cen10_rplB_contig_49998_contig_49999	70.9090909090909	495	163	188	81	63
cen10_rplB_contig_50078_contig_50079	70.5454545454545	825	278	304	148	95
cen10_rplB_contig_50364_contig_50365	63.030303030303	825	265	255	173	132
cen10_rplB_contig_50436_contig_50437	63.0170316301703	822	263	255	180	124
cen10_rplB_contig_50588_contig_50589	70.9090909090909	825	276	309	146	94
cen10_rplB_contig_50660_contig_50661	69.2167577413479	549	188	192	101	68
cen10_rplB_contig_51278_contig_51279	69.9275362318841	828	273	306	158	91
cen10_rplB_contig_52332_contig_52333	71.7348927875244	513	172	196	94	51
cen10_rplB_contig_53046_contig_53047	64.5363408521303	798	252	263	163	120
cen10_rplB_contig_53094_contig_53095	71.7391304347826	828	295	299	148	86
cen10_rplB_contig_53122_contig_53123	70.1525054466231	459	164	158	87	50
cen10_rplB_contig_53258_contig_53259	58.3877995642702	459	136	132	103	88
cen10_rplB_contig_53568_contig_53569	69.9346405228758	459	154	167	81	57
cen10_rplB_contig_53606_contig_53607	69.3548387096774	558	192	195	99	72
cen10_rplB_contig_53696_contig_53697	68.3982683982684	462	156	160	84	62
cen10_rplB_contig_53818_contig_53819	71.0622710622711	819	289	293	145	92
cen10_rplB_contig_54032_contig_54033	71.6475095785441	522	180	194	96	52
cen10_rplB_contig_55196_contig_55197	66.2309368191721	459	157	147	88	67
cen10_rplB_contig_55302_contig_55303	55.3571428571429	672	204	168	150	150
cen10_rplB_contig_55328_contig_55329	60.4395604395604	819	262	233	169	155
cen10_rplB_contig_55336_contig_55337	60.1953601953602	819	258	235	173	153
cen10_rplB_contig_55388_contig_55389	71.5630885122411	531	189	191	95	56
cen10_rplB_contig_55906_contig_55907	71.939736346516	531	184	198	96	53
cen10_rplB_contig_55952_contig_55953	70.2898550724638	828	282	300	154	92
cen10_rplB_contig_55978_contig_55979	69.9275362318841	828	280	299	155	94
cen10_rplB_contig_56002_contig_56003	70.048309178744	828	280	300	153	95
cen10_rplB_contig_56036_contig_56037	69.9275362318841	828	275	304	156	93
cen10_rplB_contig_56060_contig_56061	63.9691714836224	519	163	169	107	80
cen10_rplB_contig_56068_contig_56069	68.1917211328976	459	160	153	85	61
cen10_rplB_contig_56206_contig_56207	69.8067632850242	828	278	300	157	93
cen10_rplB_contig_56556_contig_56557	70.2898550724638	828	282	300	153	93
cen10_rplB_contig_56666_contig_56667	72.3529411764706	510	180	189	93	48
cen10_rplB_contig_56814_contig_56815	70.2898550724638	828	287	295	154	92
cen10_rplB_contig_56818_contig_56819	67.3939393939394	825	297	259	154	115
cen10_rplB_contig_56826_contig_56827	70.2898550724638	828	283	299	154	92
cen10_rplB_contig_57074_contig_57075	69.9275362318841	828	283	296	155	94
cen10_rplB_contig_57294_contig_57295	61.2942612942613	819	266	236	186	131
cen10_rplB_contig_58144_contig_58145	70.8937198067633	828	286	301	150	91
cen10_rplB_contig_58192_contig_58193	70.048309178744	828	283	297	154	94
cen10_rplB_contig_58300_contig_58301	69.281045751634	459	158	160	85	56
cen10_rplB_contig_58444_contig_58445	69.6859903381642	828	281	296	160	91
cen10_rplB_contig_58462_contig_58463	70.4106280193237	828	283	300	153	92
cen10_rplB_contig_58486_contig_58487	71.1229946524064	561	196	203	100	62
cen10_rplB_contig_58490_contig_58491	72.3484848484848	528	188	194	94	52
cen10_rplB_contig_58500_contig_58501	70.6439393939394	528	188	185	102	53
cen10_rplB_contig_58502_contig_58503	70.8937198067633	828	289	298	151	90
cen10_rplB_contig_58506_contig_58507	69.8067632850242	828	280	298	159	91
cen10_rplB_contig_58512_contig_58513	68.9727463312369	477	157	172	89	59
cen10_rplB_contig_58522_contig_58523	72.1311475409836	549	197	199	97	56
cen10_rplB_contig_58582_contig_58583	71.8918918918919	555	197	202	98	58
cen10_rplB_contig_58624_contig_58625	69.0958164642375	741	256	256	144	85
cen10_rplB_contig_58676_contig_58677	68.4981684981685	819	293	268	155	103
cen10_rplB_contig_58686_contig_58687	69.9275362318841	828	281	298	156	93
cen10_rplB_contig_58826_contig_58827	68.1159420289855	690	238	232	130	90
cen10_rplB_contig_59100_contig_59101	62.1654501216545	822	283	228	183	128
cen10_rplB_contig_59580_contig_59581	71.3939393939394	825	295	294	142	94
cen10_rplB_contig_59592_contig_59593	69.9275362318841	828	275	304	157	92
cen10_rplB_contig_60220_contig_60221	64.6986469864699	813	278	248	166	121
cen10_rplB_contig_60800_contig_60801	69.8067632850242	828	280	298	159	91
cen10_rplB_contig_60806_contig_60807	70.5596107055961	822	318	262	146	96
cen10_rplB_contig_61192_contig_61193	42.9738562091503	612	148	115	195	154
cen10_rplB_contig_61346_contig_61347	62.780269058296	669	240	180	139	110
cen10_rplB_contig_61686_contig_61687	61.5571776155718	822	277	229	185	131
cen10_rplB_contig_61718_contig_61719	68	825	270	291	172	92
cen10_rplB_contig_61814_contig_61815	60.167714884696	477	152	135	111	79
cen10_rplB_contig_61830_contig_61831	68.4210526315789	570	201	189	103	77
cen10_rplB_contig_61958_contig_61959	70.9090909090909	825	281	304	146	94
cen10_rplB_contig_61986_contig_61987	72.020725388601	579	199	218	98	64
cen10_rplB_contig_62000_contig_62001	70.0729927007299	822	269	307	149	97
cen10_rplB_contig_62046_contig_62047	67.2021419009371	747	264	238	142	103
cen10_rplB_contig_62070_contig_62071	72	825	289	305	138	93
cen10_rplB_contig_62086_contig_62087	69.5833333333333	480	159	175	86	60
cen10_rplB_contig_62088_contig_62089	70.7903780068729	582	193	219	99	71
cen10_rplB_contig_62112_contig_62113	68.1265206812652	822	262	298	151	111
cen10_rplB_contig_62128_contig_62129	70.7878787878788	825	277	307	147	94
cen10_rplB_contig_62224_contig_62225	62.7594627594628	819	274	240	155	150
cen10_rplB_contig_62612_contig_62613	68.4848484848485	825	275	290	157	103
cen10_rplB_contig_62810_contig_62811	70.4106280193237	828	288	295	152	93
cen10_rplB_contig_62854_contig_62855	71.1009174311927	654	224	241	110	79
cen10_rplB_contig_62952_contig_62953	71.654501216545	822	282	307	144	89
cen10_rplB_contig_62974_contig_62975	71.1352657004831	828	292	297	149	90
cen10_rplB_contig_63018_contig_63019	69.3333333333333	825	272	300	161	92
cen10_rplB_contig_63042_contig_63043	69.7297297297297	555	187	200	93	75
cen10_rplB_contig_63062_contig_63063	71.2707182320442	543	192	195	90	66
cen10_rplB_contig_63116_contig_63117	72.6277372262774	822	281	316	135	90
cen10_rplB_contig_63168_contig_63169	71.654501216545	822	271	318	142	91
cen10_rplB_contig_63224_contig_63225	71.6911764705882	816	273	312	144	87
cen10_rplB_contig_63280_contig_63281	71.8978102189781	822	290	301	136	95
cen10_rplB_contig_63292_contig_63293	70.5314009661836	828	286	298	151	93
cen10_rplB_contig_63462_contig_63463	70.5314009661836	828	281	303	153	91
cen10_rplB_contig_63502_contig_63503	73.4660033167496	603	208	235	95	65
cen10_rplB_contig_63516_contig_63517	71.9362745098039	816	278	309	141	88
cen10_rplB_contig_63538_contig_63539	71.5686274509804	816	273	311	144	88
cen10_rplB_contig_63544_contig_63545	70.1149425287356	522	171	195	96	60
cen10_rplB_contig_63572_contig_63573	71.8137254901961	816	270	316	142	88
cen10_rplB_contig_63678_contig_63679	69.7916666666667	480	161	174	84	61
cen10_rplB_contig_63760_contig_63761	73.1531531531532	555	212	194	82	67
cen10_rplB_contig_63802_contig_63803	72.3958333333333	576	206	211	96	63
cen10_rplB_contig_63866_contig_63867	70.8029197080292	822	273	309	145	95
cen10_rplB_contig_63900_contig_63901	70.0606060606061	825	266	312	160	87
cen10_rplB_contig_64112_contig_64113	70.6666666666667	825	267	316	156	86
cen10_rplB_contig_64262_contig_64263	71.8137254901961	816	275	311	144	86
cen10_rplB_contig_64404_contig_64405	70.7878787878788	825	269	315	154	87
cen10_rplB_contig_64536_contig_64537	72.1411192214112	822	280	313	136	93
cen10_rplB_contig_64882_contig_64883	65.2713178294574	645	204	217	135	89
cen10_rplB_contig_64978_contig_64979	71.0144927536232	828	285	303	157	83
cen10_rplB_contig_65090_contig_65091	71.5328467153285	822	272	316	141	93
cen10_rplB_contig_65222_contig_65223	71.8289085545723	678	231	256	125	66
cen10_rplB_contig_65226_contig_65227	70.3030303030303	825	282	298	154	91
cen10_rplB_contig_65242_contig_65243	72.4848484848485	825	299	299	136	91
cen10_rplB_contig_65300_contig_65301	69.6859903381642	828	284	293	161	90
cen10_rplB_contig_65460_contig_65461	70.0606060606061	825	269	309	156	91
cen10_rplB_contig_65512_contig_65513	70.1690821256039	828	278	303	155	92
cen10_rplB_contig_65600_contig_65601	71.8599033816425	828	294	301	148	85
cen10_rplB_contig_65606_contig_65607	62.7572016460905	486	151	154	102	79
cen10_rplB_contig_65614_contig_65615	70.631970260223	807	272	298	149	88
cen10_rplB_contig_65626_contig_65627	70.6521739130435	828	289	296	157	86
cen10_rplB_contig_65646_contig_65647	72.2017220172202	813	295	292	137	89
cen10_rplB_contig_65678_contig_65679	69.9275362318841	828	283	296	157	92
cen10_rplB_contig_65778_contig_65779	71.0407239819005	663	230	241	125	67
cen10_rplB_contig_65838_contig_65839	63.1257631257631	819	274	243	164	138
cen10_rplB_contig_65904_contig_65905	70.2898550724638	828	280	302	153	93
cen10_rplB_contig_66224_contig_66225	66.5454545454545	825	281	268	177	99
cen10_rplB_contig_66498_contig_66499	70.2898550724638	828	283	299	160	86
cen10_rplB_contig_66544_contig_66545	70.0320512820513	624	215	222	118	69
cen10_rplB_contig_66612_contig_66613	71.7761557177616	822	287	303	145	87
cen10_rplB_contig_66876_contig_66877	71.8599033816425	828	299	296	154	79
cen10_rplB_contig_67074_contig_67075	70.5314009661836	828	286	298	153	91
cen10_rplB_contig_67098_contig_67099	70.7729468599034	828	288	298	154	88
cen10_rplB_contig_67452_contig_67453	62.0423892100193	519	171	151	104	93
cen10_rplB_contig_67854_contig_67855	71.5151515151515	825	285	305	150	85
cen10_rplB_contig_67886_contig_67887	65.559655596556	813	285	248	161	119
cen10_rplB_contig_68378_contig_68379	72.3051409618574	603	207	229	102	65
cen10_rplB_contig_68490_contig_68491	67.7655677655678	819	277	278	148	116
cen10_rplB_contig_69448_contig_69449	70.6989247311828	744	259	267	140	78
cen10_rplB_contig_69696_contig_69697	70.4106280193237	828	288	295	155	90
cen10_rplB_contig_69734_contig_69735	72.4331926863572	711	266	249	123	73
cen10_rplB_contig_69770_contig_69771	69.4545454545455	825	273	300	160	92
cen10_rplB_contig_69932_contig_69933	70.0606060606061	825	267	311	159	88
cen10_rplB_contig_70218_contig_70219	70.5314009661836	828	284	300	154	90
cen10_rplB_contig_70224_contig_70225	70.5454545454545	825	276	306	160	83
cen10_rplB_contig_70462_contig_70463	65.9340659340659	819	271	269	160	119
cen10_rplB_contig_70464_contig_70465	66.1746617466175	813	285	253	161	114
cen10_rplB_contig_70514_contig_70515	58.5416666666667	480	139	142	113	86
cen10_rplB_contig_70582_contig_70583	71.3383838383838	792	281	284	141	86
cen10_rplB_contig_70932_contig_70933	68.2261208576998	513	165	185	90	73
cen10_rplB_contig_71134_contig_71135	64.9509803921569	816	267	263	169	117
cen10_rplB_contig_71340_contig_71341	72.1958925750395	633	216	241	104	72
cen10_rplB_contig_71766_contig_71767	70.8086785009862	507	179	180	87	61
cen10_rplB_contig_71772_contig_71773	70.997375328084	762	256	285	145	76
cen10_rplB_contig_71872_contig_71873	71.7488789237668	669	224	256	112	77
cen10_rplB_contig_72422_contig_72423	72.5895316804408	726	253	274	126	73
cen10_rplB_contig_72642_contig_72643	65.8536585365854	615	210	195	125	85
cen10_rplB_contig_72844_contig_72845	68.6060606060606	825	267	299	170	89
cen10_rplB_contig_72878_contig_72879	72.1813725490196	816	279	310	132	95
cen10_rplB_contig_73120_contig_73121	67.0731707317073	738	266	229	140	103
cen10_rplB_contig_73414_contig_73415	71.2009803921569	816	272	309	142	93
cen10_rplB_contig_73552_contig_73553	71.9086021505376	744	261	274	137	72
cen10_rplB_contig_73582_contig_73583	69.8989898989899	495	168	178	85	64
cen10_rplB_contig_73606_contig_73607	71.2009803921569	816	271	310	142	93
cen10_rplB_contig_73984_contig_73985	70.6521739130435	828	274	311	158	85
cen10_rplB_contig_74332_contig_74333	65.8181818181818	825	311	232	166	116
cen10_rplB_contig_74488_contig_74489	70.5314009661836	828	284	300	160	84
cen10_rplB_contig_74552_contig_74553	71.219512195122	615	206	232	105	72
cen10_rplB_contig_74648_contig_74649	71.8599033816425	828	293	302	150	83
cen10_rplB_contig_74696_contig_74697	69.7530864197531	648	223	229	122	74
cen10_rplB_contig_74744_contig_74745	71.030303030303	825	275	311	151	88
cen10_rplB_contig_74870_contig_74871	70.6521739130435	828	289	296	154	89
cen10_rplB_contig_74964_contig_74965	70.5314009661836	828	287	297	155	89
cen10_rplB_contig_75048_contig_75049	69.9393939393939	825	282	295	156	92
cen10_rplB_contig_75116_contig_75117	72.7802037845706	687	239	261	119	68
cen10_rplB_contig_75260_contig_75261	70.4106280193237	828	283	300	149	96
cen10_rplB_contig_75332_contig_75333	70.4242424242424	825	292	289	153	91
cen10_rplB_contig_75362_contig_75363	69.6741854636591	798	265	291	155	87
cen10_rplB_contig_75430_contig_75431	70.048309178744	828	276	304	164	84
cen10_rplB_contig_75882_contig_75883	72.6457399103139	669	222	264	109	74
cen10_rplB_contig_75996_contig_75997	62.6609442060086	699	249	189	148	113
cen10_rplB_contig_76018_contig_76019	70.6521739130435	828	285	300	152	91
cen10_rplB_contig_76164_contig_76165	71.9362745098039	816	271	316	140	89
cen10_rplB_contig_76236_contig_76237	70.3030303030303	825	275	305	158	87
cen10_rplB_contig_76516_contig_76517	61.9221411192214	822	257	252	180	133
cen10_rplB_contig_76692_contig_76693	70.9090909090909	825	283	302	155	85
cen10_rplB_contig_76910_contig_76911	71.2515489467162	807	274	301	147	85
cen10_rplB_contig_77884_contig_77885	71.1286089238845	762	256	286	131	89
cen10_rplB_contig_78218_contig_78219	67.0798898071625	726	256	231	139	100
cen10_rplB_contig_78796_contig_78797	70.7878787878788	825	272	312	152	89
cen10_rplB_contig_78852_contig_78853	72.6726726726727	666	230	254	108	74
cen10_rplB_contig_78868_contig_78869	70.4242424242424	825	280	301	155	89
cen10_rplB_contig_78976_contig_78977	70.2185792349727	732	248	266	140	78
cen10_rplB_contig_79076_contig_79077	71.1276332094176	807	273	301	148	85
cen10_rplB_contig_79832_contig_79833	64.2642642642643	666	221	207	136	102
cen10_rplB_contig_79846_contig_79847	67.4463937621832	513	161	185	94	73
cen10_rplB_contig_79876_contig_79877	62.5368731563422	678	226	198	146	108
cen10_rplB_contig_79896_contig_79897	70.189701897019	738	258	260	144	76
cen10_rplB_contig_79922_contig_79923	67.891156462585	735	241	258	144	92
cen10_rplB_contig_79970_contig_79971	67.6348547717842	723	243	246	141	93
cen10_rplB_contig_80016_contig_80017	70.5454545454545	825	277	305	154	89
cen10_rplB_contig_80092_contig_80093	70.4242424242424	825	278	303	154	90
cen10_rplB_contig_80264_contig_80265	70.8661417322835	762	259	281	145	77
cen10_rplB_contig_80290_contig_80291	71.5223097112861	762	265	280	143	74
cen10_rplB_contig_80382_contig_80383	70.5314009661836	828	286	298	153	91
cen10_rplB_contig_80444_contig_80445	70.5314009661836	828	285	299	159	85
cen10_rplB_contig_80464_contig_80465	70.8937198067633	828	286	301	157	84
cen10_rplB_contig_80494_contig_80495	71.0144927536232	828	280	308	160	80
cen10_rplB_contig_80572_contig_80573	71.2250712250712	702	245	255	129	73
cen10_rplB_contig_80578_contig_80579	71.5124816446402	681	240	247	126	68
cen10_rplB_contig_80596_contig_80597	72.0754716981132	795	282	291	142	80
cen10_rplB_contig_80604_contig_80605	71.3475177304964	705	245	258	131	71
cen10_rplB_contig_80632_contig_80633	72.992700729927	822	291	309	130	92
cen10_rplB_contig_80924_contig_80925	71.5174129353234	804	268	307	139	90
cen10_rplB_contig_80988_contig_80989	70.7878787878788	825	274	310	152	89
cen10_rplB_contig_80990_contig_80991	62.043795620438	822	277	233	181	131
cen10_rplB_contig_81034_contig_81035	71.2009803921569	816	270	311	143	92
cen10_rplB_contig_81154_contig_81155	70.1818181818182	825	280	299	157	89
cen10_rplB_contig_81436_contig_81437	63.3879781420765	732	255	209	153	115
cen10_rplB_contig_81468_contig_81469	70.4106280193237	828	279	304	159	86
cen10_rplB_contig_81582_contig_81583	60.8089260808926	717	229	207	153	128
cen10_rplB_contig_81786_contig_81787	71.2	750	252	282	139	77
cen10_rplB_contig_81858_contig_81859	70.8974358974359	780	263	290	145	82
cen10_rplB_contig_82072_contig_82073	70.9090909090909	825	280	305	157	83
cen10_rplB_contig_82130_contig_82131	55.030303030303	825	252	202	210	161
cen10_rplB_contig_82310_contig_82311	71.3768115942029	828	287	304	153	84
cen10_rplB_contig_82390_contig_82391	71.5723270440252	795	278	291	143	83
cen10_rplB_contig_82398_contig_82399	70.6521739130435	828	284	301	153	90
cen10_rplB_contig_83082_contig_83083	70.354609929078	705	239	257	134	75
cen10_rplB_contig_83300_contig_83301	71.2468193384224	786	269	291	148	78
cen10_rplB_contig_83444_contig_83445	70.95046854083	747	257	273	142	75
cen10_rplB_contig_83608_contig_83609	70.703125	768	262	281	149	76
cen10_rplB_contig_83746_contig_83747	71.9665271966527	717	255	261	132	69
cen10_rplB_contig_83758_contig_83759	70.5454545454545	825	276	306	153	90
cen10_rplB_contig_83802_contig_83803	68.1944444444444	720	246	245	131	98
cen10_rplB_contig_84350_contig_84351	73.0225988700565	708	275	242	116	75
cen10_rplB_contig_84690_contig_84691	70.048309178744	828	284	296	155	93
cen10_rplB_contig_84776_contig_84777	71.0144927536232	828	290	298	155	85
cen10_rplB_contig_84840_contig_84841	67.3789173789174	702	252	221	131	98
cen10_rplB_contig_84968_contig_84969	67.4046740467405	813	289	259	161	104
cen10_rplB_contig_85572_contig_85573	58.2278481012658	711	229	185	169	128
cen10_rplB_contig_85576_contig_85577	63.2603406326034	822	263	257	179	123
cen10_rplB_contig_86064_contig_86065	69.8181818181818	825	274	302	158	91
cen10_rplB_contig_86894_contig_86895	65.5677655677656	819	272	265	161	121
cen10_rplB_contig_88142_contig_88143	66.8478260869565	552	181	188	105	78
cen10_rplB_contig_88144_contig_88145	71.0144927536232	828	285	303	155	85
cen10_rplB_contig_88256_contig_88257	70.1818181818182	825	279	300	157	89
cen10_rplB_contig_88376_contig_88377	66.6666666666667	552	176	192	108	76
cen10_rplB_contig_89018_contig_89019	61.6766467065868	501	151	158	109	83
cen10_rplB_contig_89122_contig_89123	72.5060827250608	822	300	296	148	78
cen10_rplB_contig_89132_contig_89133	72.1813725490196	816	268	321	135	92
cen10_rplB_contig_89400_contig_89401	62.1489621489621	819	279	230	185	125
cen10_rplB_contig_89404_contig_89405	70.3030303030303	825	278	302	154	91
cen10_rplB_contig_89440_contig_89441	62.7737226277372	822	282	234	181	125
cen10_rplB_contig_89568_contig_89569	70.4106280193237	828	281	302	159	86
cen10_rplB_contig_89610_contig_89611	71.8599033816425	828	298	297	147	86
cen10_rplB_contig_89620_contig_89621	70.7729468599034	828	281	305	159	83
cen10_rplB_contig_89680_contig_89681	71.0144927536232	828	283	305	159	81
cen10_rplB_contig_90048_contig_90049	71.0144927536232	828	284	304	157	83
cen10_rplB_contig_90156_contig_90157	70.8937198067633	828	287	300	157	84
cen10_rplB_contig_90212_contig_90213	67.6434676434676	819	277	277	149	116
cen10_rplB_contig_90830_contig_90831	70.3030303030303	825	277	303	155	90
cen10_rplB_contig_91044_contig_91045	61.5571776155718	822	252	254	186	130
cen10_rplB_contig_91158_contig_91159	69.9248120300752	798	268	290	153	87
cen10_rplB_contig_91164_contig_91165	62.2549019607843	816	279	229	183	125
cen10_rplB_contig_92110_contig_92111	70.7729468599034	828	280	306	159	83
cen10_rplB_contig_92210_contig_92211	70.4106280193237	828	283	300	157	88
cen10_rplB_contig_92238_contig_92239	71.1009174311927	654	231	234	118	71
cen10_rplB_contig_92346_contig_92347	62.287104622871	822	281	231	184	126
cen10_rplB_contig_92794_contig_92795	70.7729468599034	828	284	302	155	87
