ID	% GCContent	Total Count	G Count	C Count	A Count	T Count
cen14_arsM_contig_78_contig_79	73.1884057971015	552	198	206	76	72
cen14_arsM_contig_132_contig_133	58.8768115942029	552	171	154	108	119
cen14_arsM_contig_160_contig_161	54.356846473029	723	199	194	165	165
cen14_arsM_contig_178_contig_179	53.9419087136929	723	197	193	167	166
cen14_arsM_contig_216_contig_217	70.4481792717087	714	285	218	110	101
cen14_arsM_contig_234_contig_235	65.5493482309125	537	180	172	88	97
cen14_arsM_contig_288_contig_289	59.7137014314928	489	165	127	99	98
cen14_arsM_contig_306_contig_307	55.9620596205962	738	202	211	175	150
cen14_arsM_contig_308_contig_309	66.9479606188467	711	255	221	131	104
cen14_arsM_contig_342_contig_343	72.2925457102672	711	251	263	86	111
cen14_arsM_contig_352_contig_353	68.6192468619247	717	272	220	109	116
cen14_arsM_contig_398_contig_399	68.9170182841069	711	271	219	115	106
cen14_arsM_contig_406_contig_407	68.8981868898187	717	281	213	107	116
cen14_arsM_contig_500_contig_501	56.4676616915423	804	257	197	169	181
cen14_arsM_contig_714_contig_715	61.4427860696517	804	253	241	178	132
cen14_arsM_contig_814_contig_815	64.4444444444444	720	261	203	125	131
cen14_arsM_contig_846_contig_847	73.992673992674	546	197	207	71	71
cen14_arsM_contig_860_contig_861	59.7542242703533	651	221	168	132	130
cen14_arsM_contig_886_contig_887	72.1611721611722	546	186	208	76	76
cen14_arsM_contig_934_contig_935	60.3741496598639	588	197	158	117	116
cen14_arsM_contig_936_contig_937	59.622641509434	795	245	229	174	147
cen14_arsM_contig_960_contig_961	69.4835680751174	639	230	214	98	97
cen14_arsM_contig_964_contig_965	64.1025641025641	546	174	176	98	98
cen14_arsM_contig_1004_contig_1005	62.8205128205128	546	181	162	97	106
cen14_arsM_contig_1018_contig_1019	69.9233716475096	522	205	160	76	81
cen14_arsM_contig_1070_contig_1071	56.5284178187404	651	194	174	143	140
cen14_arsM_contig_1218_contig_1219	63.7037037037037	810	278	238	160	134
cen14_arsM_contig_1226_contig_1227	59.7222222222222	792	250	223	170	149
cen14_arsM_contig_1252_contig_1253	62.1156211562116	813	252	253	168	140
cen14_arsM_contig_1328_contig_1329	61.1111111111111	630	201	184	128	117
cen14_arsM_contig_1388_contig_1389	57.5268817204301	558	172	149	127	110
cen14_arsM_contig_1432_contig_1433	64.4718792866941	729	262	208	133	126
cen14_arsM_contig_1434_contig_1435	68.0232558139535	516	182	169	76	89
cen14_arsM_contig_1486_contig_1487	60.9442060085837	699	232	194	146	127
cen14_arsM_contig_1510_contig_1511	71.2998712998713	777	264	290	115	108
cen14_arsM_contig_1524_contig_1525	54.8936170212766	705	216	171	161	157
cen14_arsM_contig_1526_contig_1527	56.592039800995	804	258	197	167	182
cen14_arsM_contig_1552_contig_1553	63.09963099631	813	301	212	153	147
cen14_arsM_contig_1596_contig_1597	64.3055555555556	720	257	206	124	133
cen14_arsM_contig_1668_contig_1669	68.3687943262411	705	260	222	120	103
cen14_arsM_contig_1672_contig_1673	58.5185185185185	540	171	145	111	113
cen14_arsM_contig_1736_contig_1737	69.4117647058823	510	186	168	80	76
cen14_arsM_contig_1756_contig_1757	68.546365914787	798	271	276	136	115
cen14_arsM_contig_1760_contig_1761	68.0311890838207	513	183	166	81	83
cen14_arsM_contig_1988_contig_1989	62.8205128205128	546	160	183	104	99
cen14_arsM_contig_2036_contig_2037	66.6666666666667	816	279	265	150	122
cen14_arsM_contig_2100_contig_2101	68.9236111111111	576	209	188	86	93
cen14_arsM_contig_2314_contig_2315	61.7216117216117	546	161	176	106	103
cen14_arsM_contig_2386_contig_2387	66.3382594417077	609	213	191	92	113
cen14_arsM_contig_2408_contig_2409	74.0079365079365	504	193	180	60	71
cen14_arsM_contig_2422_contig_2423	65.9649122807018	570	228	148	93	101
cen14_arsM_contig_2456_contig_2457	73.8522954091816	501	191	179	60	71
cen14_arsM_contig_2476_contig_2477	58.3959899749373	798	257	209	165	167
cen14_arsM_contig_2636_contig_2637	65.3631284916201	537	183	168	87	99
cen14_arsM_contig_2662_contig_2663	72.8070175438596	684	290	208	93	93
cen14_arsM_contig_2664_contig_2665	74.4510978043912	501	193	180	56	72
cen14_arsM_contig_2668_contig_2669	65.3846153846154	702	226	233	124	119
cen14_arsM_contig_2688_contig_2689	71.9599427753934	699	249	254	95	101
cen14_arsM_contig_2854_contig_2855	59.0038314176245	783	251	211	171	150
cen14_arsM_contig_3036_contig_3037	69.7463768115942	552	202	183	83	84
cen14_arsM_contig_3056_contig_3057	67.741935483871	558	193	185	93	87
cen14_arsM_contig_3176_contig_3177	63.4556574923547	654	221	194	110	129
cen14_arsM_contig_3312_contig_3313	63.9024390243902	615	221	172	98	124
cen14_arsM_contig_3962_contig_3963	69.2307692307692	702	256	230	104	112
cen14_arsM_contig_4052_contig_4053	71.868978805395	519	190	183	67	79
cen14_arsM_contig_4204_contig_4205	73.1829573934837	798	313	271	102	112
cen14_arsM_contig_4560_contig_4561	58.5635359116022	543	184	134	113	112
cen14_arsM_contig_4632_contig_4633	59.3001841620626	543	184	138	108	113
cen14_arsM_contig_4936_contig_4937	63.2183908045977	522	182	148	96	96
cen14_arsM_contig_5124_contig_5125	50.4132231404959	726	203	163	171	189
cen14_arsM_contig_5166_contig_5167	67.5595238095238	672	253	201	107	111
cen14_arsM_contig_5206_contig_5207	69.983416252073	603	216	206	97	84
cen14_arsM_contig_6208_contig_6209	69.2867540029112	687	255	221	108	103
cen14_arsM_contig_6256_contig_6257	60.4519774011299	708	236	192	145	135
cen14_arsM_contig_6276_contig_6277	57.1428571428571	714	255	153	127	179
cen14_arsM_contig_6308_contig_6309	64.2276422764228	492	160	156	78	98
cen14_arsM_contig_6320_contig_6321	61.9241192411924	738	265	192	134	147
cen14_arsM_contig_7274_contig_7275	55.463347164592	723	216	185	162	160
cen14_arsM_contig_7278_contig_7279	57.8014184397163	564	202	124	101	137
cen14_arsM_contig_7330_contig_7331	63.582443653618	843	282	254	172	135
cen14_arsM_contig_7358_contig_7359	60.5442176870748	735	256	189	140	150
cen14_arsM_contig_7450_contig_7451	62.6506024096386	498	163	149	86	100
cen14_arsM_contig_7740_contig_7741	57.9365079365079	504	160	132	115	97
cen14_arsM_contig_8140_contig_8141	71.1711711711712	777	265	288	114	110
cen14_arsM_contig_8458_contig_8459	70.3065134099617	522	200	167	79	76
cen14_arsM_contig_8564_contig_8565	59.5505617977528	801	242	235	176	148
cen14_arsM_contig_8718_contig_8719	58.3815028901734	519	153	150	127	89
cen14_arsM_contig_8822_contig_8823	69.8245614035088	570	222	176	88	84
cen14_arsM_contig_9076_contig_9077	64.1025641025641	546	177	173	103	93
cen14_arsM_contig_10104_contig_10105	64.5	600	197	190	108	105
cen14_arsM_contig_10160_contig_10161	62.8352490421456	522	174	154	108	86
cen14_arsM_contig_10232_contig_10233	73.7037037037037	540	205	193	68	74
cen14_arsM_contig_10314_contig_10315	57.3099415204678	513	161	133	114	105
cen14_arsM_contig_10346_contig_10347	56.2189054726368	804	257	195	170	182
cen14_arsM_contig_10754_contig_10755	74.3243243243243	666	255	240	84	87
cen14_arsM_contig_10880_contig_10881	56.5826330532213	714	250	154	130	180
cen14_arsM_contig_10970_contig_10971	54.9808429118774	522	155	132	119	116
cen14_arsM_contig_12326_contig_12327	73.4432234432234	546	198	203	69	76
cen14_arsM_contig_16776_contig_16777	67.6356589147287	516	182	167	76	91
cen14_arsM_contig_18674_contig_18675	53.8461538461538	546	163	131	119	133
cen14_arsM_contig_18706_contig_18707	61.5671641791045	804	255	240	177	132
cen14_arsM_contig_19448_contig_19449	53.6652835408022	723	197	191	168	167
cen14_arsM_contig_20302_contig_20303	54.7717842323651	723	203	193	164	163
cen14_arsM_contig_20312_contig_20313	74.3243243243243	666	256	239	84	87
cen14_arsM_contig_21430_contig_21431	72.2567287784679	483	196	153	69	65
cen14_arsM_contig_21458_contig_21459	62.6373626373626	546	167	175	105	99
cen14_arsM_contig_21646_contig_21647	63.2958801498127	534	189	149	96	100
cen14_arsM_contig_21812_contig_21813	54.6816479400749	534	166	126	116	126
cen14_arsM_contig_22552_contig_22553	57.2192513368984	561	182	139	121	119
cen14_arsM_contig_22726_contig_22727	68.609865470852	669	253	206	104	106
cen14_arsM_contig_22942_contig_22943	58.7719298245614	798	260	209	165	164
cen14_arsM_contig_23018_contig_23019	57.6427255985267	543	166	147	118	112
cen14_arsM_contig_23402_contig_23403	56.9832402234637	537	172	134	118	113
cen14_arsM_contig_24000_contig_24001	57.4229691876751	714	251	159	130	174
cen14_arsM_contig_25570_contig_25571	58.4577114427861	804	258	212	167	167
cen14_arsM_contig_27640_contig_27641	65.0297619047619	672	227	210	114	121
cen14_arsM_contig_28538_contig_28539	73.6526946107784	501	194	175	59	73
cen14_arsM_contig_29022_contig_29023	56.9514237855946	597	191	149	127	130
cen14_arsM_contig_30074_contig_30075	56.5843621399177	486	145	130	106	105
cen14_arsM_contig_30160_contig_30161	67.8571428571429	672	253	203	106	110
cen14_arsM_contig_32286_contig_32287	67.0250896057348	558	190	184	94	90
cen14_arsM_contig_35134_contig_35135	53.9419087136929	723	200	190	168	165
cen14_arsM_contig_37176_contig_37177	70.9433962264151	795	279	285	121	110
cen14_arsM_contig_37598_contig_37599	59.3008739076155	801	241	234	178	148
cen14_arsM_contig_37866_contig_37867	71.8146718146718	777	271	287	116	103
