ID	% GCContent	Total Count	G Count	C Count	A Count	T Count
cen14_arsA_contig_312_contig_313	72.2222222222222	522	199	178	59	86
cen14_arsA_contig_340_contig_341	62.4031007751938	516	160	162	91	103
cen14_arsA_contig_392_contig_393	70.7364341085271	516	158	207	68	83
cen14_arsA_contig_572_contig_573	59.1269841269841	504	155	143	95	111
cen14_arsA_contig_576_contig_577	74.7591522157996	519	194	194	59	72
cen14_arsA_contig_670_contig_671	67.3076923076923	468	170	145	79	74
cen14_arsA_contig_686_contig_687	73.7547892720306	522	193	192	62	75
cen14_arsA_contig_700_contig_701	69.0763052208835	498	179	165	78	76
cen14_arsA_contig_724_contig_725	71.6867469879518	498	187	170	75	66
cen14_arsA_contig_746_contig_747	69.9386503067485	489	180	162	75	72
cen14_arsA_contig_752_contig_753	72.6190476190476	504	199	167	60	78
cen14_arsA_contig_766_contig_767	73.3716475095785	522	195	188	65	74
cen14_arsA_contig_774_contig_775	70.6739526411658	549	200	188	76	85
cen14_arsA_contig_786_contig_787	72.0238095238095	504	200	163	60	81
cen14_arsA_contig_940_contig_941	73.8095238095238	504	191	181	61	71
cen14_arsA_contig_1048_contig_1049	68.488160291439	549	201	175	93	80
cen14_arsA_contig_1282_contig_1283	54.4176706827309	498	138	133	108	119
cen14_arsA_contig_1470_contig_1471	63.1163708086785	507	159	161	95	92
cen14_arsA_contig_1524_contig_1525	67.6220806794055	942	302	335	158	147
cen14_arsA_contig_1534_contig_1535	69.1397849462366	930	320	323	147	140
cen14_arsA_contig_1554_contig_1555	74.4376278118609	489	192	172	66	59
cen14_arsA_contig_1596_contig_1597	67.515923566879	471	159	159	80	73
cen14_arsA_contig_1598_contig_1599	69.0335305719921	507	179	171	84	73
cen14_arsA_contig_1650_contig_1651	63.3946830265849	489	155	155	89	90
cen14_arsA_contig_1660_contig_1661	69.4444444444444	504	203	147	73	81
cen14_arsA_contig_1672_contig_1673	72.7272727272727	495	196	164	63	72
cen14_arsA_contig_1710_contig_1711	54.7008547008547	936	262	250	197	227
cen14_arsA_contig_1776_contig_1777	69.6428571428571	504	203	148	70	83
cen14_arsA_contig_1984_contig_1985	48.1262327416174	507	130	114	137	126
cen14_arsA_contig_2138_contig_2139	60.6060606060606	495	150	150	103	92
cen14_arsA_contig_2140_contig_2141	54.2857142857143	525	148	137	122	118
cen14_arsA_contig_2158_contig_2159	53.411306042885	513	150	124	121	118
cen14_arsA_contig_2178_contig_2179	69.4117647058823	510	172	182	84	72
cen14_arsA_contig_2180_contig_2181	59.5698924731183	465	136	141	103	85
cen14_arsA_contig_2188_contig_2189	69.8039215686274	510	172	184	80	74
cen14_arsA_contig_2192_contig_2193	55.6291390728477	453	136	116	97	104
cen14_arsA_contig_2208_contig_2209	68.1434599156118	474	167	156	83	68
