ID	% GCContent	Total Count	G Count	C Count	A Count	T Count
cen15_intI_contig_4_contig_5	66.7745415318231	927	331	288	154	154
cen15_intI_contig_78_contig_79	70.3216374269006	684	209	272	101	102
cen15_intI_contig_84_contig_85	47.8768577494692	942	241	210	253	238
cen15_intI_contig_166_contig_167	68.5654008438819	948	344	306	159	139
cen15_intI_contig_178_contig_179	71.1252653927813	942	359	311	123	149
cen15_intI_contig_210_contig_211	70.1587301587302	945	395	268	122	160
cen15_intI_contig_252_contig_253	59.375	576	186	156	128	106
cen15_intI_contig_294_contig_295	48.7830687830688	945	239	222	254	230
cen15_intI_contig_334_contig_335	65.084388185654	948	323	294	166	165
cen15_intI_contig_344_contig_345	64.1350210970464	948	265	343	185	155
cen15_intI_contig_366_contig_367	63.4819532908705	942	309	289	169	175
cen15_intI_contig_1364_contig_1365	48.7261146496815	942	232	227	263	220
cen15_intI_contig_1478_contig_1479	48.3443708609271	906	198	240	261	207
cen15_intI_contig_3168_contig_3169	56.1571125265393	942	299	230	200	213
cen15_intI_contig_4672_contig_4673	47.9830148619958	942	240	212	254	236
cen15_intI_contig_6754_contig_6755	68.4303350970018	567	221	167	91	88
cen15_intI_contig_7722_contig_7723	71.448087431694	732	282	241	96	113
cen15_intI_contig_9862_contig_9863	71.2962962962963	864	328	288	109	139
cen15_intI_contig_16112_contig_16113	71.4728682170543	645	257	204	78	106
cen15_intI_contig_16128_contig_16129	66.8103448275862	696	260	205	114	117
cen15_intI_contig_16156_contig_16157	67.0175438596491	570	208	174	87	101
cen15_intI_contig_16224_contig_16225	61.5292712066906	837	342	173	146	176
cen15_intI_contig_16484_contig_16485	47.6645435244161	942	241	208	252	241
cen15_intI_contig_16536_contig_16537	72.0064724919094	618	237	208	80	93
cen15_intI_contig_16790_contig_16791	69.1867124856816	873	330	274	123	146
cen15_intI_contig_16812_contig_16813	68.7631027253669	954	353	303	140	158
cen15_intI_contig_17150_contig_17151	70.7135250266241	939	337	327	135	140
