ID	% GCContent	Total Count	G Count	C Count	A Count	T Count
cen12_intI_contig_2_contig_3	53.8216560509554	942	277	230	231	204
cen12_intI_contig_4_contig_5	48.8599348534202	921	223	227	244	227
cen12_intI_contig_50_contig_51	70.7006369426752	942	357	309	127	149
cen12_intI_contig_52_contig_53	68.7763713080169	948	344	308	158	138
cen12_intI_contig_110_contig_111	67.7037037037037	675	243	214	116	102
cen12_intI_contig_1408_contig_1409	65.9282700421941	948	328	297	159	164
cen12_intI_contig_8274_contig_8275	56.8854568854569	777	206	236	160	175
cen12_intI_contig_8324_contig_8325	64.5714285714286	525	162	177	88	98
cen12_intI_contig_8422_contig_8423	53.6093418259023	942	276	229	233	204
