ID	% GCContent	Total Count	G Count	C Count	A Count	T Count
cen16_arsC_glut_contig_0_contig_1	63.1578947368421	342	103	113	60	66
cen16_arsC_glut_contig_4_contig_5	62.9310344827586	348	100	119	67	62
cen16_arsC_glut_contig_8_contig_9	62.1212121212121	198	50	73	40	35
cen16_arsC_glut_contig_10_contig_11	61.4942528735632	348	96	118	64	70
cen16_arsC_glut_contig_20_contig_21	57.6923076923077	234	62	73	50	49
cen16_arsC_glut_contig_26_contig_27	57.7777777777778	225	69	61	46	49
cen16_arsC_glut_contig_42_contig_43	68.4210526315789	342	124	110	56	52
cen16_arsC_glut_contig_46_contig_47	62.0689655172414	174	59	49	36	30
cen16_arsC_glut_contig_48_contig_49	63.2183908045977	348	106	114	61	67
cen16_arsC_glut_contig_52_contig_53	66.6666666666667	237	76	82	36	43
cen16_arsC_glut_contig_58_contig_59	57.8947368421053	342	99	99	76	68
cen16_arsC_glut_contig_78_contig_79	74.2690058479532	342	127	127	44	44
cen16_arsC_glut_contig_84_contig_85	60.2898550724638	345	92	116	79	58
cen16_arsC_glut_contig_92_contig_93	58.6021505376344	186	51	58	44	33
cen16_arsC_glut_contig_96_contig_97	67.6470588235294	204	64	74	37	29
cen16_arsC_glut_contig_106_contig_107	62.3188405797101	345	95	120	75	55
cen16_arsC_glut_contig_108_contig_109	63.1268436578171	339	104	110	66	59
cen16_arsC_glut_contig_124_contig_125	61.4492753623188	345	101	111	82	51
cen16_arsC_glut_contig_126_contig_127	60	330	95	103	72	60
cen16_arsC_glut_contig_154_contig_155	66.6666666666667	156	46	58	23	29
cen16_arsC_glut_contig_184_contig_185	72.4137931034483	174	64	62	21	27
cen16_arsC_glut_contig_230_contig_231	62.3188405797101	207	68	61	39	39
cen16_arsC_glut_contig_314_contig_315	60.8695652173913	345	98	112	72	63
cen16_arsC_glut_contig_452_contig_453	63.2183908045977	348	107	113	62	66
cen16_arsC_glut_contig_464_contig_465	62.9310344827586	348	105	114	60	69
cen16_arsC_glut_contig_480_contig_481	72.9166666666667	240	91	84	35	30
cen16_arsC_glut_contig_524_contig_525	67.6767676767677	198	61	73	34	30
cen16_arsC_glut_contig_538_contig_539	63.9393939393939	330	106	105	63	56
cen16_arsC_glut_contig_540_contig_541	55.9420289855072	345	94	99	85	67
cen16_arsC_glut_contig_560_contig_561	71.8181818181818	330	112	125	53	40
cen16_arsC_glut_contig_624_contig_625	65.2046783625731	342	100	123	72	47
cen16_arsC_glut_contig_696_contig_697	65.5913978494624	186	65	57	32	32
cen16_arsC_glut_contig_700_contig_701	48.1012658227848	237	70	44	73	50
cen16_arsC_glut_contig_706_contig_707	60.3030303030303	330	95	104	73	58
cen16_arsC_glut_contig_716_contig_717	59.6707818930041	243	67	78	55	43
cen16_arsC_glut_contig_720_contig_721	64.6198830409357	342	98	123	63	58
cen16_arsC_glut_contig_724_contig_725	61.1594202898551	345	101	110	66	68
cen16_arsC_glut_contig_742_contig_743	60.3030303030303	330	98	101	73	58
cen16_arsC_glut_contig_794_contig_795	68.1286549707602	342	106	127	63	46
cen16_arsC_glut_contig_802_contig_803	69.5833333333333	240	77	90	38	35
cen16_arsC_glut_contig_830_contig_831	60.3030303030303	330	95	104	71	60
cen16_arsC_glut_contig_874_contig_875	70.3296703296703	273	97	95	42	39
cen16_arsC_glut_contig_968_contig_969	64.9122807017544	342	101	121	72	48
cen16_arsC_glut_contig_1390_contig_1391	57.2222222222222	180	46	57	46	31
cen16_arsC_glut_contig_1408_contig_1409	67.2514619883041	171	48	67	32	24
cen16_arsC_glut_contig_1568_contig_1569	64.0579710144928	345	97	124	66	58
cen16_arsC_glut_contig_1570_contig_1571	58.974358974359	234	70	68	49	47
cen16_arsC_glut_contig_1698_contig_1699	64.3478260869565	345	110	112	70	53
cen16_arsC_glut_contig_1728_contig_1729	66.260162601626	246	83	80	41	42
cen16_arsC_glut_contig_1766_contig_1767	63.5514018691589	321	97	107	57	60
cen16_arsC_glut_contig_1790_contig_1791	58.6805555555556	288	76	93	65	54
cen16_arsC_glut_contig_1810_contig_1811	64.6198830409357	342	104	117	60	61
cen16_arsC_glut_contig_1886_contig_1887	62.8205128205128	156	52	46	30	28
cen16_arsC_glut_contig_1922_contig_1923	57.2271386430678	339	93	101	80	65
cen16_arsC_glut_contig_1930_contig_1931	60.7669616519174	339	103	103	81	52
cen16_arsC_glut_contig_1934_contig_1935	61.2068965517241	348	94	119	64	71
cen16_arsC_glut_contig_1936_contig_1937	69.2982456140351	342	124	113	56	49
cen16_arsC_glut_contig_1968_contig_1969	61.7391304347826	345	93	120	76	56
cen16_arsC_glut_contig_1978_contig_1979	63.8418079096045	177	54	59	31	33
cen16_arsC_glut_contig_2076_contig_2077	65.5913978494624	186	57	65	30	34
cen16_arsC_glut_contig_2134_contig_2135	69.3215339233038	339	124	111	54	50
cen16_arsC_glut_contig_2206_contig_2207	69.6165191740413	339	124	112	51	52
cen16_arsC_glut_contig_2248_contig_2249	70.2064896755162	339	122	116	53	48
cen16_arsC_glut_contig_2298_contig_2299	64.5161290322581	186	56	64	32	34
cen16_arsC_glut_contig_2304_contig_2305	72.1311475409836	183	61	71	25	26
cen16_arsC_glut_contig_2412_contig_2413	65.2777777777778	216	69	72	32	43
cen16_arsC_glut_contig_2538_contig_2539	61.3526570048309	207	60	67	54	26
cen16_arsC_glut_contig_2580_contig_2581	63.6363636363636	330	105	105	65	55
cen16_arsC_glut_contig_2604_contig_2605	62.2710622710623	273	79	91	58	45
cen16_arsC_glut_contig_2636_contig_2637	63.6363636363636	330	105	105	65	55
cen16_arsC_glut_contig_2660_contig_2661	60	330	97	101	72	60
cen16_arsC_glut_contig_2980_contig_2981	61.038961038961	231	62	79	56	34
cen16_arsC_glut_contig_3076_contig_3077	64.5569620253165	237	74	79	51	33
cen16_arsC_glut_contig_3134_contig_3135	64.2156862745098	204	63	68	33	40
cen16_arsC_glut_contig_3170_contig_3171	69.1983122362869	237	86	78	36	37
cen16_arsC_glut_contig_3202_contig_3203	56.25	240	65	70	47	58
cen16_arsC_glut_contig_3270_contig_3271	65.7407407407407	216	68	74	41	33
cen16_arsC_glut_contig_3286_contig_3287	62.3188405797101	207	56	73	45	33
cen16_arsC_glut_contig_3360_contig_3361	63.1578947368421	342	118	98	75	51
cen16_arsC_glut_contig_3472_contig_3473	61.8473895582329	249	80	74	57	38
cen16_arsC_glut_contig_3530_contig_3531	59.5238095238095	252	74	76	59	43
cen16_arsC_glut_contig_3542_contig_3543	67.8571428571429	168	58	56	30	24
cen16_arsC_glut_contig_3592_contig_3593	61.3526570048309	207	62	65	40	40
cen16_arsC_glut_contig_3598_contig_3599	61.4718614718615	231	71	71	45	44
cen16_arsC_glut_contig_3618_contig_3619	59.8173515981735	219	62	69	44	44
cen16_arsC_glut_contig_3688_contig_3689	61.1940298507463	201	58	65	43	35
cen16_arsC_glut_contig_3790_contig_3791	62.5730994152047	171	49	58	37	27
cen16_arsC_glut_contig_3870_contig_3871	61.3569321533923	339	98	110	69	62
cen16_arsC_glut_contig_3986_contig_3987	62.5730994152047	171	51	56	32	32
cen16_arsC_glut_contig_4078_contig_4079	60.8695652173913	207	61	65	41	40
cen16_arsC_glut_contig_4102_contig_4103	67.5555555555556	225	67	85	40	33
cen16_arsC_glut_contig_4110_contig_4111	61.3526570048309	207	64	63	41	39
cen16_arsC_glut_contig_4198_contig_4199	62.1794871794872	156	48	49	37	22
cen16_arsC_glut_contig_4222_contig_4223	56.8965517241379	348	93	105	79	71
cen16_arsC_glut_contig_4506_contig_4507	57.7114427860697	201	56	60	48	37
cen16_arsC_glut_contig_4558_contig_4559	58.0459770114943	174	44	57	46	27
cen16_arsC_glut_contig_4676_contig_4677	61.7816091954023	348	99	116	64	69
cen16_arsC_glut_contig_4810_contig_4811	66.1290322580645	186	57	66	39	24
cen16_arsC_glut_contig_4862_contig_4863	65.4761904761905	168	54	56	32	26
cen16_arsC_glut_contig_5236_contig_5237	63.8888888888889	252	73	88	47	44
cen16_arsC_glut_contig_5406_contig_5407	64.9425287356322	348	100	126	65	57
cen16_arsC_glut_contig_5416_contig_5417	66.1538461538462	195	64	65	34	32
cen16_arsC_glut_contig_5520_contig_5521	63.6904761904762	168	50	57	34	27
cen16_arsC_glut_contig_5598_contig_5599	69.3215339233038	339	115	120	51	53
cen16_arsC_glut_contig_5754_contig_5755	60.6060606060606	198	55	65	47	31
cen16_arsC_glut_contig_5778_contig_5779	60.8695652173913	345	107	103	69	66
cen16_arsC_glut_contig_5942_contig_5943	65.7004830917874	207	69	67	41	30
cen16_arsC_glut_contig_6000_contig_6001	64.5161290322581	186	55	65	41	25
cen16_arsC_glut_contig_6024_contig_6025	63.2183908045977	348	103	117	60	68
cen16_arsC_glut_contig_6034_contig_6035	59.1397849462366	186	53	57	45	31
cen16_arsC_glut_contig_6050_contig_6051	61.7391304347826	345	105	108	67	65
cen16_arsC_glut_contig_6058_contig_6059	59.6774193548387	186	56	55	44	31
cen16_arsC_glut_contig_6108_contig_6109	63.030303030303	330	101	107	63	59
cen16_arsC_glut_contig_6174_contig_6175	61.2068965517241	348	104	109	80	55
cen16_arsC_glut_contig_6260_contig_6261	64.327485380117	342	112	108	60	62
cen16_arsC_glut_contig_6278_contig_6279	68.7179487179487	195	64	70	36	25
cen16_arsC_glut_contig_6348_contig_6349	68.4684684684685	222	73	79	41	29
cen16_arsC_glut_contig_6494_contig_6495	62.8930817610063	159	45	55	31	28
cen16_arsC_glut_contig_6616_contig_6617	62.8654970760234	342	99	116	64	63
cen16_arsC_glut_contig_6730_contig_6731	69.1919191919192	198	71	66	37	24
cen16_arsC_glut_contig_6734_contig_6735	64.327485380117	342	112	108	59	63
cen16_arsC_glut_contig_6754_contig_6755	70.6827309236948	249	91	85	44	29
cen16_arsC_glut_contig_6770_contig_6771	59.8765432098765	162	37	60	38	27
