ID	% GCContent	Total Count	G Count	C Count	A Count	T Count
cen14_rplB_contig_12_contig_13	72.2627737226277	822	279	315	143	85
cen14_rplB_contig_20_contig_21	71.3939393939394	825	299	290	147	89
cen14_rplB_contig_58_contig_59	71.4285714285714	819	279	306	144	90
cen14_rplB_contig_60_contig_61	71.3235294117647	816	285	297	139	95
cen14_rplB_contig_278_contig_279	71.8631178707224	789	272	295	141	81
cen14_rplB_contig_282_contig_283	68.7347931873479	822	281	284	154	103
cen14_rplB_contig_286_contig_287	68.978102189781	822	294	273	156	99
cen14_rplB_contig_292_contig_293	69.4647201946472	822	286	285	147	104
cen14_rplB_contig_298_contig_299	70.8029197080292	822	284	298	149	91
cen14_rplB_contig_346_contig_347	60.4395604395604	819	259	236	178	146
cen14_rplB_contig_376_contig_377	56.2881562881563	819	258	203	194	164
cen14_rplB_contig_430_contig_431	69.4647201946472	822	293	278	151	100
cen14_rplB_contig_450_contig_451	56.6137566137566	567	168	153	126	120
cen14_rplB_contig_466_contig_467	68.4981684981685	819	279	282	152	106
cen14_rplB_contig_470_contig_471	63.4920634920635	819	256	264	162	137
cen14_rplB_contig_476_contig_477	65.8456486042693	609	207	194	120	88
cen14_rplB_contig_482_contig_483	61.6788321167883	822	255	252	185	130
cen14_rplB_contig_500_contig_501	63.3578431372549	816	265	252	177	122
cen14_rplB_contig_508_contig_509	68.969696969697	825	277	292	161	95
cen14_rplB_contig_512_contig_513	64.2424242424242	825	266	264	169	126
cen14_rplB_contig_530_contig_531	66.0606060606061	825	311	234	166	114
cen14_rplB_contig_540_contig_541	65.0793650793651	819	269	264	168	118
cen14_rplB_contig_544_contig_545	69.3430656934307	822	284	286	151	101
cen14_rplB_contig_566_contig_567	61.0294117647059	816	261	237	174	144
cen14_rplB_contig_574_contig_575	69.8529411764706	816	272	298	149	97
cen14_rplB_contig_598_contig_599	62.0606060606061	825	261	251	186	127
cen14_rplB_contig_606_contig_607	68.7418936446174	771	256	274	152	89
cen14_rplB_contig_622_contig_623	64.957264957265	819	271	261	166	121
cen14_rplB_contig_632_contig_633	64.8484848484848	825	273	262	166	124
cen14_rplB_contig_648_contig_649	63.7254901960784	816	280	240	166	130
cen14_rplB_contig_666_contig_667	69.9513381995134	822	283	292	155	92
cen14_rplB_contig_678_contig_679	67.5151515151515	825	275	282	164	104
cen14_rplB_contig_712_contig_713	62.7878787878788	825	271	247	175	132
cen14_rplB_contig_720_contig_721	68.2481751824817	822	272	289	153	108
cen14_rplB_contig_730_contig_731	68.4848484848485	825	299	266	162	98
cen14_rplB_contig_764_contig_765	64.093137254902	816	287	236	170	123
cen14_rplB_contig_804_contig_805	63.768115942029	483	165	143	109	66
cen14_rplB_contig_822_contig_823	66.1746617466175	813	290	248	164	111
cen14_rplB_contig_836_contig_837	59.4771241830065	459	149	124	109	77
cen14_rplB_contig_844_contig_845	59.9128540305011	459	148	127	107	77
cen14_rplB_contig_900_contig_901	64.6232439335888	783	252	254	164	113
cen14_rplB_contig_938_contig_939	69.1086691086691	819	291	275	153	100
cen14_rplB_contig_990_contig_991	70.6410256410256	780	266	285	132	97
cen14_rplB_contig_1062_contig_1063	69.4647201946472	822	300	271	151	100
cen14_rplB_contig_1086_contig_1087	69.8296836982968	822	290	284	154	94
cen14_rplB_contig_1192_contig_1193	63.2832080200501	798	258	247	170	123
cen14_rplB_contig_1260_contig_1261	66.4224664224664	819	289	255	151	124
cen14_rplB_contig_1294_contig_1295	64.957264957265	819	273	259	163	124
cen14_rplB_contig_1320_contig_1321	70.2898550724638	828	278	304	147	99
cen14_rplB_contig_2304_contig_2305	71.0462287104623	822	285	299	149	89
cen14_rplB_contig_2482_contig_2483	55.5151515151515	825	249	209	203	164
cen14_rplB_contig_2780_contig_2781	70.316301703163	822	286	292	155	89
cen14_rplB_contig_2802_contig_2803	69.1503267973856	765	273	256	150	86
cen14_rplB_contig_2814_contig_2815	57.020757020757	819	221	246	173	179
cen14_rplB_contig_3646_contig_3647	71.5867158671587	813	287	295	132	99
cen14_rplB_contig_3722_contig_3723	70.5882352941177	816	299	277	147	93
cen14_rplB_contig_3738_contig_3739	70.343137254902	816	289	285	148	94
cen14_rplB_contig_3790_contig_3791	72.0588235294118	816	281	307	134	94
cen14_rplB_contig_3816_contig_3817	72.0149253731343	804	274	305	141	84
cen14_rplB_contig_3838_contig_3839	71.6604244694132	801	273	301	139	88
cen14_rplB_contig_3946_contig_3947	67.7655677655678	819	279	276	155	109
cen14_rplB_contig_3952_contig_3953	67.1550671550672	819	275	275	157	112
cen14_rplB_contig_3958_contig_3959	69.5987654320988	648	225	226	115	82
cen14_rplB_contig_4030_contig_4031	70.5882352941177	816	296	280	151	89
cen14_rplB_contig_4036_contig_4037	72.671568627451	816	266	327	137	86
cen14_rplB_contig_4040_contig_4041	71.6911764705882	816	270	315	141	90
cen14_rplB_contig_4082_contig_4083	72.671568627451	816	268	325	137	86
cen14_rplB_contig_4114_contig_4115	72.5490196078431	816	271	321	136	88
cen14_rplB_contig_4166_contig_4167	71.4460784313726	816	303	280	137	96
cen14_rplB_contig_4258_contig_4259	68.8715953307393	771	255	276	152	88
cen14_rplB_contig_4300_contig_4301	68.1216931216931	756	269	246	148	93
cen14_rplB_contig_4760_contig_4761	63.4794156706507	753	243	235	146	129
cen14_rplB_contig_4902_contig_4903	71.9169719169719	819	279	310	144	86
cen14_rplB_contig_5494_contig_5495	71.654501216545	822	283	306	147	86
cen14_rplB_contig_5500_contig_5501	61.4734299516908	828	265	244	186	133
cen14_rplB_contig_6546_contig_6547	72.0214190093708	747	262	276	125	84
cen14_rplB_contig_6784_contig_6785	70.2898550724638	828	280	302	146	100
cen14_rplB_contig_7106_contig_7107	71.3235294117647	816	278	304	136	98
cen14_rplB_contig_7244_contig_7245	71.5328467153285	822	293	295	144	90
cen14_rplB_contig_7912_contig_7913	62.1794871794872	468	164	127	96	81
cen14_rplB_contig_8170_contig_8171	64.9051490514905	738	253	226	148	111
cen14_rplB_contig_8430_contig_8431	71.3235294117647	816	279	303	139	95
cen14_rplB_contig_8572_contig_8573	58.4084084084084	666	207	182	152	125
cen14_rplB_contig_8604_contig_8605	69.0997566909976	822	289	279	157	97
cen14_rplB_contig_8860_contig_8861	68.0048661800487	822	291	268	161	102
cen14_rplB_contig_8880_contig_8881	63.6141636141636	819	266	255	164	134
cen14_rplB_contig_8920_contig_8921	69.6078431372549	816	289	279	150	98
cen14_rplB_contig_8960_contig_8961	71.7299578059072	474	173	167	77	57
cen14_rplB_contig_9726_contig_9727	69.7191697191697	819	293	278	151	97
cen14_rplB_contig_9738_contig_9739	64.8484848484848	825	277	258	165	125
cen14_rplB_contig_9900_contig_9901	58.6374695863747	822	272	210	197	143
cen14_rplB_contig_9906_contig_9907	64.7130647130647	819	271	259	173	116
cen14_rplB_contig_9926_contig_9927	70.6959706959707	819	307	272	152	88
cen14_rplB_contig_10050_contig_10051	67.8966789667897	813	270	282	156	105
cen14_rplB_contig_10252_contig_10253	60.8058608058608	819	263	235	188	133
cen14_rplB_contig_10302_contig_10303	55.3113553113553	819	247	206	194	172
cen14_rplB_contig_10350_contig_10351	68.1212121212121	825	300	262	162	101
cen14_rplB_contig_10388_contig_10389	65.0563607085346	621	208	196	105	112
cen14_rplB_contig_10452_contig_10453	64.9325626204239	519	176	161	109	73
cen14_rplB_contig_10720_contig_10721	57.5601374570447	582	168	167	125	122
cen14_rplB_contig_10856_contig_10857	69.4805194805195	462	155	166	83	58
cen14_rplB_contig_11052_contig_11053	71.4285714285714	819	287	298	139	95
cen14_rplB_contig_11064_contig_11065	67.3992673992674	819	288	264	162	105
cen14_rplB_contig_11324_contig_11325	70.8333333333333	816	295	283	153	85
cen14_rplB_contig_11846_contig_11847	57.5645756457565	813	235	233	192	153
cen14_rplB_contig_12012_contig_12013	48.962148962149	819	234	167	237	181
cen14_rplB_contig_12038_contig_12039	69.7191697191697	819	268	303	150	98
cen14_rplB_contig_12120_contig_12121	70.954356846473	723	254	259	125	85
cen14_rplB_contig_12202_contig_12203	59.7222222222222	720	219	211	158	132
cen14_rplB_contig_12278_contig_12279	71.875	768	269	283	132	84
cen14_rplB_contig_12300_contig_12301	72.6146220570012	807	284	302	138	83
cen14_rplB_contig_12342_contig_12343	72.265625	768	277	278	125	88
cen14_rplB_contig_12362_contig_12363	69.2401960784314	816	286	279	144	107
cen14_rplB_contig_12498_contig_12499	68.1372549019608	816	279	277	153	107
cen14_rplB_contig_12560_contig_12561	71.4993804213135	807	298	279	146	84
cen14_rplB_contig_12594_contig_12595	70.1525054466231	459	159	163	83	54
cen14_rplB_contig_12692_contig_12693	63.2275132275132	756	233	245	154	124
cen14_rplB_contig_12856_contig_12857	60.9483960948396	717	238	199	161	119
cen14_rplB_contig_12902_contig_12903	71.4111922141119	822	298	289	147	88
cen14_rplB_contig_12908_contig_12909	59.6858638743456	573	180	162	131	100
cen14_rplB_contig_12922_contig_12923	71.8978102189781	822	292	299	144	87
cen14_rplB_contig_12940_contig_12941	69.3430656934307	822	298	272	154	98
cen14_rplB_contig_13010_contig_13011	71.4111922141119	822	302	285	149	86
cen14_rplB_contig_13018_contig_13019	72.1411192214112	822	301	292	142	87
cen14_rplB_contig_13076_contig_13077	71.2895377128954	822	296	290	147	89
cen14_rplB_contig_13330_contig_13331	69.3430656934307	822	301	269	154	98
cen14_rplB_contig_13368_contig_13369	70.6812652068127	822	291	290	150	91
cen14_rplB_contig_13378_contig_13379	70.9245742092457	822	299	284	151	88
cen14_rplB_contig_13764_contig_13765	65.6969696969697	825	297	245	173	110
cen14_rplB_contig_13830_contig_13831	61.0500610500611	819	256	244	180	139
cen14_rplB_contig_13882_contig_13883	70.316301703163	822	289	289	153	91
cen14_rplB_contig_13966_contig_13967	62.1323529411765	816	251	256	176	133
cen14_rplB_contig_14046_contig_14047	61.9456366237482	699	235	198	146	120
cen14_rplB_contig_14212_contig_14213	70.2075702075702	819	290	285	152	92
cen14_rplB_contig_14224_contig_14225	59.0964590964591	819	257	227	182	153
cen14_rplB_contig_14274_contig_14275	64.2335766423358	822	254	274	170	124
cen14_rplB_contig_14324_contig_14325	62.7450980392157	816	261	251	176	128
cen14_rplB_contig_14338_contig_14339	68.9950980392157	816	294	269	154	99
cen14_rplB_contig_14488_contig_14489	60.906862745098	816	252	245	187	132
cen14_rplB_contig_14660_contig_14661	69.8181818181818	825	295	281	159	90
cen14_rplB_contig_14790_contig_14791	70.6666666666667	825	297	286	156	86
cen14_rplB_contig_14846_contig_14847	72.0194647201946	822	288	304	146	84
cen14_rplB_contig_14876_contig_14877	71.5328467153285	822	296	292	148	86
cen14_rplB_contig_14950_contig_14951	71.0462287104623	822	288	296	152	86
cen14_rplB_contig_15196_contig_15197	70.0606060606061	825	288	290	160	87
cen14_rplB_contig_15204_contig_15205	70.1946472019465	822	287	290	157	88
cen14_rplB_contig_15394_contig_15395	69.5431472081218	591	232	179	104	76
cen14_rplB_contig_15424_contig_15425	71.5867158671587	813	282	300	145	86
cen14_rplB_contig_15586_contig_15587	63.5116598079561	729	238	225	155	111
cen14_rplB_contig_15666_contig_15667	73.4335839598997	798	295	291	129	83
cen14_rplB_contig_15940_contig_15941	61.3333333333333	825	246	260	197	122
cen14_rplB_contig_17240_contig_17241	58.3006535947712	765	205	241	192	127
cen14_rplB_contig_17390_contig_17391	66.9515669515669	702	246	224	134	98
cen14_rplB_contig_17406_contig_17407	71.7761557177616	822	296	294	146	86
cen14_rplB_contig_18044_contig_18045	72.0194647201946	822	303	289	141	89
cen14_rplB_contig_18068_contig_18069	70.6666666666667	825	294	289	156	86
cen14_rplB_contig_18362_contig_18363	71.7761557177616	822	298	292	149	83
cen14_rplB_contig_19618_contig_19619	69.7211155378486	753	265	260	132	96
cen14_rplB_contig_19784_contig_19785	68.1096681096681	693	228	244	125	96
cen14_rplB_contig_19952_contig_19953	70.6812652068127	822	290	291	153	88
cen14_rplB_contig_20430_contig_20431	65.359477124183	459	157	143	85	74
cen14_rplB_contig_21384_contig_21385	69.1358024691358	486	167	169	89	61
cen14_rplB_contig_21488_contig_21489	70.1219512195122	492	171	174	96	51
cen14_rplB_contig_21514_contig_21515	60.2888086642599	831	251	250	197	133
cen14_rplB_contig_21526_contig_21527	60.6837606837607	819	236	261	184	138
cen14_rplB_contig_22358_contig_22359	70.6959706959707	819	289	290	151	89
cen14_rplB_contig_22548_contig_22549	71.4637146371464	813	289	292	142	90
cen14_rplB_contig_22914_contig_22915	72.3844282238443	822	288	307	144	83
cen14_rplB_contig_23278_contig_23279	71.030303030303	825	299	287	157	82
cen14_rplB_contig_23280_contig_23281	71.030303030303	825	287	299	154	85
cen14_rplB_contig_23282_contig_23283	70.9090909090909	825	296	289	151	89
cen14_rplB_contig_23290_contig_23291	71.6363636363636	825	301	290	146	88
cen14_rplB_contig_24254_contig_24255	62.2605363984674	522	168	157	103	94
cen14_rplB_contig_24264_contig_24265	60.5166051660517	813	263	229	169	152
cen14_rplB_contig_24312_contig_24313	71.654501216545	822	308	281	142	91
cen14_rplB_contig_24656_contig_24657	65.9217877094972	537	185	169	113	70
cen14_rplB_contig_24810_contig_24811	64.4578313253012	498	151	170	105	72
cen14_rplB_contig_24836_contig_24837	67.0343137254902	816	290	257	160	109
cen14_rplB_contig_25242_contig_25243	66.9767441860465	645	223	209	138	75
cen14_rplB_contig_25330_contig_25331	66.8217054263566	645	225	206	127	87
cen14_rplB_contig_25408_contig_25409	60.6227106227106	546	183	148	112	103
cen14_rplB_contig_25472_contig_25473	73.5042735042735	468	182	162	76	48
cen14_rplB_contig_25774_contig_25775	67.3015873015873	630	222	202	131	75
cen14_rplB_contig_26298_contig_26299	71.1252653927813	471	167	168	82	54
cen14_rplB_contig_26694_contig_26695	69.5431472081218	591	233	178	103	77
cen14_rplB_contig_28020_contig_28021	72.3367697594502	582	203	218	92	69
cen14_rplB_contig_28476_contig_28477	65.7894736842105	570	209	166	112	83
cen14_rplB_contig_28492_contig_28493	71.3787085514834	573	193	216	93	71
cen14_rplB_contig_28724_contig_28725	63.3956386292835	642	198	209	132	103
cen14_rplB_contig_29082_contig_29083	72.8888888888889	675	241	251	113	70
cen14_rplB_contig_29274_contig_29275	71.4285714285714	819	287	298	140	94
cen14_rplB_contig_29372_contig_29373	70.4379562043796	822	292	287	150	93
cen14_rplB_contig_29398_contig_29399	69.5238095238095	630	220	218	120	72
cen14_rplB_contig_29428_contig_29429	70.5596107055961	822	289	291	150	92
cen14_rplB_contig_29768_contig_29769	61.1111111111111	576	188	164	114	110
cen14_rplB_contig_29834_contig_29835	60.1212121212121	825	278	218	191	138
cen14_rplB_contig_30072_contig_30073	66.1921708185053	843	268	290	176	109
cen14_rplB_contig_30394_contig_30395	60.6995884773663	486	164	131	95	96
cen14_rplB_contig_31134_contig_31135	69.5736434108527	516	177	182	98	59
cen14_rplB_contig_31544_contig_31545	70.9302325581395	516	175	191	90	60
cen14_rplB_contig_31942_contig_31943	65.0887573964497	507	167	163	106	71
cen14_rplB_contig_32108_contig_32109	68.8644688644689	546	187	189	105	65
cen14_rplB_contig_32392_contig_32393	70.1219512195122	492	161	184	85	62
cen14_rplB_contig_32524_contig_32525	60.3174603174603	567	180	162	129	96
cen14_rplB_contig_32898_contig_32899	74.5726495726496	468	169	180	76	43
cen14_rplB_contig_33172_contig_33173	68.4108527131783	516	168	185	100	63
cen14_rplB_contig_33324_contig_33325	71.2895377128954	822	290	296	148	88
cen14_rplB_contig_33334_contig_33335	70.1818181818182	825	290	289	153	93
cen14_rplB_contig_33358_contig_33359	71.8978102189781	822	295	296	145	86
cen14_rplB_contig_33402_contig_33403	71.4111922141119	822	290	297	148	87
cen14_rplB_contig_33410_contig_33411	64.7342995169082	828	287	249	165	127
cen14_rplB_contig_33450_contig_33451	60.3406326034063	822	263	233	189	137
cen14_rplB_contig_33566_contig_33567	64.406779661017	531	188	154	109	80
cen14_rplB_contig_33604_contig_33605	69.6969696969697	528	182	186	100	60
cen14_rplB_contig_33816_contig_33817	70.6666666666667	825	298	285	159	83
cen14_rplB_contig_33922_contig_33923	72.6449275362319	552	208	193	91	60
cen14_rplB_contig_34000_contig_34001	68.361581920904	531	174	189	100	68
cen14_rplB_contig_34426_contig_34427	69.4267515923567	471	161	166	94	50
cen14_rplB_contig_34846_contig_34847	72.1881390593047	489	185	168	77	59
cen14_rplB_contig_34954_contig_34955	62.9072681704261	798	250	252	173	123
cen14_rplB_contig_34960_contig_34961	66.8859649122807	456	146	159	95	56
cen14_rplB_contig_35590_contig_35591	64.7869674185464	798	253	264	163	118
cen14_rplB_contig_35706_contig_35707	68.6021505376344	465	156	163	97	49
cen14_rplB_contig_36012_contig_36013	71.7647058823529	510	183	183	84	60
cen14_rplB_contig_36920_contig_36921	74.9494949494949	495	176	195	74	50
cen14_rplB_contig_37096_contig_37097	63.6165577342048	459	143	149	90	77
cen14_rplB_contig_37416_contig_37417	61.3935969868173	531	162	164	115	90
cen14_rplB_contig_37492_contig_37493	61.7886178861789	492	138	166	104	84
cen14_rplB_contig_37954_contig_37955	71.8992248062015	516	186	185	91	54
cen14_rplB_contig_37996_contig_37997	70.3030303030303	825	295	285	156	89
cen14_rplB_contig_37998_contig_37999	70.9245742092457	822	293	290	151	88
cen14_rplB_contig_38110_contig_38111	61.6557734204793	459	148	135	100	76
cen14_rplB_contig_38116_contig_38117	71.654501216545	822	290	299	148	85
cen14_rplB_contig_38134_contig_38135	68.836291913215	507	178	171	102	56
cen14_rplB_contig_38202_contig_38203	71.9191919191919	495	175	181	87	52
cen14_rplB_contig_38222_contig_38223	71.3064713064713	819	281	303	144	91
cen14_rplB_contig_38634_contig_38635	72.9957805907173	474	169	177	77	51
cen14_rplB_contig_39044_contig_39045	63.0738522954092	501	161	155	99	86
cen14_rplB_contig_39370_contig_39371	69.4444444444444	612	207	218	120	67
cen14_rplB_contig_39526_contig_39527	69.0821256038647	828	280	292	162	94
cen14_rplB_contig_39530_contig_39531	69.6969696969697	825	284	291	158	92
cen14_rplB_contig_39534_contig_39535	70.9090909090909	825	288	297	153	87
cen14_rplB_contig_39580_contig_39581	70.5596107055961	822	318	262	146	96
cen14_rplB_contig_39698_contig_39699	67.2727272727273	825	274	281	166	104
cen14_rplB_contig_39970_contig_39971	64.7959183673469	588	212	169	122	85
cen14_rplB_contig_40268_contig_40269	63.2928475033738	741	235	234	164	108
cen14_rplB_contig_40332_contig_40333	63.768115942029	828	263	265	185	115
cen14_rplB_contig_40496_contig_40497	70.4656862745098	816	274	301	144	97
cen14_rplB_contig_40530_contig_40531	69.7495183044316	519	181	181	100	57
cen14_rplB_contig_40550_contig_40551	62.9385964912281	456	151	136	92	77
cen14_rplB_contig_40614_contig_40615	71.654501216545	822	292	297	142	91
cen14_rplB_contig_40676_contig_40677	70.1348747591522	519	183	181	97	58
cen14_rplB_contig_40698_contig_40699	71.1678832116788	822	288	297	143	94
cen14_rplB_contig_40780_contig_40781	72.744014732965	543	198	197	89	59
cen14_rplB_contig_41056_contig_41057	71.030303030303	825	290	296	149	90
cen14_rplB_contig_41204_contig_41205	70.5738705738706	819	281	297	151	90
cen14_rplB_contig_41278_contig_41279	72.2627737226277	822	302	292	131	97
cen14_rplB_contig_41386_contig_41387	64.1165755919854	549	181	171	110	87
cen14_rplB_contig_41442_contig_41443	64.6799116997793	453	139	154	86	74
cen14_rplB_contig_41534_contig_41535	70.2991452991453	468	169	160	82	57
cen14_rplB_contig_41654_contig_41655	69.9561403508772	456	151	168	84	53
cen14_rplB_contig_41676_contig_41677	72.2627737226277	822	284	310	140	88
cen14_rplB_contig_41712_contig_41713	70.6467661691542	804	267	301	141	95
cen14_rplB_contig_41774_contig_41775	68.8259109311741	741	240	270	147	84
cen14_rplB_contig_41850_contig_41851	70.5596107055961	822	302	278	142	100
cen14_rplB_contig_41862_contig_41863	73.7704918032787	549	197	208	88	56
cen14_rplB_contig_41956_contig_41957	66.6666666666667	534	170	186	100	78
cen14_rplB_contig_41976_contig_41977	70.4099821746881	561	190	205	98	68
cen14_rplB_contig_42018_contig_42019	70.5069124423963	651	227	232	119	73
cen14_rplB_contig_42154_contig_42155	70.316301703163	822	280	298	149	95
cen14_rplB_contig_42202_contig_42203	71.0691823899371	636	225	227	116	68
cen14_rplB_contig_42260_contig_42261	66.3003663003663	819	273	270	161	115
cen14_rplB_contig_42408_contig_42409	70.479704797048	813	276	297	147	93
cen14_rplB_contig_42568_contig_42569	70.6812652068127	822	282	299	142	99
cen14_rplB_contig_42612_contig_42613	70.5454545454545	825	280	302	150	93
cen14_rplB_contig_42776_contig_42777	70.6666666666667	825	297	286	154	88
cen14_rplB_contig_42810_contig_42811	64.0692640692641	693	244	200	151	98
cen14_rplB_contig_43120_contig_43121	70.6422018348624	654	232	230	121	71
cen14_rplB_contig_43342_contig_43343	70.4119850187266	534	176	200	90	68
cen14_rplB_contig_43374_contig_43375	72.0760233918129	684	246	247	119	72
cen14_rplB_contig_43420_contig_43421	69.8067632850242	828	304	274	148	102
cen14_rplB_contig_43432_contig_43433	64.5045045045045	555	189	169	104	93
cen14_rplB_contig_43610_contig_43611	69.6969696969697	825	294	281	150	100
cen14_rplB_contig_43616_contig_43617	71.4460784313726	816	279	304	140	93
cen14_rplB_contig_43682_contig_43683	68.3660130718954	765	265	258	147	95
cen14_rplB_contig_43694_contig_43695	69.5652173913043	828	298	278	151	101
cen14_rplB_contig_43958_contig_43959	67.1521035598706	618	218	197	118	85
cen14_rplB_contig_44116_contig_44117	70.6918238993711	795	280	282	147	86
cen14_rplB_contig_44230_contig_44231	70.6161137440758	633	219	228	118	68
cen14_rplB_contig_44646_contig_44647	70.4242424242424	825	301	280	154	90
cen14_rplB_contig_44794_contig_44795	71.1678832116788	822	291	294	145	92
cen14_rplB_contig_44918_contig_44919	71.2749615975422	651	233	231	117	70
cen14_rplB_contig_44948_contig_44949	70.5454545454545	825	295	287	153	90
cen14_rplB_contig_45022_contig_45023	71.6363636363636	825	295	296	148	86
cen14_rplB_contig_45660_contig_45661	70.4641350210971	711	256	245	135	75
cen14_rplB_contig_45668_contig_45669	69.8181818181818	825	293	283	154	95
cen14_rplB_contig_45734_contig_45735	70.4242424242424	825	300	281	153	91
cen14_rplB_contig_45802_contig_45803	71.1678832116788	822	291	294	149	88
cen14_rplB_contig_45924_contig_45925	67.9824561403509	456	153	157	89	57
cen14_rplB_contig_45960_contig_45961	70.4242424242424	825	297	284	154	90
cen14_rplB_contig_46082_contig_46083	70.3030303030303	825	290	290	152	93
cen14_rplB_contig_46088_contig_46089	69.9393939393939	825	287	290	152	96
cen14_rplB_contig_47390_contig_47391	68.3636363636364	825	289	275	157	104
cen14_rplB_contig_47444_contig_47445	68.7272727272727	825	293	274	153	105
cen14_rplB_contig_47472_contig_47473	70.7878787878788	825	295	289	149	92
cen14_rplB_contig_47510_contig_47511	69.8296836982968	822	263	311	154	94
cen14_rplB_contig_47574_contig_47575	69.5757575757576	825	301	273	151	100
cen14_rplB_contig_47746_contig_47747	72.7941176470588	816	271	323	136	86
cen14_rplB_contig_47808_contig_47809	70.316301703163	822	277	301	149	95
cen14_rplB_contig_47828_contig_47829	67.6363636363636	825	264	294	170	97
cen14_rplB_contig_48058_contig_48059	67.3992673992674	819	274	278	157	110
cen14_rplB_contig_48164_contig_48165	47.2222222222222	612	151	138	207	116
cen14_rplB_contig_48378_contig_48379	61.2745098039216	816	257	243	172	144
cen14_rplB_contig_48544_contig_48545	70.4620462046205	606	216	211	103	76
cen14_rplB_contig_48684_contig_48685	70.4242424242424	825	300	281	157	87
cen14_rplB_contig_48898_contig_48899	70.343137254902	816	290	284	152	90
cen14_rplB_contig_48912_contig_48913	69.6969696969697	825	291	284	155	95
cen14_rplB_contig_49034_contig_49035	72.5856697819315	642	244	222	103	73
cen14_rplB_contig_49234_contig_49235	70.1818181818182	825	296	283	156	90
cen14_rplB_contig_49294_contig_49295	72.5563909774436	798	278	301	133	86
cen14_rplB_contig_49296_contig_49297	64.1791044776119	603	199	188	140	76
cen14_rplB_contig_49326_contig_49327	72.9613733905579	699	238	272	117	72
cen14_rplB_contig_49398_contig_49399	68.3760683760684	702	249	231	133	89
cen14_rplB_contig_49462_contig_49463	70.7878787878788	825	297	287	148	93
cen14_rplB_contig_49796_contig_49797	62.6225490196078	816	257	254	198	107
cen14_rplB_contig_49848_contig_49849	70.6552706552707	702	247	249	130	76
cen14_rplB_contig_49850_contig_49851	72.4264705882353	816	274	317	135	90
cen14_rplB_contig_50054_contig_50055	70.1674277016743	657	240	221	122	74
cen14_rplB_contig_50072_contig_50073	70.5014749262537	678	250	228	116	84
cen14_rplB_contig_50234_contig_50235	70.1818181818182	825	288	291	150	96
cen14_rplB_contig_50616_contig_50617	70.0606060606061	825	297	281	155	92
cen14_rplB_contig_50960_contig_50961	70.6666666666667	825	301	282	153	89
cen14_rplB_contig_51040_contig_51041	71.1515151515152	825	298	289	152	86
cen14_rplB_contig_51354_contig_51355	69.7674418604651	645	213	237	116	79
cen14_rplB_contig_51658_contig_51659	70.1101928374656	726	271	238	133	84
cen14_rplB_contig_51854_contig_51855	71.1843711843712	819	280	303	143	93
cen14_rplB_contig_52002_contig_52003	70.3030303030303	825	297	283	153	92
cen14_rplB_contig_52132_contig_52133	71.030303030303	825	296	290	145	94
cen14_rplB_contig_52210_contig_52211	69.2121212121212	825	311	260	148	106
cen14_rplB_contig_52296_contig_52297	69.9393939393939	825	298	279	151	97
cen14_rplB_contig_52302_contig_52303	70.3030303030303	825	300	280	153	92
cen14_rplB_contig_52322_contig_52323	70.1818181818182	825	303	276	147	99
cen14_rplB_contig_52332_contig_52333	69.0909090909091	825	295	275	158	97
cen14_rplB_contig_52418_contig_52419	68.8564476885645	822	294	272	156	100
cen14_rplB_contig_52616_contig_52617	70.5596107055961	822	271	309	153	89
cen14_rplB_contig_52858_contig_52859	69.6186961869619	813	296	270	147	100
cen14_rplB_contig_53118_contig_53119	69.2121212121212	825	294	277	152	102
cen14_rplB_contig_53134_contig_53135	70.8513708513708	693	249	242	128	74
cen14_rplB_contig_53258_contig_53259	67.6434676434676	819	277	277	155	110
cen14_rplB_contig_53480_contig_53481	71.2749615975422	651	232	232	111	76
cen14_rplB_contig_53602_contig_53603	69.6969696969697	825	304	271	152	98
cen14_rplB_contig_54468_contig_54469	71.3305898491084	729	260	260	131	78
cen14_rplB_contig_54552_contig_54553	68.3698296836983	822	288	274	155	105
cen14_rplB_contig_54624_contig_54625	69.1119691119691	777	283	254	146	94
cen14_rplB_contig_54650_contig_54651	70.0606060606061	825	294	284	155	92
cen14_rplB_contig_54992_contig_54993	70.1818181818182	825	294	285	155	91
cen14_rplB_contig_55054_contig_55055	71.3701431492843	489	150	199	91	49
cen14_rplB_contig_55082_contig_55083	69.8216735253772	729	274	235	135	85
cen14_rplB_contig_55140_contig_55141	69.7080291970803	822	282	291	156	93
cen14_rplB_contig_55142_contig_55143	69.3333333333333	825	299	273	155	98
cen14_rplB_contig_55200_contig_55201	69.0909090909091	825	301	269	155	100
cen14_rplB_contig_55244_contig_55245	69.0909090909091	825	302	268	151	104
cen14_rplB_contig_55282_contig_55283	68.6060606060606	825	294	272	159	100
cen14_rplB_contig_55308_contig_55309	68.978102189781	822	297	270	157	98
cen14_rplB_contig_55694_contig_55695	69.4444444444444	828	301	274	150	103
cen14_rplB_contig_55732_contig_55733	70.4242424242424	825	293	288	152	92
cen14_rplB_contig_55752_contig_55753	70.1818181818182	825	295	284	154	92
cen14_rplB_contig_55802_contig_55803	62.7946127946128	594	176	197	129	92
cen14_rplB_contig_56068_contig_56069	70.4242424242424	825	296	285	149	95
cen14_rplB_contig_56308_contig_56309	68.8484848484848	825	296	272	154	103
cen14_rplB_contig_56548_contig_56549	68.7272727272727	825	297	270	160	98
cen14_rplB_contig_56904_contig_56905	68.8484848484848	825	297	271	157	100
cen14_rplB_contig_56908_contig_56909	56.3458856345886	717	221	183	172	141
cen14_rplB_contig_57152_contig_57153	70.5454545454545	825	295	287	152	91
cen14_rplB_contig_57274_contig_57275	70.1818181818182	825	298	281	156	90
cen14_rplB_contig_57308_contig_57309	71.3064713064713	819	318	266	142	93
cen14_rplB_contig_57318_contig_57319	71.4111922141119	822	307	280	143	92
cen14_rplB_contig_57964_contig_57965	70.3030303030303	825	295	285	153	92
cen14_rplB_contig_58086_contig_58087	68.7134502923977	684	244	226	126	88
cen14_rplB_contig_58450_contig_58451	67.8876678876679	819	277	279	158	105
cen14_rplB_contig_58518_contig_58519	68.3636363636364	825	294	270	162	99
cen14_rplB_contig_59760_contig_59761	70.3389830508475	708	239	259	119	91
cen14_rplB_contig_60104_contig_60105	61.2433862433862	756	249	214	170	123
cen14_rplB_contig_60558_contig_60559	68.3333333333333	780	280	253	155	92
cen14_rplB_contig_61100_contig_61101	66.7878787878788	825	273	278	168	106
cen14_rplB_contig_61396_contig_61397	62.9090909090909	825	274	245	173	133
cen14_rplB_contig_61428_contig_61429	69.4545454545455	825	300	273	154	98
cen14_rplB_contig_61434_contig_61435	65.0730411686587	753	255	235	150	113
cen14_rplB_contig_61838_contig_61839	68.8484848484848	825	295	273	157	100
cen14_rplB_contig_61860_contig_61861	68.8484848484848	825	298	270	152	105
cen14_rplB_contig_61906_contig_61907	68.978102189781	822	282	285	155	100
cen14_rplB_contig_62220_contig_62221	69.0909090909091	825	302	268	158	97
cen14_rplB_contig_62908_contig_62909	73.0576441102757	798	266	317	131	84
cen14_rplB_contig_63012_contig_63013	72.671568627451	816	284	309	134	89
cen14_rplB_contig_63088_contig_63089	70.1622971285893	801	269	293	142	97
cen14_rplB_contig_63100_contig_63101	72.0787207872079	813	290	296	137	90
cen14_rplB_contig_63170_contig_63171	73.1617647058823	816	270	327	137	82
cen14_rplB_contig_63462_contig_63463	72.9166666666667	816	272	323	134	87
