ID	% GCContent	Total Count	G Count	C Count	A Count	T Count
cen12_rplB_contig_2_contig_3	68.4108527131783	516	188	165	95	68
cen12_rplB_contig_4_contig_5	48.3091787439614	828	207	193	228	200
cen12_rplB_contig_140_contig_141	69.4344163658243	831	291	286	156	98
cen12_rplB_contig_158_contig_159	71.2009803921569	816	286	295	150	85
cen12_rplB_contig_184_contig_185	72.3844282238443	822	292	303	141	86
cen12_rplB_contig_242_contig_243	60.4395604395604	819	258	237	178	146
cen12_rplB_contig_276_contig_277	62.2549019607843	816	254	254	186	122
cen12_rplB_contig_278_contig_279	62.3774509803922	816	253	256	171	136
cen12_rplB_contig_284_contig_285	63.3578431372549	816	292	225	175	124
cen12_rplB_contig_286_contig_287	64.4607843137255	816	284	242	176	114
cen12_rplB_contig_290_contig_291	47.636815920398	804	221	162	213	208
cen12_rplB_contig_296_contig_297	58.6374695863747	822	246	236	179	161
cen12_rplB_contig_298_contig_299	64.3382352941177	816	239	286	164	127
cen12_rplB_contig_308_contig_309	67.1604938271605	810	249	295	173	93
cen12_rplB_contig_310_contig_311	66.4233576642336	822	244	302	171	105
cen12_rplB_contig_320_contig_321	63.8480392156863	816	264	257	182	113
cen12_rplB_contig_344_contig_345	67.2749391727494	822	284	269	169	100
cen12_rplB_contig_346_contig_347	63.2478632478633	819	255	263	162	139
cen12_rplB_contig_350_contig_351	64.1025641025641	819	259	266	171	123
cen12_rplB_contig_364_contig_365	69.2121212121212	825	276	295	157	97
cen12_rplB_contig_402_contig_403	64.7272727272727	825	305	229	180	111
cen12_rplB_contig_404_contig_405	60.8272506082725	822	246	254	184	138
cen12_rplB_contig_406_contig_407	60.705596107056	822	248	251	187	136
cen12_rplB_contig_410_contig_411	69.1086691086691	819	272	294	153	100
cen12_rplB_contig_416_contig_417	66.9108669108669	819	271	277	163	108
cen12_rplB_contig_420_contig_421	58.6374695863747	822	251	231	204	136
cen12_rplB_contig_422_contig_423	61.9221411192214	822	256	253	180	133
cen12_rplB_contig_434_contig_435	65.0851581508516	822	294	241	168	119
cen12_rplB_contig_450_contig_451	63.3578431372549	816	265	252	177	122
cen12_rplB_contig_458_contig_459	68.2481751824817	822	271	290	153	108
cen12_rplB_contig_468_contig_469	68	825	276	285	158	106
cen12_rplB_contig_472_contig_473	66.2976629766298	813	290	249	164	110
cen12_rplB_contig_474_contig_475	63.6926889714994	807	283	231	170	123
cen12_rplB_contig_484_contig_485	60.3406326034063	822	251	245	192	134
cen12_rplB_contig_488_contig_489	62.7450980392157	816	261	251	183	121
cen12_rplB_contig_500_contig_501	55.7575757575758	825	251	209	206	159
cen12_rplB_contig_502_contig_503	66.0606060606061	825	311	234	166	114
cen12_rplB_contig_510_contig_511	62.7737226277372	822	260	256	168	138
cen12_rplB_contig_514_contig_515	63.2603406326034	822	271	249	176	126
cen12_rplB_contig_518_contig_519	70.5314009661836	828	306	278	147	97
cen12_rplB_contig_526_contig_527	65.0735294117647	816	301	230	173	112
cen12_rplB_contig_528_contig_529	64.8216482164822	813	298	229	167	119
cen12_rplB_contig_532_contig_533	69.9513381995134	822	283	292	155	92
cen12_rplB_contig_534_contig_535	60.077519379845	516	166	144	114	92
cen12_rplB_contig_538_contig_539	66.1800486618005	822	248	296	172	106
cen12_rplB_contig_540_contig_541	67.639902676399	822	269	287	156	110
cen12_rplB_contig_542_contig_543	63.1127450980392	816	242	273	172	129
cen12_rplB_contig_544_contig_545	59.9752168525403	807	259	225	179	144
cen12_rplB_contig_546_contig_547	68.2539682539683	819	284	275	159	101
cen12_rplB_contig_562_contig_563	64.3467643467643	819	251	276	168	124
cen12_rplB_contig_592_contig_593	64.4110275689223	798	255	259	159	125
cen12_rplB_contig_618_contig_619	65.8119658119658	819	270	269	171	109
cen12_rplB_contig_628_contig_629	64.2066420664207	813	271	251	166	125
cen12_rplB_contig_638_contig_639	66.0606060606061	825	292	253	161	119
cen12_rplB_contig_648_contig_649	55.3956834532374	834	253	209	193	179
cen12_rplB_contig_668_contig_669	70.6666666666667	825	299	284	146	96
cen12_rplB_contig_728_contig_729	63.8583638583639	819	248	275	174	122
cen12_rplB_contig_736_contig_737	64.6913580246914	810	259	265	168	118
cen12_rplB_contig_756_contig_757	65.4545454545455	825	278	262	167	118
cen12_rplB_contig_760_contig_761	69.7303921568627	816	276	293	150	97
cen12_rplB_contig_796_contig_797	65.0793650793651	819	273	260	163	123
cen12_rplB_contig_800_contig_801	63.7362637362637	819	253	269	170	127
cen12_rplB_contig_810_contig_811	69.2307692307692	819	272	295	155	97
cen12_rplB_contig_852_contig_853	67.032967032967	819	249	300	167	103
cen12_rplB_contig_872_contig_873	66.2962962962963	810	250	287	170	103
cen12_rplB_contig_886_contig_887	64.6953405017921	558	184	177	115	82
cen12_rplB_contig_1052_contig_1053	67.8876678876679	819	271	285	157	106
cen12_rplB_contig_1192_contig_1193	67.4019607843137	816	285	265	156	110
cen12_rplB_contig_1670_contig_1671	68.2424242424242	825	274	289	156	106
cen12_rplB_contig_1674_contig_1675	67.3939393939394	825	286	270	163	106
cen12_rplB_contig_1694_contig_1695	68.922305764411	798	256	294	149	99
cen12_rplB_contig_1732_contig_1733	68.986568986569	819	288	277	150	104
cen12_rplB_contig_1738_contig_1739	67.8787878787879	825	283	277	164	101
cen12_rplB_contig_1898_contig_1899	55.3939393939394	825	234	223	206	162
cen12_rplB_contig_1914_contig_1915	63.2727272727273	825	262	260	181	122
cen12_rplB_contig_2190_contig_2191	59.6363636363636	825	276	216	194	139
cen12_rplB_contig_2326_contig_2327	61.0294117647059	816	291	207	184	134
cen12_rplB_contig_2514_contig_2515	65.0641025641026	624	220	186	119	99
cen12_rplB_contig_2524_contig_2525	70.4938271604938	810	308	263	144	95
cen12_rplB_contig_2550_contig_2551	72.5563909774436	798	295	284	122	97
cen12_rplB_contig_2552_contig_2553	71.8137254901961	816	296	290	136	94
cen12_rplB_contig_2636_contig_2637	67.5213675213675	819	278	275	155	111
cen12_rplB_contig_2868_contig_2869	73.2484076433121	471	181	164	81	45
cen12_rplB_contig_3108_contig_3109	68.986568986569	819	280	285	159	95
cen12_rplB_contig_3444_contig_3445	71.9169719169719	819	285	304	147	83
cen12_rplB_contig_3470_contig_3471	60.2564102564103	624	213	163	134	114
cen12_rplB_contig_3646_contig_3647	63.1257631257631	819	269	248	159	143
cen12_rplB_contig_4388_contig_4389	63.6363636363636	825	262	263	175	125
cen12_rplB_contig_4486_contig_4487	49.0196078431373	816	213	187	214	202
cen12_rplB_contig_4670_contig_4671	63.1782945736434	774	244	245	161	124
cen12_rplB_contig_5736_contig_5737	63.1386861313869	822	246	273	176	127
cen12_rplB_contig_6056_contig_6057	71.1843711843712	819	302	281	142	94
cen12_rplB_contig_6286_contig_6287	68.2539682539683	819	263	296	156	104
cen12_rplB_contig_6390_contig_6391	64.4607843137255	816	256	270	169	121
cen12_rplB_contig_6564_contig_6565	67.030303030303	825	272	281	159	113
cen12_rplB_contig_6638_contig_6639	69.9876998769988	813	269	300	153	91
cen12_rplB_contig_6742_contig_6743	61.9047619047619	819	269	238	169	143
cen12_rplB_contig_6744_contig_6745	67.7615571776156	822	268	289	169	96
cen12_rplB_contig_6756_contig_6757	62.026862026862	819	255	253	168	143
cen12_rplB_contig_6816_contig_6817	58.7301587301587	819	259	222	180	158
cen12_rplB_contig_6826_contig_6827	68.0246913580247	810	272	279	162	97
cen12_rplB_contig_6920_contig_6921	60.1212121212121	825	250	246	186	143
cen12_rplB_contig_6946_contig_6947	55.6420233463035	771	228	201	163	179
cen12_rplB_contig_7014_contig_7015	69.2214111922141	822	281	288	159	94
cen12_rplB_contig_7208_contig_7209	59.0964590964591	819	249	235	185	150
cen12_rplB_contig_7412_contig_7413	70.8835341365462	498	173	180	91	54
cen12_rplB_contig_7414_contig_7415	61.9047619047619	819	275	232	164	148
cen12_rplB_contig_7490_contig_7491	47.7366255144033	729	206	142	169	212
cen12_rplB_contig_7604_contig_7605	57.6875768757688	813	235	234	192	152
cen12_rplB_contig_7802_contig_7803	68.7074829931973	735	248	257	141	89
cen12_rplB_contig_7980_contig_7981	66.9250645994832	774	264	254	149	107
cen12_rplB_contig_8044_contig_8045	61.6236162361624	813	264	237	178	134
cen12_rplB_contig_8284_contig_8285	65.2121212121212	825	278	260	166	121
cen12_rplB_contig_8314_contig_8315	70.3030303030303	825	295	285	154	91
cen12_rplB_contig_8760_contig_8761	57.0327552986513	519	157	139	122	101
cen12_rplB_contig_8860_contig_8861	72.2627737226277	822	290	304	142	86
cen12_rplB_contig_8926_contig_8927	72	825	304	290	136	95
cen12_rplB_contig_8936_contig_8937	64.3229166666667	768	250	244	152	122
cen12_rplB_contig_8990_contig_8991	71.654501216545	822	308	281	137	96
cen12_rplB_contig_9264_contig_9265	63.8583638583639	819	269	254	167	129
cen12_rplB_contig_9288_contig_9289	71.3064713064713	819	302	282	139	96
cen12_rplB_contig_9332_contig_9333	61.6421568627451	816	254	249	176	137
cen12_rplB_contig_9430_contig_9431	62.5	816	231	279	179	127
cen12_rplB_contig_9474_contig_9475	63.2727272727273	825	270	252	184	119
cen12_rplB_contig_9484_contig_9485	65.6898656898657	819	263	275	167	114
cen12_rplB_contig_9526_contig_9527	69.558599695586	657	226	231	117	83
cen12_rplB_contig_9552_contig_9553	59.4627594627595	819	257	230	182	150
cen12_rplB_contig_9632_contig_9633	61.1721611721612	819	256	245	178	140
cen12_rplB_contig_9670_contig_9671	62.1323529411765	816	271	236	177	132
cen12_rplB_contig_9786_contig_9787	65.5637254901961	816	283	252	174	107
cen12_rplB_contig_9904_contig_9905	71.3939393939394	825	295	294	149	87
cen12_rplB_contig_10382_contig_10383	71.358024691358	810	298	280	150	82
cen12_rplB_contig_11456_contig_11457	61.8439716312057	705	214	222	152	117
cen12_rplB_contig_13194_contig_13195	68.7423687423687	819	284	279	162	94
cen12_rplB_contig_13330_contig_13331	68	825	279	282	165	99
cen12_rplB_contig_15386_contig_15387	66.8763102725367	477	155	164	104	54
cen12_rplB_contig_15742_contig_15743	56.0606060606061	660	210	160	156	134
cen12_rplB_contig_15884_contig_15885	65.2439024390244	492	151	170	96	75
cen12_rplB_contig_16106_contig_16107	72.2017220172202	813	294	293	135	91
cen12_rplB_contig_16432_contig_16433	65.8008658008658	693	208	248	138	99
cen12_rplB_contig_16800_contig_16801	70.6521739130435	828	312	273	153	90
cen12_rplB_contig_17654_contig_17655	64.957264957265	819	252	280	171	116
cen12_rplB_contig_18208_contig_18209	64.3552311435523	822	260	269	174	119
cen12_rplB_contig_18392_contig_18393	66.7892156862745	816	280	265	159	112
cen12_rplB_contig_18736_contig_18737	64.7058823529412	612	180	216	130	86
cen12_rplB_contig_18834_contig_18835	66.8188736681887	657	214	225	131	87
cen12_rplB_contig_19276_contig_19277	65.5677655677656	546	181	177	108	80
cen12_rplB_contig_19388_contig_19389	68.0147058823529	816	279	276	158	103
cen12_rplB_contig_19476_contig_19477	69.4814814814815	675	241	228	121	85
cen12_rplB_contig_19570_contig_19571	66.973886328725	651	214	222	131	84
cen12_rplB_contig_19592_contig_19593	65.4545454545455	825	242	298	170	115
cen12_rplB_contig_20088_contig_20089	67.0289855072464	552	175	195	109	73
cen12_rplB_contig_20096_contig_20097	64.8351648351648	819	276	255	166	122
cen12_rplB_contig_20292_contig_20293	62.1489621489621	819	269	240	169	141
cen12_rplB_contig_20550_contig_20551	67.9405520169851	471	150	170	92	59
cen12_rplB_contig_21064_contig_21065	60.1190476190476	504	151	152	113	88
cen12_rplB_contig_21230_contig_21231	65.4970760233918	513	157	179	104	73
cen12_rplB_contig_21288_contig_21289	66.8639053254438	507	172	167	100	68
cen12_rplB_contig_21774_contig_21775	64.8915187376726	507	175	154	103	75
cen12_rplB_contig_21870_contig_21871	61.7924528301887	636	216	177	134	109
cen12_rplB_contig_22112_contig_22113	65.6969696969697	825	303	239	172	111
cen12_rplB_contig_22128_contig_22129	67.8694158075601	582	188	207	110	77
cen12_rplB_contig_22754_contig_22755	70.4819277108434	498	160	191	90	57
cen12_rplB_contig_22922_contig_22923	71.505376344086	558	190	209	95	64
cen12_rplB_contig_22938_contig_22939	68.1159420289855	483	146	183	92	62
cen12_rplB_contig_23050_contig_23051	65.2121212121212	825	267	271	165	122
cen12_rplB_contig_23110_contig_23111	67.3721340388007	567	197	185	116	69
cen12_rplB_contig_23260_contig_23261	67.7615571776156	822	267	290	165	100
cen12_rplB_contig_23362_contig_23363	66.8308702791461	609	220	187	107	95
cen12_rplB_contig_23582_contig_23583	58.5987261146497	471	136	140	109	86
cen12_rplB_contig_23854_contig_23855	65.1991614255765	477	164	147	94	72
cen12_rplB_contig_23860_contig_23861	69.3581780538302	483	173	162	80	68
cen12_rplB_contig_23886_contig_23887	68.6991869918699	492	184	154	98	56
cen12_rplB_contig_24242_contig_24243	65.439672801636	489	152	168	97	72
cen12_rplB_contig_24254_contig_24255	64.1711229946524	561	207	153	121	80
cen12_rplB_contig_24256_contig_24257	67.0995670995671	462	153	157	94	58
cen12_rplB_contig_24260_contig_24261	64.8484848484848	825	274	261	165	125
cen12_rplB_contig_24344_contig_24345	64.3459915611814	474	167	138	96	73
cen12_rplB_contig_24360_contig_24361	71.4596949891068	459	154	174	79	52
cen12_rplB_contig_25206_contig_25207	62.9385964912281	456	137	150	93	76
cen12_rplB_contig_25472_contig_25473	62.3721881390593	489	160	145	99	85
cen12_rplB_contig_26084_contig_26085	71.6727716727717	819	282	305	150	82
cen12_rplB_contig_26214_contig_26215	71.9607843137255	510	184	183	92	51
cen12_rplB_contig_26222_contig_26223	67.8249678249678	777	248	279	151	99
cen12_rplB_contig_26436_contig_26437	63.7969094922737	453	148	141	97	67
cen12_rplB_contig_26590_contig_26591	58.1196581196581	819	249	227	190	153
cen12_rplB_contig_26672_contig_26673	64.8148148148148	540	185	165	113	77
cen12_rplB_contig_26844_contig_26845	69.3181818181818	528	169	197	102	60
cen12_rplB_contig_27004_contig_27005	69.4323144104803	687	239	238	132	78
cen12_rplB_contig_27218_contig_27219	70.5596107055961	822	319	261	146	96
cen12_rplB_contig_27320_contig_27321	58.8744588744589	462	139	133	109	81
cen12_rplB_contig_27398_contig_27399	60.0246002460025	813	249	239	179	146
cen12_rplB_contig_27404_contig_27405	63.6029411764706	816	302	217	171	126
cen12_rplB_contig_27472_contig_27473	63.9024390243902	615	195	198	131	91
cen12_rplB_contig_27724_contig_27725	62.43961352657	828	266	251	187	124
cen12_rplB_contig_27912_contig_27913	72.4477244772448	813	294	295	134	90
cen12_rplB_contig_28018_contig_28019	50.42194092827	474	119	120	121	114
cen12_rplB_contig_28046_contig_28047	65.7407407407407	540	186	169	110	75
cen12_rplB_contig_28642_contig_28643	68.3760683760684	819	275	285	159	100
cen12_rplB_contig_28764_contig_28765	73.4177215189873	474	178	170	70	56
cen12_rplB_contig_29322_contig_29323	63.5151515151515	825	258	266	176	125
cen12_rplB_contig_29326_contig_29327	52.7272727272727	495	117	144	136	98
cen12_rplB_contig_29628_contig_29629	69.8924731182796	465	137	188	90	50
cen12_rplB_contig_30014_contig_30015	72.7272727272727	594	227	205	90	72
cen12_rplB_contig_30020_contig_30021	71.9551282051282	624	227	222	107	68
cen12_rplB_contig_30750_contig_30751	63.3939393939394	825	263	260	171	131
cen12_rplB_contig_31232_contig_31233	65.3508771929825	456	148	150	87	71
cen12_rplB_contig_31310_contig_31311	70.4065040650407	615	205	228	112	70
cen12_rplB_contig_32546_contig_32547	70.5882352941177	510	168	192	92	58
cen12_rplB_contig_32868_contig_32869	70.0980392156863	612	221	208	113	70
cen12_rplB_contig_33160_contig_33161	63.5151515151515	825	277	247	180	121
cen12_rplB_contig_33176_contig_33177	69.2307692307692	819	285	282	158	94
cen12_rplB_contig_33506_contig_33507	64.5833333333333	816	299	228	171	118
cen12_rplB_contig_33608_contig_33609	67.5381263616558	459	157	153	87	62
cen12_rplB_contig_33728_contig_33729	45.9047619047619	525	135	106	151	133
cen12_rplB_contig_33986_contig_33987	67.3965936739659	822	266	288	165	103
cen12_rplB_contig_34542_contig_34543	65.6898656898657	819	248	290	171	110
cen12_rplB_contig_34598_contig_34599	72.4505327245053	657	233	243	118	63
cen12_rplB_contig_35126_contig_35127	71.5328467153285	822	308	280	144	90
cen12_rplB_contig_35136_contig_35137	70.3030303030303	825	312	268	147	98
cen12_rplB_contig_35590_contig_35591	66.9108669108669	819	253	295	168	103
cen12_rplB_contig_36326_contig_36327	65.3968253968254	630	223	189	130	88
cen12_rplB_contig_36450_contig_36451	68.0048661800487	822	266	293	155	108
cen12_rplB_contig_36606_contig_36607	55.8787878787879	825	251	210	204	160
cen12_rplB_contig_36692_contig_36693	63.5555555555556	675	219	210	141	105
cen12_rplB_contig_36696_contig_36697	70.4106280193237	828	306	277	146	99
cen12_rplB_contig_37494_contig_37495	65.2647975077882	642	217	202	130	93
cen12_rplB_contig_38650_contig_38651	71.5447154471545	738	271	257	133	77
cen12_rplB_contig_39646_contig_39647	63.8783269961977	789	247	257	160	125
cen12_rplB_contig_39910_contig_39911	67.8787878787879	825	283	277	162	103
cen12_rplB_contig_40078_contig_40079	69.8529411764706	816	274	296	148	98
cen12_rplB_contig_40120_contig_40121	71.6363636363636	825	298	293	149	85
cen12_rplB_contig_40222_contig_40223	67.5438596491228	798	245	294	157	102
cen12_rplB_contig_41290_contig_41291	68.6202686202686	819	286	276	158	99
