ID	% GCContent	Total Count	G Count	C Count	A Count	T Count
cen16_tolC_contig_752_contig_753	66.8776371308017	474	155	162	101	56
cen16_tolC_contig_764_contig_765	67.9324894514768	474	161	161	97	55
cen16_tolC_contig_766_contig_767	69.0217391304348	552	186	195	100	71
cen16_tolC_contig_782_contig_783	68.6534216335541	453	154	157	84	58
cen16_tolC_contig_786_contig_787	68.0412371134021	582	195	201	108	78
cen16_tolC_contig_794_contig_795	69.3581780538302	483	161	174	84	64
cen16_tolC_contig_820_contig_821	67.3289183222958	453	150	155	85	63
cen16_tolC_contig_870_contig_871	68	1050	336	378	205	131
cen16_tolC_contig_928_contig_929	64.7766323024055	582	185	192	115	90
cen16_tolC_contig_932_contig_933	64.7186147186147	462	147	152	96	67
cen16_tolC_contig_950_contig_951	63.036303630363	606	187	195	125	99
cen16_tolC_contig_988_contig_989	62.9385964912281	456	140	147	95	74
cen16_tolC_contig_994_contig_995	69.6335078534031	573	188	211	104	70
cen16_tolC_contig_1196_contig_1197	68.3957732949087	1041	336	376	200	129
cen16_tolC_contig_1208_contig_1209	67.7142857142857	1050	335	376	205	134
cen16_tolC_contig_1282_contig_1283	68.2036503362152	1041	328	382	201	130
cen16_tolC_contig_1334_contig_1335	67.5438596491228	456	149	159	87	61
