ID	% GCContent	Total Count	G Count	C Count	A Count	T Count
cen12_acr3_contig_88_contig_89	56.9264069264069	924	253	273	149	249
cen12_acr3_contig_148_contig_149	71.4836223506744	1038	361	381	108	188
cen12_acr3_contig_200_contig_201	57.9617834394904	471	139	134	77	121
cen12_acr3_contig_242_contig_243	66.5544332210999	891	306	287	106	192
cen12_acr3_contig_244_contig_245	71.6763005780347	1038	358	386	107	187
cen12_acr3_contig_282_contig_283	53.1746031746032	1008	278	258	188	284
cen12_acr3_contig_290_contig_291	57.9180509413068	903	278	245	143	237
cen12_acr3_contig_342_contig_343	43.3333333333333	1020	246	196	227	351
cen12_acr3_contig_348_contig_349	52.2445081184336	1047	300	247	190	310
cen12_acr3_contig_364_contig_365	59.1522157996146	519	167	140	80	132
cen12_acr3_contig_368_contig_369	54.690618762475	501	131	143	71	156
cen12_acr3_contig_370_contig_371	55.3588987217306	1017	294	269	175	279
cen12_acr3_contig_374_contig_375	45	1020	260	199	213	348
cen12_acr3_contig_596_contig_597	56.3583815028902	1038	299	286	171	282
cen12_acr3_contig_604_contig_605	74.3975903614458	996	395	346	76	179
cen12_acr3_contig_694_contig_695	61.758691206544	489	158	144	64	123
cen12_acr3_contig_728_contig_729	60.036832412523	1086	316	336	166	268
cen12_acr3_contig_746_contig_747	58.869395711501	1026	298	306	166	256
cen12_acr3_contig_820_contig_821	59.375	576	167	175	78	156
cen12_acr3_contig_1106_contig_1107	62.6016260162602	492	155	153	63	121
cen12_acr3_contig_1172_contig_1173	61.0229276895944	567	188	158	75	146
cen12_acr3_contig_1264_contig_1265	61.5702479338843	726	230	217	107	172
cen12_acr3_contig_1266_contig_1267	58.6744639376218	1026	306	296	146	278
cen12_acr3_contig_2600_contig_2601	69.2063492063492	630	204	232	68	126
cen12_acr3_contig_2698_contig_2699	59.7605893186004	1086	314	335	168	269
cen12_acr3_contig_3598_contig_3599	59.4886922320551	1017	296	309	159	253
cen12_acr3_contig_6248_contig_6249	70.2508960573477	558	180	212	61	105
cen12_acr3_contig_7144_contig_7145	58.0246913580247	891	242	275	144	230
cen12_acr3_contig_7660_contig_7661	59.5764272559853	1086	314	333	168	271
cen12_acr3_contig_8786_contig_8787	58.982683982684	924	264	281	142	237
cen12_acr3_contig_9258_contig_9259	51.4124293785311	531	147	126	99	159
cen12_acr3_contig_10170_contig_10171	54.0196078431373	1020	285	266	174	295
cen12_acr3_contig_11836_contig_11837	58.4496124031008	645	198	179	98	170
cen12_acr3_contig_12310_contig_12311	60.7909604519774	885	264	274	124	223
cen12_acr3_contig_12314_contig_12315	70.9935897435897	624	208	235	61	120
cen12_acr3_contig_12692_contig_12693	63.0081300813008	492	155	155	62	120
cen12_acr3_contig_13488_contig_13489	65.8496732026144	612	211	192	74	135
cen12_acr3_contig_13526_contig_13527	63.562091503268	612	184	205	83	140
cen12_acr3_contig_13534_contig_13535	63.562091503268	612	183	206	82	141
cen12_acr3_contig_13618_contig_13619	60.0849256900212	471	135	148	68	120
cen12_acr3_contig_13860_contig_13861	68.7179487179487	585	203	199	66	117
cen12_acr3_contig_14134_contig_14135	62.7350427350427	585	175	192	80	138
cen12_acr3_contig_14180_contig_14181	62.3931623931624	585	175	190	82	138
cen12_acr3_contig_14210_contig_14211	67.8756476683938	579	205	188	59	127
cen12_acr3_contig_14216_contig_14217	63.7305699481865	579	185	184	71	139
cen12_acr3_contig_14252_contig_14253	54.4839255499154	591	156	166	99	170
cen12_acr3_contig_14430_contig_14431	57.8483245149912	567	157	171	84	155
cen12_acr3_contig_14462_contig_14463	67.5438596491228	570	199	186	65	120
cen12_acr3_contig_14652_contig_14653	65.1428571428571	525	171	171	67	116
cen12_acr3_contig_14896_contig_14897	54.6511627906977	516	143	139	86	148
cen12_acr3_contig_14908_contig_14909	64.6825396825397	504	172	154	64	114
cen12_acr3_contig_15342_contig_15343	58.1740976645435	471	136	138	71	126
cen12_acr3_contig_15904_contig_15905	61.4740368509213	597	188	179	75	155
cen12_acr3_contig_16044_contig_16045	65.3763440860215	465	141	163	64	97
cen12_acr3_contig_17950_contig_17951	65.1122625215889	579	197	180	73	129
cen12_acr3_contig_18506_contig_18507	62.9251700680272	588	172	198	82	136
cen12_acr3_contig_18540_contig_18541	61.4853195164076	579	172	184	84	139
cen12_acr3_contig_18598_contig_18599	64.9395509499136	579	199	177	73	130
cen12_acr3_contig_19188_contig_19189	58.3333333333333	816	227	249	132	208
cen12_acr3_contig_19692_contig_19693	59.5716198125837	747	218	227	114	188
cen12_acr3_contig_20822_contig_20823	58.9668615984405	1026	290	315	165	256
cen12_acr3_contig_20880_contig_20881	60.6837606837607	585	166	189	84	146
cen12_acr3_contig_20998_contig_20999	63.2478632478633	585	174	196	80	135
cen12_acr3_contig_21616_contig_21617	58.7009803921569	816	227	252	130	207
cen12_acr3_contig_21808_contig_21809	58.7009803921569	816	226	253	131	206
cen12_acr3_contig_22008_contig_22009	63.5897435897436	585	175	197	79	134
cen12_acr3_contig_22700_contig_22701	63.7606837606838	585	174	199	79	133
cen12_acr3_contig_23178_contig_23179	63.9316239316239	585	175	199	79	132
cen12_acr3_contig_23494_contig_23495	58.9393939393939	660	181	208	104	167
cen12_acr3_contig_23568_contig_23569	58.3333333333333	816	226	250	133	207
cen12_acr3_contig_23684_contig_23685	63.2478632478633	585	172	198	82	133
cen12_acr3_contig_23878_contig_23879	62.86701208981	579	188	176	74	141
cen12_acr3_contig_24658_contig_24659	58.6056644880174	918	277	261	147	233
cen12_acr3_contig_24922_contig_24923	63.5897435897436	585	175	197	79	134
cen12_acr3_contig_25552_contig_25553	57.9881656804734	1014	289	299	153	273
cen12_acr3_contig_25578_contig_25579	58.6715867158672	813	230	247	128	208
