ID	% GCContent	Total Count	G Count	C Count	A Count	T Count
cen16_arsM_contig_2_contig_3	54.5229244114002	807	246	194	193	174
cen16_arsM_contig_6_contig_7	62.6076260762608	813	240	269	153	151
cen16_arsM_contig_8_contig_9	66.6666666666667	831	309	245	144	133
cen16_arsM_contig_10_contig_11	58.8599752168525	807	273	202	166	166
cen16_arsM_contig_12_contig_13	57.037037037037	810	268	194	170	178
cen16_arsM_contig_24_contig_25	56.949569495695	813	247	216	183	167
cen16_arsM_contig_34_contig_35	56.4575645756458	813	241	218	179	175
cen16_arsM_contig_44_contig_45	58.2107843137255	816	261	214	182	159
cen16_arsM_contig_52_contig_53	61.7283950617284	810	283	217	164	146
cen16_arsM_contig_62_contig_63	60.9876543209877	810	284	210	166	150
cen16_arsM_contig_144_contig_145	60.5809128630705	723	225	213	140	145
cen16_arsM_contig_160_contig_161	73.7338044758539	849	343	283	116	107
cen16_arsM_contig_170_contig_171	68.9170182841069	711	254	236	119	102
cen16_arsM_contig_174_contig_175	57.4074074074074	486	154	125	105	102
cen16_arsM_contig_450_contig_451	70.5596107055961	822	305	275	120	122
cen16_arsM_contig_522_contig_523	68.9300411522634	486	157	178	84	67
cen16_arsM_contig_564_contig_565	68.5185185185185	486	154	179	88	65
cen16_arsM_contig_598_contig_599	64.336917562724	558	179	180	98	101
cen16_arsM_contig_630_contig_631	67.2764227642276	492	163	168	81	80
cen16_arsM_contig_656_contig_657	58.6715867158672	813	243	234	164	172
cen16_arsM_contig_696_contig_697	65.7509157509158	546	176	183	91	96
cen16_arsM_contig_754_contig_755	69.8689956331878	687	229	251	107	100
cen16_arsM_contig_760_contig_761	72.6950354609929	564	222	188	80	74
cen16_arsM_contig_860_contig_861	72.0289855072464	690	249	248	100	93
cen16_arsM_contig_912_contig_913	69.4083694083694	693	258	223	110	102
cen16_arsM_contig_920_contig_921	69.4560669456067	717	279	219	106	113
cen16_arsM_contig_1008_contig_1009	65.7355679702048	537	181	172	87	97
cen16_arsM_contig_1014_contig_1015	71.0014947683109	669	233	242	103	91
cen16_arsM_contig_1116_contig_1117	65.1685393258427	801	284	238	148	131
cen16_arsM_contig_1152_contig_1153	70.0501253132832	798	291	268	121	118
cen16_arsM_contig_1168_contig_1169	68.9556509298999	699	260	222	117	100
cen16_arsM_contig_1210_contig_1211	69.3389592123769	711	267	226	116	102
cen16_arsM_contig_1230_contig_1231	67.4718196457327	621	224	195	106	96
cen16_arsM_contig_1252_contig_1253	70.182841068917	711	269	230	111	101
cen16_arsM_contig_1260_contig_1261	57.4858757062147	708	219	188	145	156
cen16_arsM_contig_1284_contig_1285	69.3270735524257	639	228	215	100	96
cen16_arsM_contig_1302_contig_1303	68.6868686868687	693	242	234	114	103
cen16_arsM_contig_1306_contig_1307	71.2389380530973	678	248	235	101	94
cen16_arsM_contig_1324_contig_1325	69.5955369595537	717	264	235	112	106
cen16_arsM_contig_1370_contig_1371	71.4086471408647	717	280	232	108	97
cen16_arsM_contig_1384_contig_1385	71.4486638537271	711	279	229	107	96
cen16_arsM_contig_1392_contig_1393	61.3668061366806	717	227	213	135	142
cen16_arsM_contig_1406_contig_1407	70.0139470013947	717	267	235	110	105
cen16_arsM_contig_1472_contig_1473	71.8085106382979	564	214	191	81	78
cen16_arsM_contig_1486_contig_1487	68.901303538175	537	190	180	76	91
cen16_arsM_contig_1516_contig_1517	56.516290726817	798	247	204	178	169
cen16_arsM_contig_1528_contig_1529	64.7959183673469	588	194	187	106	101
cen16_arsM_contig_1532_contig_1533	56.0945273631841	804	241	210	177	176
cen16_arsM_contig_1594_contig_1595	55.0617283950617	810	254	192	190	174
cen16_arsM_contig_1622_contig_1623	65.1340996168582	783	248	262	138	135
cen16_arsM_contig_1624_contig_1625	53.3333333333333	810	232	200	196	182
cen16_arsM_contig_1652_contig_1653	62.9800307219662	651	192	218	127	114
cen16_arsM_contig_1710_contig_1711	67.304625199362	627	225	197	108	97
cen16_arsM_contig_1726_contig_1727	56.5079365079365	630	199	157	131	143
cen16_arsM_contig_2348_contig_2349	61.5671641791045	804	253	242	177	132
cen16_arsM_contig_2400_contig_2401	70.8333333333333	576	206	202	92	76
cen16_arsM_contig_2402_contig_2403	69.7754749568221	579	200	204	93	82
cen16_arsM_contig_2424_contig_2425	63.6926889714994	807	261	253	153	140
cen16_arsM_contig_2542_contig_2543	63.5313531353135	606	210	175	112	109
cen16_arsM_contig_2582_contig_2583	71.2454212454212	546	196	193	81	76
cen16_arsM_contig_2616_contig_2617	70.4710144927536	552	195	194	85	78
cen16_arsM_contig_2668_contig_2669	64.3055555555556	720	261	202	125	132
cen16_arsM_contig_2696_contig_2697	62.4219725343321	801	272	228	160	141
cen16_arsM_contig_2812_contig_2813	59.1478696741855	798	247	225	175	151
cen16_arsM_contig_2852_contig_2853	63.9928698752228	561	166	193	105	97
cen16_arsM_contig_2856_contig_2857	55.7399723374827	723	211	192	156	164
cen16_arsM_contig_2858_contig_2859	65.2110625909753	687	210	238	126	113
cen16_arsM_contig_2864_contig_2865	70.1842546063652	597	228	191	95	83
cen16_arsM_contig_2888_contig_2889	56.2874251497006	501	150	132	102	117
cen16_arsM_contig_2892_contig_2893	61.1922141119221	822	248	255	164	155
cen16_arsM_contig_2992_contig_2993	69.8245614035088	570	225	173	87	85
cen16_arsM_contig_3000_contig_3001	56.3725490196078	816	234	226	191	165
cen16_arsM_contig_3024_contig_3025	65.9604519774011	708	241	226	120	121
cen16_arsM_contig_3026_contig_3027	64.2978003384095	591	204	176	95	116
cen16_arsM_contig_3054_contig_3055	56.8627450980392	816	243	221	195	157
cen16_arsM_contig_3066_contig_3067	59.5135908440629	699	219	197	132	151
cen16_arsM_contig_3086_contig_3087	67.479674796748	492	167	165	83	77
cen16_arsM_contig_3120_contig_3121	62.0098039215686	816	258	248	158	152
cen16_arsM_contig_3184_contig_3185	57.2164948453608	582	179	154	130	119
cen16_arsM_contig_3186_contig_3187	53.1328320802005	798	238	186	206	168
cen16_arsM_contig_3214_contig_3215	65.4320987654321	486	160	158	89	79
cen16_arsM_contig_3242_contig_3243	62.8395061728395	810	281	228	169	132
cen16_arsM_contig_3286_contig_3287	68.978102189781	822	309	258	125	130
cen16_arsM_contig_3412_contig_3413	56.2577447335812	807	211	243	199	154
cen16_arsM_contig_3418_contig_3419	70.9497206703911	537	198	183	77	79
cen16_arsM_contig_3562_contig_3563	58.1453634085213	798	253	211	175	159
cen16_arsM_contig_3570_contig_3571	58.2990397805213	729	230	195	162	142
cen16_arsM_contig_3580_contig_3581	61.8357487922705	828	255	257	163	153
cen16_arsM_contig_3606_contig_3607	68.3886838868389	813	277	279	130	127
cen16_arsM_contig_3628_contig_3629	62.0689655172414	609	201	177	117	114
cen16_arsM_contig_3706_contig_3707	63.2734530938124	501	155	162	97	87
cen16_arsM_contig_3754_contig_3755	56.949569495695	813	241	222	180	170
cen16_arsM_contig_3780_contig_3781	63.3333333333333	510	151	172	102	85
cen16_arsM_contig_3786_contig_3787	61.1316113161132	813	268	229	172	144
cen16_arsM_contig_3796_contig_3797	55.3086419753086	810	245	203	188	174
cen16_arsM_contig_3814_contig_3815	59.7101449275362	690	176	236	149	129
cen16_arsM_contig_3870_contig_3871	59.9415204678363	684	169	241	143	131
cen16_arsM_contig_3900_contig_3901	64.8033126293996	483	158	155	85	85
cen16_arsM_contig_3922_contig_3923	72.962962962963	540	228	166	66	80
cen16_arsM_contig_4020_contig_4021	54.9114331723027	621	184	157	138	142
cen16_arsM_contig_4066_contig_4067	65.222623345367	831	269	273	156	133
cen16_arsM_contig_4078_contig_4079	61.2903225806452	558	180	162	110	106
cen16_arsM_contig_4082_contig_4083	62.4031007751938	516	136	186	94	100
cen16_arsM_contig_4096_contig_4097	70.7903780068729	582	224	188	89	81
cen16_arsM_contig_4114_contig_4115	70.6739526411658	549	197	191	80	81
cen16_arsM_contig_4132_contig_4133	64.1666666666667	720	233	229	139	119
cen16_arsM_contig_4148_contig_4149	59.7014925373134	603	187	173	129	114
cen16_arsM_contig_4164_contig_4165	74.5024875621891	804	314	285	100	105
cen16_arsM_contig_4172_contig_4173	57.1428571428571	630	197	163	133	137
cen16_arsM_contig_4184_contig_4185	66.3446054750403	621	198	214	109	100
cen16_arsM_contig_4208_contig_4209	61.3526570048309	828	267	241	156	164
cen16_arsM_contig_4232_contig_4233	68.6159844054581	513	176	176	88	73
cen16_arsM_contig_4234_contig_4235	60.9442060085837	699	232	194	146	127
cen16_arsM_contig_4244_contig_4245	60.6365159128978	597	189	173	116	119
cen16_arsM_contig_4294_contig_4295	67.4115456238361	537	187	175	97	78
cen16_arsM_contig_4388_contig_4389	61.7924528301887	636	181	212	122	121
cen16_arsM_contig_4398_contig_4399	70.4119850187266	801	302	262	120	117
cen16_arsM_contig_4448_contig_4449	54.6816479400749	801	245	193	181	182
cen16_arsM_contig_4450_contig_4451	58.6466165413534	798	258	210	166	164
cen16_arsM_contig_4456_contig_4457	69.5810564663024	549	184	198	94	73
cen16_arsM_contig_4466_contig_4467	57.8313253012048	498	147	141	107	103
cen16_arsM_contig_4514_contig_4515	66.2849872773537	786	285	236	127	138
cen16_arsM_contig_4582_contig_4583	64.2998027613412	507	158	168	93	88
cen16_arsM_contig_4596_contig_4597	62.5968992248062	516	139	184	93	100
cen16_arsM_contig_4656_contig_4657	61.1992945326279	567	197	150	112	108
cen16_arsM_contig_4682_contig_4683	70.2508960573477	558	194	198	83	83
cen16_arsM_contig_4908_contig_4909	67.5627240143369	558	193	184	82	99
cen16_arsM_contig_4916_contig_4917	64.1592920353982	678	230	205	121	122
cen16_arsM_contig_4936_contig_4937	58.8957055214724	489	152	136	105	96
cen16_arsM_contig_5028_contig_5029	73.4767025089606	558	227	183	74	74
cen16_arsM_contig_5078_contig_5079	69.6035242290749	681	245	229	105	102
cen16_arsM_contig_5152_contig_5153	68.0053547523427	747	266	242	120	119
cen16_arsM_contig_5174_contig_5175	62.8571428571429	630	226	170	111	123
cen16_arsM_contig_5180_contig_5181	68.1392235609103	747	269	240	119	119
cen16_arsM_contig_5276_contig_5277	69.7632058287796	549	198	185	89	77
cen16_arsM_contig_5390_contig_5391	66.8560606060606	528	182	171	94	81
cen16_arsM_contig_5424_contig_5425	68.9236111111111	576	209	188	86	93
cen16_arsM_contig_5540_contig_5541	68.0851063829787	705	242	238	103	122
cen16_arsM_contig_5586_contig_5587	67.7272727272727	660	251	196	105	108
cen16_arsM_contig_5660_contig_5661	71.0806697108067	657	236	231	92	98
cen16_arsM_contig_5674_contig_5675	73.5	600	226	215	78	81
cen16_arsM_contig_5694_contig_5695	70.5530642750374	669	244	228	100	97
cen16_arsM_contig_5726_contig_5727	61.3412228796844	507	168	143	103	93
cen16_arsM_contig_5764_contig_5765	70.3296703296703	546	212	172	88	74
cen16_arsM_contig_5822_contig_5823	63.963963963964	555	191	164	100	100
cen16_arsM_contig_5824_contig_5825	62.2222222222222	810	277	227	173	133
cen16_arsM_contig_5842_contig_5843	66.4864864864865	555	200	169	91	95
cen16_arsM_contig_5890_contig_5891	72.9390681003584	558	194	213	77	74
cen16_arsM_contig_5964_contig_5965	63.5531135531136	546	153	194	99	100
cen16_arsM_contig_5978_contig_5979	71.7261904761905	672	259	223	96	94
cen16_arsM_contig_5992_contig_5993	63.1481481481481	540	151	190	100	99
cen16_arsM_contig_6052_contig_6053	56.959706959707	546	171	140	113	122
cen16_arsM_contig_6106_contig_6107	56.6416040100251	798	246	206	176	170
cen16_arsM_contig_6192_contig_6193	71.1340206185567	582	218	196	83	85
cen16_arsM_contig_6326_contig_6327	68.6274509803922	663	247	208	109	99
cen16_arsM_contig_6384_contig_6385	64.5120405576679	789	286	223	137	143
cen16_arsM_contig_6402_contig_6403	70.5223880597015	804	304	263	122	115
cen16_arsM_contig_6418_contig_6419	69.3602693602694	594	211	201	91	91
cen16_arsM_contig_6480_contig_6481	69.4763729246488	783	272	272	120	119
cen16_arsM_contig_6510_contig_6511	68.7179487179487	585	213	189	98	85
cen16_arsM_contig_6554_contig_6555	66.2935323383085	804	297	236	129	142
cen16_arsM_contig_6744_contig_6745	58.6666666666667	600	213	139	115	133
cen16_arsM_contig_6822_contig_6823	49.7942386831276	729	201	162	177	189
cen16_arsM_contig_6914_contig_6915	69.2753623188406	690	254	224	113	99
cen16_arsM_contig_6946_contig_6947	59.0837282780411	633	207	167	126	133
cen16_arsM_contig_7026_contig_7027	67.6666666666667	600	205	201	98	96
cen16_arsM_contig_7318_contig_7319	71.031746031746	504	164	194	72	74
cen16_arsM_contig_8162_contig_8163	63.8643067846608	678	208	225	128	117
cen16_arsM_contig_8216_contig_8217	69.7368421052632	684	253	224	109	98
cen16_arsM_contig_8218_contig_8219	75.5693581780538	483	186	179	49	69
cen16_arsM_contig_8818_contig_8819	61.0229276895944	567	196	150	114	107
cen16_arsM_contig_8954_contig_8955	55.4307116104869	534	161	135	119	119
cen16_arsM_contig_9324_contig_9325	67.4157303370787	534	201	159	95	79
cen16_arsM_contig_9606_contig_9607	74.3589743589744	702	255	267	92	88
cen16_arsM_contig_10942_contig_10943	71.0526315789474	570	203	202	86	79
cen16_arsM_contig_10954_contig_10955	61.1418047882136	543	190	142	102	109
cen16_arsM_contig_11228_contig_11229	69.8324022346369	537	188	187	73	89
cen16_arsM_contig_11318_contig_11319	63.4920634920635	504	174	146	96	88
cen16_arsM_contig_11408_contig_11409	69.6428571428571	504	178	173	67	86
cen16_arsM_contig_11670_contig_11671	68.5185185185185	540	191	179	87	83
cen16_arsM_contig_11768_contig_11769	62.8282828282828	495	166	145	87	97
cen16_arsM_contig_13700_contig_13701	57.2769953051643	639	196	170	135	138
cen16_arsM_contig_14232_contig_14233	66.5242165242165	702	269	198	123	112
cen16_arsM_contig_14252_contig_14253	59.7633136094675	507	151	152	121	83
cen16_arsM_contig_14452_contig_14453	60.8641975308642	810	286	207	165	152
cen16_arsM_contig_14618_contig_14619	54.8543689320388	618	185	154	132	147
cen16_arsM_contig_14718_contig_14719	70.856102003643	549	196	193	81	79
cen16_arsM_contig_14776_contig_14777	56.6074950690335	507	157	130	112	108
cen16_arsM_contig_14794_contig_14795	58.751902587519	657	217	169	128	143
cen16_arsM_contig_14820_contig_14821	65.843621399177	486	169	151	76	90
cen16_arsM_contig_14876_contig_14877	61.5853658536585	492	147	156	110	79
cen16_arsM_contig_14902_contig_14903	68.5990338164251	621	222	204	105	90
cen16_arsM_contig_14930_contig_14931	69.5035460992908	564	200	192	91	81
cen16_arsM_contig_15064_contig_15065	72.2504230118443	591	204	223	72	92
cen16_arsM_contig_15224_contig_15225	61.6915422885572	804	250	246	154	154
cen16_arsM_contig_15242_contig_15243	64.6551724137931	696	238	212	115	131
cen16_arsM_contig_16028_contig_16029	54.5098039215686	510	131	147	127	105
cen16_arsM_contig_16330_contig_16331	54.320987654321	729	259	137	148	185
cen16_arsM_contig_16426_contig_16427	71.3747645951036	531	193	186	78	74
cen16_arsM_contig_16534_contig_16535	61.4814814814815	810	288	210	163	149
cen16_arsM_contig_16706_contig_16707	63.768115942029	552	182	170	96	104
cen16_arsM_contig_17528_contig_17529	71.9512195121951	492	178	176	61	77
cen16_arsM_contig_17622_contig_17623	75.0465549348231	537	222	181	66	68
cen16_arsM_contig_17872_contig_17873	72.1544715447154	492	194	161	69	68
cen16_arsM_contig_17902_contig_17903	69.4599627560521	537	204	169	84	80
cen16_arsM_contig_18222_contig_18223	70.6896551724138	522	202	167	80	73
cen16_arsM_contig_18544_contig_18545	69.8080279232112	573	215	185	90	83
cen16_arsM_contig_18698_contig_18699	69.9453551912568	549	180	204	88	77
cen16_arsM_contig_18916_contig_18917	65.4501216545012	822	222	316	145	139
cen16_arsM_contig_19188_contig_19189	70.8086785009862	507	177	182	79	69
cen16_arsM_contig_19822_contig_19823	60.8465608465608	567	199	146	116	106
cen16_arsM_contig_19930_contig_19931	67.2690763052209	498	178	157	81	82
cen16_arsM_contig_20036_contig_20037	53.3333333333333	645	178	166	155	146
cen16_arsM_contig_20236_contig_20237	58.8652482269504	846	262	236	183	165
cen16_arsM_contig_20242_contig_20243	70.1275045537341	549	199	186	85	79
cen16_arsM_contig_20464_contig_20465	69.7463768115942	552	211	174	87	80
cen16_arsM_contig_20524_contig_20525	68.130081300813	615	212	207	102	94
cen16_arsM_contig_20650_contig_20651	68.1238615664845	549	192	182	91	84
cen16_arsM_contig_20658_contig_20659	65.5677655677656	546	175	183	91	97
cen16_arsM_contig_20798_contig_20799	69.6335078534031	573	212	187	89	85
cen16_arsM_contig_20840_contig_20841	69.9825479930192	573	214	187	87	85
cen16_arsM_contig_21094_contig_21095	65.0205761316872	729	249	225	131	124
cen16_arsM_contig_21260_contig_21261	70.6666666666667	525	181	190	82	72
cen16_arsM_contig_21474_contig_21475	63.3699633699634	546	172	174	105	95
cen16_arsM_contig_21650_contig_21651	70.7664884135472	561	201	196	81	83
cen16_arsM_contig_21990_contig_21991	71.6566866267465	501	181	178	70	72
cen16_arsM_contig_22204_contig_22205	67.2043010752688	558	186	189	94	89
cen16_arsM_contig_22420_contig_22421	64.406779661017	531	167	175	106	83
cen16_arsM_contig_22746_contig_22747	65.7608695652174	552	198	165	95	94
cen16_arsM_contig_22996_contig_22997	67.3469387755102	735	267	228	117	123
cen16_arsM_contig_23046_contig_23047	54.320987654321	486	143	121	118	104
cen16_arsM_contig_23174_contig_23175	59.0361445783133	498	167	127	109	95
cen16_arsM_contig_23420_contig_23421	57.6628352490421	522	152	149	125	96
cen16_arsM_contig_24040_contig_24041	67.0707070707071	495	164	168	88	75
cen16_arsM_contig_24050_contig_24051	67.7716390423573	543	193	175	93	82
cen16_arsM_contig_24136_contig_24137	71.285140562249	498	182	173	68	75
cen16_arsM_contig_24270_contig_24271	69.9805068226121	513	196	163	79	75
cen16_arsM_contig_24400_contig_24401	53.2921810699589	486	146	113	114	113
cen16_arsM_contig_24876_contig_24877	62.1138211382114	615	201	181	115	118
cen16_arsM_contig_24914_contig_24915	58.8761174968072	783	250	211	172	150
cen16_arsM_contig_25002_contig_25003	69.8989898989899	495	178	168	77	72
cen16_arsM_contig_25004_contig_25005	73.9130434782609	552	217	191	69	75
cen16_arsM_contig_25018_contig_25019	70.4331450094162	531	201	173	81	76
cen16_arsM_contig_25072_contig_25073	65.2941176470588	510	184	149	95	82
cen16_arsM_contig_25368_contig_25369	56.390977443609	798	253	197	180	168
cen16_arsM_contig_26434_contig_26435	69.7154471544715	492	177	166	73	76
cen16_arsM_contig_26790_contig_26791	70.281124497992	498	181	169	63	85
cen16_arsM_contig_27406_contig_27407	69.5340501792115	558	215	173	85	85
cen16_arsM_contig_27648_contig_27649	57.7235772357724	492	157	127	103	105
cen16_arsM_contig_27690_contig_27691	64.7266313932981	567	189	178	99	101
cen16_arsM_contig_27696_contig_27697	49.9314128943759	729	196	168	180	185
cen16_arsM_contig_27700_contig_27701	58.6715867158672	813	243	234	164	172
cen16_arsM_contig_27792_contig_27793	66.0287081339713	627	216	198	105	108
cen16_arsM_contig_27892_contig_27893	70.6806282722513	573	210	195	85	83
cen16_arsM_contig_27928_contig_27929	69.7154471544715	492	174	169	75	74
cen16_arsM_contig_28302_contig_28303	68.6813186813187	546	194	181	94	77
cen16_arsM_contig_28592_contig_28593	61.6260162601626	615	199	180	114	122
cen16_arsM_contig_29154_contig_29155	69.7632058287796	549	196	187	90	76
cen16_arsM_contig_30012_contig_30013	70.1219512195122	492	179	166	72	75
cen16_arsM_contig_32064_contig_32065	70.1010101010101	495	161	186	78	70
cen16_arsM_contig_33086_contig_33087	74.1414141414141	495	193	174	67	61
cen16_arsM_contig_34408_contig_34409	60.1626016260163	492	170	126	104	92
cen16_arsM_contig_34506_contig_34507	58.7945879458795	813	243	235	165	170
cen16_arsM_contig_37586_contig_37587	37.243947858473	537	122	78	176	161
cen16_arsM_contig_37702_contig_37703	60.5721393034826	804	239	248	165	152
cen16_arsM_contig_38520_contig_38521	63.4020618556701	582	200	169	110	103
cen16_arsM_contig_39064_contig_39065	59.4541910331384	513	162	143	107	101
cen16_arsM_contig_39516_contig_39517	55.1515151515151	495	137	136	122	100
cen16_arsM_contig_40138_contig_40139	67.29088639201	801	290	249	137	125
cen16_arsM_contig_41884_contig_41885	72.3456790123457	810	308	278	114	110
cen16_arsM_contig_42306_contig_42307	55.8823529411765	510	156	129	114	111
cen16_arsM_contig_42954_contig_42955	61.7886178861789	615	201	179	115	120
cen16_arsM_contig_43006_contig_43007	57.8732106339468	489	154	129	107	99
cen16_arsM_contig_43050_contig_43051	58.6345381526104	498	149	143	119	87
cen16_arsM_contig_43128_contig_43129	63.0792227204783	669	221	201	128	119
cen16_arsM_contig_43216_contig_43217	57.3033707865169	801	257	202	182	160
cen16_arsM_contig_43348_contig_43349	71.0526315789474	798	301	266	118	113
cen16_arsM_contig_43516_contig_43517	61.0696517412935	804	250	241	180	133
cen16_arsM_contig_43560_contig_43561	60.352422907489	681	215	196	136	134
cen16_arsM_contig_43648_contig_43649	59.5959595959596	792	250	222	170	150
cen16_arsM_contig_44324_contig_44325	68.2828282828283	495	187	151	79	78
cen16_arsM_contig_44754_contig_44755	76.0907504363002	573	247	189	70	67
cen16_arsM_contig_45278_contig_45279	55.9523809523809	504	146	136	115	107
cen16_arsM_contig_45342_contig_45343	61.4427860696517	804	251	243	178	132
cen16_arsM_contig_45360_contig_45361	70.3315881326352	573	215	188	87	83
cen16_arsM_contig_45452_contig_45453	59.2592592592593	513	156	148	122	87
cen16_arsM_contig_47526_contig_47527	69.3910256410256	624	227	206	92	99
cen16_arsM_contig_48014_contig_48015	59.1760299625468	534	167	149	107	111
cen16_arsM_contig_48058_contig_48059	69.9754901960784	816	288	283	121	124
cen16_arsM_contig_48080_contig_48081	56.592039800995	804	248	207	177	172
cen16_arsM_contig_48132_contig_48133	72.0496894409938	483	195	153	71	64
cen16_arsM_contig_48348_contig_48349	58.3333333333333	588	182	161	117	128
cen16_arsM_contig_48554_contig_48555	57.5308641975309	810	269	197	190	154
cen16_arsM_contig_48610_contig_48611	55.8185404339251	507	155	128	116	108
cen16_arsM_contig_48648_contig_48649	69.6808510638298	564	205	188	90	81
cen16_arsM_contig_48752_contig_48753	52.7173913043478	552	169	122	141	120
cen16_arsM_contig_48764_contig_48765	58.6715867158672	813	243	234	165	171
cen16_arsM_contig_48778_contig_48779	58.5485854858549	813	242	234	166	171
cen16_arsM_contig_48864_contig_48865	68.4981684981685	546	189	185	90	82
cen16_arsM_contig_48872_contig_48873	71.7117117117117	555	217	181	76	81
cen16_arsM_contig_49178_contig_49179	59.1049382716049	648	201	182	134	131
cen16_arsM_contig_49518_contig_49519	65.3136531365314	813	296	235	148	134
cen16_arsM_contig_49596_contig_49597	71.5174129353234	804	296	279	114	115
cen16_arsM_contig_49926_contig_49927	69.6461824953445	537	194	180	75	88
cen16_arsM_contig_50306_contig_50307	66.2921348314607	801	294	237	145	125
cen16_arsM_contig_50446_contig_50447	52.6217228464419	534	159	122	138	115
cen16_arsM_contig_50474_contig_50475	52.2222222222222	810	223	200	205	182
cen16_arsM_contig_50526_contig_50527	62.1004566210046	657	214	194	129	120
cen16_arsM_contig_50706_contig_50707	73.8666666666667	750	296	258	95	101
cen16_arsM_contig_50914_contig_50915	68.2666666666667	750	278	234	123	115
cen16_arsM_contig_51106_contig_51107	64.8907103825137	732	254	221	131	126
cen16_arsM_contig_51128_contig_51129	56.2271062271062	546	175	132	120	119
cen16_arsM_contig_51198_contig_51199	69.3928128872367	807	313	247	125	122
cen16_arsM_contig_51736_contig_51737	66.5338645418327	753	271	230	133	119
cen16_arsM_contig_51778_contig_51779	51.9713261648746	558	158	132	141	127
cen16_arsM_contig_52096_contig_52097	57.9143389199255	537	160	151	114	112
cen16_arsM_contig_52214_contig_52215	67.5182481751825	822	300	255	138	129
cen16_arsM_contig_52354_contig_52355	65.7364341085271	645	234	190	109	112
cen16_arsM_contig_52752_contig_52753	69.6296296296296	675	242	228	110	95
cen16_arsM_contig_52902_contig_52903	60.9576427255985	543	188	143	111	101
cen16_arsM_contig_53346_contig_53347	60.8641975308642	810	286	207	167	150
cen16_arsM_contig_53360_contig_53361	55.8052434456929	534	166	132	123	113
cen16_arsM_contig_53676_contig_53677	69.1099476439791	573	233	163	81	96
cen16_arsM_contig_54100_contig_54101	67.1033478893741	687	235	226	111	115
cen16_arsM_contig_54734_contig_54735	71.2280701754386	570	203	203	86	78
cen16_arsM_contig_54886_contig_54887	60.2836879432624	564	198	142	119	105
cen16_arsM_contig_55346_contig_55347	58.2064297800338	591	194	150	129	118
cen16_arsM_contig_57226_contig_57227	58.8308457711443	804	262	211	167	164
cen16_arsM_contig_59060_contig_59061	59.7278911564626	735	226	213	146	150
cen16_arsM_contig_59118_contig_59119	59.5918367346939	735	226	212	145	152
cen16_arsM_contig_59574_contig_59575	58.7945879458795	813	243	235	163	172
cen16_arsM_contig_60522_contig_60523	70.3389830508475	708	271	227	113	97
cen16_arsM_contig_60546_contig_60547	61.3756613756614	567	199	149	114	105
cen16_arsM_contig_60870_contig_60871	70.2439024390244	615	229	203	97	86
cen16_arsM_contig_60898_contig_60899	66.6666666666667	573	212	170	100	91
cen16_arsM_contig_61138_contig_61139	55.7644110275689	798	236	209	187	166
cen16_arsM_contig_62748_contig_62749	61.4427860696517	804	251	243	180	130
cen16_arsM_contig_63232_contig_63233	65.9393939393939	825	308	236	133	148
cen16_arsM_contig_63278_contig_63279	57.3275862068966	696	217	182	152	145
cen16_arsM_contig_63596_contig_63597	68.2634730538922	501	176	166	83	76
cen16_arsM_contig_64136_contig_64137	58.3747927031509	603	185	167	122	129
cen16_arsM_contig_64190_contig_64191	66.3176265270506	573	211	169	101	92
cen16_arsM_contig_64410_contig_64411	70.5128205128205	546	200	185	87	74
cen16_arsM_contig_68418_contig_68419	65.0273224043716	549	174	183	100	92
cen16_arsM_contig_68552_contig_68553	69.9825479930192	573	208	193	90	82
cen16_arsM_contig_69096_contig_69097	56.5805658056581	813	239	221	181	172
cen16_arsM_contig_69360_contig_69361	72.5925925925926	675	267	223	96	89
cen16_arsM_contig_69368_contig_69369	66.4939550949914	579	199	186	104	90
cen16_arsM_contig_69486_contig_69487	60.9452736318408	804	248	242	181	133
cen16_arsM_contig_69532_contig_69533	67.2021419009371	747	276	226	126	119
cen16_arsM_contig_69850_contig_69851	68.8888888888889	540	199	173	83	85
cen16_arsM_contig_69984_contig_69985	64.1618497109827	519	182	151	90	96
cen16_arsM_contig_70450_contig_70451	66.6666666666667	678	250	202	118	108
cen16_arsM_contig_71158_contig_71159	57.1180555555556	576	197	132	134	113
cen16_arsM_contig_71188_contig_71189	66.6666666666667	663	247	195	117	104
cen16_arsM_contig_71576_contig_71577	67.1532846715328	822	303	249	141	129
cen16_arsM_contig_72154_contig_72155	66.5441176470588	816	278	265	149	124
cen16_arsM_contig_72258_contig_72259	59.2380952380952	525	159	152	111	103
cen16_arsM_contig_72278_contig_72279	58.6715867158672	813	242	235	164	172
cen16_arsM_contig_74132_contig_74133	65.5448717948718	624	226	183	112	103
cen16_arsM_contig_74492_contig_74493	70.5080545229244	807	312	257	122	116
cen16_arsM_contig_74818_contig_74819	49.0693739424704	591	169	121	143	158
cen16_arsM_contig_74916_contig_74917	65.016501650165	606	218	176	111	101
cen16_arsM_contig_75298_contig_75299	66.9616519174041	678	240	214	116	108
cen16_arsM_contig_75642_contig_75643	62.8070175438597	570	190	168	96	116
cen16_arsM_contig_75786_contig_75787	70.962962962963	675	258	221	99	97
cen16_arsM_contig_76116_contig_76117	71.5686274509804	816	329	255	120	112
cen16_arsM_contig_76402_contig_76403	61.2345679012346	810	287	209	166	148
cen16_arsM_contig_76698_contig_76699	70.4099821746881	561	214	181	89	77
cen16_arsM_contig_76966_contig_76967	67.0921985815603	705	255	218	119	113
cen16_arsM_contig_77382_contig_77383	58.2089552238806	603	181	170	120	132
cen16_arsM_contig_77546_contig_77547	69.5652173913043	552	191	193	82	86
cen16_arsM_contig_78492_contig_78493	66.8195718654434	654	245	192	111	106
cen16_arsM_contig_79062_contig_79063	70.6060606060606	660	253	213	96	98
cen16_arsM_contig_79608_contig_79609	70.5673758865248	564	200	198	87	79
cen16_arsM_contig_83602_contig_83603	70.0892857142857	672	255	216	102	99
cen16_arsM_contig_83634_contig_83635	66.9616519174041	678	245	209	116	108
cen16_arsM_contig_83774_contig_83775	60.6701940035273	567	194	150	115	108
cen16_arsM_contig_84278_contig_84279	69.0747782002535	789	306	239	123	121
cen16_arsM_contig_84452_contig_84453	73.8505747126437	696	264	250	85	97
cen16_arsM_contig_84922_contig_84923	75.1436781609195	696	265	258	82	91
cen16_arsM_contig_85504_contig_85505	60	555	187	146	112	110
cen16_arsM_contig_85772_contig_85773	70.3065134099617	522	192	175	74	81
cen16_arsM_contig_85830_contig_85831	61.4695340501792	558	194	149	112	103
cen16_arsM_contig_86120_contig_86121	61.6465863453815	498	161	146	90	101
cen16_arsM_contig_86154_contig_86155	61.8473895582329	498	165	143	89	101
cen16_arsM_contig_86600_contig_86601	45.9047619047619	525	141	100	156	128
cen16_arsM_contig_87334_contig_87335	65.0273224043716	549	177	180	93	99
cen16_arsM_contig_87340_contig_87341	61.5664845173042	549	177	161	99	112
cen16_arsM_contig_87532_contig_87533	54.9751243781095	804	236	206	180	182
cen16_arsM_contig_87534_contig_87535	57.6875768757688	813	271	198	177	167
cen16_arsM_contig_87562_contig_87563	56.0885608856089	813	239	217	181	176
