ID	% GCContent	Total Count	G Count	C Count	A Count	T Count
cen15_rplB_contig_8_contig_9	72.6337448559671	486	175	178	77	56
cen15_rplB_contig_12_contig_13	66.8488160291439	549	188	179	105	77
cen15_rplB_contig_14_contig_15	66.6666666666667	567	205	173	113	76
cen15_rplB_contig_18_contig_19	66.7883211678832	822	269	280	157	116
cen15_rplB_contig_20_contig_21	66.8498168498168	546	188	177	106	75
cen15_rplB_contig_142_contig_143	72.3618090452261	597	211	221	96	69
cen15_rplB_contig_210_contig_211	71.3930348258706	804	282	292	140	90
cen15_rplB_contig_232_contig_233	60.6837606837607	819	259	238	177	145
cen15_rplB_contig_314_contig_315	68.9300411522634	486	175	160	88	63
cen15_rplB_contig_318_contig_319	66.2674650698603	501	179	153	95	74
cen15_rplB_contig_334_contig_335	67.5213675213675	819	274	279	160	106
cen15_rplB_contig_346_contig_347	66.0606060606061	825	310	235	165	115
cen15_rplB_contig_354_contig_355	63.8480392156863	816	264	257	182	113
cen15_rplB_contig_364_contig_365	64.9659863945578	588	186	196	119	87
cen15_rplB_contig_368_contig_369	59.9015990159902	813	263	224	178	148
cen15_rplB_contig_374_contig_375	68.1904761904762	525	196	162	105	62
cen15_rplB_contig_388_contig_389	60.4060913705584	591	194	163	137	97
cen15_rplB_contig_396_contig_397	66.6666666666667	822	274	274	160	114
cen15_rplB_contig_416_contig_417	48.747591522158	519	145	108	134	132
cen15_rplB_contig_422_contig_423	61.5571776155718	822	258	248	186	130
cen15_rplB_contig_426_contig_427	59.9264705882353	816	260	229	176	151
cen15_rplB_contig_428_contig_429	65.2014652014652	819	269	265	174	111
cen15_rplB_contig_438_contig_439	63.7298091042584	681	238	196	143	104
cen15_rplB_contig_448_contig_449	64.3636363636364	825	268	263	170	124
cen15_rplB_contig_458_contig_459	59.9099099099099	666	225	174	147	120
cen15_rplB_contig_466_contig_467	66.5436654366544	813	272	269	158	114
cen15_rplB_contig_468_contig_469	70.4242424242424	825	288	293	155	89
cen15_rplB_contig_470_contig_471	56.1212121212121	825	253	210	204	158
cen15_rplB_contig_476_contig_477	66.044776119403	804	247	284	169	104
cen15_rplB_contig_492_contig_493	70.281124497992	498	178	172	90	58
cen15_rplB_contig_494_contig_495	62.8352490421456	522	182	146	116	78
cen15_rplB_contig_506_contig_507	64.1119221411192	822	253	274	171	124
cen15_rplB_contig_508_contig_509	69.9513381995134	822	284	291	155	92
cen15_rplB_contig_512_contig_513	67.7575757575758	825	275	284	160	106
cen15_rplB_contig_526_contig_527	59.9756690997567	822	251	242	193	136
cen15_rplB_contig_568_contig_569	66.1746617466175	813	290	248	164	111
cen15_rplB_contig_574_contig_575	65.3235653235653	819	249	286	172	112
cen15_rplB_contig_588_contig_589	62.8953771289538	822	255	262	163	142
cen15_rplB_contig_596_contig_597	67.1532846715328	822	264	288	161	109
cen15_rplB_contig_620_contig_621	60.573476702509	558	192	146	124	96
cen15_rplB_contig_622_contig_623	63.6029411764706	816	281	238	166	131
cen15_rplB_contig_632_contig_633	65.6753407682776	807	245	285	169	108
cen15_rplB_contig_640_contig_641	70.9245742092457	822	285	298	147	92
cen15_rplB_contig_644_contig_645	71.8061674008811	681	240	249	110	82
cen15_rplB_contig_710_contig_711	69.9186991869919	492	174	170	91	57
cen15_rplB_contig_794_contig_795	61.1922141119221	822	261	242	188	131
cen15_rplB_contig_864_contig_865	71.4460784313726	816	287	296	145	88
cen15_rplB_contig_900_contig_901	63.8787878787879	825	256	271	174	124
cen15_rplB_contig_920_contig_921	68.4782608695652	828	274	293	158	103
cen15_rplB_contig_922_contig_923	67.2816728167282	813	266	281	157	109
cen15_rplB_contig_994_contig_995	65.2014652014652	819	247	287	172	113
cen15_rplB_contig_1020_contig_1021	67.7655677655678	819	265	290	158	106
cen15_rplB_contig_1028_contig_1029	63.4085213032581	798	259	247	169	123
cen15_rplB_contig_1094_contig_1095	70.3900709219858	564	210	187	102	65
cen15_rplB_contig_1102_contig_1103	64.957264957265	819	272	260	164	123
cen15_rplB_contig_1956_contig_1957	68	825	273	288	158	106
cen15_rplB_contig_1966_contig_1967	64.093137254902	816	252	271	170	123
cen15_rplB_contig_1984_contig_1985	64.2424242424242	825	302	228	182	113
cen15_rplB_contig_2346_contig_2347	65.6969696969697	825	255	287	175	108
cen15_rplB_contig_2442_contig_2443	65.8119658119658	819	263	276	178	102
cen15_rplB_contig_2648_contig_2649	59.5151515151515	825	275	216	193	141
cen15_rplB_contig_2862_contig_2863	60.7272727272727	825	295	206	191	133
cen15_rplB_contig_3166_contig_3167	73.7060041407867	483	176	180	76	51
cen15_rplB_contig_3204_contig_3205	70.5882352941177	816	296	280	151	89
cen15_rplB_contig_3220_contig_3221	67.219152854512	543	189	176	104	74
cen15_rplB_contig_3224_contig_3225	66.6666666666667	513	178	164	104	67
cen15_rplB_contig_3286_contig_3287	67.4033149171271	543	188	178	103	74
cen15_rplB_contig_3438_contig_3439	67.7655677655678	819	279	276	155	109
cen15_rplB_contig_3494_contig_3495	71.078431372549	816	265	315	150	86
cen15_rplB_contig_3502_contig_3503	67.219152854512	543	186	179	106	72
cen15_rplB_contig_3530_contig_3531	67.9487179487179	546	185	186	105	70
cen15_rplB_contig_3534_contig_3535	71.4460784313726	816	303	280	137	96
cen15_rplB_contig_3536_contig_3537	63.3699633699634	819	249	270	171	129
cen15_rplB_contig_4220_contig_4221	67.3992673992674	546	185	183	106	72
cen15_rplB_contig_4310_contig_4311	70.5596107055961	822	300	280	145	97
cen15_rplB_contig_4872_contig_4873	63.1257631257631	819	269	248	159	143
cen15_rplB_contig_5116_contig_5117	72.8464419475655	534	190	199	80	65
cen15_rplB_contig_5126_contig_5127	66.6666666666667	552	190	178	107	77
cen15_rplB_contig_5360_contig_5361	67.5874769797422	543	186	181	105	71
cen15_rplB_contig_6066_contig_6067	68.3760683760684	819	282	278	147	112
cen15_rplB_contig_6150_contig_6151	67.6056338028169	639	223	209	116	91
cen15_rplB_contig_6322_contig_6323	69.4339622641509	795	269	283	150	93
cen15_rplB_contig_6734_contig_6735	65.8536585365854	492	158	166	92	76
cen15_rplB_contig_7412_contig_7413	71.4993804213135	807	298	279	146	84
cen15_rplB_contig_7810_contig_7811	69.5431472081218	591	217	194	106	74
cen15_rplB_contig_7852_contig_7853	72	600	209	223	101	67
cen15_rplB_contig_8336_contig_8337	69.1056910569106	492	165	175	94	58
cen15_rplB_contig_8538_contig_8539	62.3931623931624	819	257	254	169	139
cen15_rplB_contig_8724_contig_8725	68.4914841849148	822	267	296	168	91
cen15_rplB_contig_8816_contig_8817	68.3698296836983	822	272	290	154	106
cen15_rplB_contig_8884_contig_8885	65.4690618762475	501	181	147	92	81
cen15_rplB_contig_8898_contig_8899	68.5333333333333	750	265	249	130	106
cen15_rplB_contig_8914_contig_8915	60.9279609279609	819	264	235	187	133
cen15_rplB_contig_8950_contig_8951	67.5213675213675	468	159	157	95	57
cen15_rplB_contig_9000_contig_9001	69.4980694980695	777	271	269	149	88
cen15_rplB_contig_9034_contig_9035	69.6267696267696	777	265	276	150	86
cen15_rplB_contig_9072_contig_9073	61.1721611721612	819	276	225	161	157
cen15_rplB_contig_9162_contig_9163	71.4111922141119	822	310	277	140	95
cen15_rplB_contig_9168_contig_9169	67.8966789667897	813	270	282	157	104
cen15_rplB_contig_9288_contig_9289	72.9166666666667	480	172	178	78	52
cen15_rplB_contig_9502_contig_9503	71.7791411042945	489	176	175	80	58
cen15_rplB_contig_9574_contig_9575	67.8832116788321	822	266	292	154	110
cen15_rplB_contig_9920_contig_9921	67.4046740467405	813	278	270	151	114
cen15_rplB_contig_9970_contig_9971	70.2479338842975	726	255	255	127	89
cen15_rplB_contig_10028_contig_10029	66.1746617466175	813	279	259	166	109
cen15_rplB_contig_10082_contig_10083	65.0676506765068	813	284	245	165	119
cen15_rplB_contig_10100_contig_10101	67.5276752767528	813	278	271	153	111
cen15_rplB_contig_10136_contig_10137	57.5645756457565	813	235	233	193	152
cen15_rplB_contig_10460_contig_10461	67.3027989821883	786	270	259	149	108
cen15_rplB_contig_10478_contig_10479	67.0356703567036	813	284	261	157	111
cen15_rplB_contig_10798_contig_10799	43.979721166033	789	209	138	231	211
cen15_rplB_contig_11182_contig_11183	68.6991869918699	492	170	168	87	67
cen15_rplB_contig_11394_contig_11395	64.2424242424242	825	243	287	168	127
cen15_rplB_contig_11418_contig_11419	71.8978102189781	822	301	290	141	90
cen15_rplB_contig_11474_contig_11475	71.2895377128954	822	289	297	148	88
cen15_rplB_contig_11490_contig_11491	71.7761557177616	822	290	300	143	89
cen15_rplB_contig_11536_contig_11537	66.7883211678832	822	273	276	164	109
cen15_rplB_contig_11540_contig_11541	71.5249662618084	741	267	263	129	82
cen15_rplB_contig_11596_contig_11597	72.6277372262774	822	301	296	136	89
cen15_rplB_contig_11598_contig_11599	72.64631043257	786	267	304	127	88
cen15_rplB_contig_11718_contig_11719	69.2214111922141	822	277	292	161	92
cen15_rplB_contig_11756_contig_11757	71.5328467153285	822	294	294	145	89
cen15_rplB_contig_11762_contig_11763	71.3235294117647	816	297	285	151	83
cen15_rplB_contig_11770_contig_11771	70.0139470013947	717	235	267	128	87
cen15_rplB_contig_11928_contig_11929	71.7761557177616	822	301	289	144	88
cen15_rplB_contig_12206_contig_12207	60.6516290726817	798	251	233	173	141
cen15_rplB_contig_12310_contig_12311	60.8058608058608	819	251	247	181	140
cen15_rplB_contig_12408_contig_12409	72.6060606060606	825	288	311	133	93
cen15_rplB_contig_12514_contig_12515	64.4688644688645	819	275	253	165	126
cen15_rplB_contig_12524_contig_12525	62.3774509803922	816	231	278	179	128
cen15_rplB_contig_12586_contig_12587	65.3333333333333	825	299	240	173	113
cen15_rplB_contig_12748_contig_12749	70.5738705738706	819	301	277	142	99
cen15_rplB_contig_12798_contig_12799	59.4627594627595	819	257	230	182	150
cen15_rplB_contig_12888_contig_12889	62.3774509803922	816	261	248	178	129
cen15_rplB_contig_12970_contig_12971	70.8571428571429	525	186	186	94	59
cen15_rplB_contig_12980_contig_12981	62.1323529411765	816	271	236	176	133
cen15_rplB_contig_13310_contig_13311	70.6666666666667	825	297	286	152	90
cen15_rplB_contig_13866_contig_13867	59.0844062947067	699	218	195	150	136
cen15_rplB_contig_15000_contig_15001	71.4111922141119	822	290	297	143	92
cen15_rplB_contig_15362_contig_15363	61.4184397163121	705	221	212	154	118
cen15_rplB_contig_16662_contig_16663	67.156862745098	816	285	263	156	112
cen15_rplB_contig_17124_contig_17125	67.6724137931034	696	232	239	133	92
cen15_rplB_contig_17768_contig_17769	68.2424242424242	825	281	282	163	99
cen15_rplB_contig_18474_contig_18475	63.905325443787	507	189	135	100	83
cen15_rplB_contig_19538_contig_19539	65.4919236417034	681	207	239	138	97
cen15_rplB_contig_19620_contig_19621	60.4091456077016	831	250	252	198	131
cen15_rplB_contig_19680_contig_19681	64.8305084745763	708	212	247	145	104
cen15_rplB_contig_19884_contig_19885	72.5	480	173	175	80	52
cen15_rplB_contig_19894_contig_19895	47.196261682243	642	185	118	177	162
cen15_rplB_contig_20494_contig_20495	65.7738095238095	672	234	208	129	101
cen15_rplB_contig_20908_contig_20909	69.6969696969697	495	165	180	102	48
cen15_rplB_contig_21054_contig_21055	70.9090909090909	825	296	289	148	92
cen15_rplB_contig_21252_contig_21253	69.8989898989899	495	166	180	101	48
cen15_rplB_contig_22308_contig_22309	71.654501216545	822	307	282	143	90
cen15_rplB_contig_23890_contig_23891	68.1426814268143	813	274	280	154	105
cen15_rplB_contig_24474_contig_24475	70.0617283950617	648	216	238	117	77
cen15_rplB_contig_24508_contig_24509	69.7303921568627	816	294	275	149	98
cen15_rplB_contig_24516_contig_24517	67.304625199362	627	206	216	120	85
cen15_rplB_contig_25044_contig_25045	63.7614678899083	654	211	206	123	114
cen15_rplB_contig_25150_contig_25151	71.6666666666667	540	185	202	91	62
cen15_rplB_contig_26094_contig_26095	62.5412541254125	606	188	191	117	110
cen15_rplB_contig_26102_contig_26103	74.5341614906832	483	172	188	73	50
cen15_rplB_contig_26160_contig_26161	72.9166666666667	480	172	178	76	54
cen15_rplB_contig_26498_contig_26499	65.6626506024096	498	159	168	98	73
cen15_rplB_contig_26940_contig_26941	72.0818291215403	831	287	312	148	84
cen15_rplB_contig_26946_contig_26947	67.8362573099415	513	177	171	92	73
cen15_rplB_contig_27024_contig_27025	69.3440428380187	747	264	254	135	94
cen15_rplB_contig_27082_contig_27083	71.4285714285714	567	197	208	94	68
cen15_rplB_contig_27212_contig_27213	70.0176366843034	567	192	205	102	68
cen15_rplB_contig_27436_contig_27437	56.1497326203209	561	172	143	133	113
cen15_rplB_contig_28066_contig_28067	61.0086100861009	813	240	256	184	133
cen15_rplB_contig_28120_contig_28121	64.5679012345679	810	239	284	178	109
cen15_rplB_contig_28332_contig_28333	69.6078431372549	816	277	291	150	98
cen15_rplB_contig_28562_contig_28563	62.4521072796935	522	153	173	111	85
cen15_rplB_contig_28616_contig_28617	68.007662835249	522	169	186	100	67
cen15_rplB_contig_28814_contig_28815	61.5101289134438	543	169	165	119	90
cen15_rplB_contig_29182_contig_29183	67.843137254902	510	161	185	103	61
cen15_rplB_contig_29188_contig_29189	65.4832347140039	507	170	162	101	74
cen15_rplB_contig_29228_contig_29229	67.4199623352166	531	169	189	104	69
cen15_rplB_contig_29320_contig_29321	68.8524590163934	549	174	204	104	67
cen15_rplB_contig_29426_contig_29427	69.2307692307692	507	157	194	94	62
cen15_rplB_contig_30118_contig_30119	68.125	480	176	151	94	59
cen15_rplB_contig_30150_contig_30151	67.032967032967	819	271	278	161	109
cen15_rplB_contig_30302_contig_30303	65.0980392156863	510	160	172	104	74
cen15_rplB_contig_30330_contig_30331	68.4630738522954	501	153	190	94	64
cen15_rplB_contig_30600_contig_30601	70.7317073170732	492	165	183	85	59
cen15_rplB_contig_30658_contig_30659	63.8787878787879	825	241	286	170	128
cen15_rplB_contig_30862_contig_30863	70.1275045537341	549	189	196	103	61
cen15_rplB_contig_31098_contig_31099	70.2325581395349	645	223	230	112	80
cen15_rplB_contig_31108_contig_31109	71.1515151515152	825	293	294	153	85
cen15_rplB_contig_31134_contig_31135	69.7142857142857	525	181	185	97	62
cen15_rplB_contig_31224_contig_31225	68.9523809523809	525	196	166	103	60
cen15_rplB_contig_31240_contig_31241	70.5454545454545	825	281	301	156	87
cen15_rplB_contig_31246_contig_31247	60.9489051094891	822	246	255	183	138
cen15_rplB_contig_31266_contig_31267	70.6739526411658	549	181	207	101	60
cen15_rplB_contig_31304_contig_31305	69.4444444444444	504	170	180	96	58
cen15_rplB_contig_31382_contig_31383	70.2970297029703	606	213	213	107	73
cen15_rplB_contig_31662_contig_31663	69.601677148847	477	166	166	89	56
cen15_rplB_contig_32518_contig_32519	69.8513800424628	471	150	179	89	53
cen15_rplB_contig_32620_contig_32621	61.2745098039216	816	250	250	176	140
cen15_rplB_contig_32754_contig_32755	68.3809523809524	525	196	163	103	63
cen15_rplB_contig_32890_contig_32891	68.1647940074906	534	176	188	105	65
cen15_rplB_contig_32928_contig_32929	70.3921568627451	510	182	177	89	62
cen15_rplB_contig_32968_contig_32969	68.9890710382514	732	261	244	137	90
cen15_rplB_contig_33150_contig_33151	63.0952380952381	504	170	148	110	76
cen15_rplB_contig_33172_contig_33173	67.5151515151515	825	286	271	171	97
cen15_rplB_contig_33200_contig_33201	67.8861788617886	492	164	170	97	61
cen15_rplB_contig_33204_contig_33205	70.1275045537341	549	190	195	102	62
cen15_rplB_contig_33210_contig_33211	63.3946830265849	489	154	156	107	72
cen15_rplB_contig_33246_contig_33247	64.5363408521303	798	251	264	163	120
cen15_rplB_contig_33756_contig_33757	70.8609271523179	453	158	163	79	53
cen15_rplB_contig_34884_contig_34885	62.962962962963	459	160	129	92	78
cen15_rplB_contig_34972_contig_34973	62.026862026862	819	276	232	165	146
cen15_rplB_contig_35274_contig_35275	56.7765567765568	819	242	223	197	157
cen15_rplB_contig_35426_contig_35427	69.7368421052632	456	155	163	83	55
cen15_rplB_contig_35552_contig_35553	61.6465863453815	498	163	144	107	84
cen15_rplB_contig_35566_contig_35567	61.3095238095238	504	162	147	107	88
cen15_rplB_contig_35748_contig_35749	68.6021505376344	465	153	166	89	57
cen15_rplB_contig_35962_contig_35963	72.1544715447154	492	178	177	88	49
cen15_rplB_contig_36026_contig_36027	72	525	190	188	94	53
cen15_rplB_contig_36294_contig_36295	66.7953667953668	777	240	279	156	102
cen15_rplB_contig_36608_contig_36609	60.8080808080808	495	161	140	107	87
cen15_rplB_contig_36744_contig_36745	70.8708708708709	666	243	229	114	80
cen15_rplB_contig_37436_contig_37437	70.6214689265537	531	192	183	92	64
cen15_rplB_contig_37612_contig_37613	71.0217755443886	597	219	205	100	73
cen15_rplB_contig_37644_contig_37645	70.5596107055961	822	318	262	146	96
cen15_rplB_contig_37810_contig_37811	48.7179487179487	819	234	165	237	183
cen15_rplB_contig_37856_contig_37857	63.2727272727273	825	306	216	178	125
cen15_rplB_contig_37964_contig_37965	64.4444444444444	675	229	206	135	105
cen15_rplB_contig_38274_contig_38275	62.4390243902439	615	204	180	128	103
cen15_rplB_contig_38748_contig_38749	68.3809523809524	525	174	185	98	68
cen15_rplB_contig_39066_contig_39067	72.5274725274725	819	321	273	132	93
cen15_rplB_contig_39136_contig_39137	66.1782661782662	819	267	275	162	115
cen15_rplB_contig_39286_contig_39287	62.6262626262626	792	267	229	157	139
cen15_rplB_contig_40134_contig_40135	74.1421568627451	816	294	311	130	81
cen15_rplB_contig_40156_contig_40157	71.4285714285714	567	200	205	88	74
cen15_rplB_contig_40536_contig_40537	70.4065040650407	615	219	214	110	72
cen15_rplB_contig_40662_contig_40663	55.3191489361702	564	176	136	137	115
cen15_rplB_contig_40814_contig_40815	70.446735395189	582	217	193	104	68
cen15_rplB_contig_40836_contig_40837	70.6812652068127	822	299	282	146	95
cen15_rplB_contig_40844_contig_40845	63.6036036036036	555	184	169	107	95
cen15_rplB_contig_40896_contig_40897	75	576	208	224	85	59
cen15_rplB_contig_40956_contig_40957	68.4959349593496	492	165	172	89	66
cen15_rplB_contig_41218_contig_41219	70.2075702075702	819	292	283	149	95
cen15_rplB_contig_41338_contig_41339	69.7080291970803	822	291	282	147	102
cen15_rplB_contig_41364_contig_41365	71.3804713804714	594	225	199	103	67
cen15_rplB_contig_41396_contig_41397	58.2417582417582	819	250	227	192	150
cen15_rplB_contig_41748_contig_41749	71.4548802946593	543	184	204	94	61
cen15_rplB_contig_41766_contig_41767	70.8180708180708	819	306	274	149	90
cen15_rplB_contig_42098_contig_42099	71.3939393939394	825	290	299	152	84
cen15_rplB_contig_43140_contig_43141	70.2127659574468	564	189	207	99	69
cen15_rplB_contig_43246_contig_43247	69.7802197802198	546	181	200	102	63
cen15_rplB_contig_44352_contig_44353	70.5738705738706	819	299	279	148	93
cen15_rplB_contig_44534_contig_44535	75.1269035532995	591	215	229	89	58
cen15_rplB_contig_44908_contig_44909	63.6200716845878	558	182	173	120	83
cen15_rplB_contig_45810_contig_45811	75.1131221719457	663	247	251	98	67
cen15_rplB_contig_45838_contig_45839	70.6666666666667	825	299	284	151	91
cen15_rplB_contig_45840_contig_45841	63.8095238095238	630	207	195	133	95
cen15_rplB_contig_45902_contig_45903	68.2424242424242	825	281	282	162	100
cen15_rplB_contig_45996_contig_45997	74.7181964573269	621	229	235	93	64
cen15_rplB_contig_46824_contig_46825	70.9090909090909	825	290	295	153	87
cen15_rplB_contig_47068_contig_47069	67.7037037037037	675	231	226	128	90
cen15_rplB_contig_47154_contig_47155	68.2828282828283	495	163	175	92	65
cen15_rplB_contig_47628_contig_47629	72.4477244772448	813	297	292	135	89
cen15_rplB_contig_48122_contig_48123	64.4122383252818	621	211	189	112	109
cen15_rplB_contig_48142_contig_48143	70.0854700854701	819	290	284	149	96
cen15_rplB_contig_48208_contig_48209	58.5585585585586	555	174	151	122	108
cen15_rplB_contig_48322_contig_48323	70.5738705738706	819	308	270	143	98
cen15_rplB_contig_48772_contig_48773	64.4607843137255	816	284	242	172	118
cen15_rplB_contig_48906_contig_48907	70.9090909090909	825	288	297	153	87
cen15_rplB_contig_48920_contig_48921	65.4456654456654	819	264	272	164	119
cen15_rplB_contig_48978_contig_48979	69.4545454545455	825	277	296	165	87
cen15_rplB_contig_49014_contig_49015	68.5714285714286	525	174	186	96	69
cen15_rplB_contig_49042_contig_49043	64.7826086956522	690	261	186	147	96
cen15_rplB_contig_49184_contig_49185	71.2056737588652	705	266	236	127	76
cen15_rplB_contig_50230_contig_50231	71.0622710622711	819	300	282	143	94
cen15_rplB_contig_50244_contig_50245	70.7878787878788	825	292	292	153	88
cen15_rplB_contig_50288_contig_50289	71.6363636363636	825	290	301	142	92
cen15_rplB_contig_50452_contig_50453	71.9665271966527	717	275	241	127	74
cen15_rplB_contig_50728_contig_50729	71.4893617021277	705	231	273	128	73
cen15_rplB_contig_50960_contig_50961	64.4567219152855	543	171	179	103	90
cen15_rplB_contig_51000_contig_51001	71.4285714285714	672	251	229	119	73
cen15_rplB_contig_51044_contig_51045	70.0653594771242	765	274	262	136	93
cen15_rplB_contig_51058_contig_51059	71.7575757575758	825	291	301	144	89
cen15_rplB_contig_51124_contig_51125	70.3567035670357	813	293	279	144	97
cen15_rplB_contig_51228_contig_51229	70.6666666666667	825	284	299	154	88
cen15_rplB_contig_51412_contig_51413	69.8666666666667	750	275	249	141	85
cen15_rplB_contig_51422_contig_51423	71.5099715099715	702	263	239	124	76
cen15_rplB_contig_51560_contig_51561	72.0567375886525	705	265	243	122	75
cen15_rplB_contig_51572_contig_51573	70.1754385964912	741	270	250	133	88
cen15_rplB_contig_51632_contig_51633	62.2710622710623	819	271	239	170	139
cen15_rplB_contig_51662_contig_51663	72.2012578616352	795	258	316	136	85
cen15_rplB_contig_52138_contig_52139	70.6563706563707	777	282	267	136	92
cen15_rplB_contig_52464_contig_52465	70.8502024291498	741	247	278	126	90
cen15_rplB_contig_53330_contig_53331	71.1515151515152	825	291	296	147	91
cen15_rplB_contig_53598_contig_53599	70.5454545454545	825	287	295	153	90
cen15_rplB_contig_54228_contig_54229	56.9254185692542	657	179	195	157	126
cen15_rplB_contig_55032_contig_55033	70.9090909090909	825	289	296	153	87
cen15_rplB_contig_55066_contig_55067	71.1111111111111	810	285	291	149	85
cen15_rplB_contig_55842_contig_55843	70.4656862745098	816	271	304	148	93
cen15_rplB_contig_55962_contig_55963	69.7303921568627	816	274	295	148	99
cen15_rplB_contig_56120_contig_56121	71.030303030303	825	294	292	151	88
cen15_rplB_contig_56170_contig_56171	70.7878787878788	825	289	295	152	89
cen15_rplB_contig_56616_contig_56617	70.6812652068127	822	301	280	145	96
cen15_rplB_contig_57324_contig_57325	71.1843711843712	819	286	297	149	87
