ID	% GCContent	Total Count	G Count	C Count	A Count	T Count
cen12_arsA_contig_4_contig_5	45.2830188679245	954	223	209	280	242
cen12_arsA_contig_10_contig_11	56.4263322884013	957	273	267	220	197
cen12_arsA_contig_274_contig_275	61.4942528735632	522	164	157	94	107
cen12_arsA_contig_438_contig_439	64.6182495344507	537	168	179	97	93
cen12_arsA_contig_446_contig_447	59.1954022988506	522	150	159	94	119
cen12_arsA_contig_452_contig_453	62.5968992248062	516	161	162	90	103
cen12_arsA_contig_570_contig_571	59.1269841269841	504	155	143	95	111
cen12_arsA_contig_1410_contig_1411	71.6129032258064	465	159	174	68	64
cen12_arsA_contig_1426_contig_1427	67.515923566879	471	159	159	80	73
cen12_arsA_contig_1440_contig_1441	56.4270152505447	459	127	132	114	86
cen12_arsA_contig_1450_contig_1451	63.8036809815951	489	156	156	88	89
cen12_arsA_contig_1574_contig_1575	48.1262327416174	507	130	114	137	126
cen12_arsA_contig_1624_contig_1625	60.4040404040404	495	150	149	103	93
cen12_arsA_contig_1628_contig_1629	53.5416666666667	480	135	122	115	108
cen12_arsA_contig_1634_contig_1635	57.4423480083857	477	145	129	101	102
cen12_arsA_contig_1640_contig_1641	57.5757575757576	528	171	133	118	106
cen12_arsA_contig_1642_contig_1643	62.3655913978495	465	148	142	90	85
cen12_arsA_contig_1668_contig_1669	58.9247311827957	465	137	137	102	89
