ID	% GCContent	Total Count	G Count	C Count	A Count	T Count
cen10_arsC_glut_contig_2_contig_3	63.7931034482759	348	98	124	65	61
cen10_arsC_glut_contig_10_contig_11	65.6565656565657	198	62	68	32	36
cen10_arsC_glut_contig_34_contig_35	60.3448275862069	348	98	112	67	71
cen10_arsC_glut_contig_58_contig_59	61.8181818181818	330	95	109	75	51
cen10_arsC_glut_contig_64_contig_65	62.5368731563422	339	92	120	69	58
cen10_arsC_glut_contig_88_contig_89	65.7817109144543	339	110	113	67	49
cen10_arsC_glut_contig_98_contig_99	60	330	95	103	72	60
cen10_arsC_glut_contig_252_contig_253	67.2727272727273	330	104	118	62	46
cen10_arsC_glut_contig_328_contig_329	61.4942528735632	348	95	119	61	73
cen10_arsC_glut_contig_590_contig_591	70.2702702702703	222	67	89	30	36
cen10_arsC_glut_contig_598_contig_599	58.9970501474926	339	94	106	69	70
cen10_arsC_glut_contig_902_contig_903	69.8198198198198	222	69	86	34	33
cen10_arsC_glut_contig_948_contig_949	63.7931034482759	348	98	124	64	62
cen10_arsC_glut_contig_1072_contig_1073	66.1375661375661	189	64	61	33	31
cen10_arsC_glut_contig_1250_contig_1251	65.296803652968	219	69	74	38	38
cen10_arsC_glut_contig_1482_contig_1483	68.8888888888889	225	74	81	39	31
cen10_arsC_glut_contig_1640_contig_1641	66.025641025641	156	50	53	25	28
cen10_arsC_glut_contig_1802_contig_1803	65.5430711610487	267	81	94	47	45
cen10_arsC_glut_contig_1804_contig_1805	67.0833333333333	240	80	81	43	36
cen10_arsC_glut_contig_2142_contig_2143	70.4022988505747	348	113	132	58	45
cen10_arsC_glut_contig_2166_contig_2167	69.0763052208835	249	82	90	43	34
cen10_arsC_glut_contig_2170_contig_2171	56.3218390804598	174	47	51	39	37
cen10_arsC_glut_contig_2212_contig_2213	61.2745098039216	204	59	66	46	33
cen10_arsC_glut_contig_2252_contig_2253	65.2298850574713	348	101	126	64	57
cen10_arsC_glut_contig_2364_contig_2365	58.1699346405229	153	39	50	34	30
cen10_arsC_glut_contig_2448_contig_2449	65.0602409638554	249	83	79	50	37
cen10_arsC_glut_contig_2660_contig_2661	63.7931034482759	174	46	65	43	20
cen10_arsC_glut_contig_2664_contig_2665	63.2183908045977	174	56	54	41	23
cen10_arsC_glut_contig_2676_contig_2677	67.9487179487179	234	76	83	42	33
cen10_arsC_glut_contig_2706_contig_2707	62.9310344827586	348	99	120	65	64
cen10_arsC_glut_contig_2744_contig_2745	66.6666666666667	195	52	78	39	26
cen10_arsC_glut_contig_3510_contig_3511	63.4218289085546	339	103	112	66	58
cen10_arsC_glut_contig_3522_contig_3523	62.9032258064516	186	48	69	39	30
cen10_arsC_glut_contig_3664_contig_3665	69.6428571428571	168	55	62	29	22
cen10_arsC_glut_contig_3910_contig_3911	66.025641025641	156	49	54	31	22
cen10_arsC_glut_contig_4134_contig_4135	71.1111111111111	180	61	67	28	24
