ID	% GCContent	Total Count	G Count	C Count	A Count	T Count
cen10_vanX_contig_0_contig_1	69.9029126213592	309	113	103	46	47
cen10_vanX_contig_634_contig_635	67.337807606264	447	158	143	77	69
cen10_vanX_contig_868_contig_869	67.6190476190476	315	108	105	44	58
cen10_vanX_contig_982_contig_983	67.8678678678679	333	108	118	62	45
cen10_vanX_contig_1068_contig_1069	64.5259938837921	327	106	105	52	64
cen10_vanX_contig_1112_contig_1113	66.966966966967	333	108	115	52	58
cen10_vanX_contig_1136_contig_1137	70.8333333333333	312	105	116	40	51
cen10_vanX_contig_1220_contig_1221	56.7251461988304	342	112	82	73	75
cen10_vanX_contig_1572_contig_1573	66.0033167495854	603	197	201	106	99
cen10_vanX_contig_2186_contig_2187	65.5058043117745	603	192	203	107	101
