ID	% GCContent	Total Count	G Count	C Count	A Count	T Count
cen10_arsA_contig_92_contig_93	75.4601226993865	489	186	183	48	72
cen10_arsA_contig_484_contig_485	73.1182795698925	465	173	167	57	68
cen10_arsA_contig_490_contig_491	72.6881720430108	465	169	169	62	65
cen10_arsA_contig_542_contig_543	74.9518304431599	519	180	209	55	75
cen10_arsA_contig_680_contig_681	64.9906890130354	537	170	179	97	91
cen10_arsA_contig_716_contig_717	61.878453038674	543	170	166	105	102
cen10_arsA_contig_958_contig_959	71.9298245614035	456	173	155	63	65
cen10_arsA_contig_1174_contig_1175	73.2142857142857	504	192	177	59	76
cen10_arsA_contig_1472_contig_1473	64.6182495344507	537	168	179	97	93
cen10_arsA_contig_1612_contig_1613	48.6542443064182	483	125	110	131	117
cen10_arsA_contig_1782_contig_1783	67.2316384180791	531	172	185	91	83
cen10_arsA_contig_1810_contig_1811	72.289156626506	498	173	187	67	71
cen10_arsA_contig_1856_contig_1857	69.4610778443114	501	174	174	77	76
cen10_arsA_contig_1868_contig_1869	68.8622754491018	501	176	169	79	77
cen10_arsA_contig_2008_contig_2009	69.0928270042194	948	323	332	149	144
cen10_arsA_contig_2060_contig_2061	67.515923566879	471	159	159	80	73
cen10_arsA_contig_2092_contig_2093	71.0526315789474	456	164	160	62	70
cen10_arsA_contig_2142_contig_2143	73.0250481695568	519	200	179	64	76
cen10_arsA_contig_2252_contig_2253	51.9916142557652	477	126	122	120	109
cen10_arsA_contig_2288_contig_2289	74.373795761079	519	209	177	62	71
cen10_arsA_contig_2414_contig_2415	74.2063492063492	504	190	184	61	69
cen10_arsA_contig_2650_contig_2651	58.7719298245614	456	127	141	106	82
cen10_arsA_contig_2666_contig_2667	57.2597137014315	489	145	135	111	98
cen10_arsA_contig_2672_contig_2673	54.7916666666667	480	137	126	112	105
cen10_arsA_contig_2676_contig_2677	60.4040404040404	495	151	148	103	93
