ID	% GCContent	Total Count	G Count	C Count	A Count	T Count
cen15_arsA_contig_542_contig_543	73.9651416122004	918	339	340	111	128
cen15_arsA_contig_682_contig_683	65.1315789473684	456	145	152	80	79
cen15_arsA_contig_696_contig_697	58.7209302325581	516	160	143	105	108
cen15_arsA_contig_724_contig_725	59.2105263157895	456	143	127	88	98
cen15_arsA_contig_832_contig_833	58.5526315789474	456	130	137	93	96
cen15_arsA_contig_840_contig_841	58.7301587301587	504	155	141	97	111
cen15_arsA_contig_870_contig_871	61.3026819923372	522	163	157	94	108
cen15_arsA_contig_1014_contig_1015	67.0833333333333	480	172	150	82	76
cen15_arsA_contig_1246_contig_1247	68.8524590163934	549	202	176	93	78
cen15_arsA_contig_1790_contig_1791	72.1611721611722	546	188	206	79	73
cen15_arsA_contig_1808_contig_1809	54.6052631578947	456	121	128	118	89
cen15_arsA_contig_1826_contig_1827	67.0967741935484	465	164	148	85	68
cen15_arsA_contig_1876_contig_1877	56.2091503267974	459	128	130	115	86
cen15_arsA_contig_1888_contig_1889	63.59918200409	489	155	156	89	89
cen15_arsA_contig_2116_contig_2117	61.4942528735632	522	165	156	94	107
cen15_arsA_contig_2126_contig_2127	48.3234714003945	507	131	114	136	126
cen15_arsA_contig_2238_contig_2239	60.6060606060606	495	150	150	103	92
cen15_arsA_contig_2240_contig_2241	53.5416666666667	480	135	122	115	108
cen15_arsA_contig_2254_contig_2255	56.6287878787879	528	168	131	121	108
cen15_arsA_contig_2258_contig_2259	62.3655913978495	465	149	141	91	84
cen15_arsA_contig_2270_contig_2271	55	480	136	128	114	102
cen15_arsA_contig_2286_contig_2287	58.494623655914	465	136	136	104	89
cen15_arsA_contig_2292_contig_2293	68.944099378882	483	160	173	80	70
