ID	% GCContent	Total Count	G Count	C Count	A Count	T Count
cen12_arsM_contig_6_contig_7	60.7323232323232	792	252	229	165	146
cen12_arsM_contig_10_contig_11	59.2171717171717	792	248	221	169	154
cen12_arsM_contig_32_contig_33	61.1111111111111	702	222	207	133	140
cen12_arsM_contig_74_contig_75	61.7216117216117	546	166	171	107	102
cen12_arsM_contig_76_contig_77	58.2159624413146	639	212	160	131	136
cen12_arsM_contig_80_contig_81	50.3875968992248	516	145	115	126	130
cen12_arsM_contig_92_contig_93	56.9620253164557	711	221	184	157	149
cen12_arsM_contig_96_contig_97	54.6728971962617	642	177	174	149	142
cen12_arsM_contig_154_contig_155	56.9209039548023	708	221	182	150	155
cen12_arsM_contig_164_contig_165	58.9651022864019	831	262	228	191	150
cen12_arsM_contig_168_contig_169	72.2925457102672	711	251	263	86	111
cen12_arsM_contig_204_contig_205	56.8407960199005	804	261	196	165	182
cen12_arsM_contig_232_contig_233	57.2139303482587	804	260	200	163	181
cen12_arsM_contig_310_contig_311	60.1747815230961	801	243	239	179	140
cen12_arsM_contig_316_contig_317	59.6813725490196	816	268	219	167	162
cen12_arsM_contig_340_contig_341	59.0854392298436	831	257	234	183	157
cen12_arsM_contig_368_contig_369	61.3026819923372	522	182	138	103	99
cen12_arsM_contig_406_contig_407	60.5504587155963	654	218	178	131	127
cen12_arsM_contig_418_contig_419	57.8643578643579	693	209	192	145	147
cen12_arsM_contig_434_contig_435	59.622641509434	795	245	229	174	147
cen12_arsM_contig_588_contig_589	63.8271604938272	810	277	240	160	133
cen12_arsM_contig_594_contig_595	64.8514851485149	606	208	185	115	98
cen12_arsM_contig_610_contig_611	57.6856649395509	579	176	158	125	120
cen12_arsM_contig_634_contig_635	57.0909090909091	825	249	222	198	156
cen12_arsM_contig_664_contig_665	60.7323232323232	792	253	228	163	148
cen12_arsM_contig_740_contig_741	63.5838150289017	519	170	160	97	92
cen12_arsM_contig_752_contig_753	70.7850707850708	777	262	288	116	111
cen12_arsM_contig_762_contig_763	65.1340996168582	783	206	304	136	137
cen12_arsM_contig_788_contig_789	71.505376344086	558	181	218	86	73
cen12_arsM_contig_792_contig_793	75.4098360655738	549	216	198	67	68
cen12_arsM_contig_830_contig_831	61.869618696187	813	238	265	162	148
cen12_arsM_contig_834_contig_835	56.5157750342936	729	217	195	148	169
cen12_arsM_contig_838_contig_839	56.984126984127	630	192	167	132	139
cen12_arsM_contig_840_contig_841	64.4444444444444	720	256	208	124	132
cen12_arsM_contig_850_contig_851	58.0200501253133	798	260	203	166	169
cen12_arsM_contig_868_contig_869	60.3359173126615	774	258	209	152	155
cen12_arsM_contig_946_contig_947	69.6035242290749	681	246	228	104	103
cen12_arsM_contig_1044_contig_1045	63.1868131868132	546	170	175	92	109
cen12_arsM_contig_1154_contig_1155	61.1721611721612	546	161	173	111	101
cen12_arsM_contig_1184_contig_1185	67.8571428571429	672	255	201	105	111
cen12_arsM_contig_1238_contig_1239	62.8109452736318	804	274	231	147	152
cen12_arsM_contig_1292_contig_1293	60.0840336134454	714	234	195	146	139
cen12_arsM_contig_1330_contig_1331	70.1465201465201	546	192	191	81	82
cen12_arsM_contig_1396_contig_1397	62.4269005847953	684	232	195	136	121
cen12_arsM_contig_1406_contig_1407	58.9263420724095	801	239	233	181	148
cen12_arsM_contig_1416_contig_1417	69.3732193732194	702	256	231	105	110
cen12_arsM_contig_1454_contig_1455	69.8275862068966	696	248	238	105	105
cen12_arsM_contig_1468_contig_1469	63.582966226138	681	251	182	113	135
cen12_arsM_contig_1520_contig_1521	68.6945500633714	789	274	268	123	124
cen12_arsM_contig_1532_contig_1533	65.3992395437262	789	314	202	140	133
cen12_arsM_contig_1554_contig_1555	64.1434262948207	753	256	227	135	135
cen12_arsM_contig_1688_contig_1689	58.8761174968072	783	251	210	171	151
cen12_arsM_contig_1712_contig_1713	67.4300254452926	786	274	256	129	127
cen12_arsM_contig_1852_contig_1853	56.9651741293532	804	258	200	165	181
cen12_arsM_contig_2706_contig_2707	67.9558011049724	543	199	170	93	81
cen12_arsM_contig_2864_contig_2865	57.168458781362	558	173	146	123	116
cen12_arsM_contig_2908_contig_2909	72.3300970873786	618	224	223	88	83
cen12_arsM_contig_3088_contig_3089	56.2610229276896	567	177	142	124	124
cen12_arsM_contig_3222_contig_3223	59.469696969697	792	243	228	164	157
cen12_arsM_contig_3932_contig_3933	56.0137457044674	582	183	143	135	121
cen12_arsM_contig_4036_contig_4037	59.2865928659287	813	254	228	188	143
cen12_arsM_contig_4108_contig_4109	64.2241379310345	696	235	212	120	129
cen12_arsM_contig_4150_contig_4151	65.6565656565657	495	180	145	74	96
cen12_arsM_contig_4166_contig_4167	63.0467571644042	663	230	188	115	130
cen12_arsM_contig_4188_contig_4189	69.1411935953421	687	255	220	109	103
cen12_arsM_contig_4430_contig_4431	61.3707165109034	642	207	187	131	117
cen12_arsM_contig_4950_contig_4951	63.8138138138138	666	222	203	134	107
cen12_arsM_contig_4992_contig_4993	56.5826330532213	714	250	154	131	179
cen12_arsM_contig_5012_contig_5013	58.3673469387755	735	240	189	149	157
cen12_arsM_contig_5158_contig_5159	54.950495049505	606	194	139	121	152
cen12_arsM_contig_5212_contig_5213	64.0804597701149	696	230	216	118	132
cen12_arsM_contig_5380_contig_5381	64.8702594810379	501	126	199	91	85
cen12_arsM_contig_6438_contig_6439	63.9367816091954	696	235	210	121	130
cen12_arsM_contig_6526_contig_6527	66.8686868686869	495	178	153	82	82
cen12_arsM_contig_6792_contig_6793	72.6277372262774	822	327	270	111	114
cen12_arsM_contig_6846_contig_6847	68.6703096539162	549	214	163	78	94
cen12_arsM_contig_6876_contig_6877	61.8217054263566	516	184	135	110	87
cen12_arsM_contig_6996_contig_6997	74.8188405797101	552	220	193	65	74
cen12_arsM_contig_7104_contig_7105	63.4448574969021	807	273	239	145	150
cen12_arsM_contig_7630_contig_7631	60.1010101010101	792	250	226	169	147
cen12_arsM_contig_7890_contig_7891	59.469696969697	792	247	224	172	149
cen12_arsM_contig_8248_contig_8249	62.8899835796388	609	207	176	114	112
cen12_arsM_contig_8486_contig_8487	59.0854392298436	831	265	226	187	153
cen12_arsM_contig_8910_contig_8911	73.9700374531835	534	208	187	65	74
cen12_arsM_contig_9402_contig_9403	63.2478632478633	819	310	208	164	137
cen12_arsM_contig_9800_contig_9801	65.5172413793103	783	217	296	133	137
cen12_arsM_contig_9932_contig_9933	62.8395061728395	810	274	235	167	134
cen12_arsM_contig_10474_contig_10475	56.0945273631841	804	260	191	171	182
cen12_arsM_contig_11134_contig_11135	65.7726692209451	783	219	296	133	135
cen12_arsM_contig_11180_contig_11181	59.7278911564626	735	223	216	147	149
cen12_arsM_contig_11398_contig_11399	59.469696969697	792	246	225	164	157
cen12_arsM_contig_12722_contig_12723	55.2894211576846	501	159	118	112	112
cen12_arsM_contig_12844_contig_12845	55.5555555555556	486	146	124	110	106
cen12_arsM_contig_13194_contig_13195	59.5959595959596	792	246	226	163	157
cen12_arsM_contig_13436_contig_13437	63.7931034482759	522	149	184	96	93
cen12_arsM_contig_13650_contig_13651	57.2139303482587	804	260	200	164	180
cen12_arsM_contig_13676_contig_13677	57.089552238806	804	262	197	165	180
cen12_arsM_contig_13702_contig_13703	64.1921397379913	687	237	204	111	135
cen12_arsM_contig_14068_contig_14069	63.0404463040446	717	217	235	128	137
cen12_arsM_contig_14344_contig_14345	55.6190476190476	525	170	122	116	117
cen12_arsM_contig_14372_contig_14373	59.469696969697	792	243	228	169	152
cen12_arsM_contig_14478_contig_14479	65.7726692209451	783	217	298	131	137
cen12_arsM_contig_14704_contig_14705	60.7929515418502	681	228	186	128	139
cen12_arsM_contig_15984_contig_15985	64.6766169154229	804	232	288	143	141
cen12_arsM_contig_16862_contig_16863	62.8252788104089	807	272	235	148	152
cen12_arsM_contig_17190_contig_17191	56.4373897707231	567	182	138	122	125
cen12_arsM_contig_17226_contig_17227	57.8358208955224	804	261	204	167	172
cen12_arsM_contig_17322_contig_17323	58.0845771144279	804	262	205	166	171
cen12_arsM_contig_17648_contig_17649	59.4557823129252	735	225	212	145	153
cen12_arsM_contig_18460_contig_18461	56.3829787234043	564	180	138	121	125
cen12_arsM_contig_18728_contig_18729	58.0701754385965	570	176	155	130	109
cen12_arsM_contig_18740_contig_18741	65.2110625909753	687	244	204	108	131
cen12_arsM_contig_18744_contig_18745	61.5120274914089	582	193	165	112	112
cen12_arsM_contig_18948_contig_18949	62.5925925925926	810	273	234	158	145
cen12_arsM_contig_21250_contig_21251	61.6915422885572	603	201	171	117	114
cen12_arsM_contig_21468_contig_21469	64.9425287356322	696	239	213	116	128
cen12_arsM_contig_21548_contig_21549	62.5886524822695	564	213	140	113	98
cen12_arsM_contig_21696_contig_21697	65.5172413793103	783	219	294	135	135
cen12_arsM_contig_21796_contig_21797	63.8888888888889	576	190	178	94	114
cen12_arsM_contig_22352_contig_22353	61.7647058823529	612	208	170	117	117
cen12_arsM_contig_22356_contig_22357	64.919941775837	687	255	191	108	133
cen12_arsM_contig_22612_contig_22613	59.5709570957096	606	199	162	117	128
cen12_arsM_contig_25876_contig_25877	59.1985428051002	549	168	157	114	110
