ID	% GCContent	Total Count	G Count	C Count	A Count	T Count
cen16_arsA_contig_138_contig_139	61.2554112554113	462	141	142	92	87
cen16_arsA_contig_568_contig_569	57.0512820512821	468	132	135	102	99
cen16_arsA_contig_824_contig_825	73.0061349693252	489	178	179	64	68
cen16_arsA_contig_836_contig_837	55.0295857988166	507	153	126	127	101
cen16_arsA_contig_968_contig_969	61.6319444444444	576	189	166	124	97
cen16_arsA_contig_982_contig_983	73.6231884057971	690	276	232	69	113
cen16_arsA_contig_1002_contig_1003	75.9036144578313	498	183	195	45	75
cen16_arsA_contig_1024_contig_1025	69.7089947089947	756	261	266	103	126
cen16_arsA_contig_1332_contig_1333	57.7519379844961	516	155	143	108	110
cen16_arsA_contig_1484_contig_1485	58.3333333333333	456	130	136	93	97
cen16_arsA_contig_1624_contig_1625	68.2539682539683	504	172	172	78	82
cen16_arsA_contig_1708_contig_1709	65.863453815261	498	161	167	79	91
cen16_arsA_contig_1942_contig_1943	69.2307692307692	468	156	168	70	74
cen16_arsA_contig_1948_contig_1949	70.6349206349206	504	187	169	67	81
cen16_arsA_contig_1956_contig_1957	68.7265917602996	534	184	183	81	86
cen16_arsA_contig_2026_contig_2027	69.9588477366255	486	179	161	65	81
cen16_arsA_contig_2044_contig_2045	74.1617357001972	507	193	183	64	67
cen16_arsA_contig_2052_contig_2053	71.0970464135021	474	188	149	62	75
cen16_arsA_contig_2068_contig_2069	69.2307692307692	468	160	164	77	67
cen16_arsA_contig_2128_contig_2129	69.1358024691358	486	160	176	75	75
cen16_arsA_contig_2144_contig_2145	69.4444444444444	504	181	169	73	81
cen16_arsA_contig_2160_contig_2161	69.6581196581197	468	175	151	67	75
cen16_arsA_contig_2338_contig_2339	75.2136752136752	468	187	165	52	64
cen16_arsA_contig_2650_contig_2651	68.8524590163934	549	201	177	92	79
cen16_arsA_contig_2768_contig_2769	57.5581395348837	516	157	140	107	112
cen16_arsA_contig_2838_contig_2839	57.9457364341085	516	160	139	104	113
cen16_arsA_contig_3492_contig_3493	56.3492063492063	504	135	149	117	103
cen16_arsA_contig_3610_contig_3611	68.1576144834931	939	312	328	153	146
cen16_arsA_contig_3792_contig_3793	74.1721854304636	453	170	166	55	62
cen16_arsA_contig_4050_contig_4051	63.1163708086785	507	159	161	95	92
cen16_arsA_contig_4106_contig_4107	69.3548387096774	558	206	181	93	78
cen16_arsA_contig_4158_contig_4159	67.9487179487179	936	296	340	151	149
cen16_arsA_contig_4180_contig_4181	67.0542635658915	516	176	170	92	78
cen16_arsA_contig_4212_contig_4213	67.3036093418259	942	302	332	160	148
cen16_arsA_contig_4236_contig_4237	70.7843137254902	510	178	183	71	78
cen16_arsA_contig_4248_contig_4249	54.8245614035088	456	122	128	118	88
cen16_arsA_contig_4280_contig_4281	67.6300578034682	519	187	164	91	77
cen16_arsA_contig_4298_contig_4299	66.6666666666667	471	159	155	84	73
cen16_arsA_contig_4312_contig_4313	68.7984496124031	516	179	176	87	74
cen16_arsA_contig_4424_contig_4425	66.859344894027	519	180	167	95	77
cen16_arsA_contig_4456_contig_4457	69.5473251028807	486	181	157	77	71
cen16_arsA_contig_4470_contig_4471	50.2008032128514	747	174	201	189	183
cen16_arsA_contig_4478_contig_4479	68.5300207039337	483	161	170	76	76
cen16_arsA_contig_4486_contig_4487	71.7054263565891	516	182	188	67	79
cen16_arsA_contig_4490_contig_4491	68.2080924855491	519	170	184	74	91
cen16_arsA_contig_4514_contig_4515	68.836291913215	507	185	164	74	84
cen16_arsA_contig_4536_contig_4537	58.274231678487	846	231	262	174	179
cen16_arsA_contig_4558_contig_4559	66.6666666666667	504	162	174	87	81
cen16_arsA_contig_4576_contig_4577	53.7806176783813	939	250	255	215	219
cen16_arsA_contig_4598_contig_4599	68.8492063492064	504	163	184	82	75
cen16_arsA_contig_4624_contig_4625	73.6111111111111	504	191	180	62	71
cen16_arsA_contig_4638_contig_4639	70.6349206349206	504	189	167	65	83
cen16_arsA_contig_4652_contig_4653	71.4003944773175	507	188	174	63	82
cen16_arsA_contig_4656_contig_4657	70.1525054466231	459	159	163	71	66
cen16_arsA_contig_4688_contig_4689	71.2031558185404	507	188	173	65	81
cen16_arsA_contig_4702_contig_4703	63.59918200409	489	155	156	89	89
cen16_arsA_contig_4708_contig_4709	69.4290976058932	543	177	200	83	83
cen16_arsA_contig_4732_contig_4733	67.0498084291188	522	172	178	87	85
cen16_arsA_contig_4740_contig_4741	72.8174603174603	504	183	184	70	67
cen16_arsA_contig_5098_contig_5099	51.4348785871965	453	119	114	121	99
cen16_arsA_contig_5340_contig_5341	71.9921104536489	507	185	180	71	71
cen16_arsA_contig_5712_contig_5713	69.8039215686274	510	176	180	79	75
cen16_arsA_contig_5716_contig_5717	55.5555555555556	486	128	142	116	100
cen16_arsA_contig_5724_contig_5725	58.0645161290323	465	140	130	98	97
cen16_arsA_contig_5742_contig_5743	60.0441501103753	453	140	132	92	89
cen16_arsA_contig_5752_contig_5753	69.8924731182796	558	193	197	89	79
cen16_arsA_contig_5754_contig_5755	70.9677419354839	465	164	166	63	72
cen16_arsA_contig_5776_contig_5777	67.7350427350427	468	168	149	83	68
