ID	% GCContent	Total Count	G Count	C Count	A Count	T Count
cen10_arsM_contig_14_contig_15	69.3732193732194	702	256	231	104	111
cen10_arsM_contig_28_contig_29	58.974358974359	546	161	161	107	117
cen10_arsM_contig_276_contig_277	60.7734806629834	543	174	156	103	110
cen10_arsM_contig_498_contig_499	59.774964838256	711	222	203	143	143
cen10_arsM_contig_500_contig_501	67.8451178451178	594	205	198	94	97
cen10_arsM_contig_516_contig_517	66.5311653116531	738	259	232	107	140
cen10_arsM_contig_598_contig_599	65.7355679702048	537	180	173	88	96
cen10_arsM_contig_610_contig_611	66.5317139001349	741	259	234	109	139
cen10_arsM_contig_782_contig_783	72.1985815602837	705	248	261	86	110
cen10_arsM_contig_786_contig_787	58.0565805658057	813	262	210	177	164
cen10_arsM_contig_806_contig_807	68.3035714285714	672	257	202	104	109
cen10_arsM_contig_834_contig_835	70.9366391184573	726	280	235	105	106
cen10_arsM_contig_852_contig_853	57.7352472089314	627	210	152	140	125
cen10_arsM_contig_890_contig_891	69.1860465116279	516	189	168	83	76
cen10_arsM_contig_896_contig_897	69.5238095238095	525	193	172	81	79
cen10_arsM_contig_992_contig_993	57.3208722741433	642	210	158	126	148
cen10_arsM_contig_1626_contig_1627	59.4896331738437	627	205	168	120	134
cen10_arsM_contig_1710_contig_1711	71.1442786069652	603	232	197	78	96
cen10_arsM_contig_1838_contig_1839	59.95115995116	819	263	228	170	158
cen10_arsM_contig_1848_contig_1849	70.1149425287356	522	180	186	83	73
cen10_arsM_contig_2014_contig_2015	58.5537918871252	567	174	158	120	115
cen10_arsM_contig_2018_contig_2019	59.4968553459119	795	245	228	174	148
cen10_arsM_contig_2112_contig_2113	66.2618083670715	741	258	233	110	140
cen10_arsM_contig_2190_contig_2191	70.578231292517	588	216	199	79	94
cen10_arsM_contig_2206_contig_2207	64.8514851485149	606	216	177	93	120
cen10_arsM_contig_2216_contig_2217	65.016501650165	606	216	178	92	120
cen10_arsM_contig_2254_contig_2255	66.1268556005398	741	259	231	111	140
cen10_arsM_contig_2312_contig_2313	71.4285714285714	693	256	239	88	110
cen10_arsM_contig_2354_contig_2355	56.969696969697	495	163	119	112	101
cen10_arsM_contig_2394_contig_2395	60.3535353535354	792	230	248	170	144
cen10_arsM_contig_2416_contig_2417	72.4386724386724	693	258	244	88	103
cen10_arsM_contig_2426_contig_2427	73.3333333333333	720	279	249	85	107
cen10_arsM_contig_2452_contig_2453	67.6528599605523	507	164	179	78	86
cen10_arsM_contig_2500_contig_2501	57.1428571428571	588	192	144	121	131
cen10_arsM_contig_2604_contig_2605	64.5833333333333	720	257	208	122	133
cen10_arsM_contig_2702_contig_2703	75.2525252525252	594	243	204	68	79
cen10_arsM_contig_2716_contig_2717	71.5197956577267	783	268	292	112	111
cen10_arsM_contig_2824_contig_2825	74.331550802139	561	235	182	67	77
cen10_arsM_contig_2834_contig_2835	56.5359477124183	612	154	192	133	133
cen10_arsM_contig_2902_contig_2903	60.989010989011	546	163	170	97	116
cen10_arsM_contig_3090_contig_3091	74.3727598566308	558	233	182	66	77
cen10_arsM_contig_3158_contig_3159	58.9877835951134	573	186	152	117	118
cen10_arsM_contig_3232_contig_3233	58.8972431077694	798	262	208	160	168
cen10_arsM_contig_3288_contig_3289	64.4781144781145	594	202	181	107	104
cen10_arsM_contig_3290_contig_3291	60.077519379845	516	167	143	101	105
cen10_arsM_contig_3358_contig_3359	71.5025906735751	579	219	195	75	90
cen10_arsM_contig_3490_contig_3491	69.9712643678161	696	247	240	105	104
cen10_arsM_contig_3536_contig_3537	67.1212121212121	660	232	211	105	112
cen10_arsM_contig_3558_contig_3559	59.6774193548387	558	166	167	120	105
cen10_arsM_contig_3628_contig_3629	65.3992395437262	789	314	202	140	133
cen10_arsM_contig_3644_contig_3645	49.6570644718793	729	198	164	179	188
cen10_arsM_contig_3856_contig_3857	67.3027989821883	786	274	255	130	127
cen10_arsM_contig_3962_contig_3963	59.8148148148148	540	175	148	112	105
cen10_arsM_contig_5208_contig_5209	67.5824175824176	546	198	171	93	84
cen10_arsM_contig_5266_contig_5267	72.4719101123596	534	198	189	73	74
cen10_arsM_contig_5700_contig_5701	62.1722846441948	801	257	241	158	145
cen10_arsM_contig_5792_contig_5793	67.6300578034682	519	192	159	84	84
cen10_arsM_contig_5896_contig_5897	58.6466165413534	798	261	207	161	169
cen10_arsM_contig_5954_contig_5955	75.5555555555556	585	237	205	64	79
cen10_arsM_contig_6498_contig_6499	63.1578947368421	513	177	147	95	94
cen10_arsM_contig_6552_contig_6553	55.9701492537313	804	257	193	169	185
cen10_arsM_contig_6564_contig_6565	48.0572597137014	489	131	104	125	129
cen10_arsM_contig_6884_contig_6885	57.3394495412844	654	223	152	127	152
cen10_arsM_contig_6954_contig_6955	65.6565656565657	495	180	145	74	96
cen10_arsM_contig_7022_contig_7023	59.6707818930041	729	238	197	141	153
cen10_arsM_contig_7032_contig_7033	60.1694915254237	708	234	192	146	136
cen10_arsM_contig_8098_contig_8099	75.5178907721281	531	217	184	62	68
cen10_arsM_contig_8500_contig_8501	68.4587813620072	558	215	167	76	100
cen10_arsM_contig_9024_contig_9025	59.0511860174782	801	240	233	181	147
cen10_arsM_contig_9352_contig_9353	60.4519774011299	708	236	192	146	134
cen10_arsM_contig_9454_contig_9455	56.2189054726368	804	259	193	167	185
cen10_arsM_contig_9742_contig_9743	65.1438240270728	591	211	174	90	116
cen10_arsM_contig_10454_contig_10455	62.3423423423423	555	184	162	104	105
cen10_arsM_contig_10530_contig_10531	56.2091503267974	612	154	190	133	135
cen10_arsM_contig_10752_contig_10753	68.4959349593496	492	165	172	80	75
cen10_arsM_contig_10912_contig_10913	63.4448574969021	807	273	239	145	150
cen10_arsM_contig_10936_contig_10937	74.9249249249249	666	262	237	77	90
cen10_arsM_contig_11776_contig_11777	62.2222222222222	540	185	151	110	94
cen10_arsM_contig_12248_contig_12249	75.3753753753754	666	265	237	76	88
cen10_arsM_contig_12884_contig_12885	71.6753022452504	579	222	193	74	90
cen10_arsM_contig_13292_contig_13293	57.1895424836601	612	155	195	131	131
cen10_arsM_contig_13374_contig_13375	73.5955056179775	534	207	186	66	75
cen10_arsM_contig_13502_contig_13503	73.9700374531835	534	208	187	65	74
cen10_arsM_contig_14832_contig_14833	55.6213017751479	507	158	124	114	111
cen10_arsM_contig_15894_contig_15895	55.9701492537313	804	261	189	171	183
cen10_arsM_contig_16640_contig_16641	61.4107883817427	723	232	212	136	143
cen10_arsM_contig_17504_contig_17505	62.4074074074074	540	186	151	109	94
cen10_arsM_contig_17934_contig_17935	68.75	672	259	203	102	108
cen10_arsM_contig_18690_contig_18691	57.1895424836601	612	154	196	128	134
cen10_arsM_contig_18716_contig_18717	63.030303030303	495	171	141	91	92
cen10_arsM_contig_18952_contig_18953	56.592039800995	804	263	192	167	182
cen10_arsM_contig_19900_contig_19901	73.6936936936937	555	234	175	66	80
cen10_arsM_contig_19956_contig_19957	63.816604708798	807	274	241	144	148
cen10_arsM_contig_20084_contig_20085	56.4676616915423	804	260	194	167	183
cen10_arsM_contig_20594_contig_20595	58.8972431077694	798	260	210	161	167
cen10_arsM_contig_20654_contig_20655	71.3920817369093	783	269	290	114	110
cen10_arsM_contig_20716_contig_20717	69.1714836223507	519	166	193	83	77
cen10_arsM_contig_20728_contig_20729	57.5129533678756	579	190	143	120	126
cen10_arsM_contig_21024_contig_21025	56.2091503267974	612	151	193	133	135
cen10_arsM_contig_21852_contig_21853	71.7948717948718	546	208	184	71	83
cen10_arsM_contig_23022_contig_23023	58.8308457711443	804	264	209	164	167
cen10_arsM_contig_23044_contig_23045	58.8308457711443	804	263	210	162	169
cen10_arsM_contig_23888_contig_23889	65.4822335025381	591	213	174	87	117
cen10_arsM_contig_24708_contig_24709	57.8294573643411	645	205	168	132	140
cen10_arsM_contig_25160_contig_25161	74.8333333333333	600	234	215	72	79
cen10_arsM_contig_25366_contig_25367	63.6666666666667	600	216	166	106	112
cen10_arsM_contig_25784_contig_25785	65.4822335025381	591	213	174	88	116
cen10_arsM_contig_28414_contig_28415	63.2520325203252	615	205	184	109	117
cen10_arsM_contig_28472_contig_28473	65.8206429780034	591	214	175	86	116
cen10_arsM_contig_28528_contig_28529	58.8832487309645	591	182	166	124	119
cen10_arsM_contig_29154_contig_29155	63.4840871021776	597	214	165	104	114
cen10_arsM_contig_29302_contig_29303	57.089552238806	804	262	197	164	181
cen10_arsM_contig_30530_contig_30531	64.3835616438356	657	239	184	110	124
cen10_arsM_contig_31140_contig_31141	59.0476190476191	735	219	215	153	148
cen10_arsM_contig_33396_contig_33397	62.1138211382114	615	209	173	110	123
cen10_arsM_contig_33990_contig_33991	70.4545454545455	660	222	243	99	96
cen10_arsM_contig_34026_contig_34027	71.2643678160919	783	267	291	113	112
cen10_arsM_contig_34780_contig_34781	64.8054145516074	591	208	175	91	117
