	OTU_001	OTU_002	OTU_003	OTU_004	OTU_005	OTU_006	OTU_007	OTU_008	OTU_009	OTU_010	OTU_011	OTU_012	OTU_013	OTU_014	OTU_015	OTU_016	OTU_017	OTU_018	OTU_019	OTU_020	OTU_021	OTU_022	OTU_023	OTU_024	OTU_025	OTU_026	OTU_027	OTU_028	OTU_029	OTU_030	OTU_031	OTU_032	OTU_033	OTU_034	OTU_035	OTU_036	OTU_037	OTU_038	OTU_039	OTU_040	OTU_041	OTU_042	OTU_043	OTU_044	OTU_045	OTU_046	OTU_047	OTU_048	OTU_049	OTU_050	OTU_051	OTU_052	OTU_053	OTU_054	OTU_055	OTU_056	OTU_057	OTU_058	OTU_059	OTU_060	OTU_061	OTU_062	OTU_063	OTU_064	OTU_065	OTU_066	OTU_067	OTU_068	OTU_069	OTU_070	OTU_071	OTU_072	OTU_073	OTU_074	OTU_075	OTU_076	OTU_077	OTU_078	OTU_079	OTU_080	OTU_081	OTU_082	OTU_083	OTU_084	OTU_085	OTU_086	OTU_087	OTU_088	OTU_089	OTU_090	OTU_091	OTU_092	OTU_093	OTU_094	OTU_095	OTU_096	OTU_097	OTU_098	OTU_099	OTU_100	OTU_101	OTU_102	OTU_103	OTU_104	OTU_105	OTU_106	OTU_107	OTU_108 
Cen17	0	0	0	0	0	0	0	0	0	0	0	0	0	0	0	0	0	0	0	0	0	0	0	0	0	0	0	0	0	0	0	0	0	0	0	0	0	0	0	0	0	0	0	0	0	0	0	0	0	0	0	0	0	0	0	0	0	0	0	0	0	0	0	0	0	0	1	0	0	0	0	0	0	0	0	0	0	0	0	0	0	0	3	0	0	0	0	0	0	0	0	0	0	0	0	0	0	0	0	0	0	0	0	0	0	0	0	0
Cen15	0	0	0	0	0	0	0	0	2	0	2	0	0	0	0	0	0	0	0	0	0	0	3	0	0	0	0	0	0	0	0	0	0	0	0	0	0	0	0	0	0	0	0	0	0	0	0	0	0	0	0	0	0	0	0	0	0	0	0	0	0	0	0	0	0	0	0	0	0	0	0	0	0	0	0	0	0	0	0	0	0	0	0	0	0	0	0	0	0	0	0	0	0	0	0	0	0	0	0	0	0	0	0	0	0	0	0	0
Cen16	0	0	2	0	14	0	0	5	4	0	0	0	0	0	0	0	0	2	0	6	0	29	0	0	0	0	1	0	0	21	2	0	2	0	0	0	0	0	0	0	0	0	0	0	0	1	0	2	2	0	0	0	0	6	0	0	1	0	1	1	0	0	0	1	0	0	0	0	0	0	5	0	0	0	63	1	0	0	0	0	0	0	0	0	0	0	0	1	0	0	23	0	15	0	0	0	0	2	0	0	0	0	0	0	0	4	0	0
Cen04	0	2	0	0	0	0	2	0	0	0	0	0	0	1	0	0	0	0	0	0	0	0	0	0	0	0	0	0	0	0	0	0	0	0	0	0	0	0	0	0	0	0	0	0	0	0	0	0	0	0	0	0	0	0	0	0	0	0	0	0	0	0	0	0	0	0	0	0	0	0	0	1	0	0	0	0	0	0	0	0	0	0	0	0	0	0	0	0	0	0	0	0	0	0	0	0	0	0	0	0	0	0	0	0	0	0	0	0
Cen05	0	0	0	1	0	0	0	0	0	2	0	2	0	0	0	0	0	0	0	0	0	0	0	0	0	0	0	0	0	0	0	0	0	0	0	0	0	0	0	0	0	0	0	0	0	0	0	0	0	0	2	0	0	0	0	0	0	0	0	0	0	0	0	0	0	0	0	0	0	0	0	0	2	0	0	0	0	0	0	1	0	0	0	0	0	0	0	0	0	0	0	0	0	0	0	0	0	0	0	0	0	0	0	0	0	0	0	0
Cen07	2	0	0	0	0	0	0	0	0	0	0	0	0	0	0	0	0	3	1	1	0	0	0	0	1	0	0	1	1	0	0	0	0	1	2	0	1	1	0	1	1	1	0	1	1	0	0	0	0	0	0	1	1	0	0	0	0	1	0	0	1	0	0	0	2	1	0	0	0	0	0	0	0	0	0	0	0	5	1	0	0	0	0	1	0	1	1	0	1	1	0	0	0	1	2	0	1	0	1	0	0	0	0	2	1	0	4	3
Cen01	0	0	0	0	1	0	0	0	0	0	0	0	2	1	0	0	2	0	0	0	0	0	0	0	0	4	0	0	0	0	0	1	0	0	0	1	0	0	2	0	0	0	0	0	0	0	1	0	0	0	0	0	0	0	0	5	0	0	0	0	0	0	0	0	0	0	0	0	5	0	0	0	0	2	0	0	0	0	0	0	0	0	0	0	0	0	0	0	0	0	0	3	0	0	0	0	0	0	0	0	0	0	0	0	0	0	0	0
Cen10	0	0	0	0	0	0	0	0	6	0	1	0	0	0	2	8	0	0	0	0	0	0	0	0	0	0	0	0	0	0	0	0	0	0	0	0	0	0	0	0	0	0	1	0	0	0	0	0	0	0	0	0	0	0	0	0	0	0	0	0	0	0	0	0	0	0	0	0	0	1	0	0	0	0	0	0	6	0	0	0	3	1	0	0	0	0	0	0	0	0	0	0	0	0	0	0	0	0	0	0	0	0	0	0	0	0	0	0
Cen03	5	0	0	0	0	0	0	0	0	0	2	0	0	0	0	0	0	0	0	0	5	0	0	0	0	0	0	0	0	0	0	0	0	0	0	0	0	0	0	0	0	0	0	0	0	0	0	0	0	0	0	0	0	0	0	0	0	0	0	0	0	5	0	0	0	0	0	0	0	0	0	0	0	0	0	0	0	0	0	0	0	0	0	0	0	0	0	0	0	0	0	0	0	0	0	0	0	0	0	5	1	2	0	0	0	0	0	0
Cen14	0	0	0	0	0	4	0	0	0	0	0	0	0	0	2	0	0	0	0	0	0	0	7	0	0	0	0	0	0	0	0	0	0	0	0	0	0	0	0	0	0	0	0	0	0	0	0	0	0	0	0	0	0	0	0	0	0	0	0	0	0	0	1	0	0	0	0	0	0	0	0	0	0	0	0	0	0	0	0	0	0	0	0	0	1	0	0	0	0	0	0	0	0	0	0	0	0	0	0	0	0	0	0	0	0	0	0	0
Cen12	0	0	0	0	0	0	0	0	0	0	4	0	0	0	0	0	0	0	0	0	0	0	0	0	0	0	0	0	0	0	0	0	0	0	0	0	0	0	0	0	0	0	0	0	0	0	0	0	0	4	0	0	0	0	0	0	0	0	0	0	0	0	0	0	0	0	0	0	0	0	0	0	0	0	0	0	0	0	0	0	0	0	0	0	0	0	0	0	0	0	0	0	0	0	0	0	0	0	0	0	0	0	14	0	0	0	0	0
