Name	"node.degree"	"node.betw"	"node.stress"	"node.evcent"	"Clustering.Coefficient"	No. module	Zi	Pi
acr3_002	78	2997.83294290236	49473	0.0448532002680087	0.152514152514153	0	3.55886403397034	0.0986193293885601
acr3_003	6	11.291782166232	322	0.00611606454220411	0.466666666666667	0	-0.621442062806102	0
acr3_006	4	0	0	0.0030806086672841	1	0	-0.744392242123057	0
acr3_010	6	11.1538735210418	208	0.0109403521111369	0.4	0	-0.805867331781534	0.5
acr3_017	5	2.8830024055614	68	0.0123389036021205	0.9	1	-1.19516167414991	0.72
acr3_018	32	524.933403950549	7183	0.033054562651287	0.243951612903226	0	-0.252591524855239	0.701171875
acr3_020	16	4.31707999882884	167	0.0294544242917649	0.766666666666667	2	-1.21559283322517	0.6171875
acr3_022	51	1450.77407181747	23746	0.0596687923308891	0.271372549019608	0	0.608059730363441	0.605920799692426
acr3_023	6	13.1715207375635	282	0.012339981366107	0.533333333333333	1	-1.00359269767134	0.444444444444444
acr3_024	55	2502.0977480262	36390	0.0700498029867562	0.197306397306397	0	0.669534820021918	0.672396694214876
acr3_027	35	2070.40539204834	23263	0.0130939341306792	0.243697478991597	0	1.16133553728973	0
acr3_029	2	0	0	0.00140172556556869	1	0	-0.867342421440011	0
acr3_031	51	242.013392038272	9086	0.109515240934149	0.468235294117647	2	-0.675935028340452	0.675124951941561
acr3_033	11	1.53397622879044	54	0.00369662675212812	0.909090909090909	0	-0.314066614513717	0
acr3_036	25	339.529270849972	3842	0.0127093031988397	0.393333333333333	0	0.546584640704963	0
acr3_041	8	1.42325448641214	64	0.0039658428594796	0.928571428571429	0	-0.498491883489148	0
acr3_045	32	271.446356160618	5959	0.018684529799155	0.397177419354839	0	0.976910268314304	0
acr3_047	66	1823.76752247158	30441	0.123420107477673	0.291841491841492	1	0.241605649439396	0.726813590449954
acr3_048	86	4668.50377718894	66543	0.104341071130638	0.159507523939808	0	1.09986044763126	0.682531097890752
acr3_051	29	31.4961881615179	1832	0.0665415328243353	0.741379310344828	3	0.822379991989169	0.190249702734839
acr3_053	48	1239.351430928	15368	0.0222326748517332	0.205673758865248	0	1.89903661319146	0.0407986111111112
acr3_060	3	0	0	0.000982512305431686	1	0	-0.867342421440011	0.444444444444444
acr3_064	7	504.024104159867	4359	0.00192861861388736	0.666666666666667	0	-0.559966973147625	0
acr3_065	41	102.004684820356	4663	0.0776757691489954	0.551219512195122	2	1.48269619119841	0.135633551457466
acr3_070	4	0.908707117950648	31	0.00260018190064607	0.833333333333333	0	-0.744392242123057	0
acr3_073	11	5.10192113279036	189	0.0162948423770547	0.763636363636364	3	-0.973354229324494	0.528925619834711
acr3_078	36	204.189326972601	6473	0.0640713123064026	0.407936507936508	3	0.255306027363802	0.612654320987654
acr3_090	31	403.230453340429	5425	0.0488749991939247	0.486021505376344	1	-0.0457478152784655	0.609781477627471
acr3_094	39	173.668198482395	3740	0.0824720326846184	0.443994601889339	3	0.349818354801363	0.598290598290598
acr3_101	35	443.534190774993	7799	0.0566346270298486	0.381512605042017	2	-0.855820963302024	0.702040816326531
acr3_104	21	2.46970161654513	157	0.0394560253121883	0.914285714285714	1	0.0500366729608217	0.430839002267574
acr3_105	13	7.17735092891951	198	0.0288092719968884	0.666666666666667	2	-1.21559283322517	0.544378698224852
acr3_106	16	170.448982882573	3383	0.0165857594685993	0.366666666666667	0	-0.129641345538285	0.21875
acr3_108	14	5.59088694911171	242	0.0117703335885011	0.857142857142857	0	-0.129641345538285	0
acr3_109	3	0	0	0.0011536738529567	1	0	-0.805867331781534	0
acr3_112	32	271.446356160618	5959	0.018684529799155	0.397177419354839	0	0.976910268314304	0
acr3_114	14	5.59088694911171	242	0.0117703335885011	0.857142857142857	0	-0.129641345538285	0
acr3_115	26	9.94326388900441	682	0.0694880520851794	0.806153846153846	3	-0.595304919574249	0.636094674556213
acr3_118	11	3.59648984679896	262	0.02692547602833	0.745454545454545	3	-1.06786655676206	0.56198347107438
acr3_119	28	2.68788993027644	185	0.0549264134786659	0.912698412698413	2	0.583266516390551	0
acr3_120	30	337.054165701979	6018	0.0492152949582724	0.377011494252874	1	-0.333101279996327	0.708888888888889
acr3_127	49	500.221808255205	10684	0.0835027499032645	0.384353741496599	3	1.38945395661454	0.523115368596418
acr3_132	19	6.38728486988678	410	0.0320353082756897	0.906432748538012	3	-0.406280264699127	0.476454293628809
acr3_140	6	0	0	0.00123763382412235	1	0	-0.621442062806102	0
acr3_143	31	120.710735540011	3183	0.0548491649005678	0.488172043010753	3	0.349818354801363	0.505723204994797
acr3_144	39	556.84257947024	6113	0.0159575921106578	0.327935222672065	0	1.40723589592364	0
acr3_152	37	131.341097046367	3358	0.0727175637014217	0.509009009009009	3	0.538843009676485	0.552227903579255
acr3_157	6	0	0	0.01483793619375	1	3	-1.35140353907474	0.611111111111111
acr3_160	69	575.241420435938	14913	0.116990415439104	0.312446717817562	1	2.15729541422514	0.598613736609956
acr3_166	29	31.4961881615179	1832	0.0665415328243353	0.741379310344828	3	0.822379991989169	0.190249702734839
acr3_167	21	2.46970161654513	157	0.0394560253121883	0.914285714285714	1	0.0500366729608217	0.430839002267574
acr3_178	6	2.26501008452865	91	0.00588573908657743	0.733333333333333	0	-0.621442062806102	0
acr3_181	17	11.0220840057934	496	0.030760204762894	0.757352941176471	2	-1.0357068982636	0.525951557093426
acr3_191	12	20.8420272314657	815	0.00893916264822718	0.742424242424242	0	-0.252591524855239	0
acr3_192	2	0	0	0.00033135719137522	1	0	-0.867342421440011	0
acr3_197	7	0.845911210177902	37	0.0193017973368613	0.761904761904762	2	-1.48542173566753	0.408163265306122
acr3_210	5	1.51813352872438	59	0.00396555860839449	0.6	0	-0.68291715246458	0
acr3_212	19	6.38728486988678	410	0.0320353082756897	0.906432748538012	3	-0.406280264699127	0.476454293628809
acr3_226	9	1.92964033763261	66	0.00485280764411319	0.944444444444444	0	-0.437016793830671	0
acr3_230	10	5.05673033287688	182	0.00352986157514394	0.888888888888889	0	-0.375541704172194	0
acr3_238	22	9.14898418405407	431	0.0430657736577489	0.878787878787879	2	-0.406106125898094	0.367768595041322
acr3_244	6	0	0	0.00123763382412235	1	0	-0.621442062806102	0
acr3_245	26	9.94326388900441	682	0.0694880520851794	0.806153846153846	3	-0.595304919574249	0.636094674556213
acr3_403	26	9.94326388900441	682	0.0694880520851794	0.806153846153846	3	-0.595304919574249	0.636094674556213
aioA_04	44	1083.73296119961	12077	0.0246313611342535	0.227272727272727	0	1.71461134421603	0
aioA_20	3	1.04285714285714	8	0.000663008455322039	0.666666666666667	0	-0.805867331781534	0
arsA_001	44	805.264830843025	8766	0.0159268367020234	0.285412262156448	0	1.71461134421603	0
arsA_003	9	107.411553424495	1110	0.0151891673051018	0.444444444444444	3	-1.25689121163718	0.666666666666667
arsA_006	51	242.013392038272	9086	0.109515240934149	0.468235294117647	2	-0.675935028340452	0.675124951941561
arsA_010	66	614.372978576878	13485	0.116354651899249	0.307692307692308	3	1.29494162917697	0.629935720844812
arsA_014	59	1138.2673585913	19626	0.0865658077335031	0.239041496201052	3	1.01140464686429	0.656133295030164
arsA_015	14	18.5776587313039	356	0.0246138353543735	0.615384615384615	3	-0.784329574449371	0.520408163265306
arsA_020	48	179.36519457731	5953	0.0871755847160071	0.440602836879433	3	0.444330682238924	0.556423611111111
arsA_021	41	102.004684820356	4663	0.0776757691489954	0.551219512195122	2	1.48269619119841	0.135633551457466
arsA_022	28	2.68788993027644	185	0.0549264134786659	0.912698412698413	2	0.583266516390551	0
arsA_023	22	9.14898418405407	431	0.0430657736577489	0.878787878787879	2	-0.406106125898094	0.367768595041322
arsA_024	21	2.46970161654513	157	0.0394560253121883	0.914285714285714	1	0.0500366729608217	0.430839002267574
arsA_027	6	6.34633515577007	145	0.0111197157795937	0.8	0	-0.744392242123057	0.5
arsA_028	11	7.25858821080998	334	0.0177123817520693	0.763636363636364	0	-0.437016793830671	0.297520661157025
arsA_033	1	0	0	0.000899948825137303	0	0	-0.928817511098488	0
arsA_034	20	693.043914455507	6853	0.0312123692773244	0.726315789473684	3	-0.406280264699127	0.505
arsA_045	41	102.004684820356	4663	0.0776757691489954	0.551219512195122	2	1.48269619119841	0.135633551457466
arsA_051	22	8.55917932638181	541	0.057882895964147	0.766233766233766	3	-0.406280264699127	0.516528925619835
arsA_057	50	253.159647056277	7227	0.0951844871041378	0.389387755102041	2	0.313437613948193	0.6088
arsA_061	20	11.9033382756834	486	0.0418662955661902	0.794736842105263	3	-0.311767937261566	0.46
arsC_glut_007	11	7.25858821080998	334	0.0177123817520693	0.763636363636364	0	-0.437016793830671	0.297520661157025
arsC_glut_009	23	112.185061733067	1860	0.0151277651638067	0.411067193675889	0	0.362159371729532	0.0831758034026464
arsC_glut_010	26	9.94326388900441	682	0.0694880520851794	0.806153846153846	3	-0.595304919574249	0.636094674556213
arsC_glut_013	9	7.90795913149254	310	0.00905969491915501	0.75	0	-0.498491883489148	0.197530864197531
arsC_glut_014	9	17.3065869693295	441	0.0219947942056971	0.694444444444444	3	-1.16237888419962	0.617283950617284
arsC_glut_015	12	20.8420272314657	815	0.00893916264822718	0.742424242424242	0	-0.252591524855239	0
arsC_glut_019	5	8.43619094939521	168	0.00513067555391997	0.6	0	-0.68291715246458	0
arsC_glut_020	20	8.41076434705794	375	0.0127689945334019	0.863157894736842	0	0.239209192412578	0
arsC_glut_035	11	7.2504414290491	242	0.00991244163719781	0.8	0	-0.314066614513717	0
arsC_glut_037	2	4.26414811054165	78	0.00269710520104697	0	0	-0.867342421440011	0
arsC_glut_039	16	4.31871545442263	168	0.00822612397256409	0.816666666666667	0	-0.00669116622133085	0
arsC_glut_045	28	11.6663816417045	550	0.0589504865319807	0.846560846560847	1	0.624743602396545	0.39030612244898
arsC_glut_046	10	5.05673033287688	182	0.00352986157514394	0.888888888888889	0	-0.375541704172194	0
arsC_glut_050	41	154.920108325525	3118	0.0824058497795238	0.489024390243902	2	0.223494646467407	0.522308149910767
arsC_glut_053	2	0	0	0.00346864842867919	1	0	-0.928817511098488	0.5
arsC_glut_054	4	3.06582395575936	76	0.0019638685948069	0.5	0	-0.744392242123057	0
arsC_glut_055	39	613.983319468436	8821	0.0509010973570977	0.278002699055331	1	-0.23731679175704	0.720578566732413
arsC_glut_060	30	345.591106920392	6347	0.0529418059560413	0.383908045977012	1	-0.524670256474902	0.72
arsC_glut_064	3	1.28326499727487	93	0.0076669406079053	0	0	-0.805867331781534	0
arsC_glut_065	13	1.80580199921868	80	0.00663911007761081	0.884615384615385	0	-0.191116435196762	0
arsC_glut_066	40	404.294060773648	8321	0.0639224605291219	0.353846153846154	3	0.633355337114046	0.57375
arsC_glut_072	6	4.9928913183329	108	0.00731253918109807	0.733333333333333	0	-0.621442062806102	0
arsC_glut_075	16	54.5657674907998	1194	0.0142507551596872	0.491666666666667	0	-0.00669116622133085	0
arsC_glut_081	2	2.08066275987424	106	0.00327544421125024	0	0	-0.867342421440011	0
arsC_glut_085	10	5.05673033287688	182	0.00352986157514394	0.888888888888889	0	-0.375541704172194	0
arsC_glut_094	57	884.062161232655	16682	0.116682666111852	0.359022556390977	3	1.29494162917697	0.627269929208987
arsC_glut_098	30	528.445527856427	7476	0.0142306139271623	0.319540229885057	0	0.853960088997349	0
arsC_glut_126	20	8.41076434705794	375	0.0127689945334019	0.863157894736842	0	0.239209192412578	0
arsC_glut_135	19	6.81548435254276	267	0.00837325236863925	0.906432748538012	0	0.177734102754101	0
arsC_glut_137	33	308.18567359154	4539	0.0268147464926233	0.386363636363636	0	0.976910268314304	0.0587695133149677
arsC_glut_139	126	12367.4945326239	133501	0.125995909242492	0.0961269841269841	0	3.00558822704405	0.648904006046863
arsC_glut_140	6	1.4653150246256	50	0.00635152414370509	0.866666666666667	0	-0.68291715246458	0.277777777777778
arsC_glut_154	7	8.71390500428557	211	0.00291098789565128	0.714285714285714	0	-0.559966973147625	0
arsC_glut_157	4	8.89580022511178	261	0.00468868198580858	0.333333333333333	0	-0.744392242123057	0
arsC_glut_180	12	5.26196002505255	207	0.00673095246543426	0.787878787878788	0	-0.252591524855239	0
arsC_glut_185	72	1707.38188748291	23650	0.10712533058169	0.237871674491393	3	1.76750326636478	0.600694444444444
arsC_glut_214	2	0	0	0.000667541129639072	1	0	-0.867342421440011	0
arsC_glut_224	2	7.15404204971706	376	0.00247615672739681	0	0	-0.867342421440011	0
arsC_glut_397	6	1.4653150246256	50	0.00635152414370509	0.866666666666667	0	-0.68291715246458	0.277777777777778
arsC_thio_02	9	7.90795913149254	310	0.00905969491915501	0.75	0	-0.498491883489148	0.197530864197531
arsC_thio_05	2	0	0	0.00171926818403741	1	1	-1.19516167414991	0
arsC_thio_06	28	390.339988899517	6948	0.0325772641642785	0.296296296296296	0	0.485109551046486	0.252551020408163
arsC_thio_08	12	3.86371315411516	198	0.0130762346778604	0.878787878787879	0	-0.252591524855239	0
arsC_thio_10	5	12.7752007117954	235	0.00442318845947519	0.4	0	-0.68291715246458	0
arsC_thio_14	2	0.975595310440178	33	0.00433602807567015	0	0	-0.928817511098488	0.5
arsD_01	11	5.72730200682216	167	0.00617266647917288	0.727272727272727	0	-0.314066614513717	0
arsD_06	3	1.33981747899109	33	0.00262459914176487	0.333333333333333	0	-0.805867331781534	0
arsD_09	17	15.7931112465169	616	0.0326865557225053	0.742647058823529	1	-0.620454744714189	0.685121107266436
arsD_11	28	2.68788993027644	185	0.0549264134786659	0.912698412698413	2	0.583266516390551	0
arsM_001	28	11.6663816417045	550	0.0589504865319807	0.846560846560847	1	0.624743602396545	0.39030612244898
arsM_006	8	4.62534576069732	224	0.0072366236058437	0.821428571428571	0	-0.498491883489148	0
arsM_009	48	179.36519457731	5953	0.0871755847160071	0.440602836879433	3	0.444330682238924	0.556423611111111
arsM_015	28	2.68788993027644	185	0.0549264134786659	0.912698412698413	2	0.583266516390551	0
arsM_018	29	280.182859989259	6672	0.0367658750040678	0.379310344827586	0	0.423634461388009	0.354340071343638
arsM_019	6	2.02410415986705	68	0.00192747203802321	0.933333333333333	0	-0.621442062806102	0
arsM_023	84	3931.01673385851	53898	0.12883436577277	0.197934595524957	3	2.05104024867746	0.651077097505669
arsM_026	18	4.85900385677169	350	0.0387497231418785	0.816993464052288	1	-0.620454744714189	0.592592592592593
arsM_029	1	0	0	0.000770370099780875	0	0	-0.990292600756965	0
arsM_034	26	184.502164800229	3576	0.0194619399882953	0.424615384615385	0	0.608059730363441	0
arsM_042	12	234.737939309402	2661	0.00915579840122601	0.424242424242424	0	-0.252591524855239	0
arsM_047	39	220.712254517743	8221	0.0832930963863568	0.527665317139001	3	0.91689231942673	0.479947403024326
arsM_050	7	4.40242906966954	75	0.00498766960937666	0.857142857142857	0	-0.559966973147625	0
arsM_059	64	673.337337434499	13633	0.0917896993057593	0.270337301587302	1	2.73200234366086	0.49755859375
arsM_060	41	102.004684820356	4663	0.0776757691489954	0.551219512195122	2	1.48269619119841	0.135633551457466
arsM_063	20	11.9033382756834	486	0.0418662955661902	0.794736842105263	3	-0.311767937261566	0.46
arsM_067	14	0.873855255145522	45	0.00608690364827118	0.945054945054945	0	-0.129641345538285	0
arsM_072	39	371.183809421785	7459	0.0579363643958743	0.365721997300945	3	0.444330682238924	0.589086127547666
arsM_073	40	618.567309214209	10153	0.0679643363643594	0.347435897435897	3	0.255306027363802	0.64875
arsM_074	15	19.1788128491444	419	0.034945020640427	0.6	3	-1.16237888419962	0.586666666666667
arsM_076	8	45.2069007386223	1026	0.00831591994222656	0.535714285714286	0	-0.498491883489148	0
arsM_101	78	2125.86745667027	32014	0.116490526589023	0.219114219114219	3	1.57847861148966	0.692965154503616
arsM_109	60	1349.80660964073	17659	0.0341529698482614	0.227683615819209	0	2.57526259943471	0.0649999999999999
arsM_110	6	2.02410415986705	68	0.00192747203802321	0.933333333333333	0	-0.621442062806102	0
arsM_113	5	37.9398679897141	704	0.00398101877056606	0.4	0	-0.68291715246458	0
arsM_118	46	640.626779268713	9719	0.0237653110141729	0.342028985507246	0	1.83756152353298	0
arsM_120	38	677.53404012152	11896	0.0618461818326131	0.369843527738265	2	-0.765877995821238	0.677285318559557
arsM_123	21	2.46970161654513	157	0.0394560253121883	0.914285714285714	1	0.0500366729608217	0.430839002267574
arsM_127	19	6.38728486988678	410	0.0320353082756897	0.906432748538012	3	-0.406280264699127	0.476454293628809
arsM_128	15	10.6660103940254	515	0.023236380273608	0.8	2	-1.39547876818674	0.693333333333333
arsM_130	19	6.81548435254276	267	0.00837325236863925	0.906432748538012	0	0.177734102754101	0
arsM_141	28	2.68788993027644	185	0.0549264134786659	0.912698412698413	2	0.583266516390551	0
arsM_148	12	6.58642775620024	331	0.0220946090530519	0.696969696969697	1	-0.907808209432051	0.652777777777778
arsM_153	11	1.53397622879044	54	0.00369662675212812	0.909090909090909	0	-0.314066614513717	0
arsM_164	13	1.80580199921868	80	0.00663911007761081	0.884615384615385	0	-0.191116435196762	0
arsM_168	9	1.92964033763261	66	0.00485280764411319	0.944444444444444	0	-0.437016793830671	0
arsM_177	14	5.59088694911171	242	0.0117703335885011	0.857142857142857	0	-0.129641345538285	0
arsM_182	49	500.221808255205	10684	0.0835027499032645	0.384353741496599	3	1.38945395661454	0.523115368596418
arsM_187	15	19.1788128491444	419	0.034945020640427	0.6	3	-1.16237888419962	0.586666666666667
arsM_188	41	165.953774546015	4611	0.0838362746782285	0.471951219512195	1	0.0500366729608217	0.665080309339679
arsM_189	79	1286.22422639662	24065	0.137160492654659	0.252190847127556	2	0.583266516390551	0.671687229610639
arsM_193	18	19.707160419792	679	0.0422034602835967	0.627450980392157	1	-0.620454744714189	0.623456790123457
arsM_194	22	9.14898418405407	431	0.0430657736577489	0.878787878787879	2	-0.406106125898094	0.367768595041322
arsM_198	37	202.168680174495	4967	0.0614810066172127	0.460960960960961	1	0.720528090635832	0.572680788897005
arsM_201	37	257.847072710403	5676	0.0585677558851465	0.465465465465465	1	1.10366604359298	0.467494521548576
arsM_208	28	2.68788993027644	185	0.0549264134786659	0.912698412698413	2	0.583266516390551	0
arsM_220	8	1.42325448641214	64	0.0039658428594796	0.928571428571429	0	-0.498491883489148	0
arsM_225	15	59.2426307122541	2268	0.0355178050526915	0.419047619047619	3	-1.06786655676206	0.711111111111111
arsM_233	7	5.44604794765015	137	0.0105486518061707	0.666666666666667	0	-0.621442062806102	0.244897959183674
arsM_241	21	2.46970161654513	157	0.0394560253121883	0.914285714285714	1	0.0500366729608217	0.430839002267574
arsM_250	5	3.67852215391543	57	0.00215572136159496	0.8	0	-0.68291715246458	0
arsM_255	19	6.81548435254276	267	0.00837325236863925	0.906432748538012	0	0.177734102754101	0
arsM_262	54	1125.11593256624	20882	0.0975204017697568	0.388539482879106	2	1.84246806112155	0.364197530864197
arsM_266	20	11.9033382756834	486	0.0418662955661902	0.794736842105263	3	-0.311767937261566	0.46
arsM_267	8	1.42325448641214	64	0.0039658428594796	0.928571428571429	0	-0.498491883489148	0
arsM_275	47	454.883748787996	7666	0.0854682466492186	0.461609620721554	3	1.4839662840521	0.47351742870077
arsM_288	3	1.7581715589234	49	0.00133272230237241	0.666666666666667	0	-0.805867331781534	0
arsM_289	29	31.4961881615179	1832	0.0665415328243353	0.741379310344828	3	0.822379991989169	0.190249702734839
arsM_296	59	1481.64921797702	28834	0.0355856932284144	0.223845704266511	0	2.57526259943471	0.0333237575409364
arsM_335	8	1.8859330179555	59	0.010456393617141	0.928571428571429	0	-0.805867331781534	0.65625
arsM_343	15	10.6660103940254	515	0.023236380273608	0.8	2	-1.39547876818674	0.693333333333333
arsM_372	32	449.337322965781	4973	0.0597486584291987	0.727822580645161	2	0.583266516390551	0.224609375
arsM_387	48	179.36519457731	5953	0.0871755847160071	0.440602836879433	3	0.444330682238924	0.556423611111111
arsM_389	19	111.359069584751	1280	0.00728243646474823	0.766081871345029	0	0.177734102754101	0
arsM_409	13	144.219098463582	1946	0.0086862220226826	0.397435897435897	0	-0.191116435196762	0
arsM_433	8	1.10931024520332	44	0.0106834232439449	0.857142857142857	2	-1.6653076706291	0.6875
arsM_455	6	4.9833626047122	272	0.00738058273007096	0.533333333333333	0	-0.621442062806102	0
arsM_465	45	1474.39718894962	28319	0.0679387227808135	0.308080808080808	1	-0.0457478152784655	0.659753086419753
arsM_535	11	3.59648984679896	262	0.02692547602833	0.745454545454545	3	-1.06786655676206	0.56198347107438
arsM_595	2	1.11132914704343	28	0.00290694965083027	0	3	-1.4459158665123	0
ClassA_04	14	90.7599316511529	1835	0.0187215471791342	0.307692307692308	0	-0.68291715246458	0.612244897959184
ClassA_05	30	41.4663978632008	1179	0.0613478427850116	0.758620689655172	1	0.81631257887512	0.371111111111111
ClassA_09	8	3.39004197302388	112	0.00505461714694617	0.75	0	-0.498491883489148	0
ClassA_10	12	5.26196002505255	207	0.00673095246543426	0.787878787878788	0	-0.252591524855239	0
ClassA_13	4	0	0	0.00318464342992249	1	0	-0.744392242123057	0
ClassB_001	20	8.41076434705794	375	0.0127689945334019	0.863157894736842	0	0.239209192412578	0
ClassB_003	51	1245.41391011605	21745	0.0335543899503897	0.267450980392157	0	2.08346188216689	0.0384467512495195
ClassB_004	10	10.4064876922871	326	0.00827505321928367	0.711111111111111	0	-0.375541704172194	0
ClassB_023	22	9.14898418405407	431	0.0430657736577489	0.878787878787879	2	-0.406106125898094	0.367768595041322
ClassC_01	18	4.85900385677169	350	0.0387497231418785	0.816993464052288	1	-0.620454744714189	0.592592592592593
ClassC_04	10	10.9796569564273	522	0.0118145112831195	0.755555555555556	0	-0.375541704172194	0
dfra12_002	11	10.474653789558	482	0.0152281632783552	0.781818181818182	0	-0.375541704172194	0.165289256198347
dfra12_003	20	11.9033382756834	486	0.0418662955661902	0.794736842105263	3	-0.311767937261566	0.46
dfra12_006	8	1.8859330179555	59	0.010456393617141	0.928571428571429	0	-0.805867331781534	0.65625
dfra12_012	20	149.421070830963	2602	0.026632878647122	0.442105263157895	0	-0.00669116622133085	0.335
dfra12_017	2	0	0	0.00033135719137522	1	0	-0.867342421440011	0
dfra12_019	8	11.3143947100427	260	0.00465278376741089	0.5	0	-0.498491883489148	0
dfra12_023	6	4.16999632387998	80	0.00709171155775061	0.533333333333333	0	-0.68291715246458	0.277777777777778
dfra12_024	12	13.4744001253686	406	0.00884667951166166	0.696969696969697	0	-0.252591524855239	0
dfra12_025	20	8.41076434705794	375	0.0127689945334019	0.863157894736842	0	0.239209192412578	0
dfra12_038	81	2553.57117378778	41987	0.046686007377667	0.164197530864198	0	3.74328930294578	0.0951074531321445
dfra12_041	22	140.312407612973	2744	0.0285718345643707	0.393939393939394	3	-0.68981724701181	0.615702479338843
dfra12_046	38	258.231015756628	3617	0.0177193359773571	0.37126600284495	0	1.34576080626517	0
dfra12_050	8	41.0096393411765	529	0.00611028869188689	0.607142857142857	0	-0.498491883489148	0
dfra12_053	19	6.81548435254276	267	0.00837325236863925	0.906432748538012	0	0.177734102754101	0
dfra12_058	39	415.738498287606	8524	0.0212627698098823	0.375168690958165	0	1.40723589592364	0
dfra12_060	10	7.41918968384307	238	0.00972716225172307	0.644444444444444	0	-0.375541704172194	0
dfra12_063	11	1.53397622879044	54	0.00369662675212812	0.909090909090909	0	-0.314066614513717	0
dfra12_067	6	0.342854806872404	11	0.0105264343059664	0.866666666666667	0	-0.805867331781534	0.5
dfra12_068	3	0	0	0.00106773941135461	1	0	-0.805867331781534	0
dfra12_073	18	553.518852341962	4436	0.0119386613516713	0.359477124183007	0	0.0547839234371463	0.104938271604938
dfra12_074	33	501.482633805546	6451	0.0156341838903772	0.299242424242424	0	1.03838535797278	0
dfra12_076	48	793.471739540245	13130	0.0228796544230618	0.24468085106383	0	1.96051170284994	0
dfra12_079	6	0.65109403790937	42	0.0142600687140737	0.666666666666667	3	-1.35140353907474	0.611111111111111
dfra12_081	32	212.620060866985	2691	0.0647894360483055	0.689516129032258	1	0.720528090635832	0.482421875
dfra12_084	4	0.534315784160985	16	0.00626141435399871	0.833333333333333	0	-0.867342421440011	0.625
dfra12_088	1	0	0	4.76013243834205e-05	0	0	-0.928817511098488	0
dfra12_108	19	6.81548435254276	267	0.00837325236863925	0.906432748538012	0	0.177734102754101	0
dfra12_109	28	2.68788993027644	185	0.0549264134786659	0.912698412698413	2	0.583266516390551	0
dfra12_111	12	5.26196002505255	207	0.00673095246543426	0.787878787878788	0	-0.252591524855239	0
dfra12_123	28	11.6663816417045	550	0.0589504865319807	0.846560846560847	1	0.624743602396545	0.39030612244898
dfra12_129	22	8.55917932638181	541	0.057882895964147	0.766233766233766	3	-0.406280264699127	0.516528925619835
dfra12_131	6	0.515596762174044	38	0.0128406152928311	0.866666666666667	3	-1.25689121163718	0.5
dfra12_136	8	4.62534576069732	224	0.0072366236058437	0.821428571428571	0	-0.498491883489148	0
intI_003	25	1710.42214161549	16214	0.0378425132282678	0.523333333333333	3	-0.311767937261566	0.5952
intI_006	17	11.0220840057934	496	0.030760204762894	0.757352941176471	2	-1.0357068982636	0.525951557093426
intI_012	22	9.14898418405407	431	0.0430657736577489	0.878787878787879	2	-0.406106125898094	0.367768595041322
intI_015	33	254.967045993486	4335	0.0196420013244918	0.435606060606061	0	1.03838535797278	0
intI_016	3	0	0	0.0054130277848072	1	1	-1.2909461623892	0.444444444444444
intI_021	19	6.38728486988678	410	0.0320353082756897	0.906432748538012	3	-0.406280264699127	0.476454293628809
intI_023	21	2.46970161654513	157	0.0394560253121883	0.914285714285714	1	0.0500366729608217	0.430839002267574
intI_027	3	0	0	0.000982512305431686	1	0	-0.867342421440011	0.444444444444444
intI_028	3	0	0	0.000982512305431686	1	0	-0.867342421440011	0.444444444444444
intI_052	11	8.69641354301823	321	0.0149466249924455	0.745454545454545	0	-0.375541704172194	0.165289256198347
intI_062	28	11.6663816417045	550	0.0589504865319807	0.846560846560847	1	0.624743602396545	0.39030612244898
rplB_0001	12	37.0901722432532	1251	0.0135041061615475	0.484848484848485	0	-0.314066614513717	0.152777777777778
rplB_0004	4	0	0	0.0030806086672841	1	0	-0.744392242123057	0
rplB_0008	10	5.05673033287688	182	0.00352986157514394	0.888888888888889	0	-0.375541704172194	0
rplB_0010	11	7.25858821080998	334	0.0177123817520693	0.763636363636364	0	-0.437016793830671	0.297520661157025
rplB_0016	5	0.692951802727652	22	0.00775459998758646	0.7	3	-1.54042819394986	0.56
rplB_0022	101	8248.24099760339	75040	0.0442181392201755	0.0885148514851485	0	4.97279109611532	0.0768552102735027
rplB_0024	66	1482.22192464686	24108	0.105234029111765	0.24988344988345	2	0.763152451352123	0.5821854912764
rplB_0036	51	195.730398668724	7339	0.114928448078422	0.482352941176471	3	1.29494162917697	0.559784698193003
rplB_0038	29	539.03339834428	6890	0.0178957151487896	0.315270935960591	0	0.792484999338872	0
rplB_0039	21	1192.86654959389	10330	0.0142608275082007	0.314285714285714	0	0.239209192412578	0.090702947845805
rplB_0044	3	0.442813436029097	10	0.000884787032895541	0.666666666666667	0	-0.805867331781534	0
rplB_0045	19	6.38728486988678	410	0.0320353082756897	0.906432748538012	3	-0.406280264699127	0.476454293628809
rplB_0050	4	0.881370060084049	20	0.00307887101009962	0.833333333333333	0	-0.744392242123057	0
rplB_0058	3	1.04285714285714	8	0.000663008455322039	0.666666666666667	0	-0.805867331781534	0
rplB_0062	5	0	0	0.00484164808394697	1	0	-0.68291715246458	0
rplB_0070	2	0	0	0.00233488284720799	1	0	-0.867342421440011	0
rplB_0084	11	8.69641354301823	321	0.0149466249924455	0.745454545454545	0	-0.375541704172194	0.165289256198347
rplB_0085	22	56.3930109214533	866	0.00981039421904029	0.701298701298701	0	0.362159371729532	0
rplB_0091	47	623.779444873878	9991	0.0934063660071696	0.422756706753006	3	1.10591697430185	0.553191489361702
rplB_0092	1	0	0	0.0010953884846497	0	1	-1.2909461623892	0
rplB_0101	69	575.241420435938	14913	0.116990415439104	0.312446717817562	1	2.15729541422514	0.598613736609956
rplB_0102	23	469.798168895802	6423	0.0189081625656033	0.351778656126482	0	0.300684282071055	0.158790170132325
rplB_0104	63	3547.64266641257	54614	0.0871888298609638	0.178187403993856	1	0.81631257887512	0.703955656336609
rplB_0105	31	428.092914266613	9161	0.0117352209726092	0.389247311827957	0	0.915435178655826	0
rplB_0106	51	195.730398668724	7339	0.114928448078422	0.482352941176471	3	1.29494162917697	0.559784698193003
rplB_0108	3	0	0	0.00112324431175851	1	0	-0.805867331781534	0
rplB_0110	28	1219.96056260677	12509	0.0162015584092162	0.182539682539683	0	0.731009909680395	0
rplB_0112	15	10.6660103940254	515	0.023236380273608	0.8	2	-1.39547876818674	0.693333333333333
rplB_0113	75	6084.80810549458	66027	0.0559251076491266	0.129009009009009	0	2.51378750977623	0.392177777777778
rplB_0119	133	16626.2800828247	140232	0.088489989356632	0.0618591934381408	0	5.21869145474923	0.40036180677257
rplB_0121	27	489.432263529873	7112	0.0376466141952358	0.290598290598291	0	0.0547839234371463	0.545953360768176
rplB_0126	3	1.7581715589234	49	0.00133272230237241	0.666666666666667	0	-0.805867331781534	0
rplB_0142	14	9.98263841928987	326	0.0115567256396806	0.813186813186813	0	-0.129641345538285	0
rplB_0147	38	845.693208146831	13563	0.0280929690161106	0.361308677098151	0	1.09986044763126	0.192520775623269
rplB_0148	6	10.5327672600883	205	0.00291890184373833	0.333333333333333	0	-0.621442062806102	0
rplB_0149	72	3505.42762799346	42840	0.112265777214037	0.250782472613459	2	0.313437613948193	0.718364197530864
rplB_0151	21	2.46970161654513	157	0.0394560253121883	0.914285714285714	1	0.0500366729608217	0.430839002267574
rplB_0152	45	634.270470697536	9652	0.0268968775783498	0.360606060606061	0	1.77608643387451	0
rplB_0154	30	425.517714210784	5461	0.0148297260020061	0.393103448275862	0	0.853960088997349	0
rplB_0165	21	2.46970161654513	157	0.0394560253121883	0.914285714285714	1	0.0500366729608217	0.430839002267574
rplB_0167	55	2438.29981771703	28121	0.0322875716918881	0.114478114478114	0	2.02198679250842	0.197685950413223
rplB_0170	12	20.8420272314657	815	0.00893916264822717	0.742424242424242	0	-0.252591524855239	0
rplB_0171	14	5.59088694911171	242	0.0117703335885011	0.857142857142857	0	-0.129641345538285	0
rplB_0176	3	0	0	0.0011536738529567	1	0	-0.805867331781534	0
rplB_0179	87	4038.46885008361	48876	0.120250991957461	0.196738839882384	1	2.92357132013944	0.638657682652926
rplB_0183	18	558.52200233218	5907	0.0207861151185704	0.34640522875817	0	-0.252591524855239	0.475308641975309
rplB_0185	37	202.168680174495	4967	0.0614810066172126	0.460960960960961	1	0.720528090635832	0.572680788897005
rplB_0186	13	157.295675685359	1645	0.0116197297061689	0.282051282051282	0	-0.191116435196762	0
rplB_0187	26	121.672085541578	2331	0.0159333203735331	0.387692307692308	0	0.608059730363441	0
rplB_0189	14	21.9684796636245	200	0.0276411510830538	0.516483516483517	2	-1.21559283322517	0.581632653061225
rplB_0193	8	3.39004197302388	112	0.00505461714694617	0.75	0	-0.498491883489148	0
rplB_0200	14	0.873855255145522	45	0.00608690364827118	0.945054945054945	0	-0.129641345538285	0
rplB_0204	20	64.4986201328542	1410	0.0323320828839525	0.605263157894737	1	-0.524670256474902	0.695
rplB_0206	2	2.76988588457319	41	0.00329628167068301	0	0	-0.928817511098488	0.5
rplB_0214	7	3.17933401840222	144	0.0168855738260488	0.761904761904762	1	-0.907808209432051	0.408163265306122
rplB_0237	67	740.956725908252	15431	0.111938076461476	0.270465852555405	2	1.5726391586792	0.578748050790822
rplB_0238	95	6561.79602487515	86284	0.096148407611903	0.12989921612542	0	2.26788715114232	0.569529085872576
rplB_0243	22	9.14898418405407	431	0.0430657736577489	0.878787878787879	2	-0.406106125898094	0.367768595041322
rplB_0244	31	120.710735540011	3183	0.0548491649005678	0.488172043010753	3	0.349818354801363	0.505723204994797
rplB_0247	43	791.427998945172	15746	0.0716640632307315	0.297895902547065	3	0.538843009676485	0.636019469983775
rplB_0259	13	82.8674139326049	1670	0.0172869628319179	0.435897435897436	1	-1.19516167414991	0.710059171597633
rplB_0261	31	256.847305525417	6037	0.0266930327045145	0.511827956989247	0	0.853960088997349	0.0624349635796044
rplB_0262	4	0.139512323429288	14	0.00885613123303578	0.833333333333333	1	-1.2909461623892	0.625
rplB_0264	16	4.31707999882884	167	0.0294544242917649	0.766666666666667	2	-1.21559283322517	0.6171875
rplB_0266	26	430.139320466447	5512	0.026840814478065	0.329230769230769	0	0.116259013095623	0.461538461538462
rplB_0267	4	1.58253192666862	106	0.00624488890608766	0.666666666666667	0	-0.744392242123057	0
rplB_0270	38	1338.74533945646	14508	0.0248025421869427	0.238975817923186	0	1.28428571660669	0.0512465373961217
rplB_0274	12	3.86371315411516	198	0.0130762346778604	0.878787878787879	0	-0.252591524855239	0
rplB_0276	10	2.82380016311191	118	0.00690045880156922	0.822222222222222	0	-0.375541704172194	0
rplB_0284	48	717.494081051969	13997	0.090043660775544	0.447695035460993	2	0.853095418832909	0.522569444444444
rplB_0286	11	7.2504414290491	242	0.00991244163719782	0.8	0	-0.314066614513717	0
rplB_0293	17	194.08336353626	3770	0.0205515982431836	0.389705882352941	0	-0.559966973147625	0.595155709342561
rplB_0304	105	5131.08077197242	61698	0.141252207723065	0.146153846153846	3	2.33457723099015	0.688979591836735
rplB_0322	38	1424.21155138633	13700	0.0225045330042299	0.19203413940256	0	1.28428571660669	0.0512465373961217
rplB_0325	11	7.2504414290491	242	0.00991244163719782	0.8	0	-0.314066614513717	0
rplB_0333	8	1.42325448641214	64	0.0039658428594796	0.928571428571429	0	-0.498491883489148	0
rplB_0337	20	398.300575722012	5226	0.0116923730186311	0.373684210526316	0	0.239209192412578	0
rplB_0340	25	495.457012850763	5106	0.0125742726062969	0.313333333333333	0	0.546584640704963	0
rplB_0341	4	1.48903198536646	94	0.00548956325636879	0.666666666666667	0	-0.744392242123057	0
rplB_0343	23	181.42882765305	2297	0.0106373086037451	0.430830039525692	0	0.423634461388009	0
rplB_0345	74	1787.32886136727	29088	0.104252025691755	0.215105516475379	3	1.9565279212399	0.641709276844412
rplB_0355	29	551.71445143383	8144	0.0265802964745819	0.295566502463054	0	0.546584640704963	0.247324613555291
rplB_0367	6	7.9107719892837	245	0.00849212423037208	0.6	0	-0.621442062806102	0
rplB_0377	20	214.589186160988	2246	0.00896996279676949	0.531578947368421	0	0.239209192412578	0
rplB_0381	1	0	0	0.000485083704486223	0	0	-0.928817511098488	0
rplB_0383	4	9.16705948215307	403	0.00276581405875724	0.666666666666667	0	-0.744392242123057	0
rplB_0387	13	3.76924666500536	145	0.0244855524720974	0.692307692307692	1	-0.907808209432051	0.72189349112426
rplB_0391	11	118.274850016836	2150	0.00611822746676404	0.381818181818182	0	-0.314066614513717	0
rplB_0392	51	242.013392038272	9086	0.109515240934149	0.468235294117647	2	-0.675935028340452	0.675124951941561
rplB_0396	12	8.66712944464167	236	0.0174625621869936	0.712121212121212	0	-0.621442062806102	0.569444444444444
rplB_0401	16	154.05774782445	2433	0.0299715486624583	0.341666666666667	0	-0.559966973147625	0.6796875
rplB_0413	22	568.454957701627	6686	0.0443808370778774	0.463203463203463	1	-0.620454744714189	0.661157024793388
rplB_0416	21	2.46970161654513	157	0.0394560253121883	0.914285714285714	1	0.0500366729608217	0.430839002267574
rplB_0429	6	9.75539506998683	315	0.00497608122804818	0.733333333333333	0	-0.621442062806102	0
rplB_0430	14	0.873855255145522	45	0.00608690364827118	0.945054945054945	0	-0.129641345538285	0
rplB_0433	4	0.746689760188212	21	0.00365126340700893	0.666666666666667	0	-0.744392242123057	0
rplB_0434	74	925.536795442139	18946	0.122425572435302	0.251388374676046	2	1.48269619119841	0.624178232286341
rplB_0443	11	48.2061197960519	764	0.0142373017488541	0.454545454545455	0	-0.437016793830671	0.297520661157025
rplB_0445	8	1.42325448641214	64	0.0039658428594796	0.928571428571429	0	-0.498491883489148	0
rplB_0467	17	11.0220840057934	496	0.030760204762894	0.757352941176471	2	-1.0357068982636	0.525951557093426
rplB_0471	4	3.82605048960866	126	0.00459335682719429	0.833333333333333	0	-0.744392242123057	0
rplB_0480	30	596.346742390632	7829	0.0149979569203902	0.386206896551724	0	0.853960088997349	0
rplB_0482	22	9.14898418405407	431	0.0430657736577489	0.878787878787879	2	-0.406106125898094	0.367768595041322
rplB_0486	5	1.9423838751712	66	0.00309141025461777	0.7	0	-0.68291715246458	0
rplB_0488	20	8.41076434705794	375	0.0127689945334019	0.863157894736842	0	0.239209192412578	0
rplB_0501	28	2.68788993027644	185	0.0549264134786659	0.912698412698413	2	0.583266516390551	0
rplB_0502	52	1049.87421616198	14011	0.0329677869060791	0.215686274509804	0	2.20641206148385	0
rplB_0506	6	9.75539506998683	315	0.00497608122804818	0.733333333333333	0	-0.621442062806102	0
rplB_0508	10	117.552075147298	1078	0.014850071934016	0.444444444444444	0	-0.498491883489148	0.34
rplB_0509	28	468.086060329045	8638	0.0326409641236049	0.296296296296296	0	0.0547839234371463	0.556122448979592
rplB_0513	12	5.26196002505255	207	0.00673095246543426	0.787878787878788	0	-0.252591524855239	0
rplB_0518	13	1.80580199921868	80	0.00663911007761081	0.884615384615385	0	-0.191116435196762	0
rplB_0521	34	433.654007294148	5042	0.0140898736240997	0.32620320855615	0	1.09986044763126	0
rplB_0522	23	503.244328582824	10536	0.028431402136803	0.347826086956522	0	0.0547839234371463	0.427221172022684
rplB_0523	17	15.7931112465169	616	0.0326865557225053	0.742647058823529	1	-0.620454744714189	0.685121107266436
rplB_0525	1	0	0	0.00218407136383613	0	0	-0.928817511098488	0
rplB_0531	39	589.528659882865	9348	0.0677427892322722	0.406207827260459	2	-0.136277223455736	0.654832347140039
rplB_0532	19	6.38728486988678	410	0.0320353082756897	0.906432748538012	3	-0.406280264699127	0.476454293628809
rplB_0537	50	600.474733329029	13645	0.0773959866239168	0.351836734693878	1	1.96572643774657	0.4704
rplB_0541	24	711.301677971167	11208	0.0120621237311442	0.365942028985507	0	0.485109551046486	0
rplB_0543	34	756.967045993487	8886	0.0196536855638442	0.409982174688057	0	1.09986044763126	0
rplB_0544	32	720.061049546371	9995	0.0230379859312558	0.290322580645161	0	0.915435178655826	0.060546875
rplB_0545	51	195.730398668724	7339	0.114928448078422	0.482352941176471	3	1.29494162917697	0.559784698193003
rplB_0553	22	8.55917932638181	541	0.057882895964147	0.766233766233766	3	-0.406280264699127	0.516528925619835
rplB_0557	20	138.321697517397	2136	0.00919111394370918	0.436842105263158	0	0.239209192412578	0
rplB_0568	14	0.873855255145522	45	0.00608690364827118	0.945054945054945	0	-0.129641345538285	0
rplB_0571	9	6.27235324959072	191	0.0221765618960191	0.5	1	-1.09937718591062	0.666666666666667
rplB_0581	11	86.9178700357679	1097	0.0134769257428213	0.436363636363636	0	-0.375541704172194	0.165289256198347
rplB_0582	48	694.2586594566	12195	0.0715762766258549	0.282801418439716	1	1.19945053183227	0.603298611111111
rplB_0585	39	220.712254517743	8221	0.0832930963863568	0.527665317139001	3	0.91689231942673	0.479947403024326
rplB_0586	21	224.060818804058	2052	0.00870505648881652	0.314285714285714	0	0.300684282071055	0
rplB_0590	28	11.6663816417045	550	0.0589504865319807	0.846560846560847	1	0.624743602396545	0.39030612244898
rplB_0591	9	20.0081085085529	345	0.00657153379560879	0.361111111111111	0	-0.437016793830671	0
rplB_0605	1	0	0	0.0013797531386509	0	0	-0.928817511098488	0
rplB_0613	46	491.220542870578	7446	0.0776272729227859	0.397101449275362	1	1.39101950831084	0.532136105860113
rplB_0620	8	3.75307782039756	77	0.00630705951836714	0.785714285714286	0	-0.498491883489148	0
rplB_0621	4	1.58253192666862	106	0.00624488890608766	0.666666666666667	0	-0.744392242123057	0
rplB_0630	2	0	0	0.00562150217840344	1	1	-1.2909461623892	0.5
rplB_0631	32	699.745902851325	17886	0.0504230914571313	0.296370967741936	0	-0.00669116622133085	0.646484375
rplB_0632	4	0.746689760188212	21	0.00365126340700893	0.666666666666667	0	-0.744392242123057	0
rplB_0635	38	955.284627226212	13703	0.0118341511773503	0.2574679943101	0	1.34576080626517	0
rplB_0640	18	53.331478103165	1186	0.0272581651167495	0.581699346405229	0	-0.68291715246458	0.709876543209877
rplB_0644	4	1.48903198536646	94	0.00548956325636879	0.666666666666667	0	-0.744392242123057	0
rplB_0647	2	0	0	0.00171926818403741	1	1	-1.19516167414991	0
rplB_0648	5	0.357418924705996	33	0.011156652220333	0.8	3	-1.25689121163718	0.32
rplB_0649	20	553.998421245683	5346	0.0182701835937393	0.510526315789474	0	0.177734102754101	0.0950000000000001
rplB_0650	5	0	0	0.00456850904208861	1	0	-0.68291715246458	0
rplB_0653	1	0	0	0.00138031914150211	0	0	-0.928817511098488	0
rplB_0655	19	293.199288820064	3556	0.0162904745533003	0.327485380116959	0	0.0547839234371463	0.193905817174515
rplB_0657	28	2.68788993027644	185	0.0549264134786659	0.912698412698413	2	0.583266516390551	0
rplB_0660	2	1.07482517482517	4	0.000514565483935899	0	0	-0.867342421440011	0
rplB_0665	18	59.559654238647	1000	0.0121558555040286	0.38562091503268	0	0.116259013095623	0
rplB_0683	30	41.4663978632008	1179	0.0613478427850116	0.758620689655172	1	0.81631257887512	0.371111111111111
rplB_0697	20	8.41076434705794	375	0.0127689945334019	0.863157894736842	0	0.239209192412578	0
rplB_0701	39	656.432834073194	7958	0.018212625622006	0.292847503373819	0	1.40723589592364	0
rplB_0704	35	496.962665217314	9422	0.0702827711962744	0.643697478991597	2	0.583266516390551	0.342857142857143
rplB_0706	46	642.96570732773	12915	0.0727585417277259	0.31304347826087	3	0.349818354801363	0.661625708884688
rplB_0711	42	493.188193166015	9791	0.0777865263064141	0.415795586527294	3	0.91689231942673	0.540816326530612
rplB_0713	20	32.6530234623177	1293	0.0450628595927551	0.542105263157895	1	-0.524670256474902	0.665
rplB_0716	14	0.873855255145522	45	0.00608690364827118	0.945054945054945	0	-0.129641345538285	0
rplB_0727	20	11.9033382756834	486	0.0418662955661902	0.794736842105263	3	-0.311767937261566	0.46
rplB_0739	46	246.761244722931	8116	0.0868234468948299	0.445410628019324	2	0.943038386313695	0.446124763705104
rplB_0740	18	168.829690683146	2980	0.0158353851497248	0.392156862745098	0	0.116259013095623	0
rplB_0749	35	920.565052774898	12670	0.0197637069971296	0.371428571428571	0	1.09986044763126	0.0555102040816327
rplB_0754	82	2112.40831968537	32005	0.132663648895371	0.23095453176754	2	0.403380581428979	0.587447947650208
rplB_0773	4	3.69268827244895	165	0.00807258437072864	0	0	-0.744392242123057	0
rplB_0775	3	0	0	0.00782362734552564	1	3	-1.4459158665123	0.444444444444444
rplB_0779	9	7.90795913149254	310	0.00905969491915501	0.75	0	-0.498491883489148	0.197530864197531
rplB_0783	12	79.4254094789664	1381	0.0103624007002744	0.606060606060606	0	-0.252591524855239	0
rplB_0787	21	238.542637595113	3404	0.0203295171503645	0.247619047619048	0	0.0547839234371463	0.321995464852608
rplB_0804	19	6.81548435254276	267	0.00837325236863925	0.906432748538012	0	0.177734102754101	0
rplB_0808	1	0	0	0.000323178777539601	0	0	-0.928817511098488	0
rplB_0815	26	474.801307907609	6903	0.0324562991183008	0.298461538461538	0	0.239209192412578	0.381656804733728
rplB_0820	39	415.738498287606	8524	0.0212627698098823	0.375168690958165	0	1.40723589592364	0
rplB_0827	72	3246.69753971981	35449	0.0364623900376127	0.166275430359937	0	3.25148858567796	0.0806327160493826
rplB_0842	1	0	0	0.0013984177277972	0	0	-0.928817511098488	0
rplB_0856	4	0	0	0.0030806086672841	1	0	-0.744392242123057	0
rplB_0866	11	13.6353524399857	389	0.00925655652866694	0.672727272727273	0	-0.314066614513717	0
rplB_0870	7	7.13350122855883	119	0.00670492620799397	0.714285714285714	0	-0.559966973147625	0
rplB_0886	2	3.3932157694466	33	0.00247086446997888	0	0	-0.867342421440011	0
rplB_0895	58	675.920127761528	14909	0.106949591173719	0.298850574712644	1	0.720528090635832	0.687871581450654
rplB_0909	4	0	0	0.00318464342992249	1	0	-0.744392242123057	0
rplB_0915	10	28.0828580335176	789	0.00961214548922713	0.533333333333333	0	-0.375541704172194	0
rplB_0933	35	658.345872106529	8655	0.0181257645148798	0.2	0	1.16133553728973	0
rplB_0934	15	10.6660103940254	515	0.023236380273608	0.8	2	-1.39547876818674	0.693333333333333
rplB_0938	33	358.452690127971	6205	0.0193746486734621	0.431818181818182	0	1.03838535797278	0
rplB_0940	11	5.72730200682216	167	0.00617266647917288	0.727272727272727	0	-0.314066614513717	0
rplB_0946	3	1.09686475790819	36	0.00740276239594574	0.333333333333333	0	-0.867342421440011	0.444444444444444
rplB_0947	5	4.0588884910895	102	0.00372201543241772	0.5	0	-0.68291715246458	0
rplB_0951	11	70.8703161017139	1112	0.0142972010669721	0.472727272727273	0	-0.498491883489148	0.446280991735537
rplB_0958	46	246.761244722931	8116	0.0868234468948299	0.445410628019324	2	0.943038386313695	0.446124763705104
rplB_0969	19	6.81548435254276	267	0.00837325236863925	0.906432748538012	0	0.177734102754101	0
rplB_0980	19	6.38728486988678	410	0.0320353082756897	0.906432748538012	3	-0.406280264699127	0.476454293628809
rplB_0986	1	0	0	0.00218407136383613	0	0	-0.928817511098488	0
rplB_0988	26	87.0073820168224	2040	0.0420227075910263	0.452307692307692	2	-0.765877995821238	0.594674556213018
rplB_0998	41	102.004684820356	4663	0.0776757691489954	0.551219512195122	2	1.48269619119841	0.135633551457466
rplB_1000	1	0	0	0.00121298956857568	0	1	-1.2909461623892	0
rplB_1002	33	358.452690127971	6205	0.0193746486734621	0.431818181818182	0	1.03838535797278	0
rplB_1010	11	1.53397622879044	54	0.00369662675212812	0.909090909090909	0	-0.314066614513717	0
rplB_1016	28	11.6663816417045	550	0.0589504865319807	0.846560846560847	1	0.624743602396545	0.39030612244898
rplB_1021	26	805.334913219576	13696	0.049145570882661	0.273846153846154	1	-0.524670256474902	0.642011834319527
rplB_1044	22	9.14898418405407	431	0.0430657736577489	0.878787878787879	2	-0.406106125898094	0.367768595041322
rplB_1045	27	134.988421578149	2877	0.017120973049413	0.41025641025641	0	0.669534820021918	0
rplB_1049	15	106.018711095921	2246	0.0307137170924001	0.419047619047619	1	-1.09937718591062	0.684444444444444
rplB_1067	32	291.178824298475	3943	0.0169526526411495	0.336693548387097	0	0.976910268314304	0
rplB_1072	22	9.14898418405407	431	0.0430657736577489	0.878787878787879	2	-0.406106125898094	0.367768595041322
rplB_1085	51	242.013392038272	9086	0.109515240934149	0.468235294117647	2	-0.675935028340452	0.675124951941561
rplB_1115	19	71.8366257947119	1849	0.0278393094875059	0.403508771929825	3	-0.878841901886933	0.587257617728532
rplB_1116	18	4.85900385677169	350	0.0387497231418785	0.816993464052288	1	-0.620454744714189	0.592592592592593
rplB_1137	18	310.727306503788	3274	0.0210980302547094	0.339869281045752	0	-0.375541704172194	0.574074074074074
rplB_1143	53	488.860831112523	9953	0.0858659485387065	0.385341074020319	2	2.11229696356391	0.266998932004272
rplB_1144	38	307.499850041337	9697	0.0653210831038892	0.418207681365576	3	0.349818354801363	0.610803324099723
rplB_1145	16	4.31871545442263	168	0.00822612397256409	0.816666666666667	0	-0.00669116622133085	0
rplB_1148	77	4679.15911815795	51138	0.0566583912475639	0.117566643882433	0	2.57526259943471	0.407488615280823
rplB_1150	11	3.59648984679896	262	0.02692547602833	0.745454545454545	3	-1.06786655676206	0.56198347107438
rplB_1156	13	3.76924666500536	145	0.0244855524720974	0.692307692307692	1	-0.907808209432051	0.72189349112426
rplB_1176	1	0	0	0.000450936711552582	0	0	-0.928817511098488	0
rplB_1180	5	1.78851274523272	72	0.00714500090873085	0.5	0	-0.805867331781534	0.56
rplB_1190	31	502.867432807812	7558	0.0443875966768155	0.32258064516129	2	-1.0357068982636	0.724245577523413
rplB_1193	28	483.41435895154	6878	0.0184368228231472	0.325396825396825	0	0.731009909680395	0
rplB_1201	18	4.85900385677169	350	0.0387497231418785	0.816993464052288	1	-0.620454744714189	0.592592592592593
rplB_1204	4	9.16705948215307	403	0.00276581405875724	0.666666666666667	0	-0.744392242123057	0
rplB_1219	72	3169.42894464547	42167	0.0559021754331315	0.183881064162754	0	2.8826380477271	0.226466049382716
rplB_1221	28	11.6663816417045	550	0.0589504865319807	0.846560846560847	1	0.624743602396545	0.39030612244898
rplB_1246	1	0	0	0.000399879805998924	0	0	-0.928817511098488	0
rplB_1257	28	2.68788993027644	185	0.0549264134786659	0.912698412698413	2	0.583266516390551	0
rplB_1258	8	3.39004197302388	112	0.00505461714694617	0.75	0	-0.498491883489148	0
rplB_1261	28	11.6663816417045	550	0.0589504865319807	0.846560846560847	1	0.624743602396545	0.39030612244898
rplB_1263	2	0.269425224841184	6	0.00403895346720173	0	0	-0.867342421440011	0
rplB_1273	13	1.80580199921868	80	0.00663911007761081	0.884615384615385	0	-0.191116435196762	0
rplB_1281	3	0	0	0.00179557362560399	1	0	-0.867342421440011	0.444444444444444
rplB_1299	6	0.515596762174044	38	0.0128406152928311	0.866666666666667	3	-1.25689121163718	0.5
rplB_1383	1	0	0	0.00317983368482287	0	3	-1.54042819394986	0
rplB_1493	12	6.58642775620024	331	0.0220946090530519	0.696969696969697	1	-0.907808209432051	0.652777777777778
rplB_1652	20	8.41076434705794	375	0.0127689945334019	0.863157894736842	0	0.239209192412578	0
sul2_01	51	242.013392038272	9086	0.109515240934149	0.468235294117647	2	-0.675935028340452	0.675124951941561
sul2_02	14	5.59088694911171	242	0.0117703335885011	0.857142857142857	0	-0.129641345538285	0
tolC_05	59	1324.01730641992	18531	0.0366289707731961	0.256575102279369	0	2.51378750977623	0.0660729675380638
vanA_03	6	0	0	0.00123763382412235	1	0	-0.621442062806102	0
vanA_04	53	488.860831112523	9953	0.0858659485387065	0.385341074020319	2	2.11229696356391	0.266998932004272
vanX_02	32	679.033751903292	10316	0.0120372957239978	0.292338709677419	0	0.976910268314304	0
vanX_04	6	2.02410415986705	68	0.00192747203802321	0.933333333333333	0	-0.621442062806102	0
vanX_13	22	157.396293218822	2800	0.0346416078039602	0.432900432900433	2	-1.12564986574438	0.698347107438017
vanX_14	35	231.813154782399	5305	0.0647204643426954	0.47563025210084	2	-0.0463342559749504	0.566530612244898
vanX_19	22	9.14898418405407	431	0.0430657736577489	0.878787878787879	2	-0.406106125898094	0.367768595041322