1:scaffold00383	cen17_tolC_contig_4008_contig_4009	75.63	197	30	18	13501	13688	93	280	1e-16	82.4
2:scaffold00383	cen17_tolC_contig_4008_contig_4009	75.63	197	30	18	13501	13688	93	280	1e-16	82.4
3:scaffold13975	cen03_tolC_contig_480_contig_481	81.57	445	80	2	796	1239	462	19	6e-103	  366
4:scaffold13975	cen03_tolC_contig_480_contig_481	81.57	445	80	2	796	1239	462	19	6e-103	  366
5:scaffold13975	cen16_tolC_contig_794_contig_795	80.27	299	47	11	931	1223	318	26	2e-57	  215
6:scaffold13975	cen16_tolC_contig_794_contig_795	80.27	299	47	11	931	1223	318	26	2e-57	  215
7:scaffold13975	cen17_tolC_contig_4272_contig_4273	78.83	274	52	6	951	1221	292	22	8e-47	  180
8:scaffold13975	cen17_tolC_contig_4272_contig_4273	78.83	274	52	6	951	1221	292	22	8e-47	  180
9:scaffold13975	cen17_tolC_contig_2608_contig_2609	76.76	284	46	19	931	1204	483	210	4e-35	  141
10:scaffold13975	cen17_tolC_contig_2608_contig_2609	76.76	284	46	19	931	1204	483	210	4e-35	  141
11:scaffold13975	cen17_tolC_contig_3928_contig_3929	76.26	278	56	9	951	1223	301	29	1e-34	  139
12:scaffold13975	cen16_tolC_contig_994_contig_995	79.31	203	38	4	931	1131	312	112	1e-34	  139
13:scaffold19011	cen17_tolC_contig_2718_contig_2719	99.34	453	3	0	147	599	1	453	0.0	  821
14:scaffold19011	cen17_tolC_contig_2718_contig_2719	99.34	453	3	0	147	599	1	453	0.0	  821
15:scaffold40117	cen17_tolC_contig_2738_contig_2739	100.00	561	0	0	1044	1604	1	561	0.0	 1037
16:scaffold40117	cen17_tolC_contig_2738_contig_2739	100.00	561	0	0	1044	1604	1	561	0.0	 1037
17:scaffold46195	cen17_tolC_contig_3024_contig_3025	96.43	336	12	0	1228	1563	1	336	7e-160	  555
18:scaffold46195	cen17_tolC_contig_3024_contig_3025	96.43	336	12	0	1228	1563	1	336	7e-160	  555
19:scaffold46195	cen17_tolC_contig_4272_contig_4273	81.34	268	48	2	1297	1563	22	288	4e-58	  217
20:scaffold46195	cen17_tolC_contig_4272_contig_4273	81.34	268	48	2	1297	1563	22	288	4e-58	  217
21:scaffold46195	cen17_tolC_contig_3350_contig_3351	80.21	288	47	6	1279	1561	1	283	2e-55	  207
22:scaffold46195	cen17_tolC_contig_3350_contig_3351	80.21	288	47	6	1279	1561	1	283	2e-55	  207
23:scaffold46195	cen17_tolC_contig_2170_contig_2171	79.02	286	60	0	1278	1563	174	459	5e-52	  196
24:scaffold46195	cen17_tolC_contig_2170_contig_2171	79.02	286	60	0	1278	1563	174	459	5e-52	  196
25:scaffold46195	cen17_tolC_contig_2832_contig_2833	78.87	284	60	0	1278	1561	174	457	6e-51	  193
26:scaffold46195	cen17_tolC_contig_2832_contig_2833	78.87	284	60	0	1278	1561	174	457	6e-51	  193
27:scaffold103859	cen16_tolC_contig_764_contig_765	91.35	474	41	0	43	516	474	1	0.0	  649
28:scaffold103859	cen16_tolC_contig_764_contig_765	91.35	474	41	0	43	516	474	1	0.0	  649
29:scaffold103859	cen17_tolC_contig_4938_contig_4939	90.53	475	43	2	43	516	474	1	0.0	  627
30:scaffold103859	cen17_tolC_contig_4938_contig_4939	90.53	475	43	2	43	516	474	1	0.0	  627
31:scaffold103859	cen17_tolC_contig_3350_contig_3351	92.59	405	30	0	43	447	462	58	2e-168	  582
32:scaffold103859	cen17_tolC_contig_3350_contig_3351	92.59	405	30	0	43	447	462	58	2e-168	  582
33:scaffold103859	cen17_tolC_contig_2608_contig_2609	91.23	399	32	3	43	440	636	240	1e-155	  540
34:scaffold103859	cen17_tolC_contig_2608_contig_2609	91.23	399	32	3	43	440	636	240	1e-155	  540
35:scaffold103859	cen16_tolC_contig_752_contig_753	82.43	444	71	7	43	482	474	34	9e-108	  381
36:scaffold103859	cen16_tolC_contig_752_contig_753	82.43	444	71	7	43	482	474	34	9e-108	  381
37:scaffold128143	cen17_tolC_contig_4008_contig_4009	91.57	261	19	3	219	478	340	82	1e-100	  357
38:scaffold128143	cen17_tolC_contig_4008_contig_4009	91.57	261	19	3	219	478	340	82	1e-100	  357
39:scaffold128143	cen16_tolC_contig_782_contig_783	84.00	225	31	5	230	451	338	116	1e-56	  211
40:scaffold128143	cen16_tolC_contig_782_contig_783	84.00	225	31	5	230	451	338	116	1e-56	  211
41:scaffold128143	cen16_tolC_contig_752_contig_753	82.77	238	36	5	217	451	351	116	2e-55	  207
42:scaffold128143	cen16_tolC_contig_752_contig_753	82.77	238	36	5	217	451	351	116	2e-55	  207
43:scaffold143877	cen17_tolC_contig_4008_contig_4009	85.19	324	44	4	286	607	8	329	3e-92	  329
44:scaffold143877	cen17_tolC_contig_4008_contig_4009	85.19	324	44	4	286	607	8	329	3e-92	  329
45:scaffold143877	cen16_tolC_contig_782_contig_783	83.48	230	27	9	386	609	116	340	2e-54	  204
46:scaffold143877	cen16_tolC_contig_782_contig_783	83.48	230	27	9	386	609	116	340	2e-54	  204
47:scaffold143877	cen16_tolC_contig_994_contig_995	82.53	229	31	9	386	609	107	331	4e-51	  193
48:scaffold143877	cen16_tolC_contig_994_contig_995	82.53	229	31	9	386	609	107	331	4e-51	  193
49:scaffold143877	cen16_tolC_contig_752_contig_753	82.46	228	29	9	386	607	116	338	5e-50	  189
50:scaffold143877	cen16_tolC_contig_752_contig_753	82.46	228	29	9	386	607	116	338	5e-50	  189
51:scaffold191537	cen16_tolC_contig_1282_contig_1283	85.37	246	36	0	1	246	789	1034	4e-70	  255
52:scaffold191537	cen16_tolC_contig_1208_contig_1209	85.37	246	36	0	1	246	798	1043	4e-70	  255
53:scaffold191537	cen16_tolC_contig_1196_contig_1197	85.37	246	36	0	1	246	789	1034	4e-70	  255
54:scaffold191537	cen16_tolC_contig_870_contig_871	85.37	246	36	0	1	246	798	1043	4e-70	  255
55:scaffold191537	cen16_tolC_contig_1282_contig_1283	85.37	246	36	0	1	246	789	1034	4e-70	  255
56:scaffold191537	cen16_tolC_contig_1208_contig_1209	85.37	246	36	0	1	246	798	1043	4e-70	  255
57:scaffold191537	cen16_tolC_contig_1196_contig_1197	85.37	246	36	0	1	246	789	1034	4e-70	  255
58:scaffold191537	cen16_tolC_contig_870_contig_871	85.37	246	36	0	1	246	798	1043	4e-70	  255
59:scaffold212237	cen17_tolC_contig_3024_contig_3025	98.71	387	5	0	4	390	127	513	0.0	  688
60:scaffold212237	cen17_tolC_contig_3024_contig_3025	98.71	387	5	0	4	390	127	513	0.0	  688
61:scaffold212237	cen16_tolC_contig_1196_contig_1197	77.76	850	154	22	6	842	81	908	1e-140	  490
62:scaffold212237	cen17_tolC_contig_2170_contig_2171	77.46	834	165	19	7	833	253	1070	8e-137	  477
63:scaffold212237	cen17_tolC_contig_2170_contig_2171	77.46	834	165	19	7	833	253	1070	8e-137	  477
64:scaffold212237	cen16_tolC_contig_1282_contig_1283	77.25	844	157	22	12	842	87	908	2e-132	  462
65:scaffold212237	cen16_tolC_contig_1282_contig_1283	77.25	844	157	22	12	842	87	908	2e-132	  462
66:scaffold212237	cen16_tolC_contig_870_contig_871	77.12	848	161	20	7	842	91	917	8e-132	  460
67:scaffold212237	cen16_tolC_contig_1208_contig_1209	77.51	818	145	24	40	842	124	917	4e-130	  455
68:scaffold212237	cen16_tolC_contig_1208_contig_1209	77.51	818	145	24	40	842	124	917	4e-130	  455
69:scaffold317383	cen17_tolC_contig_4008_contig_4009	82.05	273	47	2	133	404	293	22	6e-63	  231
70:scaffold317383	cen17_tolC_contig_4008_contig_4009	82.05	273	47	2	133	404	293	22	6e-63	  231
71:scaffold317383	cen16_tolC_contig_820_contig_821	84.86	185	22	5	133	314	302	121	6e-48	  182
72:scaffold317383	cen16_tolC_contig_820_contig_821	84.86	185	22	5	133	314	302	121	6e-48	  182
73:scaffold317383	cen16_tolC_contig_786_contig_787	84.32	185	23	5	133	314	302	121	3e-46	  176
74:scaffold317383	cen16_tolC_contig_786_contig_787	84.32	185	23	5	133	314	302	121	3e-46	  176
75:scaffold317383	cen16_tolC_contig_1208_contig_1209	83.87	186	24	5	132	314	303	121	4e-45	  172
76:scaffold317383	cen16_tolC_contig_1208_contig_1209	83.87	186	24	5	132	314	303	121	4e-45	  172
77:scaffold317383	cen15_tolC_contig_684_contig_685	79.27	246	42	8	83	325	337	98	2e-42	  163
78:scaffold317383	cen15_tolC_contig_684_contig_685	79.27	246	42	8	83	325	337	98	2e-42	  163
79:scaffold434236	cen16_tolC_contig_1282_contig_1283	76.83	630	118	19	4	624	298	908	2e-92	  329
80:scaffold434236	cen16_tolC_contig_1208_contig_1209	76.83	630	118	19	4	624	307	917	2e-92	  329
81:scaffold434236	cen16_tolC_contig_1196_contig_1197	76.83	630	118	19	4	624	298	908	2e-92	  329
82:scaffold434236	cen16_tolC_contig_870_contig_871	76.83	630	118	19	4	624	307	917	2e-92	  329
83:scaffold434236	cen16_tolC_contig_1282_contig_1283	76.83	630	118	19	4	624	298	908	2e-92	  329
84:scaffold434236	cen16_tolC_contig_1208_contig_1209	76.83	630	118	19	4	624	307	917	2e-92	  329
85:scaffold434236	cen16_tolC_contig_1196_contig_1197	76.83	630	118	19	4	624	298	908	2e-92	  329
86:scaffold434236	cen16_tolC_contig_870_contig_871	76.83	630	118	19	4	624	307	917	2e-92	  329
87:scaffold434236	cen17_tolC_contig_3024_contig_3025	98.26	172	3	0	1	172	342	513	4e-84	  302
88:scaffold434236	cen17_tolC_contig_3024_contig_3025	98.26	172	3	0	1	172	342	513	4e-84	  302
89:scaffold442345	cen17_tolC_contig_2170_contig_2171	99.68	617	2	0	4	620	983	367	0.0	 1129
90:scaffold442345	cen17_tolC_contig_2170_contig_2171	99.68	617	2	0	4	620	983	367	0.0	 1129
91:scaffold442345	cen17_tolC_contig_5044_contig_5045	99.74	378	1	0	243	620	522	145	0.0	  693
92:scaffold442345	cen17_tolC_contig_4938_contig_4939	99.74	378	1	0	243	620	582	205	0.0	  693
93:scaffold442345	cen17_tolC_contig_5044_contig_5045	99.74	378	1	0	243	620	522	145	0.0	  693
94:scaffold442345	cen17_tolC_contig_4938_contig_4939	99.74	378	1	0	243	620	582	205	0.0	  693
95:scaffold442345	cen17_tolC_contig_4272_contig_4273	99.47	378	2	0	243	620	573	196	0.0	  688
96:scaffold442345	cen17_tolC_contig_4272_contig_4273	99.47	378	2	0	243	620	573	196	0.0	  688
97:scaffold442345	cen17_tolC_contig_4646_contig_4647	99.21	378	3	0	243	620	486	109	0.0	  682
98:scaffold442345	cen17_tolC_contig_3928_contig_3929	99.21	378	3	0	243	620	582	205	0.0	  682
99:scaffold937476	cen17_tolC_contig_3928_contig_3929	100.00	261	0	0	1	261	261	1	9e-139	  483
100:scaffold937476	cen17_tolC_contig_3928_contig_3929	100.00	261	0	0	1	261	261	1	9e-139	  483
101:scaffold937476	cen16_tolC_contig_994_contig_995	81.90	232	38	4	2	231	251	22	2e-51	  193
102:scaffold937476	cen16_tolC_contig_994_contig_995	81.90	232	38	4	2	231	251	22	2e-51	  193
103:scaffold937476	cen15_tolC_contig_684_contig_685	80.17	242	46	2	2	242	245	5	1e-47	  180
104:scaffold937476	cen15_tolC_contig_684_contig_685	80.17	242	46	2	2	242	245	5	1e-47	  180
105:scaffold937476	cen16_tolC_contig_820_contig_821	91.38	116	10	0	2	117	260	145	2e-41	  159
106:scaffold937476	cen16_tolC_contig_786_contig_787	91.38	116	10	0	2	117	260	145	2e-41	  159
107:scaffold937476	cen16_tolC_contig_820_contig_821	91.38	116	10	0	2	117	260	145	2e-41	  159
108:scaffold937476	cen16_tolC_contig_786_contig_787	91.38	116	10	0	2	117	260	145	2e-41	  159
109:scaffold1608652	cen17_tolC_contig_4272_contig_4273	92.59	81	6	0	270	350	2	82	9e-29	  117
110:scaffold1608652	cen17_tolC_contig_4272_contig_4273	92.59	81	6	0	270	350	2	82	9e-29	  117
111:scaffold1616605	cen07_tolC_contig_304_contig_305	93.59	78	5	0	269	346	456	379	9e-29	  117
112:scaffold1616605	cen07_tolC_contig_304_contig_305	93.59	78	5	0	269	346	456	379	9e-29	  117
113:scaffold2013236	cen16_tolC_contig_766_contig_767	81.90	105	17	2	144	247	293	190	6e-20	87.9
114:scaffold2013236	cen06_tolC_contig_372_contig_373	81.90	105	17	2	144	247	293	190	6e-20	87.9
115:scaffold2013236	cen16_tolC_contig_766_contig_767	81.90	105	17	2	144	247	293	190	6e-20	87.9
116:scaffold2013236	cen06_tolC_contig_372_contig_373	81.90	105	17	2	144	247	293	190	6e-20	87.9
117:scaffold2022507	cen17_tolC_contig_4272_contig_4273	100.00	286	0	0	1	286	286	1	8e-153	  529
118:scaffold2022507	cen17_tolC_contig_4272_contig_4273	100.00	286	0	0	1	286	286	1	8e-153	  529
119:scaffold2022507	cen16_tolC_contig_1196_contig_1197	87.06	286	33	4	3	286	284	1	5e-90	  320
120:scaffold2022507	cen16_tolC_contig_1196_contig_1197	87.06	286	33	4	3	286	284	1	5e-90	  320
121:scaffold2022507	cen16_tolC_contig_782_contig_783	84.84	277	36	6	1	274	295	22	4e-76	  274
122:scaffold2022507	cen16_tolC_contig_752_contig_753	84.84	277	36	6	1	274	295	22	4e-76	  274
123:scaffold2022507	cen16_tolC_contig_782_contig_783	84.84	277	36	6	1	274	295	22	4e-76	  274
124:scaffold2022507	cen16_tolC_contig_752_contig_753	84.84	277	36	6	1	274	295	22	4e-76	  274
125:scaffold2022507	cen16_tolC_contig_1208_contig_1209	84.31	274	39	4	3	274	293	22	3e-73	  265
126:scaffold2022507	cen16_tolC_contig_1208_contig_1209	84.31	274	39	4	3	274	293	22	3e-73	  265
127:scaffold2410339	cen16_tolC_contig_932_contig_933	82.52	143	25	0	41	183	354	212	1e-31	  126
128:scaffold2410339	cen16_tolC_contig_932_contig_933	82.52	143	25	0	41	183	354	212	1e-31	  126
129:scaffold2503446	cen16_tolC_contig_1282_contig_1283	75.62	283	61	8	5	283	511	789	7e-34	  134
130:scaffold2503446	cen16_tolC_contig_1208_contig_1209	75.62	283	61	8	5	283	520	798	7e-34	  134
131:scaffold2503446	cen16_tolC_contig_1196_contig_1197	75.62	283	61	8	5	283	511	789	7e-34	  134
132:scaffold2503446	cen16_tolC_contig_870_contig_871	75.62	283	61	8	5	283	520	798	7e-34	  134
133:scaffold2503446	cen16_tolC_contig_1282_contig_1283	75.62	283	61	8	5	283	511	789	7e-34	  134
134:scaffold2503446	cen16_tolC_contig_1208_contig_1209	75.62	283	61	8	5	283	520	798	7e-34	  134
135:scaffold2503446	cen16_tolC_contig_1196_contig_1197	75.62	283	61	8	5	283	511	789	7e-34	  134
136:scaffold2503446	cen16_tolC_contig_870_contig_871	75.62	283	61	8	5	283	520	798	7e-34	  134
137:scaffold2820069	cen07_tolC_contig_304_contig_305	83.01	259	42	2	10	267	369	112	6e-64	  233
138:scaffold2820069	cen07_tolC_contig_304_contig_305	83.01	259	42	2	10	267	369	112	6e-64	  233
139:scaffold2826974	cen16_tolC_contig_1334_contig_1335	84.42	154	12	11	119	266	365	218	4e-36	  141
140:scaffold2826974	cen16_tolC_contig_1334_contig_1335	84.42	154	12	11	119	266	365	218	4e-36	  141
141:scaffold2826974	cen16_tolC_contig_1208_contig_1209	79.33	150	27	4	119	266	374	227	2e-24	  102
142:scaffold2826974	cen16_tolC_contig_1196_contig_1197	79.33	150	27	4	119	266	365	218	2e-24	  102
143:scaffold2826974	cen16_tolC_contig_1208_contig_1209	79.33	150	27	4	119	266	374	227	2e-24	  102
144:scaffold2826974	cen16_tolC_contig_1196_contig_1197	79.33	150	27	4	119	266	365	218	2e-24	  102
145:scaffold2826974	cen16_tolC_contig_752_contig_753	82.73	110	19	0	157	266	336	227	2e-23	99.0
146:scaffold2826974	cen16_tolC_contig_752_contig_753	82.73	110	19	0	157	266	336	227	2e-23	99.0
147:scaffold2826974	cen16_tolC_contig_870_contig_871	78.67	150	28	4	119	266	374	227	8e-23	97.1
148:scaffold2826974	cen16_tolC_contig_870_contig_871	78.67	150	28	4	119	266	374	227	8e-23	97.1
149:scaffold3039396	cen16_tolC_contig_1282_contig_1283	83.18	214	30	5	46	256	635	845	4e-51	  191
150:scaffold3039396	cen16_tolC_contig_1208_contig_1209	83.18	214	30	5	46	256	644	854	4e-51	  191
151:scaffold3039396	cen16_tolC_contig_1196_contig_1197	83.18	214	30	5	46	256	635	845	4e-51	  191
152:scaffold3039396	cen16_tolC_contig_870_contig_871	83.18	214	30	5	46	256	644	854	4e-51	  191
153:scaffold3039396	cen16_tolC_contig_1282_contig_1283	83.18	214	30	5	46	256	635	845	4e-51	  191
154:scaffold3039396	cen16_tolC_contig_1208_contig_1209	83.18	214	30	5	46	256	644	854	4e-51	  191
155:scaffold3039396	cen16_tolC_contig_1196_contig_1197	83.18	214	30	5	46	256	635	845	4e-51	  191
156:scaffold3039396	cen16_tolC_contig_870_contig_871	83.18	214	30	5	46	256	644	854	4e-51	  191
157:scaffold3349956	cen07_tolC_contig_304_contig_305	88.84	251	26	2	1	250	361	112	3e-86	  307
158:scaffold3349956	cen07_tolC_contig_304_contig_305	88.84	251	26	2	1	250	361	112	3e-86	  307
159:scaffold3525035	cen17_tolC_contig_3098_contig_3099	100.00	244	0	0	1	244	338	95	1e-129	  451
160:scaffold3525035	cen17_tolC_contig_2832_contig_2833	100.00	244	0	0	1	244	338	95	1e-129	  451
161:scaffold3525035	cen17_tolC_contig_2608_contig_2609	100.00	244	0	0	1	244	338	95	1e-129	  451
162:scaffold3525035	cen17_tolC_contig_2376_contig_2377	100.00	244	0	0	1	244	338	95	1e-129	  451
163:scaffold3525035	cen17_tolC_contig_2170_contig_2171	100.00	244	0	0	1	244	338	95	1e-129	  451
164:scaffold3525035	cen17_tolC_contig_3098_contig_3099	100.00	244	0	0	1	244	338	95	1e-129	  451
165:scaffold3525035	cen17_tolC_contig_2832_contig_2833	100.00	244	0	0	1	244	338	95	1e-129	  451
166:scaffold3525035	cen17_tolC_contig_2608_contig_2609	100.00	244	0	0	1	244	338	95	1e-129	  451
167:scaffold3525035	cen17_tolC_contig_2376_contig_2377	100.00	244	0	0	1	244	338	95	1e-129	  451
168:scaffold3525035	cen17_tolC_contig_2170_contig_2171	100.00	244	0	0	1	244	338	95	1e-129	  451
169:scaffold3655790	cen17_tolC_contig_2376_contig_2377	89.13	230	17	7	16	241	301	526	7e-78	  279
170:scaffold3655790	cen17_tolC_contig_2376_contig_2377	89.13	230	17	7	16	241	301	526	7e-78	  279
171:scaffold3655790	cen17_tolC_contig_2608_contig_2609	82.17	230	33	7	16	241	301	526	3e-51	  191
172:scaffold3655790	cen17_tolC_contig_2608_contig_2609	82.17	230	33	7	16	241	301	526	3e-51	  191
173:scaffold3655790	cen17_tolC_contig_3350_contig_3351	80.72	223	43	0	19	241	130	352	3e-46	  174
174:scaffold3655790	cen17_tolC_contig_3350_contig_3351	80.72	223	43	0	19	241	130	352	3e-46	  174
175:scaffold3655790	cen16_tolC_contig_786_contig_787	81.11	217	37	4	4	218	127	341	4e-45	  171
176:scaffold3655790	cen16_tolC_contig_786_contig_787	81.11	217	37	4	4	218	127	341	4e-45	  171
177:scaffold3655790	cen16_tolC_contig_820_contig_821	80.73	218	36	6	4	218	127	341	2e-43	  165
178:scaffold3655790	cen16_tolC_contig_820_contig_821	80.73	218	36	6	4	218	127	341	2e-43	  165
179:scaffold3964110	cen03_tolC_contig_410_contig_411	78.47	209	41	4	23	229	219	425	6e-34	  134
180:scaffold3964110	cen03_tolC_contig_410_contig_411	78.47	209	41	4	23	229	219	425	6e-34	  134
181:scaffold3964110	cen07_tolC_contig_448_contig_449	79.77	173	33	2	59	230	222	393	3e-31	  124
182:scaffold3964110	cen07_tolC_contig_448_contig_449	79.77	173	33	2	59	230	222	393	3e-31	  124
183:scaffold4268333	cen16_tolC_contig_820_contig_821	84.09	176	22	4	2	174	134	306	2e-43	  165
184:scaffold4268333	cen16_tolC_contig_820_contig_821	84.09	176	22	4	2	174	134	306	2e-43	  165
185:scaffold4268333	cen16_tolC_contig_786_contig_787	83.72	172	22	4	2	170	134	302	3e-41	  158
186:scaffold4268333	cen16_tolC_contig_786_contig_787	83.72	172	22	4	2	170	134	302	3e-41	  158
187:scaffold4268333	cen15_tolC_contig_684_contig_685	80.37	214	34	8	11	220	128	337	1e-40	  156
188:scaffold4268333	cen15_tolC_contig_684_contig_685	80.37	214	34	8	11	220	128	337	1e-40	  156
189:scaffold4268333	cen16_tolC_contig_994_contig_995	84.38	160	21	4	13	170	136	293	4e-40	  154
190:scaffold4268333	cen16_tolC_contig_994_contig_995	84.38	160	21	4	13	170	136	293	4e-40	  154
191:scaffold4268333	cen17_tolC_contig_2376_contig_2377	77.91	163	30	5	11	170	305	464	7e-23	97.1
192:scaffold4268333	cen17_tolC_contig_2376_contig_2377	77.91	163	30	5	11	170	305	464	7e-23	97.1
193:scaffold4638918	cen06_tolC_contig_438_contig_439	87.01	177	21	2	1	176	628	803	2e-53	  198
194:scaffold4638918	cen06_tolC_contig_438_contig_439	87.01	177	21	2	1	176	628	803	2e-53	  198
195:scaffold4861478	cen03_tolC_contig_480_contig_481	86.03	136	19	0	1	136	261	126	6e-38	  147
196:scaffold4861478	cen03_tolC_contig_480_contig_481	86.03	136	19	0	1	136	261	126	6e-38	  147
197:scaffold4861478	cen16_tolC_contig_1334_contig_1335	80.33	183	36	0	5	187	242	60	1e-35	  139
198:scaffold4861478	cen16_tolC_contig_1334_contig_1335	80.33	183	36	0	5	187	242	60	1e-35	  139
199:scaffold4861478	cen03_tolC_contig_484_contig_485	79.41	136	28	0	1	136	258	123	6e-23	97.1
200:scaffold4861478	cen03_tolC_contig_484_contig_485	79.41	136	28	0	1	136	258	123	6e-23	97.1
