1:scaffold01682	cen05_tolC_contig_250_contig_251	100.00	585	0	0	11376	11960	585	1	0.0	 1081
2:scaffold01682	cen05_tolC_contig_250_contig_251	100.00	585	0	0	11376	11960	585	1	0.0	 1081
3:scaffold01682	cen07_tolC_contig_502_contig_503	99.83	585	1	0	11376	11960	585	1	0.0	 1075
4:scaffold01682	cen07_tolC_contig_502_contig_503	99.83	585	1	0	11376	11960	585	1	0.0	 1075
5:scaffold01682	cen03_tolC_contig_446_contig_447	99.66	585	2	0	11376	11960	585	1	0.0	 1070
6:scaffold01682	cen03_tolC_contig_446_contig_447	99.66	585	2	0	11376	11960	585	1	0.0	 1070
7:scaffold01682	cen04_tolC_contig_840_contig_841	97.26	585	16	0	11376	11960	585	1	0.0	  992
8:scaffold01682	cen04_tolC_contig_840_contig_841	97.26	585	16	0	11376	11960	585	1	0.0	  992
9:scaffold01682	cen06_tolC_contig_512_contig_513	95.86	531	22	0	11430	11960	531	1	0.0	  859
10:scaffold01682	cen06_tolC_contig_512_contig_513	95.86	531	22	0	11430	11960	531	1	0.0	  859
11:scaffold29152	cen07_tolC_contig_448_contig_449	100.00	462	0	0	2779	3240	1	462	0.0	  854
12:scaffold29152	cen07_tolC_contig_448_contig_449	100.00	462	0	0	2779	3240	1	462	0.0	  854
13:scaffold141696	cen03_tolC_contig_424_contig_425	85.64	557	77	3	805	1359	569	14	3e-168	  582
14:scaffold141696	cen03_tolC_contig_424_contig_425	85.64	557	77	3	805	1359	569	14	3e-168	  582
15:scaffold141696	cen03_tolC_contig_410_contig_411	78.99	376	75	4	988	1361	425	52	3e-69	  254
16:scaffold141696	cen03_tolC_contig_410_contig_411	78.99	376	75	4	988	1361	425	52	3e-69	  254
17:scaffold171849	cen04_tolC_contig_252_contig_253	83.53	431	67	4	100	528	28	456	3e-113	  399
18:scaffold171849	cen04_tolC_contig_252_contig_253	83.53	431	67	4	100	528	28	456	3e-113	  399
19:scaffold301376	cen16_tolC_contig_950_contig_951	99.74	382	1	0	1	382	225	606	0.0	  701
20:scaffold301376	cen16_tolC_contig_950_contig_951	99.74	382	1	0	1	382	225	606	0.0	  701
21:scaffold301376	cen16_tolC_contig_928_contig_929	86.73	309	41	0	1	309	225	533	1e-96	  344
22:scaffold301376	cen16_tolC_contig_928_contig_929	86.73	309	41	0	1	309	225	533	1e-96	  344
23:scaffold301376	cen16_tolC_contig_932_contig_933	90.72	237	22	0	1	237	225	461	2e-88	  316
24:scaffold301376	cen16_tolC_contig_932_contig_933	90.72	237	22	0	1	237	225	461	2e-88	  316
25:scaffold301376	cen05_tolC_contig_236_contig_237	78.25	354	67	7	1	349	90	438	6e-59	  219
26:scaffold301376	cen05_tolC_contig_236_contig_237	78.25	354	67	7	1	349	90	438	6e-59	  219
27:scaffold895978	cen06_tolC_contig_470_contig_471	81.09	201	34	4	1	199	207	9	8e-41	  158
28:scaffold895978	cen06_tolC_contig_470_contig_471	81.09	201	34	4	1	199	207	9	8e-41	  158
29:scaffold969930	cen16_tolC_contig_950_contig_951	97.25	182	5	0	317	498	1	182	2e-86	  309
30:scaffold969930	cen16_tolC_contig_932_contig_933	97.25	182	5	0	317	498	1	182	2e-86	  309
31:scaffold969930	cen16_tolC_contig_928_contig_929	97.25	182	5	0	317	498	1	182	2e-86	  309
32:scaffold969930	cen16_tolC_contig_950_contig_951	97.25	182	5	0	317	498	1	182	2e-86	  309
33:scaffold969930	cen16_tolC_contig_932_contig_933	97.25	182	5	0	317	498	1	182	2e-86	  309
34:scaffold969930	cen16_tolC_contig_928_contig_929	97.25	182	5	0	317	498	1	182	2e-86	  309
35:scaffold975187	cen05_tolC_contig_238_contig_239	83.98	231	27	8	271	496	554	329	2e-57	  213
36:scaffold975187	cen05_tolC_contig_238_contig_239	83.98	231	27	8	271	496	554	329	2e-57	  213
37:scaffold1588427	cen07_tolC_contig_304_contig_305	97.06	306	9	0	1	306	151	456	8e-149	  516
38:scaffold1588427	cen07_tolC_contig_304_contig_305	97.06	306	9	0	1	306	151	456	8e-149	  516
39:scaffold1863810	cen07_tolC_contig_304_contig_305	100.00	338	0	0	1	338	338	1	0.0	  625
40:scaffold1863810	cen07_tolC_contig_304_contig_305	100.00	338	0	0	1	338	338	1	0.0	  625
41:scaffold2157460	cen03_tolC_contig_484_contig_485	90.95	221	20	0	83	303	596	376	3e-83	  298
42:scaffold2157460	cen03_tolC_contig_484_contig_485	90.95	221	20	0	83	303	596	376	3e-83	  298
43:scaffold3603289	cen17_tolC_contig_3928_contig_3929	78.39	236	39	12	5	234	31	260	9e-37	  143
44:scaffold3603289	cen17_tolC_contig_3928_contig_3929	78.39	236	39	12	5	234	31	260	9e-37	  143
45:scaffold3603289	cen16_tolC_contig_994_contig_995	83.44	157	20	6	85	237	100	254	3e-36	  141
46:scaffold3603289	cen16_tolC_contig_994_contig_995	83.44	157	20	6	85	237	100	254	3e-36	  141
47:scaffold3603289	cen16_tolC_contig_1208_contig_1209	87.10	124	14	2	116	238	142	264	1e-35	  139
48:scaffold3603289	cen16_tolC_contig_1208_contig_1209	87.10	124	14	2	116	238	142	264	1e-35	  139
49:scaffold3603289	cen16_tolC_contig_1282_contig_1283	83.44	151	20	5	91	238	107	255	2e-34	  135
50:scaffold3603289	cen16_tolC_contig_1282_contig_1283	83.44	151	20	5	91	238	107	255	2e-34	  135
51:scaffold3603289	cen16_tolC_contig_820_contig_821	84.55	123	17	2	116	237	142	263	4e-30	  121
52:scaffold3603289	cen16_tolC_contig_786_contig_787	84.55	123	17	2	116	237	142	263	4e-30	  121
