1:scaffold05929	cen15_tolC_contig_684_contig_685	80.08	246	43	6	2342	2584	91	333	8e-46	  178
2:scaffold05929	cen15_tolC_contig_684_contig_685	80.08	246	43	6	2342	2584	91	333	8e-46	  178
3:scaffold59082	cen07_tolC_contig_502_contig_503	83.33	144	24	0	2080	2223	25	168	6e-33	  134
4:scaffold59082	cen05_tolC_contig_250_contig_251	83.33	144	24	0	2080	2223	25	168	6e-33	  134
5:scaffold59082	cen03_tolC_contig_446_contig_447	83.33	144	24	0	2080	2223	25	168	6e-33	  134
6:scaffold59082	cen07_tolC_contig_502_contig_503	83.33	144	24	0	2080	2223	25	168	6e-33	  134
7:scaffold59082	cen05_tolC_contig_250_contig_251	83.33	144	24	0	2080	2223	25	168	6e-33	  134
8:scaffold59082	cen03_tolC_contig_446_contig_447	83.33	144	24	0	2080	2223	25	168	6e-33	  134
9:scaffold59399	cen03_tolC_contig_424_contig_425	85.08	563	84	0	950	1512	563	1	8e-166	  575
10:scaffold59399	cen03_tolC_contig_424_contig_425	85.08	563	84	0	950	1512	563	1	8e-166	  575
11:scaffold59399	cen05_tolC_contig_238_contig_239	82.97	552	92	2	950	1500	563	13	2e-142	  497
12:scaffold59399	cen05_tolC_contig_238_contig_239	82.97	552	92	2	950	1500	563	13	2e-142	  497
13:scaffold59399	cen06_tolC_contig_512_contig_513	81.19	489	92	0	994	1482	531	43	2e-111	  394
14:scaffold59399	cen06_tolC_contig_512_contig_513	81.19	489	92	0	994	1482	531	43	2e-111	  394
15:scaffold99420	cen04_tolC_contig_840_contig_841	98.46	324	5	0	1	324	326	3	8e-165	  571
16:scaffold99420	cen04_tolC_contig_840_contig_841	98.46	324	5	0	1	324	326	3	8e-165	  571
17:scaffold99420	cen06_tolC_contig_512_contig_513	97.22	324	9	0	1	324	326	3	4e-158	  549
18:scaffold99420	cen06_tolC_contig_512_contig_513	97.22	324	9	0	1	324	326	3	4e-158	  549
19:scaffold99420	cen07_tolC_contig_502_contig_503	96.30	324	12	0	1	324	326	3	4e-153	  532
20:scaffold99420	cen07_tolC_contig_502_contig_503	96.30	324	12	0	1	324	326	3	4e-153	  532
21:scaffold99420	cen05_tolC_contig_250_contig_251	95.99	324	13	0	1	324	326	3	2e-151	  527
22:scaffold99420	cen03_tolC_contig_446_contig_447	95.99	324	13	0	1	324	326	3	2e-151	  527
23:scaffold99420	cen05_tolC_contig_250_contig_251	95.99	324	13	0	1	324	326	3	2e-151	  527
24:scaffold99420	cen03_tolC_contig_446_contig_447	95.99	324	13	0	1	324	326	3	2e-151	  527
25:scaffold141050	cen04_tolC_contig_252_contig_253	95.39	152	7	0	1	152	152	1	6e-66	  243
26:scaffold141050	cen04_tolC_contig_252_contig_253	95.39	152	7	0	1	152	152	1	6e-66	  243
27:scaffold141050	cen04_tolC_contig_236_contig_237	94.08	152	9	0	1	152	152	1	1e-62	  231
28:scaffold141050	cen04_tolC_contig_236_contig_237	94.08	152	9	0	1	152	152	1	1e-62	  231
29:scaffold194851	cen04_tolC_contig_236_contig_237	99.49	395	2	0	816	1210	456	62	0.0	  719
30:scaffold194851	cen04_tolC_contig_236_contig_237	99.49	395	2	0	816	1210	456	62	0.0	  719
31:scaffold194851	cen04_tolC_contig_252_contig_253	91.41	396	32	2	816	1210	456	62	4e-156	  542
32:scaffold194851	cen04_tolC_contig_252_contig_253	91.41	396	32	2	816	1210	456	62	4e-156	  542
33:scaffold201986	cen03_tolC_contig_446_contig_447	82.78	546	92	2	12	556	41	585	2e-139	  486
34:scaffold201986	cen03_tolC_contig_446_contig_447	82.78	546	92	2	12	556	41	585	2e-139	  486
35:scaffold201986	cen05_tolC_contig_250_contig_251	82.42	546	94	2	12	556	41	585	4e-136	  475
36:scaffold201986	cen05_tolC_contig_250_contig_251	82.42	546	94	2	12	556	41	585	4e-136	  475
37:scaffold201986	cen07_tolC_contig_502_contig_503	82.23	546	95	2	12	556	41	585	2e-134	  470
38:scaffold201986	cen07_tolC_contig_502_contig_503	82.23	546	95	2	12	556	41	585	2e-134	  470
39:scaffold201986	cen04_tolC_contig_840_contig_841	81.83	545	99	0	12	556	41	585	4e-131	  459
40:scaffold201986	cen04_tolC_contig_840_contig_841	81.83	545	99	0	12	556	41	585	4e-131	  459
41:scaffold201986	cen03_tolC_contig_424_contig_425	80.66	548	98	7	13	556	30	573	7e-119	  418
42:scaffold201986	cen03_tolC_contig_424_contig_425	80.66	548	98	7	13	556	30	573	7e-119	  418
43:scaffold369323	cen06_tolC_contig_470_contig_471	76.00	475	108	6	68	539	9	480	1e-65	  241
44:scaffold369323	cen06_tolC_contig_470_contig_471	76.00	475	108	6	68	539	9	480	1e-65	  241
45:scaffold608880	cen06_tolC_contig_512_contig_513	99.62	529	2	0	135	663	531	3	0.0	  966
46:scaffold608880	cen04_tolC_contig_840_contig_841	96.57	583	20	0	81	663	585	3	0.0	  966
47:scaffold608880	cen06_tolC_contig_512_contig_513	99.62	529	2	0	135	663	531	3	0.0	  966
48:scaffold608880	cen04_tolC_contig_840_contig_841	96.57	583	20	0	81	663	585	3	0.0	  966
49:scaffold608880	cen07_tolC_contig_502_contig_503	96.05	583	23	0	81	663	585	3	0.0	  950
50:scaffold608880	cen07_tolC_contig_502_contig_503	96.05	583	23	0	81	663	585	3	0.0	  950
51:scaffold608880	cen05_tolC_contig_250_contig_251	95.88	583	24	0	81	663	585	3	0.0	  944
52:scaffold608880	cen03_tolC_contig_446_contig_447	95.88	583	24	0	81	663	585	3	0.0	  944
53:scaffold608880	cen05_tolC_contig_250_contig_251	95.88	583	24	0	81	663	585	3	0.0	  944
54:scaffold608880	cen03_tolC_contig_446_contig_447	95.88	583	24	0	81	663	585	3	0.0	  944
55:scaffold805082	cen05_tolC_contig_238_contig_239	90.31	423	33	6	1	419	136	554	4e-158	  547
56:scaffold805082	cen05_tolC_contig_238_contig_239	90.31	423	33	6	1	419	136	554	4e-158	  547
57:scaffold805082	cen05_tolC_contig_236_contig_237	86.01	429	58	2	1	428	7	434	2e-131	  459
58:scaffold805082	cen05_tolC_contig_236_contig_237	86.01	429	58	2	1	428	7	434	2e-131	  459
59:scaffold805082	cen03_tolC_contig_446_contig_447	82.87	432	72	2	1	431	148	578	1e-109	  387
60:scaffold805082	cen03_tolC_contig_446_contig_447	82.87	432	72	2	1	431	148	578	1e-109	  387
61:scaffold805082	cen04_tolC_contig_840_contig_841	81.71	432	77	2	1	431	148	578	2e-101	  359
62:scaffold805082	cen04_tolC_contig_840_contig_841	81.71	432	77	2	1	431	148	578	2e-101	  359
63:scaffold805082	cen03_tolC_contig_424_contig_425	80.00	420	84	0	10	429	145	564	6e-87	  311
64:scaffold805082	cen03_tolC_contig_424_contig_425	80.00	420	84	0	10	429	145	564	6e-87	  311
65:scaffold997763	cen03_tolC_contig_424_contig_425	73.50	366	83	11	62	420	214	572	2e-31	  126
66:scaffold997763	cen03_tolC_contig_424_contig_425	73.50	366	83	11	62	420	214	572	2e-31	  126
67:scaffold997763	cen16_tolC_contig_932_contig_933	74.32	222	53	4	45	264	203	422	8e-21	91.6
68:scaffold997763	cen16_tolC_contig_932_contig_933	74.32	222	53	4	45	264	203	422	8e-21	91.6
69:scaffold1003158	cen04_tolC_contig_252_contig_253	99.10	446	4	0	66	511	456	11	0.0	  802
70:scaffold1003158	cen04_tolC_contig_252_contig_253	99.10	446	4	0	66	511	456	11	0.0	  802
71:scaffold1003158	cen04_tolC_contig_236_contig_237	92.39	447	32	2	66	511	456	11	0.0	  636
72:scaffold1003158	cen04_tolC_contig_236_contig_237	92.39	447	32	2	66	511	456	11	0.0	  636
73:scaffold1122648	cen16_tolC_contig_1334_contig_1335	78.79	330	54	16	58	379	57	378	7e-56	  207
74:scaffold1122648	cen16_tolC_contig_1334_contig_1335	78.79	330	54	16	58	379	57	378	7e-56	  207
75:scaffold1346681	cen07_tolC_contig_304_contig_305	96.60	294	10	0	1	294	163	456	2e-140	  488
76:scaffold1346681	cen07_tolC_contig_304_contig_305	96.60	294	10	0	1	294	163	456	2e-140	  488
77:scaffold1856228	cen06_tolC_contig_512_contig_513	98.51	201	3	0	1	201	201	1	2e-100	  355
78:scaffold1856228	cen06_tolC_contig_512_contig_513	98.51	201	3	0	1	201	201	1	2e-100	  355
79:scaffold1856228	cen04_tolC_contig_840_contig_841	97.01	201	6	0	1	201	201	1	2e-95	  339
80:scaffold1856228	cen04_tolC_contig_840_contig_841	97.01	201	6	0	1	201	201	1	2e-95	  339
81:scaffold1856228	cen07_tolC_contig_502_contig_503	95.52	201	9	0	1	201	201	1	2e-90	  322
82:scaffold1856228	cen05_tolC_contig_250_contig_251	95.52	201	9	0	1	201	201	1	2e-90	  322
83:scaffold1856228	cen03_tolC_contig_446_contig_447	95.52	201	9	0	1	201	201	1	2e-90	  322
84:scaffold1856228	cen07_tolC_contig_502_contig_503	95.52	201	9	0	1	201	201	1	2e-90	  322
85:scaffold1856228	cen05_tolC_contig_250_contig_251	95.52	201	9	0	1	201	201	1	2e-90	  322
86:scaffold1856228	cen03_tolC_contig_446_contig_447	95.52	201	9	0	1	201	201	1	2e-90	  322
87:scaffold2250469	cen03_tolC_contig_424_contig_425	85.90	312	42	2	4	314	259	569	3e-93	  331
88:scaffold2250469	cen03_tolC_contig_424_contig_425	85.90	312	42	2	4	314	259	569	3e-93	  331
89:scaffold2465992	cen04_tolC_contig_840_contig_841	85.06	308	46	0	1	308	404	97	3e-88	  315
90:scaffold2465992	cen04_tolC_contig_840_contig_841	85.06	308	46	0	1	308	404	97	3e-88	  315
91:scaffold2465992	cen03_tolC_contig_446_contig_447	84.74	308	47	0	1	308	404	97	1e-86	  309
92:scaffold2465992	cen03_tolC_contig_446_contig_447	84.74	308	47	0	1	308	404	97	1e-86	  309
93:scaffold2465992	cen07_tolC_contig_502_contig_503	84.42	308	48	0	1	308	404	97	6e-85	  303
94:scaffold2465992	cen07_tolC_contig_502_contig_503	84.42	308	48	0	1	308	404	97	6e-85	  303
95:scaffold2465992	cen06_tolC_contig_512_contig_513	84.09	308	49	0	1	308	404	97	3e-83	  298
96:scaffold2465992	cen05_tolC_contig_250_contig_251	84.09	308	49	0	1	308	404	97	3e-83	  298
97:scaffold2465992	cen06_tolC_contig_512_contig_513	84.09	308	49	0	1	308	404	97	3e-83	  298
98:scaffold2465992	cen05_tolC_contig_250_contig_251	84.09	308	49	0	1	308	404	97	3e-83	  298
99:scaffold2468735	cen03_tolC_contig_410_contig_411	84.81	316	48	0	1	316	171	486	2e-89	  318
100:scaffold2468735	cen03_tolC_contig_410_contig_411	84.81	316	48	0	1	316	171	486	2e-89	  318
101:scaffold3008093	cen04_tolC_contig_840_contig_841	85.71	238	34	0	1	238	347	584	2e-69	  252
102:scaffold3008093	cen03_tolC_contig_446_contig_447	85.71	238	34	0	1	238	347	584	2e-69	  252
103:scaffold3008093	cen04_tolC_contig_840_contig_841	85.71	238	34	0	1	238	347	584	2e-69	  252
104:scaffold3008093	cen03_tolC_contig_446_contig_447	85.71	238	34	0	1	238	347	584	2e-69	  252
105:scaffold3008093	cen05_tolC_contig_238_contig_239	84.72	229	35	0	11	239	345	573	8e-63	  230
106:scaffold3008093	cen05_tolC_contig_238_contig_239	84.72	229	35	0	11	239	345	573	8e-63	  230
107:scaffold3008093	cen05_tolC_contig_236_contig_237	81.54	260	48	0	1	260	206	465	2e-58	  215
108:scaffold3008093	cen05_tolC_contig_236_contig_237	81.54	260	48	0	1	260	206	465	2e-58	  215
109:scaffold4168409	cen17_tolC_contig_2832_contig_2833	83.04	112	19	0	78	189	480	369	2e-24	  102
110:scaffold4168409	cen17_tolC_contig_2832_contig_2833	83.04	112	19	0	78	189	480	369	2e-24	  102
111:scaffold4168409	cen17_tolC_contig_4938_contig_4939	78.67	150	28	4	95	242	301	154	8e-23	97.1
112:scaffold4168409	cen17_tolC_contig_2608_contig_2609	82.14	112	20	0	78	189	480	369	8e-23	97.1
113:scaffold4168409	cen17_tolC_contig_4938_contig_4939	78.67	150	28	4	95	242	301	154	8e-23	97.1
114:scaffold4168409	cen17_tolC_contig_2608_contig_2609	82.14	112	20	0	78	189	480	369	8e-23	97.1
115:scaffold4168409	cen17_tolC_contig_5044_contig_5045	84.00	100	15	1	95	194	241	143	3e-22	95.3
116:scaffold4168409	cen17_tolC_contig_5044_contig_5045	84.00	100	15	1	95	194	241	143	3e-22	95.3
117:scaffold4168409	cen17_tolC_contig_2170_contig_2171	84.21	95	15	0	95	189	463	369	1e-21	93.5
118:scaffold4168409	cen17_tolC_contig_2170_contig_2171	84.21	95	15	0	95	189	463	369	1e-21	93.5
119:scaffold4567501	cen03_tolC_contig_410_contig_411	98.71	232	3	0	1	232	373	142	6e-118	  412
120:scaffold4567501	cen03_tolC_contig_410_contig_411	98.71	232	3	0	1	232	373	142	6e-118	  412
121:scaffold4921983	cen03_tolC_contig_424_contig_425	85.59	222	30	2	4	224	259	479	2e-63	  231
122:scaffold4921983	cen03_tolC_contig_424_contig_425	85.59	222	30	2	4	224	259	479	2e-63	  231
