1:scaffold26365	cen03_tolC_contig_424_contig_425	85.64	557	77	3	1672	2226	569	14	8e-168	  582
2:scaffold26365	cen03_tolC_contig_424_contig_425	85.64	557	77	3	1672	2226	569	14	8e-168	  582
3:scaffold26365	cen03_tolC_contig_410_contig_411	78.99	376	75	4	1855	2228	425	52	7e-69	  254
4:scaffold26365	cen03_tolC_contig_410_contig_411	78.99	376	75	4	1855	2228	425	52	7e-69	  254
5:scaffold267053	cen06_tolC_contig_438_contig_439	100.00	752	0	0	229	980	804	53	0.0	 1389
6:scaffold267053	cen06_tolC_contig_438_contig_439	100.00	752	0	0	229	980	804	53	0.0	 1389
7:scaffold267053	cen16_tolC_contig_1282_contig_1283	84.20	753	117	2	229	980	1041	290	0.0	  730
8:scaffold267053	cen16_tolC_contig_1208_contig_1209	84.20	753	117	2	229	980	1050	299	0.0	  730
9:scaffold267053	cen16_tolC_contig_1196_contig_1197	84.20	753	117	2	229	980	1041	290	0.0	  730
10:scaffold267053	cen16_tolC_contig_870_contig_871	84.20	753	117	2	229	980	1050	299	0.0	  730
11:scaffold267053	cen16_tolC_contig_1282_contig_1283	84.20	753	117	2	229	980	1041	290	0.0	  730
12:scaffold267053	cen16_tolC_contig_1208_contig_1209	84.20	753	117	2	229	980	1050	299	0.0	  730
13:scaffold267053	cen16_tolC_contig_1196_contig_1197	84.20	753	117	2	229	980	1041	290	0.0	  730
14:scaffold267053	cen16_tolC_contig_870_contig_871	84.20	753	117	2	229	980	1050	299	0.0	  730
15:scaffold349599	cen06_tolC_contig_512_contig_513	100.00	512	0	0	1	512	512	1	0.0	  946
16:scaffold349599	cen06_tolC_contig_512_contig_513	100.00	512	0	0	1	512	512	1	0.0	  946
17:scaffold349599	cen04_tolC_contig_840_contig_841	96.48	512	18	0	1	512	512	1	0.0	  846
18:scaffold349599	cen04_tolC_contig_840_contig_841	96.48	512	18	0	1	512	512	1	0.0	  846
19:scaffold349599	cen07_tolC_contig_502_contig_503	96.29	512	19	0	1	512	512	1	0.0	  841
20:scaffold349599	cen07_tolC_contig_502_contig_503	96.29	512	19	0	1	512	512	1	0.0	  841
21:scaffold349599	cen05_tolC_contig_250_contig_251	96.09	512	20	0	1	512	512	1	0.0	  835
22:scaffold349599	cen03_tolC_contig_446_contig_447	96.09	512	20	0	1	512	512	1	0.0	  835
23:scaffold349599	cen05_tolC_contig_250_contig_251	96.09	512	20	0	1	512	512	1	0.0	  835
24:scaffold349599	cen03_tolC_contig_446_contig_447	96.09	512	20	0	1	512	512	1	0.0	  835
25:scaffold418090	cen06_tolC_contig_470_contig_471	100.00	573	0	0	15	587	573	1	0.0	 1059
26:scaffold418090	cen06_tolC_contig_470_contig_471	100.00	573	0	0	15	587	573	1	0.0	 1059
27:scaffold499064	cen16_tolC_contig_766_contig_767	99.82	552	1	0	45	596	552	1	0.0	 1014
28:scaffold499064	cen16_tolC_contig_766_contig_767	99.82	552	1	0	45	596	552	1	0.0	 1014
29:scaffold499064	cen06_tolC_contig_372_contig_373	100.00	465	0	0	132	596	465	1	0.0	  859
30:scaffold499064	cen06_tolC_contig_372_contig_373	100.00	465	0	0	132	596	465	1	0.0	  859
31:scaffold729371	cen05_tolC_contig_308_contig_309	84.33	134	21	0	430	563	606	473	5e-33	  132
32:scaffold729371	cen05_tolC_contig_308_contig_309	84.33	134	21	0	430	563	606	473	5e-33	  132
33:scaffold2668372	cen03_tolC_contig_480_contig_481	77.90	181	38	2	49	228	305	126	3e-27	  111
34:scaffold2668372	cen03_tolC_contig_480_contig_481	77.90	181	38	2	49	228	305	126	3e-27	  111
35:scaffold2686490	cen17_tolC_contig_4008_contig_4009	84.34	249	29	8	13	256	314	71	2e-64	  235
36:scaffold2686490	cen17_tolC_contig_4008_contig_4009	84.34	249	29	8	13	256	314	71	2e-64	  235
37:scaffold2919697	cen16_tolC_contig_928_contig_929	87.84	255	31	0	1	255	38	292	6e-84	  300
38:scaffold2919697	cen16_tolC_contig_928_contig_929	87.84	255	31	0	1	255	38	292	6e-84	  300
39:scaffold2919697	cen16_tolC_contig_950_contig_951	87.60	250	31	0	1	250	38	287	3e-81	  291
40:scaffold2919697	cen16_tolC_contig_950_contig_951	87.60	250	31	0	1	250	38	287	3e-81	  291
41:scaffold2919697	cen16_tolC_contig_932_contig_933	86.40	250	34	0	1	250	38	287	3e-76	  274
42:scaffold2919697	cen16_tolC_contig_932_contig_933	86.40	250	34	0	1	250	38	287	3e-76	  274
43:scaffold2933227	cen07_tolC_contig_448_contig_449	82.01	189	32	2	60	247	1	188	1e-41	  159
44:scaffold2933227	cen07_tolC_contig_448_contig_449	82.01	189	32	2	60	247	1	188	1e-41	  159
45:scaffold2933227	cen03_tolC_contig_424_contig_425	83.70	135	20	2	96	229	31	164	1e-31	  126
46:scaffold2933227	cen03_tolC_contig_424_contig_425	83.70	135	20	2	96	229	31	164	1e-31	  126
47:scaffold3934628	cen07_tolC_contig_448_contig_449	88.33	180	19	2	1	179	179	1	2e-58	  215
48:scaffold3934628	cen07_tolC_contig_448_contig_449	88.33	180	19	2	1	179	179	1	2e-58	  215
49:scaffold4089413	cen03_tolC_contig_424_contig_425	77.86	140	31	0	72	211	572	433	4e-20	87.9
50:scaffold4089413	cen03_tolC_contig_424_contig_425	77.86	140	31	0	72	211	572	433	4e-20	87.9
