	OTU_01	OTU_02	OTU_03	OTU_04	OTU_05	OTU_06	OTU_07	OTU_08	OTU_09	OTU_10	OTU_11	OTU_12	OTU_13	OTU_14	OTU_15	OTU_16	OTU_17	OTU_18	OTU_19	OTU_20	OTU_21	OTU_22	OTU_23 
Cen15	0	6	0	0	0	0	0	0	0	0	0	0	0	0	0	0	0	0	0	0	0	0	0
Cen16	0	4	5	2	4	0	5	3	0	2	0	0	0	0	0	0	0	0	0	0	0	0	0
Cen05	4	0	1	2	0	0	0	0	0	0	0	0	3	0	0	0	0	4	5	0	0	3	0
Cen06	2	0	0	0	0	1	0	0	4	0	0	0	0	2	3	3	0	0	0	0	0	0	0
Cen07	0	0	0	6	0	0	0	0	0	0	3	0	0	0	0	0	0	0	0	0	0	0	0
Cen01	0	0	0	0	0	0	0	0	0	0	0	5	0	0	0	0	3	0	0	0	0	0	0
Cen10	0	0	0	0	0	0	0	0	0	0	0	0	0	0	0	0	0	0	0	0	2	0	0
Cen03	0	0	0	0	0	0	0	0	0	0	0	0	0	0	0	0	0	0	0	2	0	0	0
Cen12	0	7	0	0	0	0	0	0	0	0	0	0	0	0	0	0	0	0	0	0	0	0	2
