	OTU_01	OTU_02	OTU_03	OTU_04	OTU_05	OTU_06	OTU_07	OTU_08	OTU_09	OTU_10	OTU_11	OTU_12	OTU_13	OTU_14	OTU_15	OTU_16	OTU_17	OTU_18	OTU_19	OTU_20	OTU_21	OTU_22	OTU_23	OTU_24	OTU_25	OTU_26	OTU_27 
cen06	0	0	0	0	0	0	2	2	3	0	0	3	0	0	4	0	0	0	1	0	0	0	0	0	0	0	0
cen07	6	0	0	0	0	0	0	0	0	3	0	0	0	0	0	0	0	0	0	0	0	0	0	0	0	0	0
cen15	0	0	0	0	0	0	0	0	0	0	0	0	0	0	0	0	0	0	0	0	0	0	0	0	6	0	0
cen05	2	1	0	4	0	0	0	0	0	0	0	0	3	0	0	4	0	0	0	0	3	0	0	0	0	5	0
cen16	2	5	0	0	0	3	0	0	0	0	0	0	0	0	0	0	0	2	0	4	0	0	0	4	0	0	5
cen10	0	0	0	0	0	0	0	0	0	0	0	0	0	0	0	0	0	0	0	0	0	2	0	0	0	0	0
cen03	0	0	0	0	0	0	0	0	0	0	2	0	0	0	0	0	0	0	0	0	0	0	0	0	0	0	0
cen01	0	0	0	0	0	0	0	0	0	0	0	0	0	3	0	0	0	0	0	0	0	0	5	0	0	0	0
cen12	0	0	3	0	2	0	0	0	0	0	0	0	0	0	0	0	3	0	0	0	0	0	0	0	0	0	0
