	OTU_01	OTU_02	OTU_03	OTU_04	OTU_05	OTU_06	OTU_07	OTU_08	OTU_09	OTU_10	OTU_11	OTU_12	OTU_13	OTU_14	OTU_15	OTU_16	OTU_17	OTU_18	OTU_19	OTU_20	OTU_21	OTU_22	OTU_23	OTU_24	OTU_25	OTU_26	OTU_27	OTU_28	OTU_29	OTU_30	OTU_31	OTU_32	OTU_33	OTU_34	OTU_35	OTU_36	OTU_37	OTU_38	OTU_39	OTU_40	OTU_41	OTU_42 
cen06	0	0	0	0	0	0	0	5	1	0	0	0	0	0	0	0	0	0	0	0	3	0	0	0	0	2	0	0	0	0	0	0	0	0	0	0	0	0	0	0	0	0
cen17	0	0	2	0	0	1	2	0	0	0	1	0	0	0	0	3	6	0	0	0	0	0	0	1	0	0	0	0	0	0	0	0	0	0	0	0	0	0	0	4	1	0
cen07	0	0	0	0	0	0	0	7	0	0	0	0	0	0	6	0	0	0	0	0	0	0	0	0	0	0	0	0	0	0	0	2	0	0	0	0	0	0	0	0	0	0
cen04	0	0	0	0	0	0	0	4	0	0	0	8	0	0	0	0	0	0	0	0	0	0	0	0	0	0	0	0	0	0	0	0	0	0	0	0	0	0	0	0	0	0
cen15	0	0	0	0	0	0	0	0	0	0	0	0	0	1	0	0	0	0	0	0	0	0	0	0	0	0	0	0	0	0	0	0	0	0	0	0	0	0	0	0	0	0
cen05	0	0	0	0	0	0	0	5	0	0	0	0	0	0	0	0	0	0	0	0	0	0	0	0	0	0	0	0	0	0	2	0	0	7	0	0	0	2	0	0	0	0
cen16	0	7	0	0	12	0	0	0	12	0	0	0	10	0	0	0	0	0	0	4	0	2	0	0	7	0	1	2	0	0	0	0	0	0	0	0	4	0	0	0	0	0
cen13	8	0	0	19	0	0	0	0	0	4	0	0	0	0	0	0	0	3	4	0	0	0	15	0	0	0	0	0	0	2	0	0	0	0	0	0	0	0	11	0	0	18
cen03	0	0	0	0	0	0	0	4	0	0	0	0	0	0	0	0	0	0	0	0	0	0	0	0	0	0	0	0	3	0	0	0	2	0	5	6	0	0	0	0	0	0
