	OTU_001	OTU_002	OTU_003	OTU_004	OTU_005	OTU_006	OTU_007	OTU_008	OTU_009	OTU_010	OTU_011	OTU_012	OTU_013	OTU_014	OTU_015	OTU_016	OTU_017	OTU_018	OTU_019	OTU_020	OTU_021	OTU_022	OTU_023	OTU_024	OTU_025	OTU_026	OTU_027	OTU_028	OTU_029	OTU_030	OTU_031	OTU_032	OTU_033	OTU_034	OTU_035	OTU_036	OTU_037	OTU_038	OTU_039	OTU_040	OTU_041	OTU_042	OTU_043	OTU_044	OTU_045	OTU_046	OTU_047	OTU_048	OTU_049	OTU_050	OTU_051	OTU_052	OTU_053	OTU_054	OTU_055	OTU_056	OTU_057	OTU_058	OTU_059	OTU_060	OTU_061	OTU_062	OTU_063	OTU_064	OTU_065	OTU_066	OTU_067	OTU_068	OTU_069	OTU_070	OTU_071	OTU_072	OTU_073	OTU_074	OTU_075	OTU_076	OTU_077	OTU_078	OTU_079	OTU_080	OTU_081	OTU_082	OTU_083	OTU_084	OTU_085	OTU_086	OTU_087	OTU_088	OTU_089	OTU_090	OTU_091	OTU_092	OTU_093	OTU_094	OTU_095	OTU_096	OTU_097	OTU_098	OTU_099	OTU_100	OTU_101	OTU_102	OTU_103	OTU_104	OTU_105	OTU_106	OTU_107	OTU_108	OTU_109	OTU_110	OTU_111	OTU_112	OTU_113	OTU_114	OTU_115	OTU_116	OTU_117	OTU_118	OTU_119	OTU_120	OTU_121	OTU_122	OTU_123	OTU_124	OTU_125	OTU_126	OTU_127	OTU_128	OTU_129	OTU_130	OTU_131	OTU_132	OTU_133	OTU_134	OTU_135	OTU_136	OTU_137	OTU_138	OTU_139	OTU_140	OTU_141	OTU_142	OTU_143	OTU_144	OTU_145	OTU_146	OTU_147	OTU_148	OTU_149	OTU_150	OTU_151	OTU_152	OTU_153	OTU_154	OTU_155	OTU_156	OTU_157	OTU_158	OTU_159	OTU_160	OTU_161	OTU_162	OTU_163	OTU_164	OTU_165	OTU_166	OTU_167	OTU_168	OTU_169	OTU_170	OTU_171	OTU_172	OTU_173	OTU_174	OTU_175	OTU_176 
Cen17	0	0	0	0	1	0	0	0	0	0	0	0	0	0	0	0	0	0	0	0	0	0	0	0	0	0	0	0	0	0	0	0	0	0	0	0	0	0	0	0	0	0	0	0	0	0	0	0	0	0	0	0	0	0	0	0	0	0	2	0	0	0	0	0	0	0	0	0	0	0	0	0	0	0	0	0	0	0	0	0	0	0	0	0	0	0	0	0	0	0	0	0	0	0	0	0	0	0	0	0	0	0	0	0	0	0	0	0	0	0	0	0	0	0	0	0	0	0	0	0	0	0	0	0	0	4	0	0	0	0	0	0	0	1	0	0	0	0	0	0	0	0	0	0	1	0	0	0	0	0	0	0	0	0	0	0	0	0	0	0	0	0	0	0	0	0	0	0	0	0	0	0	0	0	0	0
Cen15	0	0	2	0	0	15	0	0	0	14	0	0	0	5	17	0	2	0	0	10	16	11	3	2	0	0	0	0	0	0	0	0	0	4	0	0	0	0	0	0	0	0	0	0	3	40	0	0	0	0	1	0	0	2	0	0	8	0	0	0	26	0	0	0	0	0	0	0	0	0	0	0	0	0	0	0	0	0	0	0	0	0	0	0	0	0	0	0	0	0	0	0	0	0	0	0	0	0	0	0	0	0	0	0	0	0	0	0	0	0	0	0	0	0	0	0	0	0	0	0	0	0	0	0	0	0	0	0	0	0	0	0	0	0	0	0	0	0	0	0	0	0	0	0	0	0	0	0	0	0	0	0	0	0	0	0	0	0	0	0	0	0	0	0	0	0	0	0	0	0	0	0	0	0	0	0
Cen16	0	0	14	0	3	0	0	0	0	4	3	0	0	6	0	6	0	0	3	3	0	0	4	18	4	5	12	3	0	0	9	0	5	16	0	0	0	0	0	0	1	3	2	0	0	0	0	15	2	0	0	0	0	5	0	0	0	0	0	116	2	34	0	0	0	0	3	0	11	0	0	0	0	1	0	0	0	0	0	2	0	0	0	11	11	0	0	3	0	0	0	0	1	0	6	0	6	0	0	31	0	9	5	0	0	20	0	0	0	0	0	2	3	0	2	1	0	0	2	0	0	0	3	0	0	0	0	0	0	0	0	0	0	0	0	0	0	9	0	0	0	3	0	0	0	0	19	0	2	0	0	0	0	2	0	0	0	0	0	0	0	3	0	0	0	0	0	12	3	0	15	0	0	0	0	0
Cen04	4	0	0	0	0	0	0	2	16	0	0	0	0	0	0	0	0	0	0	0	0	0	0	0	0	0	0	0	0	0	0	2	0	0	5	0	0	10	0	0	0	0	0	2	0	0	0	0	0	2	0	0	0	0	0	0	0	0	0	0	0	0	2	3	0	0	0	0	0	0	0	0	0	0	0	0	0	0	0	0	0	0	0	0	0	0	1	0	0	0	0	0	0	0	0	0	0	0	0	0	0	0	0	0	1	0	4	0	0	0	0	0	0	0	0	0	0	0	0	0	5	0	0	0	0	0	0	0	0	0	0	0	0	0	0	2	0	0	0	0	0	0	0	0	0	0	0	0	0	1	0	2	0	0	0	0	0	0	0	0	0	0	0	0	0	0	0	0	0	0	0	2	0	0	0	0
Cen05	5	0	0	0	0	0	0	0	0	0	0	0	0	0	0	0	0	0	0	0	0	0	0	0	0	0	0	0	0	0	0	0	1	0	0	0	0	0	1	0	0	0	0	0	0	0	0	0	0	0	0	0	3	0	0	0	0	0	0	0	0	0	0	0	0	0	0	0	0	0	0	0	0	0	0	0	0	0	0	0	0	0	0	0	0	0	0	0	0	0	0	0	0	0	0	0	0	0	0	0	0	0	0	0	0	0	0	0	0	0	0	0	0	0	0	0	0	0	0	0	0	0	0	0	0	0	0	3	3	0	3	0	0	0	9	0	0	0	0	2	0	0	0	0	0	0	0	0	0	0	0	0	0	0	8	0	0	0	0	0	0	0	0	0	0	0	0	0	0	0	0	0	0	0	0	0
Cen06	0	0	0	0	0	0	0	0	0	0	0	0	0	0	22	0	0	0	0	0	0	0	0	0	0	0	0	2	0	0	0	8	0	0	0	0	0	0	0	0	0	0	0	0	0	0	0	0	0	0	0	0	0	0	0	0	0	0	0	0	0	0	0	0	0	0	0	0	0	0	0	0	0	0	0	0	0	0	0	0	0	0	0	0	0	0	0	0	0	0	0	0	0	0	0	0	0	0	0	0	0	0	0	0	0	0	0	0	0	4	0	0	0	0	0	0	0	0	0	0	0	0	0	0	0	0	0	0	0	0	0	0	0	0	0	0	0	0	0	0	0	0	0	0	0	0	0	0	0	0	0	0	0	0	0	0	0	0	0	0	0	0	1	0	0	0	0	0	0	0	0	0	0	0	0	0
Cen07	2	0	2	0	0	0	0	0	0	0	0	0	0	0	0	0	0	0	0	0	0	0	0	0	5	0	2	7	0	0	0	0	0	0	0	0	0	0	2	0	0	0	0	4	0	0	0	0	0	0	0	0	0	0	0	0	0	0	0	0	0	18	0	0	0	0	0	0	0	0	0	0	3	0	0	0	0	0	0	0	0	0	0	0	0	0	0	0	0	0	0	0	0	0	0	0	0	0	0	0	0	0	0	0	0	0	0	0	0	0	0	0	0	0	0	0	0	0	0	0	0	0	0	0	0	0	0	0	0	0	0	0	0	0	0	0	0	0	4	0	0	0	0	0	0	0	0	1	0	0	0	0	0	0	0	0	0	0	0	0	0	0	0	0	0	0	0	0	0	0	0	0	0	0	0	0
Cen01	0	0	19	6	0	0	1	0	2	0	0	0	0	0	9	0	0	0	0	0	0	0	0	0	0	0	0	0	0	3	0	0	4	0	0	0	0	2	0	5	0	0	0	0	0	0	0	0	12	0	0	0	0	0	0	0	0	8	0	0	0	0	2	0	7	3	0	4	0	0	0	0	0	0	3	2	0	5	0	0	0	0	0	0	0	2	0	0	0	0	0	3	0	0	0	0	0	2	3	0	1	0	0	0	0	0	0	1	0	0	0	0	0	0	0	0	0	0	0	0	0	0	0	0	5	0	0	0	0	0	0	4	0	0	0	0	0	0	0	0	0	0	1	2	0	0	0	0	0	0	2	0	0	0	0	0	11	6	0	0	2	0	0	0	0	0	0	0	0	0	0	0	0	0	2	2
Cen10	0	8	0	0	0	2	0	0	0	1	0	0	0	5	0	0	0	7	0	0	10	0	0	0	0	0	0	0	0	0	0	0	0	0	0	64	5	0	0	0	0	0	0	0	4	0	5	0	0	0	7	5	0	0	0	0	21	0	0	0	0	0	0	0	0	0	0	0	0	0	0	0	0	0	0	0	0	0	0	0	0	0	0	0	0	0	0	0	0	0	0	0	0	0	0	0	0	0	0	0	0	0	0	0	0	0	0	0	0	0	0	0	0	3	0	0	53	0	0	0	0	0	0	0	0	0	0	0	0	0	0	0	10	0	0	0	2	0	0	0	0	0	0	0	0	4	0	0	0	0	0	0	2	0	0	0	0	0	0	0	0	0	0	0	0	0	0	0	0	6	0	0	0	0	0	0
Cen03	2	0	0	0	0	0	0	0	0	0	0	0	0	0	0	0	0	0	0	0	0	0	0	0	0	0	0	0	0	0	0	0	0	0	0	0	0	0	0	0	0	0	0	0	0	0	0	0	0	0	0	0	0	0	0	0	0	0	0	0	0	0	0	0	0	0	0	0	0	0	0	0	0	0	0	0	0	0	0	0	0	7	0	0	0	0	0	0	0	0	0	0	0	0	0	0	0	0	0	0	0	0	0	0	0	0	0	0	9	0	0	0	0	0	0	0	0	0	0	0	0	0	0	5	0	0	0	0	0	0	0	0	0	0	0	0	0	0	0	0	0	0	0	0	0	0	0	0	0	0	0	0	0	0	0	0	0	0	0	0	0	0	0	0	0	0	6	0	0	0	0	0	0	0	0	0
Cen14	0	0	0	0	0	7	0	0	0	4	0	7	23	13	0	0	3	6	0	2	32	3	45	4	0	5	9	0	0	0	2	0	0	13	0	0	0	0	0	0	2	0	0	0	19	0	5	0	0	45	0	0	0	0	2	3	12	0	0	0	0	0	0	0	0	0	0	0	0	0	0	0	0	0	0	0	0	0	8	0	3	0	0	0	0	0	0	0	0	3	0	0	0	0	0	1	0	0	0	0	0	0	0	0	0	0	0	0	0	0	0	0	0	0	0	0	0	0	0	0	0	4	0	0	0	0	0	0	0	0	0	0	0	0	0	0	0	0	0	0	0	0	0	0	0	0	0	0	0	0	0	0	0	0	0	5	0	0	0	0	0	0	0	0	1	0	0	0	0	0	0	0	0	0	0	0
Cen13	0	0	0	23	0	0	0	0	0	0	0	0	0	6	0	0	0	0	0	0	0	0	0	0	0	0	0	0	81	0	0	0	0	1	0	0	0	0	0	0	0	0	0	0	0	0	0	0	0	0	0	0	0	0	0	0	0	0	0	0	0	0	0	0	0	0	0	0	0	3	14	10	0	0	0	0	3	0	0	0	0	0	6	0	0	0	0	0	0	0	15	0	0	2	0	0	0	0	0	0	0	0	0	1	0	0	0	0	0	0	3	0	0	0	0	0	0	18	0	0	0	0	0	0	0	0	0	0	0	2	0	0	0	0	0	0	0	0	0	0	26	0	0	0	0	0	0	0	0	0	0	0	0	0	0	0	0	0	3	12	0	0	0	26	0	5	0	0	0	0	0	0	3	3	0	0
Cen12	0	0	0	0	0	3	5	0	0	15	0	0	0	12	17	0	0	0	0	10	5	38	0	0	0	0	0	0	0	0	0	0	0	0	0	0	0	0	0	0	0	0	0	0	2	7	0	0	0	0	3	0	0	0	4	0	5	0	0	0	60	0	0	0	0	0	0	0	0	0	0	0	0	0	0	0	0	0	0	0	0	0	0	0	0	0	0	0	8	0	0	0	0	0	0	0	0	0	0	0	0	0	0	0	0	0	0	0	0	0	0	0	0	0	0	0	0	0	0	2	0	0	0	0	0	0	4	0	0	0	0	0	0	0	0	0	0	0	0	0	0	0	0	0	0	0	0	0	0	0	0	0	0	0	0	0	0	0	0	0	0	0	0	0	0	0	0	0	0	0	0	0	0	0	0	0
