	OTU_01	OTU_02	OTU_03	OTU_04	OTU_05	OTU_06	OTU_07	OTU_08	OTU_09	OTU_10	OTU_11	OTU_12	OTU_13	OTU_14	OTU_15	OTU_16	OTU_17	OTU_18	OTU_19	OTU_20	OTU_21	OTU_22	OTU_23	OTU_24	OTU_25	OTU_26	OTU_27	OTU_28	OTU_29	OTU_30	OTU_31	OTU_32	OTU_33	OTU_34 
Cen16	0	0	0	0	0	0	0	6	0	0	0	0	0	0	15	1	0	0	2	6	0	0	0	0	0	0	0	0	2	1	3	0	2	0
Cen04	0	0	0	0	0	0	0	0	0	0	0	0	0	0	0	0	0	0	0	0	0	0	1	2	0	0	0	0	0	0	0	0	0	0
Cen05	6	0	0	0	0	0	0	0	0	0	0	0	0	0	0	0	0	0	0	0	0	2	0	0	0	0	0	0	0	0	0	0	0	0
Cen07	0	0	0	0	0	0	0	0	0	0	0	0	0	0	0	0	0	0	0	0	6	0	0	0	0	0	0	0	0	0	0	0	0	0
Cen01	0	11	0	2	1	0	3	0	4	0	0	0	0	2	0	0	2	1	0	0	0	0	0	0	0	0	2	0	0	0	0	2	0	3
Cen10	0	0	0	0	0	0	0	0	0	0	10	0	0	0	0	0	0	0	0	0	0	0	0	0	2	1	0	1	0	0	0	0	0	0
Cen03	12	0	9	0	0	0	0	0	0	0	0	0	0	0	0	0	0	0	0	0	0	0	0	0	0	0	0	0	0	0	0	0	0	0
Cen14	0	0	0	0	0	6	0	0	0	5	0	0	1	0	0	0	0	0	0	0	0	0	0	0	0	0	0	0	0	0	0	0	0	0
Cen12	0	0	0	0	0	4	0	0	0	0	0	4	0	0	0	0	0	0	0	0	0	0	0	0	0	0	0	0	0	0	0	0	0	0
