scaffold00828	OTU_0304	100.00	339	0	0	18814	19830	1	339	0.0	  617
scaffold00948	OTU_0122	90.09	111	11	0	20673	20341	90	200	6e-58	  205
scaffold02139	OTU_0283	99.71	342	1	0	10631	9606	1	342	0.0	  670
scaffold03146	OTU_0880	99.71	342	1	0	4574	5599	1	342	0.0	  671
scaffold04131	OTU_0418	60.87	138	54	0	12779	12366	104	241	6e-19	85.9
scaffold10230	OTU_0037	99.71	341	1	0	1214	2236	1	341	0.0	  669
scaffold11139	OTU_0604	99.71	341	1	0	2141	1119	1	341	0.0	  674
scaffold18779	OTU_0773	94.41	179	0	1	1226	690	1	169	7e-92	  293
scaffold24518	OTU_0357	96.61	295	0	1	2327	1443	1	285	1e-169	  510
scaffold28712	OTU_0664	88.92	334	33	1	1299	298	1	330	7e-178	  531
scaffold29266	OTU_0623	92.19	64	5	0	2588	2397	28	91	3e-29	  112
scaffold30425	OTU_0263	29.15	319	208	3	2918	3820	5	323	3e-21	92.0
scaffold30425	OTU_0263	78.72	47	10	0	4081	3941	295	341	7e-15	72.4
scaffold35529	OTU_0160	49.26	136	69	0	1562	1969	190	325	2e-57	  121
scaffold35529	OTU_0160	48.72	78	29	1	1218	1451	96	162	2e-57	72.0
scaffold35529	OTU_0160	60.42	48	16	1	1040	1183	50	94	2e-57	57.4
scaffold35529	OTU_0160	45.65	46	25	0	868	1005	5	50	2e-57	27.7
scaffold37726	OTU_0074	99.12	340	3	0	2496	1477	1	340	0.0	  661
scaffold55743	OTU_0664	81.82	132	20	1	397	2	1	128	6e-57	  196
scaffold84962	OTU_0397	96.79	280	9	0	840	1	1	280	5e-177	  509
scaffold87206	OTU_0336	98.69	153	2	0	1399	1857	1	153	2e-88	  273
scaffold101908	OTU_0713	91.81	171	1	2	1289	1801	1	158	6e-100	  301
scaffold106420	OTU_0013	91.20	341	30	0	1838	816	1	341	0.0	  629
scaffold120421	OTU_0619	93.87	163	0	1	930	442	1	153	8e-98	  294
scaffold122952	OTU_0606	92.13	127	10	0	1397	1777	1	127	1e-73	  234
scaffold123186	OTU_0375	100.00	341	0	0	1023	1	1	341	0.0	  675
scaffold130092	OTU_0413	100.00	228	0	0	1721	1038	97	324	3e-144	  419
scaffold141019	OTU_0644	67.28	162	51	1	1	486	6	165	1e-56	  186
scaffold151292	OTU_0083	55.33	338	139	2	303	1310	4	331	2e-90	  279
scaffold168336	OTU_0519	77.62	143	32	0	430	2	1	143	7e-60	  195
scaffold185788	OTU_0300	100.00	132	0	0	1393	998	18	149	1e-85	  258
scaffold205242	OTU_0687	81.70	153	15	2	855	1313	1	140	9e-80	  243
scaffold205911	OTU_0720	98.83	171	2	0	2	514	120	290	2e-102	  306
scaffold209118	OTU_0417	32.02	356	120	9	1060	2	1	237	2e-31	  118
scaffold219257	OTU_0787	71.21	66	19	0	1065	1262	1	66	1e-27	  103
scaffold221987	OTU_0418	95.90	244	0	1	1	732	8	241	1e-133	  383
scaffold248655	OTU_0895	94.54	183	0	1	551	3	1	173	5e-102	  300
scaffold252247	OTU_0242	93.86	342	21	0	1073	48	1	342	0.0	  645
scaffold267909	OTU_0383	100.00	150	0	0	613	164	18	167	2e-99	  291
scaffold276039	OTU_0894	97.92	288	6	0	866	3	1	288	0.0	  551
scaffold335304	OTU_0450	100.00	173	0	0	519	1	1	173	5e-120	  342
scaffold336972	OTU_0909	100.00	258	0	0	2	775	10	267	0.0	  504
scaffold344358	OTU_0658	55.00	180	78	3	2	532	4	183	2e-41	  140
scaffold349532	OTU_0720	92.26	168	3	1	506	3	1	158	7e-102	  300
scaffold375713	OTU_0876	100.00	121	0	0	920	558	29	149	4e-65	  200
scaffold413134	OTU_0228	72.34	141	26	2	450	872	2	129	2e-57	  180
scaffold416497	OTU_0083	88.63	211	24	0	868	236	121	331	1e-118	  343
