scaffold00002	OTU_0005	22.44	771	452	28	410759	408765	79	809	4e-18	89.4
scaffold00014	OTU_0007	25.83	666	389	20	85305	87059	20	661	3e-34	  139
scaffold00040	OTU_0005	24.26	672	418	24	120111	118324	129	785	9e-28	  119
scaffold00042	OTU_0023	25.99	277	164	9	33544	34332	3	252	5e-14	72.4
scaffold00079	OTU_0003	24.32	370	210	12	32604	31645	74	423	7e-15	75.5
scaffold00100	OTU_0071	24.89	229	143	7	42951	43568	2	224	8e-11	62.0
scaffold00136	OTU_0003	23.65	351	217	11	63934	63002	84	423	6e-12	65.9
scaffold00137	OTU_0102	29.60	277	168	9	89354	88569	4	268	6e-17	80.9
scaffold00141	OTU_0005	24.42	344	208	12	17757	16861	83	419	3e-20	93.6
scaffold00194	OTU_0023	29.91	351	199	12	38573	37635	1	342	5e-29	  118
scaffold00195	OTU_0023	25.58	258	151	9	60283	59552	3	233	4e-12	65.9
scaffold00222	OTU_0023	25.97	258	150	10	62666	61935	3	233	3e-12	66.2
scaffold00260	OTU_0007	24.86	696	420	20	6675	4804	7	671	7e-31	  127
scaffold00271	OTU_0090	25.05	527	328	16	51546	52964	3	516	2e-31	  129
scaffold00289	OTU_0090	27.83	503	318	16	33612	35027	2	490	4e-28	  118
scaffold00350	OTU_0046	23.86	306	195	7	3146	4003	3	290	2e-12	67.0
scaffold00359	OTU_0023	32.35	238	148	5	31574	30894	1	236	9e-30	  120
scaffold00394	OTU_0001	24.09	768	464	27	30932	32983	76	808	3e-33	  135
scaffold00399	OTU_0005	26.77	635	378	22	20284	18611	145	769	2e-39	  154
scaffold00414	OTU_0044	26.38	345	201	12	40897	39983	90	421	1e-14	73.9
scaffold00425	OTU_0071	23.27	275	174	8	32584	31796	3	252	2e-12	66.2
scaffold00512	OTU_0001	26.13	731	403	24	3872	5791	120	804	3e-38	  150
scaffold00515	OTU_0064	41.67	96	50	2	44143	44412	6	101	2e-14	73.2
scaffold00522	OTU_0090	27.85	517	314	19	33194	31755	3	497	4e-30	  124
scaffold00532	OTU_0068	24.44	708	386	22	9503	11209	28	725	1e-31	  129
scaffold00605	OTU_0062	26.54	260	173	9	21428	20682	7	259	2e-13	70.1
scaffold00619	OTU_0001	25.00	540	306	19	22371	20971	120	633	3e-16	79.7
scaffold00713	OTU_0023	26.74	273	167	9	11385	10597	3	252	1e-15	75.9
scaffold00974	OTU_0090	25.82	488	285	14	20756	19476	2	473	3e-25	  108
scaffold01117	OTU_0005	26.78	676	399	24	17310	15514	115	771	2e-43	  166
scaffold01117	OTU_0005	27.80	554	329	20	25	1530	269	803	4e-34	  137
scaffold01122	OTU_0023	26.59	252	144	9	8126	7413	3	227	2e-12	65.5
scaffold01161	OTU_0062	22.32	793	495	22	7477	9594	1	759	4e-31	  127
scaffold01188	OTU_0005	22.95	658	415	18	7726	5993	126	771	1e-25	  109
scaffold01288	OTU_0005	25.42	838	470	28	17729	15603	8	819	1e-38	  151
scaffold01292	OTU_0005	28.43	197	112	7	14162	13656	216	411	3e-14	72.0
scaffold01580	OTU_0064	23.76	303	193	7	19247	20095	3	287	1e-15	76.6
scaffold01582	OTU_0001	27.84	747	429	27	9955	7943	85	797	3e-41	  159
scaffold01613	OTU_0005	26.89	476	276	18	15305	16576	115	570	7e-22	97.1
scaffold01617	OTU_0001	22.14	700	446	20	14488	16377	90	760	2e-28	  118
scaffold01779	OTU_0090	24.92	313	193	10	15176	14277	1	284	4e-14	71.6
scaffold01822	OTU_0044	24.41	426	245	13	8603	7488	2	404	6e-17	79.3
scaffold02060	OTU_0005	23.70	709	390	24	8920	7109	74	736	3e-33	  133
scaffold02337	OTU_0023	23.05	282	180	7	9015	8206	3	259	9e-14	68.9
scaffold02395	OTU_0071	26.38	345	207	9	12388	11480	5	344	5e-24	  100
scaffold02438	OTU_0090	26.14	482	294	15	13456	12164	3	473	2e-32	  130
scaffold02452	OTU_0023	28.57	273	160	8	3810	4577	4	258	2e-23	98.6
scaffold02899	OTU_0003	28.70	338	163	20	13971	14849	119	423	2e-15	73.9
scaffold02913	OTU_0071	24.38	242	160	6	7184	6519	2	240	4e-15	72.8
scaffold03021	OTU_0001	25.65	464	270	15	395	1630	117	557	3e-20	90.9
scaffold03075	OTU_0062	26.23	549	311	17	13425	14891	3	517	1e-36	  144
scaffold03102	OTU_0062	25.78	547	322	15	3079	4539	3	525	8e-37	  144
scaffold03146	OTU_0090	31.35	539	298	15	8667	7183	6	516	6e-60	  217
scaffold03432	OTU_0062	27.86	262	172	8	440	1192	5	260	4e-22	97.1
scaffold03721	OTU_0064	27.12	483	297	18	6915	8252	3	467	5e-31	  124
scaffold03946	OTU_0001	24.95	497	304	13	3455	2115	97	574	9e-24	  102
scaffold04084	OTU_0023	27.36	212	104	2	97	732	198	359	5e-13	66.2
scaffold04133	OTU_0062	24.74	574	352	22	8352	9881	3	560	6e-28	  115
scaffold04183	OTU_0005	22.53	688	438	22	4074	5894	129	802	1e-21	95.5
scaffold04363	OTU_0023	30.22	321	203	9	10080	10994	2	317	3e-29	  116
scaffold04392	OTU_0062	26.96	523	327	12	7050	5623	3	517	1e-36	  143
scaffold04423	OTU_0007	23.90	611	385	16	7376	9040	62	648	1e-34	  136
scaffold04445	OTU_0064	24.59	484	289	13	7970	9259	6	467	2e-14	71.2
scaffold04492	OTU_0005	24.70	583	349	22	1527	4	131	698	2e-21	94.7
scaffold04658	OTU_0023	26.44	261	150	9	9944	10690	3	233	6e-12	62.8
scaffold04815	OTU_0023	25.88	371	205	8	10	1092	41	351	1e-20	89.7
scaffold04913	OTU_0090	29.30	488	282	18	5893	7233	2	467	3e-29	  119
scaffold05078	OTU_0001	24.45	683	394	27	4844	3072	130	782	5e-22	96.7
scaffold05181	OTU_0003	27.47	324	184	13	8810	9676	116	423	3e-15	73.2
scaffold05386	OTU_0023	24.42	344	217	8	8872	7928	2	331	2e-17	79.7
scaffold05542	OTU_0003	27.18	309	184	8	500	1315	119	423	9e-18	81.3
scaffold05728	OTU_0023	22.96	318	186	10	7854	8744	3	282	1e-14	70.9
scaffold06038	OTU_0068	26.51	479	307	16	7938	6598	1	466	1e-31	  127
scaffold06351	OTU_0064	27.18	563	312	23	560	2020	1	541	7e-41	  155
scaffold06567	OTU_0090	27.70	426	237	11	9681	8446	6	374	8e-28	  114
scaffold06601	OTU_0005	24.57	814	464	31	3396	1246	25	785	2e-34	  136
scaffold06686	OTU_0064	27.58	533	306	21	4420	5811	1	522	3e-27	  112
scaffold06937	OTU_0005	25.38	662	407	19	5692	3932	120	769	2e-41	  159
scaffold07367	OTU_0064	26.28	487	310	17	4720	6078	3	474	5e-31	  124
scaffold07453	OTU_0006	27.92	480	297	15	1431	94	3	467	5e-32	  128
scaffold07574	OTU_0064	29.09	519	284	20	4632	6017	3	494	2e-32	  128
scaffold07701	OTU_0090	28.77	285	162	10	5599	6387	6	271	2e-15	74.7
scaffold07752	OTU_0068	23.85	717	416	26	4945	3068	8	685	3e-30	  122
scaffold07835	OTU_0001	24.74	671	422	22	4701	2896	118	774	2e-29	  120
scaffold08253	OTU_0023	36.27	102	54	3	516	223	3	97	1e-11	61.2
scaffold08342	OTU_0020	35.79	95	57	1	2364	2092	1	95	1e-14	68.9
scaffold08701	OTU_0090	25.91	548	320	18	5473	3989	3	517	5e-35	  137
scaffold08803	OTU_0071	23.51	285	181	8	5958	5140	3	262	5e-14	68.6
scaffold08994	OTU_0005	24.66	734	449	25	4826	2856	105	811	5e-34	  134
scaffold09360	OTU_0090	27.86	779	439	23	5494	7542	6	757	6e-60	  216
scaffold09601	OTU_0023	25.27	281	159	10	2179	1397	3	252	3e-12	62.8
scaffold10930	OTU_0023	27.16	416	232	9	6120	7334	4	359	4e-31	  121
scaffold11291	OTU_0071	31.56	263	138	9	6431	5691	2	238	7e-18	80.1
scaffold11668	OTU_0071	23.58	352	211	8	3060	3974	3	343	2e-12	63.2
scaffold12346	OTU_0023	26.37	402	208	15	1044	2183	7	342	1e-17	79.3
scaffold12922	OTU_0001	25.41	728	428	24	4054	5994	94	787	2e-40	  154
scaffold13266	OTU_0020	32.94	85	51	1	1779	2015	7	91	7e-11	57.0
scaffold13814	OTU_0064	25.73	517	306	20	2804	4162	1	503	1e-25	  106
scaffold14544	OTU_0005	24.74	586	343	20	1114	2628	213	781	9e-21	91.3
scaffold15134	OTU_0020	33.08	133	84	3	562	173	1	131	2e-16	73.9
scaffold15489	OTU_0046	27.00	300	187	8	5570	4734	1	289	7e-18	81.6
scaffold15736	OTU_0023	26.44	174	113	6	1371	1868	4	170	2e-11	59.7
scaffold15900	OTU_0003	28.48	309	180	9	5123	5938	119	423	5e-18	80.9
scaffold16767	OTU_0062	25.63	710	401	26	3912	5753	8	686	2e-38	  148
scaffold16921	OTU_0023	24.11	282	177	8	1293	2102	3	259	7e-15	70.9
scaffold16969	OTU_0023	25.77	260	148	9	123	854	3	233	6e-14	67.8
scaffold17138	OTU_0005	26.52	709	413	25	3615	1735	89	771	4e-42	  159
scaffold17750	OTU_0064	26.74	288	164	7	259	999	192	473	1e-19	87.0
scaffold19036	OTU_0062	24.56	619	363	22	1885	296	7	610	2e-17	80.1
scaffold19198	OTU_0066	25.71	175	114	3	169	681	302	464	3e-11	59.3
scaffold19816	OTU_0023	31.82	242	152	5	553	1245	7	246	5e-31	  120
scaffold20086	OTU_0062	26.27	533	321	18	123	1559	3	517	2e-37	  144
scaffold20445	OTU_0007	28.07	513	269	17	3927	2584	2	479	1e-31	  125
scaffold20914	OTU_0005	27.75	519	308	18	24	1421	267	771	1e-38	  148
scaffold21105	OTU_0023	23.88	289	175	9	2642	3460	3	262	4e-16	74.3
scaffold22695	OTU_0023	32.35	102	60	3	532	239	1	97	2e-11	59.3
scaffold23323	OTU_0068	28.54	515	307	19	1720	290	1	492	4e-31	  124
scaffold23544	OTU_0005	25.60	543	311	21	3709	2264	81	591	2e-27	  112
scaffold23923	OTU_0005	21.91	753	429	30	1584	3503	79	785	7e-18	81.6
scaffold24226	OTU_0090	28.57	483	280	15	1663	374	3	473	9e-40	  151
scaffold24322	OTU_0003	27.27	319	181	9	3107	2277	114	423	5e-21	89.7
scaffold24710	OTU_0008	24.69	482	274	19	3207	1945	14	467	9e-15	70.5
scaffold25136	OTU_0052	27.18	287	180	8	10	792	144	427	3e-17	78.2
scaffold26465	OTU_0068	26.20	523	332	11	798	2228	1	515	3e-39	  149
scaffold26675	OTU_0023	32.41	253	150	9	982	266	1	246	4e-25	  102
scaffold27083	OTU_0071	23.10	290	186	8	4225	3392	3	267	8e-12	60.8
scaffold27815	OTU_0071	23.43	286	180	8	2355	1543	2	263	5e-14	67.4
scaffold28097	OTU_0026	35.25	122	70	6	100	450	8	125	3e-13	63.2
scaffold28168	OTU_0005	25.29	435	256	17	113	1264	399	815	2e-18	82.8
scaffold29327	OTU_0044	25.28	439	263	14	1511	327	8	425	4e-22	93.2
scaffold29371	OTU_0001	25.45	715	411	25	1033	2913	117	797	5e-27	  110
scaffold29441	OTU_0005	26.06	188	98	6	4043	3567	243	418	6e-12	62.0
scaffold29890	OTU_0044	29.41	289	157	15	1058	312	8	289	2e-13	66.2
scaffold30431	OTU_0023	26.26	278	162	10	16	804	3	252	4e-14	67.8
scaffold31431	OTU_0006	26.59	267	167	6	1159	1920	3	253	8e-16	74.3
scaffold31967	OTU_0025	27.97	236	135	6	3205	3810	46	280	8e-18	77.8
scaffold33142	OTU_0020	32.68	254	150	5	871	119	5	240	2e-31	  119
scaffold33685	OTU_0090	24.70	332	221	8	651	1607	2	317	1e-21	93.2
scaffold34029	OTU_0009	25.44	169	116	3	58	537	4	171	8e-12	58.2
scaffold35049	OTU_0020	31.82	88	54	1	3189	3434	7	94	1e-11	58.5
scaffold36149	OTU_0090	23.81	735	439	22	310	2280	2	693	1e-35	  137
scaffold36617	OTU_0003	26.75	314	179	10	1954	2769	119	423	1e-16	75.5
scaffold37589	OTU_0023	26.98	278	164	11	1682	888	1	252	8e-15	69.7
scaffold38898	OTU_0064	26.95	475	308	13	1718	381	3	467	6e-32	  125
scaffold41161	OTU_0005	21.63	527	316	18	789	2183	79	570	7e-16	74.3
scaffold41654	OTU_0062	39.39	99	56	3	3064	3357	1	96	3e-12	62.4
scaffold43211	OTU_0005	23.73	649	377	18	3288	1600	177	793	3e-27	  111
scaffold44516	OTU_0046	23.66	748	415	23	3244	1427	13	746	1e-28	  115
scaffold45037	OTU_0022	31.97	122	75	3	3158	2811	8	127	4e-11	56.6
scaffold45174	OTU_0062	31.42	261	143	11	2481	3215	3	243	1e-24	  102
scaffold45281	OTU_0023	25.59	383	221	13	1850	2878	1	359	5e-16	73.2
scaffold45802	OTU_0001	27.92	308	184	10	1322	2140	118	422	1e-16	77.0
scaffold46150	OTU_0066	24.63	406	253	14	2	1117	37	423	5e-16	73.9
scaffold46165	OTU_0062	36.67	90	51	1	253	2	6	95	1e-13	67.0
scaffold46298	OTU_0006	25.49	773	464	27	894	2936	6	758	7e-52	  187
scaffold46515	OTU_0068	24.40	709	436	25	2861	963	8	692	7e-34	  132
scaffold46660	OTU_0001	25.57	747	422	24	1989	70	17	736	1e-31	  124
scaffold48252	OTU_0023	36.27	102	52	4	1714	1424	3	96	1e-12	62.8
scaffold48314	OTU_0062	25.19	540	335	15	1693	227	3	524	5e-35	  135
scaffold48920	OTU_0090	29.78	366	209	9	1925	2905	2	358	5e-37	  142
scaffold50140	OTU_0020	35.29	102	57	3	2460	2747	1	99	8e-12	58.5
scaffold50326	OTU_0062	30.53	262	171	4	2244	3011	3	259	2e-30	  121
scaffold51414	OTU_0005	26.61	575	328	22	1385	2884	216	771	8e-28	  112
scaffold52002	OTU_0062	26.26	278	160	11	2092	2838	5	266	5e-19	84.0
scaffold52357	OTU_0005	24.67	612	359	23	2797	1208	213	804	5e-25	  103
scaffold54210	OTU_0001	25.46	754	441	28	2361	358	76	794	1e-37	  144
scaffold55107	OTU_0023	30.53	321	202	9	992	78	2	317	8e-30	  115
scaffold55718	OTU_0062	27.03	259	160	10	1274	546	3	248	2e-15	72.4
scaffold56979	OTU_0007	24.26	639	406	21	1064	2782	7	633	6e-26	  106
scaffold57228	OTU_0005	25.17	739	447	27	2602	620	101	811	2e-36	  139
scaffold57880	OTU_0046	26.79	265	165	6	1	756	5	253	3e-15	71.6
scaffold58209	OTU_0023	28.31	378	214	10	1680	2750	1	342	2e-34	  129
scaffold58985	OTU_0003	27.20	250	147	7	658	2	119	364	2e-13	65.1
scaffold59559	OTU_0008	25.76	462	271	17	1739	504	2	441	3e-18	80.9
scaffold60218	OTU_0062	28.04	542	306	21	2705	1257	1	517	3e-36	  139
scaffold60916	OTU_0005	29.08	282	161	8	1760	2503	85	361	2e-22	95.1
scaffold61777	OTU_0064	25.74	610	376	22	249	1958	3	575	1e-32	  126
scaffold62130	OTU_0071	31.11	90	56	1	735	986	3	92	1e-11	59.3
scaffold62134	OTU_0005	23.94	710	415	20	2615	768	115	793	6e-33	  128
scaffold62677	OTU_0062	26.06	541	303	20	1417	23	1	520	7e-28	  112
scaffold62836	OTU_0005	26.02	342	198	13	131	1045	113	436	2e-14	68.9
scaffold62965	OTU_0023	32.35	102	58	2	545	252	3	97	7e-12	60.1
scaffold63821	OTU_0008	30.46	417	233	16	2487	1342	1	395	2e-32	  124
scaffold64785	OTU_0071	30.34	178	116	5	1983	2501	2	176	3e-14	67.4
scaffold64972	OTU_0005	26.02	638	371	19	897	2558	129	749	1e-37	  144
scaffold65583	OTU_0003	28.04	321	184	12	1645	2508	117	423	5e-18	79.7
scaffold68761	OTU_0035	99.63	273	0	1	1686	2504	1	272	0.0	  567
scaffold69198	OTU_0001	23.00	739	435	27	91	2019	82	782	4e-19	84.0
scaffold70325	OTU_0062	29.02	379	227	11	1247	2281	3	373	4e-30	  119
scaffold70358	OTU_0001	25.51	686	429	22	2470	620	123	795	8e-34	  131
scaffold71388	OTU_0064	27.82	266	162	7	2410	1700	219	483	4e-21	90.1
scaffold72125	OTU_0068	36.23	207	113	8	2102	1521	39	239	2e-19	85.1
scaffold72224	OTU_0062	42.55	94	51	3	320	45	4	96	3e-14	68.6
scaffold72380	OTU_0102	36.89	103	53	4	359	66	2	97	3e-11	57.8
scaffold73299	OTU_0045	82.52	389	65	2	3	1169	12	397	0.0	  671
scaffold73317	OTU_0062	24.20	591	380	18	1683	82	3	582	2e-30	  120
scaffold73436	OTU_0090	25.05	511	314	16	926	2281	9	509	2e-33	  129
scaffold74641	OTU_0023	25.40	315	201	9	854	3	1	312	1e-17	77.8
scaffold77461	OTU_0033	24.19	277	182	7	706	1458	1	275	4e-12	59.7
scaffold78106	OTU_0064	32.37	241	126	8	2291	1575	315	520	7e-21	89.4
scaffold79758	OTU_0020	37.27	110	56	4	298	2	1	108	7e-14	64.3
scaffold80353	OTU_0023	25.34	367	219	12	816	1790	1	354	7e-25	99.8
scaffold84972	OTU_0041	34.34	99	57	2	1527	1243	1	95	2e-12	61.6
scaffold86288	OTU_0090	24.14	348	223	9	1064	1999	2	344	1e-17	79.3
scaffold86360	OTU_0090	26.97	482	286	14	1907	630	2	473	7e-34	  130
scaffold87024	OTU_0003	28.43	306	180	8	1226	417	120	422	2e-21	89.7
scaffold87648	OTU_0041	35.35	99	56	2	1487	1203	1	95	1e-11	58.9
scaffold87992	OTU_0102	28.16	348	190	14	1902	991	2	333	2e-16	73.9
scaffold88917	OTU_0005	23.52	608	369	21	2142	559	204	795	4e-28	  112
scaffold89127	OTU_0046	25.06	447	249	19	2146	998	136	560	6e-15	70.5
scaffold89860	OTU_0077	28.22	163	102	3	531	61	15	168	3e-14	65.1
scaffold93878	OTU_0008	25.20	492	288	16	2027	699	1	461	3e-27	  107
scaffold96323	OTU_0025	27.48	222	117	6	728	1285	67	280	6e-13	62.0
scaffold98149	OTU_0023	33.59	387	185	12	1056	13	7	360	4e-55	  187
scaffold98227	OTU_0001	30.69	303	170	9	1727	888	278	563	1e-26	  107
scaffold98246	OTU_0041	38.00	100	56	4	1518	1808	1	97	1e-13	65.1
scaffold100044	OTU_0023	23.93	280	166	10	1544	756	3	252	5e-14	66.2
scaffold100287	OTU_0038	30.12	166	95	4	438	1	65	229	5e-14	65.1
scaffold101567	OTU_0068	24.23	487	291	12	1	1254	280	757	1e-22	94.7
scaffold104633	OTU_0020	33.68	95	59	1	1743	1471	1	95	3e-13	62.4
scaffold104647	OTU_0006	24.59	553	313	22	416	1912	215	717	1e-21	91.7
scaffold106768	OTU_0062	27.24	536	322	20	440	1906	3	517	1e-37	  141
scaffold106814	OTU_0005	25.29	700	385	24	116	1930	105	761	2e-41	  153
scaffold107585	OTU_0023	25.59	340	215	10	945	25	1	335	9e-23	92.8
scaffold107626	OTU_0062	26.51	347	215	9	53	1018	33	364	1e-23	98.2
scaffold108869	OTU_0007	25.19	258	164	6	1792	1094	397	650	7e-16	72.8
scaffold108921	OTU_0005	23.45	533	316	22	1906	497	299	802	1e-22	94.4
scaffold113167	OTU_0052	28.62	318	173	12	1865	960	135	414	2e-16	73.6
scaffold114151	OTU_0062	33.33	276	155	13	833	42	3	261	5e-28	  111
scaffold115956	OTU_0062	27.59	522	325	11	1754	327	3	517	1e-48	  173
scaffold116562	OTU_0046	25.63	359	206	15	1727	768	422	758	2e-12	61.6
scaffold116933	OTU_0023	23.28	335	200	12	1377	505	1	322	1e-13	65.1
scaffold119448	OTU_0005	26.72	232	132	9	403	996	216	443	4e-16	73.6
scaffold121036	OTU_0023	25.32	237	153	4	594	1250	5	235	1e-11	58.2
scaffold121173	OTU_0090	29.73	259	168	6	1040	1792	2	254	1e-29	  116
scaffold121970	OTU_0044	22.90	441	261	13	1502	333	8	420	3e-16	73.2
scaffold123534	OTU_0005	29.34	242	130	10	1768	1151	535	771	2e-17	77.8
scaffold123696	OTU_0023	27.37	369	211	14	1107	124	1	353	4e-18	78.6
scaffold124670	OTU_0023	25.88	255	142	10	1021	1734	3	227	5e-13	62.8
scaffold125511	OTU_0046	25.86	263	164	7	793	1539	3	248	1e-15	72.0
scaffold125580	OTU_0023	26.92	260	170	7	947	210	3	256	2e-20	85.9
scaffold126161	OTU_0023	27.53	356	238	11	632	1654	1	351	3e-28	  108
scaffold126770	OTU_0023	29.14	278	158	11	809	1606	1	251	1e-16	74.3
scaffold127062	OTU_0023	26.85	257	145	11	1502	777	3	231	2e-12	61.2
scaffold128393	OTU_0020	33.94	109	52	3	1230	1538	1	95	5e-11	55.5
scaffold129326	OTU_0062	26.94	271	179	7	600	1391	3	261	4e-23	95.9
scaffold130896	OTU_0023	33.33	102	59	3	1246	1539	1	97	4e-12	59.7
scaffold133680	OTU_0001	27.66	282	180	7	881	1690	305	574	5e-19	82.8
scaffold134970	OTU_0041	39.33	89	48	4	983	726	1	86	1e-11	58.5
scaffold137227	OTU_0071	23.28	262	172	7	917	1666	1	245	2e-12	60.8
scaffold138212	OTU_0046	24.14	290	188	6	10	840	3	273	7e-14	66.2
scaffold138948	OTU_0023	25.59	254	144	9	246	959	3	227	3e-14	66.2
scaffold141111	OTU_0003	25.14	346	190	16	1512	610	102	423	2e-11	58.2
scaffold142475	OTU_0006	35.79	95	57	1	450	178	3	97	1e-11	58.9
scaffold144732	OTU_0005	25.24	424	225	18	1429	323	394	780	1e-19	84.7
scaffold146378	OTU_0068	23.76	526	302	19	1461	139	181	692	5e-20	85.9
scaffold146874	OTU_0009	30.51	118	77	2	591	250	14	130	6e-14	63.2
scaffold147306	OTU_0023	26.64	274	146	11	1142	369	3	237	3e-14	66.2
scaffold148708	OTU_0080	25.83	271	156	10	283	990	173	433	2e-12	60.8
scaffold151041	OTU_0023	30.59	255	150	12	15	725	23	268	2e-18	79.0
scaffold152751	OTU_0071	27.30	370	219	15	1052	60	1	359	3e-14	66.2
scaffold153907	OTU_0023	31.66	259	155	11	1095	358	3	252	3e-22	90.9
scaffold155005	OTU_0023	25.77	260	175	7	771	1511	4	258	3e-15	69.7
scaffold157500	OTU_0007	25.75	563	337	23	1535	48	7	555	2e-26	  105
scaffold161944	OTU_0071	28.14	263	167	8	319	1071	2	254	3e-20	84.7
scaffold163924	OTU_0003	25.51	341	203	13	87	1016	104	424	8e-15	68.2
scaffold164569	OTU_0044	28.81	427	241	16	1341	196	16	424	4e-31	  117
scaffold167133	OTU_0090	29.78	356	211	10	986	21	3	353	2e-30	  117
scaffold168023	OTU_0003	32.23	242	135	7	823	1467	119	358	2e-21	88.6
scaffold168462	OTU_0005	23.77	467	283	14	5	1249	348	793	1e-17	78.2
scaffold168486	OTU_0062	35.25	139	67	7	1056	1439	3	129	2e-14	67.4
scaffold169714	OTU_0003	84.52	394	60	1	287	1468	1	393	0.0	  704
scaffold169944	OTU_0005	25.24	424	259	13	4	1161	167	570	3e-21	89.4
scaffold171923	OTU_0064	31.87	320	182	9	39	899	200	516	3e-38	  139
scaffold175254	OTU_0020	30.83	133	87	3	967	1356	1	131	9e-16	68.9
scaffold176082	OTU_0023	30.49	223	134	9	807	1433	2	217	2e-13	63.2
scaffold176669	OTU_0062	26.02	465	277	14	1432	209	20	474	2e-29	  114
scaffold176739	OTU_0023	25.86	263	165	8	1326	577	1	246	1e-16	73.2
scaffold177743	OTU_0064	35.64	101	59	4	1087	1377	3	101	1e-12	62.0
scaffold177774	OTU_0062	26.55	226	154	5	779	1429	2	224	1e-13	65.1
scaffold179777	OTU_0020	35.37	82	51	2	246	7	25	106	2e-12	58.9
scaffold181209	OTU_0064	30.99	242	121	8	955	248	315	516	5e-20	85.1
scaffold182416	OTU_0023	27.59	261	160	8	671	1408	7	253	1e-17	76.6
scaffold183924	OTU_0023	31.22	237	147	6	1379	711	4	238	3e-28	  107
scaffold184219	OTU_0071	27.39	241	155	5	825	154	3	240	5e-15	68.6
scaffold184356	OTU_0090	27.66	470	270	15	70	1305	10	467	8e-18	78.2
scaffold186097	OTU_0071	26.25	259	175	6	830	90	3	257	2e-17	76.3
scaffold187237	OTU_0016	29.63	189	107	6	120	608	32	220	2e-18	77.0
scaffold187926	OTU_0023	33.98	103	55	3	322	29	3	97	8e-13	61.6
scaffold188926	OTU_0023	31.14	228	129	11	738	1376	10	224	5e-14	65.5
scaffold188960	OTU_0023	27.27	231	151	5	883	221	7	230	8e-16	70.9
scaffold188979	OTU_0062	27.42	372	210	9	301	1296	3	354	7e-34	  127
scaffold189969	OTU_0023	25.38	260	137	8	1208	495	3	227	9e-16	70.9
scaffold190353	OTU_0090	25.51	486	295	16	3	1292	43	517	4e-25	  100
scaffold194218	OTU_0046	23.37	445	270	18	1329	160	270	698	4e-15	69.7
scaffold195595	OTU_0023	34.31	102	58	3	441	148	1	97	7e-13	62.0
scaffold196111	OTU_0020	40.22	92	54	1	1067	1339	2	93	1e-17	74.7
scaffold196588	OTU_0023	28.44	327	202	11	371	1285	1	317	1e-29	  111
scaffold198767	OTU_0020	40.66	91	50	2	801	1061	1	91	1e-11	57.0
scaffold199565	OTU_0005	24.25	466	287	18	87	1325	267	719	8e-21	87.4
scaffold203338	OTU_0023	24.21	347	200	10	1	1005	37	332	3e-13	62.8
scaffold205350	OTU_0102	35.48	93	56	3	271	5	1	93	7e-12	58.5
scaffold206870	OTU_0023	30.59	255	163	7	435	1184	7	252	6e-25	97.8
scaffold207700	OTU_0023	34.65	101	55	2	571	281	3	96	5e-13	62.0
scaffold209818	OTU_0040	36.46	96	60	1	623	910	7	101	4e-17	72.4
scaffold210841	OTU_0071	37.89	95	47	3	854	597	5	96	2e-11	57.4
scaffold212861	OTU_0008	24.20	281	186	9	304	1068	181	460	4e-15	68.9
scaffold213521	OTU_0003	27.78	342	201	8	1100	198	84	420	2e-27	  105
scaffold215061	OTU_0062	28.11	281	167	9	242	1039	1	261	3e-16	73.2
scaffold216764	OTU_0023	27.05	281	156	9	429	1217	3	252	4e-15	68.6
scaffold217026	OTU_0023	24.93	337	210	8	204	1103	2	332	2e-19	82.0
scaffold217305	OTU_0064	28.82	465	268	14	12	1250	21	474	1e-43	  154
scaffold218199	OTU_0008	24.83	435	234	18	1153	32	12	414	2e-13	63.9
scaffold218538	OTU_0064	26.49	336	193	9	1266	403	184	513	3e-19	82.0
scaffold219776	OTU_0068	28.18	181	113	6	528	16	3	176	7e-13	62.4
scaffold220270	OTU_0020	36.36	88	50	1	441	196	7	94	3e-14	64.3
scaffold222681	OTU_0046	23.91	481	282	15	1224	4	219	689	9e-17	74.7
scaffold223561	OTU_0038	30.73	218	121	7	706	137	65	280	2e-20	83.2
scaffold224790	OTU_0023	30.40	227	145	7	486	1133	1	225	7e-27	  102
scaffold226453	OTU_0041	29.45	146	77	5	461	24	8	127	5e-12	58.9
scaffold227422	OTU_0026	27.14	140	96	3	49	453	1	139	3e-12	57.4
scaffold227945	OTU_0031	24.08	436	243	17	1124	3	7	416	9e-14	64.7
scaffold229959	OTU_0007	28.05	328	175	11	250	1098	20	331	1e-16	74.3
scaffold235697	OTU_0001	25.77	326	203	9	113	1009	273	586	2e-15	70.5
scaffold236157	OTU_0090	41.05	95	47	5	296	27	5	95	4e-14	66.2
scaffold236455	OTU_0090	23.77	223	149	5	574	1200	1	216	8e-14	65.1
scaffold236766	OTU_0025	26.67	255	139	8	667	23	34	280	3e-15	67.8
scaffold239958	OTU_0020	31.98	172	100	7	712	1191	1	167	5e-22	87.0
scaffold241490	OTU_0023	29.41	272	159	8	51	818	4	258	1e-26	  102
scaffold241760	OTU_0023	30.73	179	113	6	1151	645	133	310	6e-12	58.5
scaffold242516	OTU_0062	25.17	449	280	11	1190	3	65	510	6e-26	  102
scaffold242864	OTU_0023	29.08	282	150	10	38	769	75	344	3e-20	84.0
scaffold244179	OTU_0020	27.94	136	90	2	246	635	1	134	3e-11	55.5
scaffold244776	OTU_0031	34.93	146	83	5	4	420	25	165	3e-12	59.7
scaffold246122	OTU_0062	35.11	94	57	1	755	1024	5	98	3e-12	59.7
scaffold246702	OTU_0046	26.46	359	214	10	1043	108	161	516	5e-23	93.2
scaffold249646	OTU_0006	32.67	101	64	2	464	168	3	101	7e-12	58.9
scaffold250088	OTU_0023	29.23	130	69	1	46	366	190	319	2e-12	59.7
scaffold251518	OTU_0003	28.47	295	166	12	873	106	135	423	2e-20	84.7
scaffold251870	OTU_0001	28.57	371	202	13	1000	20	220	571	2e-26	  103
scaffold251891	OTU_0090	24.30	358	200	12	1083	184	137	481	7e-17	74.3
scaffold254561	OTU_0008	26.07	303	190	9	1060	242	143	441	2e-11	57.0
scaffold254606	OTU_0023	26.89	305	176	9	119	961	1	282	1e-16	72.8
scaffold256097	OTU_0071	25.91	359	216	11	118	1095	5	346	2e-23	92.8
scaffold256507	OTU_0023	26.11	360	219	11	974	6	2	351	3e-28	  106
scaffold256701	OTU_0023	29.50	322	184	11	1004	150	4	319	3e-28	  106
scaffold258329	OTU_0044	28.67	300	168	13	1071	292	3	296	4e-21	86.7
scaffold258880	OTU_0102	28.10	274	174	8	1109	330	1	265	4e-19	80.5
scaffold259383	OTU_0062	28.62	276	160	9	903	124	1	255	2e-17	76.3
scaffold262303	OTU_0046	31.14	350	204	9	1118	174	6	353	1e-36	  134
scaffold263928	OTU_0005	29.00	300	176	6	41	835	115	412	1e-27	  107
scaffold267350	OTU_0020	35.40	113	62	4	486	812	2	107	8e-13	59.7
scaffold270030	OTU_0044	30.92	359	173	16	130	1056	91	424	4e-20	83.2
scaffold271327	OTU_0041	39.74	78	45	2	527	754	8	85	4e-12	58.9
scaffold275292	OTU_0023	33.66	101	56	2	583	873	3	96	8e-12	57.8
scaffold277269	OTU_0003	28.99	338	194	8	892	2	84	416	3e-30	  112
scaffold278935	OTU_0102	29.09	330	184	13	218	1093	8	325	3e-18	77.4
scaffold278945	OTU_0062	28.38	377	222	13	2	1042	136	494	5e-21	86.7
scaffold284037	OTU_0023	30.36	224	140	7	647	3	7	223	2e-18	77.8
scaffold284268	OTU_0020	35.64	101	50	3	11	268	14	114	1e-12	59.3
scaffold285624	OTU_0022	35.16	128	75	3	985	620	2	127	5e-13	60.1
scaffold286346	OTU_0008	26.35	315	187	11	927	76	176	476	4e-21	86.3
scaffold287263	OTU_0020	38.46	91	50	1	915	661	5	95	5e-17	72.0
scaffold288252	OTU_0046	25.17	290	181	11	217	1017	418	694	1e-11	57.8
scaffold289133	OTU_0044	27.38	347	199	13	1071	151	92	425	5e-20	82.8
scaffold289901	OTU_0020	38.04	92	51	1	688	945	5	96	2e-16	70.1
scaffold290976	OTU_0044	28.96	297	173	9	1019	237	2	296	6e-22	88.6
scaffold291877	OTU_0062	26.40	356	215	11	1041	85	413	758	1e-25	  100
scaffold295123	OTU_0005	24.03	283	171	9	742	5	83	358	1e-17	76.3
scaffold297565	OTU_0020	38.10	105	47	2	749	1057	6	94	6e-19	77.4
scaffold298478	OTU_0068	27.35	245	145	9	5	661	4	241	2e-13	63.5
scaffold299087	OTU_0045	28.01	282	172	9	99	857	80	359	2e-16	72.4
scaffold299187	OTU_0064	32.21	149	85	3	950	507	387	520	3e-16	72.0
scaffold299896	OTU_0062	30.00	280	158	11	240	1028	3	261	1e-26	  103
scaffold299939	OTU_0008	22.70	282	187	8	286	1047	181	459	3e-12	59.3
scaffold300253	OTU_0023	29.25	253	166	5	1049	324	1	251	2e-24	94.7
scaffold302180	OTU_0003	23.79	311	181	11	827	15	74	368	6e-13	61.2
scaffold302746	OTU_0020	32.00	100	60	2	521	808	1	96	2e-13	61.2
scaffold303097	OTU_0037	33.33	138	79	3	244	639	19	149	1e-14	64.3
scaffold304041	OTU_0005	27.27	363	190	17	121	1044	398	741	5e-17	74.7
scaffold304335	OTU_0023	25.69	253	145	9	735	22	3	227	3e-14	65.5
scaffold304533	OTU_0102	23.55	259	188	5	763	8	4	259	3e-11	56.2
scaffold306622	OTU_0066	25.80	314	196	10	30	878	138	445	2e-21	87.0
scaffold308799	OTU_0023	28.29	258	153	8	924	229	123	374	2e-19	80.5
scaffold310394	OTU_0001	26.94	386	216	14	1020	1	209	574	1e-18	79.0
scaffold310931	OTU_0020	32.29	96	56	3	48	323	5	95	4e-12	57.8
scaffold313436	OTU_0031	28.57	280	174	9	1026	232	14	282	5e-14	64.7
scaffold315361	OTU_0052	26.01	323	153	13	144	944	26	318	1e-12	60.8
scaffold320285	OTU_0043	30.32	155	102	3	974	522	108	260	2e-17	73.9
scaffold320640	OTU_0023	26.50	234	149	7	346	1002	3	228	6e-13	61.2
scaffold321272	OTU_0003	26.76	284	169	8	2	745	133	413	3e-13	62.4
scaffold323053	OTU_0021	32.89	149	79	5	258	653	49	193	3e-16	68.9
scaffold325073	OTU_0046	25.81	310	187	8	884	81	418	726	3e-18	77.8
scaffold327044	OTU_0001	26.84	231	135	8	168	767	209	436	2e-12	60.1
scaffold327666	OTU_0037	30.82	146	81	5	154	564	27	161	3e-14	62.8
scaffold329702	OTU_0005	33.33	195	100	7	448	954	170	360	1e-15	70.1
scaffold333684	OTU_0006	24.29	317	209	8	870	7	412	726	9e-21	85.5
scaffold333766	OTU_0008	29.24	277	156	12	856	119	174	441	3e-15	68.2
scaffold335883	OTU_0020	35.87	92	55	2	706	975	2	91	4e-13	60.5
scaffold337447	OTU_0023	38.85	139	79	4	574	972	1	139	1e-26	  100
scaffold343106	OTU_0003	30.40	125	80	2	344	700	301	424	3e-13	62.0
scaffold346655	OTU_0023	25.75	334	208	11	57	953	7	335	3e-19	79.7
scaffold348733	OTU_0001	25.35	284	178	10	964	167	307	574	2e-13	63.2
scaffold351845	OTU_0044	30.00	140	72	4	896	552	90	228	3e-11	55.8
scaffold355001	OTU_0023	26.80	250	146	9	50	763	3	227	3e-14	65.1
scaffold356590	OTU_0023	30.32	277	179	10	821	24	2	275	3e-23	90.9
scaffold358129	OTU_0001	25.60	250	159	4	868	197	175	423	6e-16	70.5
scaffold358751	OTU_0020	32.29	96	56	3	387	112	5	95	8e-13	59.3
scaffold362150	OTU_0003	28.57	301	166	10	155	943	119	408	3e-20	82.8
scaffold362509	OTU_0023	28.09	299	154	8	924	148	75	352	2e-18	77.0
scaffold362637	OTU_0020	35.63	87	50	1	635	877	5	91	2e-14	63.9
scaffold363751	OTU_0071	28.40	250	152	7	183	872	3	245	3e-11	55.8
scaffold369753	OTU_0020	32.97	91	57	1	233	493	1	91	2e-12	58.2
scaffold371655	OTU_0075	32.00	125	71	5	389	42	39	158	5e-13	59.3
scaffold374070	OTU_0041	38.38	99	58	1	554	850	1	96	4e-15	67.4
scaffold375376	OTU_0020	35.79	95	57	1	470	198	1	95	1e-14	64.7
scaffold379597	OTU_0023	36.27	102	54	3	489	196	3	97	3e-13	61.6
scaffold380488	OTU_0066	25.16	318	208	8	894	13	159	470	3e-18	77.0
scaffold381775	OTU_0023	24.52	261	183	7	142	903	3	256	6e-14	63.9
scaffold387972	OTU_0023	28.36	268	168	10	779	24	10	269	1e-20	83.2
scaffold388726	OTU_0058	25.35	217	126	8	640	77	1	210	1e-12	58.2
scaffold389419	OTU_0005	28.46	267	160	11	852	133	505	767	5e-13	61.6
scaffold391543	OTU_0045	26.55	290	192	9	3	812	96	384	5e-23	90.1
scaffold395307	OTU_0005	25.57	305	191	11	895	56	307	600	2e-12	59.3
scaffold398479	OTU_0046	25.31	245	159	7	744	52	290	524	1e-11	57.0
scaffold401853	OTU_0020	29.01	131	82	5	428	60	4	131	2e-11	55.5
scaffold403313	OTU_0074	32.88	146	89	6	332	748	96	239	4e-11	54.7
scaffold404894	OTU_0023	27.35	223	136	6	622	2	1	213	1e-11	57.0
scaffold406081	OTU_0005	26.06	165	113	5	19	489	630	793	6e-11	55.1
scaffold417537	OTU_0023	27.06	218	128	4	17	583	136	351	3e-16	70.5
scaffold418706	OTU_0005	27.45	153	106	3	838	392	654	805	4e-13	61.6
scaffold419512	OTU_0068	27.64	199	115	2	193	702	154	352	1e-18	78.2
scaffold420335	OTU_0023	26.95	167	91	5	184	609	182	342	2e-11	55.8
scaffold421288	OTU_0087	27.86	140	94	4	849	445	1	138	6e-13	58.2
scaffold421420	OTU_0016	31.68	202	105	9	620	81	30	220	4e-21	82.4
scaffold425588	OTU_0020	25.27	91	64	1	304	44	1	91	9e-11	53.1
scaffold427947	OTU_0003	27.42	310	166	15	23	832	134	424	2e-14	64.7
scaffold428675	OTU_0023	31.33	249	158	10	852	136	1	246	6e-27	  100
scaffold430836	OTU_0023	24.89	225	155	6	178	819	3	224	1e-13	62.8
scaffold431660	OTU_0062	28.39	317	178	8	7	822	162	474	7e-22	88.2
scaffold433673	OTU_0071	28.05	221	145	6	633	1	7	223	5e-17	72.4
scaffold434605	OTU_0041	36.05	86	51	2	409	654	7	92	2e-14	64.7
scaffold435204	OTU_0005	28.62	276	160	10	843	115	85	356	1e-18	78.2
scaffold440381	OTU_0075	28.68	136	77	4	458	838	32	156	2e-11	54.3
scaffold443147	OTU_0072	30.29	208	102	8	602	33	95	277	8e-13	59.7
scaffold444674	OTU_0008	28.23	248	138	7	181	816	144	387	2e-11	56.2
scaffold447129	OTU_0020	31.94	144	85	6	413	6	1	139	3e-15	65.5
scaffold449725	OTU_0062	25.89	224	144	7	756	145	6	227	8e-12	57.4
scaffold450959	OTU_0005	29.11	158	102	5	138	584	615	771	5e-14	63.9
scaffold451028	OTU_0003	32.31	130	75	2	74	436	299	424	4e-11	54.7
scaffold454482	OTU_0064	36.24	149	71	2	251	628	201	348	3e-19	79.7
scaffold455012	OTU_0023	24.67	227	158	7	655	5	1	224	2e-15	67.4
scaffold455958	OTU_0023	34.65	101	55	2	389	99	3	96	9e-14	62.8
scaffold458931	OTU_0071	34.00	100	58	4	591	304	1	96	1e-11	56.2
scaffold459294	OTU_0062	35.82	67	43	0	590	790	1	67	4e-11	55.1
scaffold459427	OTU_0020	33.68	95	59	2	511	783	1	95	5e-13	59.3
scaffold464906	OTU_0003	24.61	256	160	7	729	43	174	423	4e-15	67.0
scaffold466994	OTU_0068	25.82	244	153	9	43	744	33	258	4e-14	64.3
scaffold467003	OTU_0005	24.01	279	169	7	23	739	520	795	6e-15	66.6
scaffold467619	OTU_0008	27.10	262	144	11	41	808	176	396	2e-13	61.6
scaffold472229	OTU_0071	27.48	313	166	9	807	4	55	351	6e-24	92.0
scaffold472463	OTU_0090	29.44	248	154	6	96	797	1	241	2e-25	99.0
scaffold472948	OTU_0044	26.91	223	125	7	40	645	220	425	2e-11	55.8
scaffold475862	OTU_0086	27.98	218	117	6	218	766	5	217	8e-20	78.2
scaffold475972	OTU_0005	30.09	226	118	6	656	78	214	432	8e-19	78.6
scaffold478031	OTU_0008	28.18	220	122	6	117	710	64	269	2e-15	67.8
scaffold479293	OTU_0008	31.43	140	83	3	372	767	313	447	1e-14	65.1
scaffold485467	OTU_0020	29.15	199	118	7	563	12	1	191	1e-11	55.5
scaffold487640	OTU_0031	35.18	199	102	9	24	542	264	461	7e-18	75.1
scaffold489505	OTU_0023	35.64	101	54	3	328	618	3	96	1e-13	62.0
scaffold490522	OTU_0046	23.99	296	169	10	733	8	419	712	4e-14	63.9
scaffold491117	OTU_0071	30.29	208	135	6	723	124	159	364	1e-15	68.2
scaffold494617	OTU_0064	27.84	291	166	7	23	784	191	474	1e-21	86.7
scaffold497191	OTU_0102	29.77	215	137	6	626	6	7	215	1e-17	73.9
scaffold499691	OTU_0025	24.90	249	137	9	97	726	41	278	7e-14	62.4
scaffold500539	OTU_0062	35.48	93	59	1	57	332	666	758	4e-12	58.2
scaffold501323	OTU_0007	26.26	297	175	9	2	778	12	302	1e-15	68.2
scaffold503104	OTU_0055	26.70	191	110	6	653	168	1	190	2e-13	59.7
scaffold503851	OTU_0046	32.20	118	62	2	369	70	4	121	7e-15	66.2
scaffold506684	OTU_0020	31.55	187	107	6	551	3	5	174	1e-22	86.7
scaffold510906	OTU_0008	29.13	254	149	8	29	745	20	257	3e-16	70.1
scaffold513233	OTU_0077	30.38	158	95	4	27	470	15	167	1e-14	63.2
scaffold515454	OTU_0003	28.32	286	166	7	17	766	131	413	7e-23	89.4
scaffold515749	OTU_0005	25.66	226	128	9	148	741	200	413	4e-13	60.8
scaffold515828	OTU_0023	35.29	102	55	3	337	44	3	97	3e-13	60.8
scaffold518950	OTU_0005	27.75	227	122	8	646	68	215	433	2e-16	70.9
scaffold521591	OTU_0044	31.63	215	111	9	578	3	98	299	3e-11	55.1
scaffold521866	OTU_0035	30.60	134	74	3	374	6	118	243	5e-11	53.9
scaffold522985	OTU_0020	29.21	178	118	5	224	745	1	174	1e-15	66.2
scaffold526085	OTU_0005	26.95	256	152	9	10	684	520	771	2e-17	73.9
scaffold526247	OTU_0037	30.46	151	88	4	738	328	2	149	2e-13	59.3
scaffold526283	OTU_0071	36.08	97	54	2	293	21	3	97	6e-13	59.7
scaffold527890	OTU_0020	29.79	94	62	1	380	111	2	95	6e-12	56.2
scaffold529736	OTU_0090	30.86	175	106	6	177	674	6	174	2e-16	70.9
scaffold535408	OTU_0062	28.79	257	147	10	29	751	2	238	1e-23	93.2
scaffold536899	OTU_0023	25.56	270	166	9	10	723	32	298	9e-18	73.9
scaffold539843	OTU_0008	27.38	252	163	8	747	31	13	257	1e-14	65.1
scaffold541655	OTU_0064	29.14	302	159	6	3	746	208	508	3e-16	70.1
scaffold543222	OTU_0023	30.04	263	142	8	3	734	22	261	4e-24	92.0
scaffold543467	OTU_0001	26.06	165	105	3	44	487	259	423	1e-11	56.2
scaffold543644	OTU_0020	39.39	132	69	3	275	646	2	130	4e-26	96.3
scaffold546311	OTU_0001	36.72	128	72	3	733	371	298	423	3e-16	70.5
scaffold546470	OTU_0023	33.33	102	55	3	377	667	3	96	5e-12	57.0
scaffold546511	OTU_0068	26.07	234	138	6	720	82	22	241	4e-17	73.2
scaffold551874	OTU_0037	37.61	117	60	4	738	415	31	143	8e-14	60.5
scaffold552649	OTU_0040	36.07	122	72	4	1	360	13	130	2e-11	53.9
scaffold553084	OTU_0031	35.93	167	91	5	716	243	7	166	2e-15	67.4
scaffold555474	OTU_0090	38.04	92	53	3	404	135	3	92	5e-15	66.2
scaffold555973	OTU_0099	74.02	127	33	0	733	353	28	154	3e-61	  186
scaffold559740	OTU_0023	30.32	277	153	9	1	726	80	351	2e-21	84.3
scaffold561582	OTU_0071	32.02	228	140	8	700	41	37	257	2e-18	75.9
scaffold562154	OTU_0020	27.94	136	90	2	211	600	1	134	5e-11	53.5
scaffold563664	OTU_0005	31.71	123	77	5	3	353	298	419	2e-13	61.2
scaffold575525	OTU_0046	27.37	179	120	4	623	108	2	177	2e-11	55.5
scaffold580368	OTU_0020	37.76	98	50	4	402	665	4	100	3e-13	59.7
scaffold581130	OTU_0104	21.12	251	172	6	34	708	43	293	2e-11	55.1
scaffold581306	OTU_0033	27.11	166	97	5	455	30	1	166	2e-11	55.1
scaffold582223	OTU_0020	33.68	95	54	3	255	515	3	96	3e-11	53.9
scaffold582327	OTU_0102	33.33	96	57	2	671	402	1	95	4e-12	57.4
scaffold586644	OTU_0023	27.13	129	72	2	6	326	201	329	8e-13	59.3
scaffold588147	OTU_0068	40.91	88	48	2	430	176	8	94	2e-16	70.5
scaffold589832	OTU_0020	33.68	95	59	1	297	569	1	95	7e-14	61.2
scaffold590480	OTU_0071	36.46	96	53	3	279	10	5	98	1e-13	61.6
scaffold592853	OTU_0023	33.66	101	56	2	563	273	3	96	4e-13	60.1
scaffold593559	OTU_0102	40.43	94	53	3	278	3	2	94	6e-15	65.5
scaffold597032	OTU_0074	26.26	198	125	7	160	690	96	293	1e-12	58.2
scaffold597044	OTU_0023	32.14	224	141	7	36	677	24	246	2e-20	81.6
scaffold599349	OTU_0041	36.45	107	55	4	388	702	1	96	2e-11	55.1
scaffold600611	OTU_0023	32.26	93	59	3	345	617	2	92	3e-12	57.4
scaffold600699	OTU_0005	27.66	235	137	7	679	65	129	360	1e-15	68.2
scaffold601967	OTU_0005	26.92	208	116	6	692	165	130	333	1e-13	62.0
scaffold607156	OTU_0003	28.24	255	136	8	696	46	119	364	7e-23	89.0
