scaffold00001	OTU_0005	24.63	735	427	25	589498	591417	79	781	5e-23	  106
scaffold00003	OTU_0007	25.47	695	436	21	814221	816101	5	685	1e-32	  136
scaffold00007	OTU_0023	28.25	269	177	6	222140	222916	7	269	2e-21	97.1
scaffold00008	OTU_0071	26.72	348	209	8	73056	73979	5	346	6e-26	  111
scaffold00011	OTU_0001	22.96	710	430	26	285332	287227	116	786	2e-25	  112
scaffold00016	OTU_0090	28.52	512	318	16	138883	137441	3	497	9e-30	  126
scaffold00018	OTU_0062	23.08	507	306	16	321792	320422	3	475	3e-18	89.4
scaffold00025	OTU_0046	24.90	723	424	30	126394	128304	4	693	6e-25	  110
scaffold00033	OTU_0001	23.52	744	453	29	15845	17806	83	800	2e-26	  115
scaffold00042	OTU_0090	25.33	691	424	25	41755	43575	3	685	1e-28	  122
scaffold00051	OTU_0007	25.85	650	396	19	190776	192545	24	647	1e-30	  128
scaffold00055	OTU_0005	24.43	528	305	20	275497	274076	83	570	2e-17	85.9
scaffold00064	OTU_0064	26.14	547	342	20	39432	40973	3	520	5e-32	  131
scaffold00071	OTU_0044	23.65	444	264	13	30363	29179	8	425	3e-16	80.9
scaffold00073	OTU_0023	32.39	247	154	6	17685	16978	7	251	1e-31	  128
scaffold00073	OTU_0023	26.77	381	218	12	40935	39916	2	362	2e-16	80.1
scaffold00081	OTU_0023	29.13	357	194	13	134398	133442	7	342	1e-23	  103
scaffold00083	OTU_0023	23.94	355	232	9	111425	112390	1	350	3e-15	76.6
scaffold00099	OTU_0023	32.60	227	140	9	204671	205318	1	225	2e-25	  108
scaffold00100	OTU_0007	23.70	578	338	25	52086	50542	152	689	2e-17	85.5
scaffold00102	OTU_0008	25.16	477	278	18	154137	152875	14	467	3e-15	77.4
scaffold00104	OTU_0062	26.42	530	324	15	79255	80685	1	517	6e-34	  139
scaffold00124	OTU_0020	31.98	172	110	3	111193	111687	7	178	2e-12	65.9
scaffold00131	OTU_0007	22.34	546	336	22	66418	64961	159	676	9e-14	73.2
scaffold00143	OTU_0001	24.02	666	395	27	4481	6235	129	764	2e-24	  108
scaffold00147	OTU_0007	24.77	658	396	20	78212	80038	23	630	9e-32	  131
scaffold00184	OTU_0006	25.57	794	442	32	50223	47950	6	686	4e-37	  148
scaffold00184	OTU_0006	25.29	261	173	9	95045	95791	1	251	7e-13	70.5
scaffold00192	OTU_0090	26.97	508	325	14	72249	70816	2	493	6e-30	  125
scaffold00209	OTU_0090	26.27	510	326	16	130735	132159	3	497	9e-25	  108
scaffold00210	OTU_0007	26.57	493	279	17	84084	85388	6	473	1e-18	88.6
scaffold00220	OTU_0090	26.27	533	315	16	105289	103859	6	516	2e-37	  149
scaffold00225	OTU_0001	22.31	726	470	20	49021	50991	101	801	1e-29	  124
scaffold00227	OTU_0023	24.37	279	181	6	32008	32808	1	261	3e-13	70.1
scaffold00228	OTU_0005	26.40	322	180	12	34692	35522	110	419	8e-20	92.8
scaffold00248	OTU_0023	29.41	238	155	5	118349	117669	1	236	5e-21	94.0
scaffold00265	OTU_0001	24.38	525	316	15	19567	18179	120	625	8e-16	79.7
scaffold00277	OTU_0046	30.67	225	140	7	49649	50293	6	224	4e-17	84.0
scaffold00286	OTU_0062	26.31	745	400	27	82075	84009	4	699	1e-37	  150
scaffold00288	OTU_0006	27.76	807	444	34	87858	85552	2	707	4e-49	  186
scaffold00288	OTU_0006	25.12	406	242	9	67963	69159	5	355	3e-22	  100
scaffold00290	OTU_0090	27.27	517	312	16	72651	71218	2	493	7e-30	  125
scaffold00309	OTU_0023	27.65	405	235	10	79112	80308	7	359	2e-32	  129
scaffold00312	OTU_0064	27.61	297	171	9	108836	108012	8	282	2e-13	71.6
scaffold00319	OTU_0020	29.65	172	114	3	17291	16797	7	178	2e-18	84.7
scaffold00329	OTU_0046	23.84	734	419	24	89183	87363	6	726	4e-30	  125
scaffold00334	OTU_0062	24.83	717	395	26	107391	105577	3	687	1e-26	  114
scaffold00388	OTU_0007	21.56	691	411	28	23860	22076	6	661	4e-15	77.0
scaffold00422	OTU_0064	27.20	478	303	17	59455	58118	3	467	2e-30	  125
scaffold00447	OTU_0023	29.78	356	232	10	37061	38089	2	352	5e-30	  122
scaffold00463	OTU_0062	23.02	504	311	17	60978	62351	3	475	7e-15	75.9
scaffold00465	OTU_0023	31.37	271	173	9	52051	51269	2	269	4e-22	97.1
scaffold00475	OTU_0005	24.82	693	403	24	2862	991	159	802	5e-35	  141
scaffold00524	OTU_0023	28.74	247	147	8	45689	46417	3	224	2e-18	84.7
scaffold00538	OTU_0005	22.55	550	334	20	24897	26378	79	592	2e-14	74.7
scaffold00548	OTU_0023	28.71	404	227	12	28034	29224	4	353	2e-36	  141
scaffold00570	OTU_0046	25.92	733	455	20	35535	33568	4	725	3e-43	  166
scaffold00570	OTU_0046	24.81	802	455	28	38704	36407	6	695	1e-36	  145
scaffold00582	OTU_0044	25.39	323	187	12	50526	51392	8	310	9e-11	61.6
scaffold00625	OTU_0064	27.79	511	318	12	49668	48265	1	503	4e-38	  149
scaffold00644	OTU_0068	26.81	317	199	10	19	897	159	466	9e-15	75.5
scaffold00651	OTU_0023	29.49	356	233	10	38797	37769	2	352	1e-24	  104
scaffold00660	OTU_0064	24.92	317	159	11	23299	22460	52	326	4e-13	69.3
scaffold00720	OTU_0090	25.19	770	472	18	50149	48095	7	757	5e-47	  178
scaffold00747	OTU_0062	25.81	713	422	21	2785	4671	3	692	1e-32	  133
scaffold00866	OTU_0023	27.27	264	161	8	16813	16061	1	246	8e-15	73.6
scaffold00902	OTU_0044	26.33	300	182	8	19850	19014	144	425	3e-15	75.5
scaffold00953	OTU_0077	28.73	181	108	5	8112	8627	16	184	3e-13	66.6
scaffold01055	OTU_0090	26.05	453	296	14	21540	22805	1	445	3e-26	  111
scaffold01059	OTU_0003	27.83	309	182	8	15385	14570	119	423	8e-18	83.2
scaffold01120	OTU_0064	26.46	548	345	18	24901	23351	1	521	2e-28	  117
scaffold01158	OTU_0005	24.48	772	436	28	26359	28278	11	767	6e-37	  146
scaffold01190	OTU_0007	25.29	688	413	24	27869	29698	23	687	9e-27	  113
scaffold01203	OTU_0041	38.46	91	52	1	33684	33944	5	95	8e-11	60.8
scaffold01206	OTU_0090	26.71	554	337	16	37023	35473	1	522	3e-35	  140
scaffold01209	OTU_0003	26.86	350	206	15	28999	28064	86	423	8e-14	70.5
scaffold01217	OTU_0090	28.00	500	304	12	17105	18457	3	495	2e-29	  122
scaffold01221	OTU_0023	24.66	365	200	13	27482	28525	8	314	1e-16	78.6
scaffold01251	OTU_0090	26.62	477	307	16	17264	15927	3	467	2e-29	  122
scaffold01282	OTU_0071	29.23	366	208	10	5415	6395	1	354	2e-24	  103
scaffold01295	OTU_0090	26.49	487	295	18	19345	20682	3	467	1e-31	  129
scaffold01326	OTU_0064	27.03	492	317	14	29360	27978	1	481	2e-25	  108
scaffold01346	OTU_0046	24.17	451	307	12	20343	19078	1	445	5e-20	91.7
scaffold01399	OTU_0001	80.00	815	160	3	32120	29676	1	812	0.0	 1338
scaffold01521	OTU_0068	29.04	489	282	18	23448	24788	1	466	1e-34	  138
scaffold01619	OTU_0068	23.36	458	266	16	7095	8444	3	383	6e-13	68.2
scaffold01718	OTU_0023	31.93	357	220	11	18874	17852	2	351	3e-36	  139
scaffold01761	OTU_0008	24.52	416	233	17	8750	9835	67	455	5e-11	61.2
scaffold01774	OTU_0023	29.56	318	209	10	26447	27361	2	317	2e-21	92.8
scaffold02064	OTU_0001	23.29	730	458	29	19434	21374	85	795	2e-22	99.4
scaffold02133	OTU_0005	25.59	297	186	10	3984	3178	131	420	5e-14	71.6
scaffold02301	OTU_0068	25.34	296	176	10	5049	5882	7	275	5e-15	74.7
scaffold02347	OTU_0020	34.07	91	56	1	15700	15440	1	91	3e-14	68.9
scaffold02359	OTU_0023	24.91	293	175	7	9800	8967	1	263	1e-13	68.6
scaffold02376	OTU_0071	26.77	269	169	6	12283	11543	7	269	1e-16	78.2
scaffold02382	OTU_0005	25.14	696	435	17	7222	9093	90	771	8e-34	  135
scaffold02399	OTU_0001	24.93	738	460	20	20503	18512	83	800	7e-36	  142
scaffold02414	OTU_0062	27.24	503	303	12	19763	18423	4	499	2e-34	  137
scaffold02422	OTU_0062	27.41	540	317	15	17858	19303	3	525	2e-42	  162
scaffold02527	OTU_0023	30.17	358	226	13	1028	6	2	352	1e-25	  105
scaffold02571	OTU_0090	27.25	477	304	15	16806	18143	3	467	5e-20	90.9
scaffold02617	OTU_0005	24.96	665	400	22	11082	12854	132	771	2e-31	  128
scaffold02904	OTU_0062	24.64	483	289	18	11311	10055	4	475	5e-20	90.5
scaffold03011	OTU_0023	29.17	264	162	10	17296	16544	3	254	1e-17	81.3
scaffold03020	OTU_0062	27.88	269	166	7	11623	12393	3	255	2e-14	72.0
scaffold03075	OTU_0003	25.32	316	187	10	850	5	123	423	9e-12	62.8
scaffold03392	OTU_0023	27.76	335	199	11	10655	9762	11	339	4e-20	88.6
scaffold03404	OTU_0023	26.02	269	167	10	12743	11979	1	251	9e-15	72.0
scaffold03453	OTU_0007	26.78	661	389	22	14439	16211	15	650	5e-38	  147
scaffold03472	OTU_0102	34.09	132	75	4	2099	1728	4	131	9e-11	59.3
scaffold03479	OTU_0038	29.92	244	130	8	16131	16745	35	276	6e-16	74.3
scaffold03724	OTU_0001	24.01	783	496	25	4018	6144	42	799	2e-41	  159
scaffold03842	OTU_0062	26.90	290	173	9	3987	4811	1	266	5e-16	77.4
scaffold03986	OTU_0005	25.00	764	465	24	8172	10247	89	816	9e-41	  157
scaffold04867	OTU_0046	26.41	284	174	10	11765	12574	3	265	9e-13	66.2
scaffold04912	OTU_0007	25.56	673	419	20	3613	5439	7	661	2e-27	  114
scaffold05048	OTU_0077	28.22	163	102	3	949	1419	15	168	3e-13	65.1
scaffold05571	OTU_0020	34.74	95	58	2	3069	3341	1	95	7e-12	60.8
scaffold05671	OTU_0023	30.00	270	176	9	11624	10845	2	268	3e-25	  103
scaffold05693	OTU_0001	25.00	676	421	23	2180	4000	116	774	2e-26	  110
scaffold05722	OTU_0007	25.42	712	403	31	3848	5710	16	690	3e-28	  116
scaffold05899	OTU_0023	29.00	269	178	8	127	903	2	267	5e-24	  100
scaffold05957	OTU_0003	25.48	361	199	17	8130	7192	86	424	6e-13	65.9
scaffold06192	OTU_0005	26.55	614	347	24	9461	11059	68	658	8e-39	  150
scaffold06535	OTU_0062	24.36	776	471	19	2901	847	8	758	1e-45	  171
scaffold06664	OTU_0023	25.06	411	240	11	7249	6056	1	356	2e-20	88.6
scaffold06737	OTU_0020	27.54	236	158	5	4978	5664	7	236	8e-18	79.0
scaffold06783	OTU_0068	32.84	271	163	8	3991	3218	1	265	3e-15	74.3
scaffold07166	OTU_0023	28.33	360	211	10	7964	6996	2	351	6e-31	  121
scaffold07189	OTU_0023	30.25	238	153	5	5093	4413	1	236	2e-27	  110
scaffold07270	OTU_0046	27.40	489	302	16	3337	1979	3	474	5e-32	  128
scaffold07349	OTU_0046	25.28	534	322	12	6819	5431	16	543	1e-37	  146
scaffold07498	OTU_0008	24.84	322	205	9	5621	4749	146	461	2e-12	64.3
scaffold07736	OTU_0068	26.52	460	277	18	4310	3057	2	442	1e-26	  110
scaffold07899	OTU_0023	27.82	266	166	10	6930	6166	1	251	3e-16	75.9
scaffold08069	OTU_0068	29.53	254	141	11	6686	7378	447	685	1e-13	68.6
scaffold08149	OTU_0008	24.31	506	293	18	8757	7402	1	470	1e-14	71.6
scaffold08470	OTU_0001	24.66	730	431	23	5258	7210	118	807	7e-40	  153
scaffold08655	OTU_0008	27.46	284	175	7	379	1155	176	453	3e-13	66.6
scaffold08809	OTU_0007	24.10	498	293	21	6049	4733	159	630	6e-19	85.9
scaffold08876	OTU_0007	24.55	497	302	15	5293	3956	7	481	1e-21	94.4
scaffold08887	OTU_0006	25.61	488	307	15	3224	4561	3	476	1e-21	94.7
scaffold08904	OTU_0001	23.78	736	461	30	4518	2557	83	800	6e-29	  118
scaffold09907	OTU_0005	24.75	493	300	20	1540	200	130	597	6e-14	69.3
scaffold11088	OTU_0023	25.00	292	176	8	2782	3615	1	263	9e-15	70.9
scaffold11152	OTU_0023	25.54	278	158	9	977	1744	1	251	1e-14	70.5
scaffold11492	OTU_0062	23.18	453	252	14	178	1470	3	381	5e-16	76.3
scaffold12335	OTU_0046	26.24	724	444	20	2199	262	8	719	3e-41	  156
scaffold12691	OTU_0023	31.05	248	158	8	4505	3792	2	246	4e-21	89.7
scaffold13700	OTU_0033	22.68	269	169	5	1	714	1	261	3e-14	67.8
scaffold13731	OTU_0020	32.63	95	60	1	2126	2398	1	95	2e-13	64.7
scaffold13981	OTU_0102	37.63	93	52	4	3284	3553	6	95	5e-11	58.9
scaffold14012	OTU_0090	25.11	450	300	13	3319	4578	3	445	5e-16	75.9
scaffold14071	OTU_0062	26.86	525	308	17	3616	5031	3	504	1e-36	  142
scaffold14089	OTU_0020	36.27	102	56	3	1338	1051	1	99	8e-14	65.9
scaffold14282	OTU_0062	26.37	273	165	9	4631	5401	3	255	1e-11	61.2
scaffold14312	OTU_0062	24.85	507	319	11	3455	2100	1	500	4e-32	  127
scaffold14322	OTU_0007	22.71	480	303	14	4314	3022	6	466	1e-19	70.9
scaffold14322	OTU_0007	22.76	145	101	6	2959	2558	504	648	1e-19	38.1
scaffold14347	OTU_0006	29.17	264	155	8	3568	2819	3	248	3e-16	76.3
scaffold14462	OTU_0023	28.57	357	237	10	1881	2912	2	353	1e-29	  116
scaffold14626	OTU_0001	24.55	607	366	22	5778	4174	209	795	3e-27	  112
scaffold15369	OTU_0090	28.37	504	298	16	4525	3170	3	495	5e-35	  137
scaffold15897	OTU_0023	27.88	226	148	8	656	9	7	227	7e-17	76.6
scaffold16149	OTU_0058	25.79	221	120	8	2895	3458	1	210	4e-13	62.8
scaffold16423	OTU_0023	31.65	237	149	9	611	1288	2	236	2e-24	  100
scaffold16887	OTU_0046	25.75	268	163	7	842	87	6	253	3e-14	69.7
scaffold17490	OTU_0062	23.26	503	310	17	1976	606	3	475	3e-21	92.8
scaffold17775	OTU_0045	25.00	288	179	7	195	1004	81	349	1e-20	88.6
scaffold18128	OTU_0003	28.80	309	179	8	2074	1259	119	423	5e-16	74.3
scaffold18223	OTU_0005	24.04	674	401	25	4970	3219	129	781	1e-21	94.0
scaffold18282	OTU_0005	26.26	377	232	13	46	1068	206	572	8e-18	81.3
scaffold18293	OTU_0062	33.46	266	140	10	2962	2213	5	249	5e-30	  120
scaffold18630	OTU_0071	29.72	249	151	8	121	846	5	236	5e-18	80.1
scaffold19027	OTU_0007	26.14	505	282	16	410	1717	1	483	3e-22	95.5
scaffold19922	OTU_0006	26.00	727	436	20	2255	327	8	716	2e-41	  157
scaffold21088	OTU_0090	24.07	486	301	18	2770	4062	1	473	3e-17	79.3
scaffold21987	OTU_0071	33.89	239	150	5	3618	4319	5	240	2e-30	  118
scaffold22077	OTU_0062	26.90	290	180	9	3406	2591	3	278	5e-16	75.1
scaffold22224	OTU_0068	24.24	462	253	15	2774	4117	5	383	4e-17	78.6
scaffold22276	OTU_0064	25.71	494	321	15	1404	22	1	481	1e-22	96.3
scaffold22307	OTU_0046	25.49	761	435	22	1754	3667	6	757	2e-53	  193
scaffold22677	OTU_0062	27.67	524	301	17	2194	791	3	504	7e-36	  139
scaffold22909	OTU_0090	28.69	481	292	17	1000	2337	3	467	1e-31	  125
scaffold24882	OTU_0001	23.91	690	448	22	2914	1040	85	762	2e-30	  122
scaffold26126	OTU_0001	26.74	445	258	16	1184	3	135	562	2e-17	79.7
scaffold26454	OTU_0020	36.84	95	56	1	3544	3272	1	95	3e-15	69.3
scaffold27028	OTU_0001	23.57	802	500	26	1472	3622	31	804	2e-39	  150
scaffold27703	OTU_0068	29.34	242	130	7	469	1140	18	236	6e-20	87.4
scaffold27703	OTU_0068	29.93	137	94	2	1510	1920	420	554	2e-12	63.5
scaffold27995	OTU_0046	25.49	306	188	10	887	36	3	290	1e-15	73.6
scaffold29095	OTU_0023	26.30	270	168	7	1574	804	1	252	6e-17	76.3
scaffold29323	OTU_0062	27.78	288	170	11	2257	1439	2	266	1e-15	73.6
scaffold29866	OTU_0023	25.17	302	172	10	1764	907	3	266	3e-14	68.2
scaffold32024	OTU_0090	27.15	512	327	15	3230	1785	2	497	1e-33	  131
scaffold32778	OTU_0090	28.61	388	229	11	2045	3091	2	380	3e-31	  123
scaffold32920	OTU_0071	27.00	263	160	8	2354	1608	2	246	1e-15	72.0
scaffold33281	OTU_0001	22.22	702	459	21	2659	749	116	795	1e-19	86.3
scaffold33323	OTU_0062	31.18	263	164	7	538	1293	5	261	2e-16	76.3
scaffold33931	OTU_0086	33.33	126	65	2	1115	795	59	184	8e-14	64.3
scaffold34068	OTU_0064	22.92	480	297	13	1272	2531	1	467	5e-12	61.2
scaffold34348	OTU_0102	29.39	245	160	5	914	201	2	240	1e-23	96.7
scaffold34493	OTU_0003	26.70	221	136	6	2145	2747	210	424	3e-11	58.2
scaffold36100	OTU_0001	26.93	531	306	19	2840	1440	120	632	1e-28	  115
scaffold36680	OTU_0064	27.07	484	287	19	2651	1359	3	473	4e-31	  122
scaffold36986	OTU_0008	31.64	177	110	5	2893	2375	72	241	3e-11	58.5
scaffold37488	OTU_0020	37.89	95	55	1	2229	1957	1	95	5e-17	74.3
scaffold37625	OTU_0001	22.75	721	470	19	2187	220	101	799	4e-29	  116
scaffold38267	OTU_0044	25.87	259	157	7	2817	2092	181	421	6e-12	60.5
scaffold38588	OTU_0046	27.13	258	159	3	2716	2027	290	546	6e-18	80.5
scaffold39204	OTU_0062	26.09	709	410	25	5	1864	75	758	3e-37	  142
scaffold41053	OTU_0044	27.20	353	199	11	1389	2321	89	425	2e-17	77.8
scaffold41541	OTU_0071	28.65	370	205	12	1139	159	1	354	8e-31	  118
scaffold41971	OTU_0062	23.68	511	299	19	712	2085	3	475	3e-24	  100
scaffold43432	OTU_0003	26.95	308	184	8	1739	2551	119	422	2e-18	80.9
scaffold45044	OTU_0003	28.66	328	186	14	1328	2188	103	423	3e-22	92.4
scaffold45048	OTU_0064	27.31	487	309	16	1793	429	1	474	1e-28	  113
scaffold45128	OTU_0023	32.02	253	159	5	1056	331	1	251	2e-33	  125
scaffold45553	OTU_0003	28.24	301	176	11	624	1421	118	413	3e-17	77.0
scaffold46129	OTU_0041	33.33	138	73	5	86	475	3	129	3e-14	67.4
scaffold46934	OTU_0066	25.71	420	260	16	115	1275	58	458	2e-19	84.3
scaffold46956	OTU_0008	21.99	432	266	13	2396	1248	69	478	1e-11	59.3
scaffold48322	OTU_0044	27.46	295	175	9	2346	1525	144	420	2e-18	80.9
scaffold48492	OTU_0022	32.69	156	84	5	76	510	1	146	3e-16	71.6
scaffold48751	OTU_0023	29.49	312	196	10	29	910	2	307	2e-26	  104
scaffold49814	OTU_0023	26.91	353	219	10	1553	600	2	350	2e-23	95.5
scaffold50077	OTU_0020	29.47	95	63	1	1239	967	1	95	1e-11	57.8
scaffold50145	OTU_0007	24.70	664	401	21	2102	342	7	648	3e-31	  122
scaffold50287	OTU_0062	32.33	266	147	12	764	15	1	249	3e-26	  106
scaffold50295	OTU_0062	25.64	546	301	18	33	1451	4	517	5e-29	  115
scaffold50342	OTU_0007	68.20	717	204	3	3	2153	8	700	0.0	  983
scaffold50647	OTU_0046	28.10	274	161	8	1447	2220	1	254	9e-17	76.3
scaffold50809	OTU_0046	28.01	482	294	16	767	2104	3	467	1e-34	  133
scaffold51637	OTU_0020	34.74	95	58	1	1892	1620	1	95	1e-13	63.9
scaffold54193	OTU_0008	30.20	255	156	7	214	930	162	410	4e-24	98.6
scaffold54488	OTU_0071	28.57	238	150	10	1455	2132	2	231	2e-16	73.6
scaffold54938	OTU_0008	25.11	446	293	12	2112	853	17	447	1e-17	78.2
scaffold59889	OTU_0001	26.67	480	265	16	1975	704	351	799	2e-29	  116
scaffold59909	OTU_0005	26.03	557	328	21	425	1903	105	641	1e-27	  110
scaffold61284	OTU_0031	31.95	241	125	7	1827	1216	217	455	4e-15	70.1
scaffold62844	OTU_0058	28.38	222	122	9	1107	1691	1	212	1e-14	66.2
scaffold63965	OTU_0005	25.87	344	208	9	958	1875	89	423	1e-19	85.1
scaffold64693	OTU_0062	27.06	255	151	9	1150	1866	3	238	6e-13	63.5
scaffold66066	OTU_0041	34.45	119	62	3	1315	1659	1	107	1e-13	64.7
scaffold66394	OTU_0090	30.38	237	130	9	1182	1823	5	229	1e-19	84.7
scaffold66824	OTU_0066	25.64	429	271	14	33	1226	58	469	3e-21	89.0
scaffold67012	OTU_0020	31.45	124	78	4	1457	1813	2	123	3e-11	56.2
scaffold67883	OTU_0001	26.22	286	172	9	1	753	132	413	5e-13	63.5
scaffold68003	OTU_0023	31.03	261	163	5	836	90	3	258	2e-29	  112
scaffold69323	OTU_0023	24.81	258	179	5	911	1651	3	256	6e-18	78.2
scaffold73235	OTU_0058	27.52	218	113	9	952	1491	1	211	1e-12	59.7
scaffold73611	OTU_0003	27.95	297	176	9	102	884	129	423	3e-17	75.9
scaffold74330	OTU_0006	30.28	251	152	7	1660	959	223	467	1e-13	65.5
scaffold74721	OTU_0071	28.09	267	161	8	784	41	3	257	1e-16	73.9
scaffold75384	OTU_0001	26.32	323	175	10	866	18	117	416	1e-15	71.6
scaffold75501	OTU_0023	32.00	275	164	11	1223	444	2	268	2e-26	  103
scaffold77256	OTU_0023	27.51	269	163	9	1494	709	3	246	3e-16	72.8
scaffold79489	OTU_0007	29.10	457	263	15	80	1318	23	462	7e-36	  134
scaffold79756	OTU_0020	35.79	95	57	1	354	82	1	95	3e-15	67.8
scaffold81234	OTU_0052	30.83	240	136	8	189	821	136	374	3e-16	72.8
scaffold81852	OTU_0023	28.73	355	235	11	369	1391	2	352	3e-34	  125
scaffold82958	OTU_0062	25.37	272	169	7	567	1337	5	257	4e-11	57.0
scaffold83596	OTU_0020	32.97	91	57	1	921	1181	1	91	4e-13	61.6
scaffold86197	OTU_0066	25.28	265	168	8	29	751	211	469	4e-19	82.0
scaffold88158	OTU_0090	34.94	83	52	1	409	167	9	91	3e-11	57.4
scaffold90623	OTU_0068	27.73	458	260	18	1442	207	34	466	2e-29	  114
scaffold90678	OTU_0037	33.74	163	93	3	758	1204	2	163	1e-19	80.1
scaffold90835	OTU_0005	25.36	481	282	16	24	1280	164	629	2e-22	92.8
scaffold90928	OTU_0016	30.77	182	98	6	1322	861	32	213	4e-12	58.2
scaffold91439	OTU_0062	24.44	356	222	7	1057	104	3	349	4e-23	95.1
scaffold92223	OTU_0062	23.59	301	190	8	567	1406	4	285	8e-16	72.0
scaffold92446	OTU_0102	30.96	281	163	10	612	1394	1	270	6e-23	92.4
scaffold93561	OTU_0075	31.01	129	75	5	49	408	34	157	8e-14	62.8
scaffold96506	OTU_0005	25.33	454	279	15	1376	150	132	570	8e-20	84.3
scaffold97018	OTU_0005	27.97	236	136	6	4	618	176	408	1e-16	74.3
scaffold99341	OTU_0005	25.58	477	263	15	1237	35	214	674	3e-26	  104
scaffold100337	OTU_0020	28.49	172	109	7	817	1305	1	167	3e-15	67.4
scaffold101944	OTU_0068	27.47	455	259	18	1	1227	37	466	3e-28	  109
scaffold102595	OTU_0003	23.20	362	213	9	1033	65	85	420	5e-18	78.2
scaffold102877	OTU_0046	27.08	288	183	8	971	135	3	272	1e-16	73.9
scaffold103479	OTU_0062	27.57	243	144	8	688	2	1	225	2e-12	60.8
scaffold106746	OTU_0001	27.17	346	208	12	332	1249	82	423	2e-18	79.7
scaffold106845	OTU_0071	26.44	261	170	7	393	1139	7	257	2e-17	75.5
scaffold110587	OTU_0046	25.00	448	270	12	1	1164	32	473	6e-19	81.3
scaffold110713	OTU_0052	26.10	387	196	16	1225	239	23	377	1e-18	79.7
scaffold112268	OTU_0005	25.65	191	133	5	1213	665	613	802	3e-11	57.0
scaffold114943	OTU_0062	25.42	299	184	8	218	1051	3	283	8e-16	71.2
scaffold116224	OTU_0040	28.85	156	99	6	369	827	3	149	3e-14	63.5
scaffold122699	OTU_0023	27.54	345	203	10	235	1158	2	336	1e-29	  110
scaffold126789	OTU_0023	27.76	245	162	8	401	1105	7	246	1e-21	87.8
scaffold126790	OTU_0071	24.16	327	210	9	6	884	13	335	2e-20	84.0
scaffold127104	OTU_0062	31.15	244	138	12	1127	450	18	249	3e-19	81.6
scaffold127663	OTU_0008	26.80	291	160	13	35	784	181	459	1e-11	57.8
scaffold128498	OTU_0062	38.04	92	53	3	314	45	3	92	1e-13	64.3
scaffold130812	OTU_0023	29.20	226	149	8	1104	457	44	268	4e-13	62.0
scaffold135005	OTU_0020	34.74	95	58	1	601	329	1	95	1e-16	70.9
scaffold137304	OTU_0008	31.06	293	176	8	819	1	175	461	4e-30	  112
scaffold139408	OTU_0071	27.09	251	136	6	935	270	136	368	4e-15	67.8
scaffold140474	OTU_0023	25.29	261	145	9	1022	258	5	221	2e-12	59.7
scaffold140837	OTU_0045	27.27	264	157	9	862	122	81	326	2e-21	86.7
scaffold142590	OTU_0064	27.97	236	135	7	10	714	315	516	7e-14	64.7
scaffold142742	OTU_0044	27.20	250	149	6	21	677	39	286	2e-17	75.5
scaffold143147	OTU_0001	31.11	225	122	7	603	25	118	341	6e-18	77.0
scaffold144004	OTU_0023	28.62	269	179	8	220	996	2	267	4e-26	99.8
scaffold145754	OTU_0020	40.24	82	45	2	239	3	1	81	7e-15	65.5
scaffold146879	OTU_0020	30.53	190	117	8	599	60	1	185	5e-18	74.7
scaffold149767	OTU_0071	29.52	332	189	9	1001	117	28	351	3e-29	  108
scaffold151060	OTU_0062	26.96	319	181	7	26	838	154	468	2e-23	93.6
scaffold151304	OTU_0090	29.91	224	127	8	971	342	53	260	4e-19	80.1
scaffold152436	OTU_0005	36.67	90	48	2	1	246	272	360	4e-11	56.2
scaffold157672	OTU_0007	27.30	315	184	9	1	864	164	460	2e-22	90.1
scaffold159267	OTU_0023	32.67	251	153	8	748	29	1	246	2e-29	  108
scaffold159859	OTU_0023	28.97	214	145	5	962	333	28	238	9e-25	95.1
scaffold162741	OTU_0044	24.58	297	191	7	82	918	144	425	1e-14	66.2
scaffold164314	OTU_0062	26.34	186	120	5	322	852	1	178	9e-12	57.8
scaffold164326	OTU_0031	32.54	126	78	3	382	741	8	132	2e-12	59.3
scaffold165116	OTU_0020	36.90	84	47	3	664	906	2	82	5e-11	54.3
scaffold165445	OTU_0001	24.22	322	202	8	906	19	269	574	2e-14	65.9
scaffold171117	OTU_0023	27.98	218	126	4	161	727	136	351	9e-14	63.2
scaffold171301	OTU_0003	25.78	256	157	7	49	735	174	423	1e-14	65.9
scaffold175138	OTU_0066	26.36	220	134	7	316	903	170	385	2e-14	65.5
scaffold176846	OTU_0062	33.46	269	143	10	136	894	2	250	7e-33	  121
scaffold177230	OTU_0020	28.49	172	109	7	361	849	1	167	1e-15	67.4
scaffold178368	OTU_0064	31.71	246	121	8	125	841	315	520	2e-19	80.5
scaffold178417	OTU_0066	26.90	197	132	6	887	327	275	469	2e-12	59.3
scaffold179215	OTU_0023	27.97	311	200	11	886	8	42	346	1e-13	62.8
scaffold182759	OTU_0087	33.06	124	73	4	785	432	18	137	1e-15	66.2
scaffold184644	OTU_0008	30.63	160	104	5	218	682	310	467	2e-13	62.4
scaffold185093	OTU_0020	32.63	95	60	1	599	871	1	95	4e-12	57.4
scaffold185313	OTU_0007	29.90	204	112	5	102	623	109	311	1e-15	68.9
scaffold185468	OTU_0062	29.09	220	126	4	58	630	138	356	3e-17	73.9
scaffold186095	OTU_0005	29.51	122	80	3	368	718	651	771	2e-12	59.3
scaffold186369	OTU_0068	29.81	265	161	9	86	835	4	258	8e-23	91.3
scaffold189584	OTU_0005	30.45	243	128	9	43	666	176	412	6e-22	88.6
scaffold189673	OTU_0023	25.11	219	153	6	223	855	7	222	2e-15	68.2
scaffold190709	OTU_0077	34.75	118	70	3	15	350	41	157	3e-14	62.8
scaffold191427	OTU_0071	25.08	307	199	4	843	13	39	344	1e-21	85.5
scaffold193065	OTU_0066	25.71	210	114	7	846	319	205	406	5e-11	54.7
scaffold194686	OTU_0023	32.39	247	154	5	711	4	2	246	3e-33	  119
scaffold195367	OTU_0041	39.13	92	52	1	353	90	4	95	8e-14	62.8
scaffold197363	OTU_0064	46.67	60	32	0	651	830	6	65	3e-14	64.3
scaffold197428	OTU_0045	26.39	288	182	10	4	792	77	359	3e-18	76.3
scaffold199665	OTU_0005	30.00	190	105	6	10	504	170	356	3e-15	67.8
scaffold200738	OTU_0041	35.42	96	58	1	188	463	1	96	9e-14	62.8
scaffold201699	OTU_0020	32.43	74	34	1	224	3	6	63	1e-10	53.1
scaffold202837	OTU_0068	30.58	242	138	6	1	684	22	247	2e-24	95.9
scaffold204564	OTU_0041	39.62	106	59	2	815	513	3	108	1e-20	82.4
scaffold208962	OTU_0003	32.66	199	105	6	690	178	136	333	3e-16	70.1
scaffold210506	OTU_0023	30.32	188	120	7	223	762	1	185	9e-21	82.8
scaffold213691	OTU_0023	30.29	175	97	2	744	289	179	351	3e-16	69.7
scaffold215825	OTU_0041	34.38	96	59	1	234	509	1	96	1e-12	59.3
scaffold216054	OTU_0023	28.52	263	170	10	784	44	57	317	3e-18	75.5
scaffold221779	OTU_0062	22.89	249	171	5	28	720	201	446	1e-11	56.6
scaffold225693	OTU_0090	30.90	178	100	5	1	492	80	248	1e-15	68.6
scaffold229955	OTU_0046	25.72	276	162	5	747	43	200	473	4e-20	82.0
scaffold231898	OTU_0005	26.98	252	148	9	73	735	115	361	2e-14	64.7
scaffold239316	OTU_0020	43.16	95	48	1	417	151	1	95	1e-19	77.4
scaffold239763	OTU_0023	27.78	234	141	10	654	1	5	226	9e-17	70.9
scaffold240290	OTU_0058	31.29	163	80	6	94	504	56	212	1e-11	54.7
scaffold244732	OTU_0020	38.37	86	49	2	404	153	2	85	2e-14	62.4
scaffold252854	OTU_0008	29.82	228	125	5	612	4	176	393	9e-17	71.2
scaffold254210	OTU_0022	35.92	103	60	3	2	295	25	126	9e-13	58.2
scaffold256867	OTU_0020	38.95	95	54	1	209	481	1	95	6e-18	72.4
scaffold258605	OTU_0045	31.90	163	93	6	621	175	82	240	8e-14	62.0
scaffold260818	OTU_0022	36.97	119	67	3	696	358	10	126	6e-17	69.7
scaffold262528	OTU_0020	36.47	85	50	1	296	538	1	85	2e-14	62.4
scaffold264389	OTU_0023	30.32	221	123	6	106	681	136	354	2e-17	72.8
scaffold269003	OTU_0038	29.92	254	131	8	10	645	32	280	3e-14	62.8
scaffold272984	OTU_0041	32.29	96	61	1	294	569	1	96	1e-12	58.2
scaffold275057	OTU_0016	29.73	185	104	8	486	1	32	213	2e-14	62.4
scaffold276480	OTU_0030	27.81	169	103	4	135	626	118	272	9e-14	60.8
scaffold276487	OTU_0023	32.80	189	113	8	95	634	2	185	2e-20	81.3
scaffold279911	OTU_0020	35.11	94	57	1	83	352	2	95	2e-16	68.2
scaffold282448	OTU_0068	31.43	105	59	2	656	357	3	99	5e-12	57.0
scaffold283462	OTU_0062	30.73	179	109	7	529	20	5	177	4e-16	69.3
scaffold285174	OTU_0020	35.79	95	57	1	371	643	1	95	4e-15	64.3
scaffold286830	OTU_0001	27.31	216	127	6	614	54	209	423	2e-16	70.1
scaffold292428	OTU_0020	33.68	95	59	1	74	346	1	95	8e-16	66.2
scaffold295288	OTU_0102	32.26	124	80	2	276	638	3	125	9e-11	52.8
scaffold298309	OTU_0066	28.40	162	106	4	115	573	268	428	2e-15	67.0
scaffold299554	OTU_0086	32.00	100	51	2	516	268	65	164	5e-12	55.1
scaffold300973	OTU_0041	32.52	123	65	4	377	48	7	124	1e-11	55.1
scaffold301042	OTU_0020	31.18	93	60	1	378	112	3	95	6e-11	52.8
scaffold303561	OTU_0020	35.45	110	66	3	407	84	2	108	3e-19	75.9
scaffold303636	OTU_0031	35.54	166	89	6	12	479	7	164	1e-17	73.2
scaffold304038	OTU_0020	34.33	134	81	3	108	503	1	129	4e-18	72.8
scaffold306465	OTU_0020	35.79	95	57	1	270	542	1	95	1e-15	65.5
scaffold307066	OTU_0040	44.59	74	35	2	581	363	33	101	1e-12	56.6
scaffold314790	OTU_0064	28.37	208	115	9	536	6	404	608	7e-11	52.8
scaffold315444	OTU_0071	25.97	181	124	4	89	613	3	179	7e-12	55.8
scaffold319676	OTU_0006	30.95	126	74	5	209	556	4	126	1e-11	55.5
scaffold323000	OTU_0020	33.68	95	59	1	312	40	1	95	2e-13	59.3
scaffold324821	OTU_0023	28.37	208	136	9	596	3	6	210	2e-13	60.5
scaffold330786	OTU_0023	29.65	172	106	4	565	65	190	351	3e-14	62.4
scaffold331809	OTU_0031	34.75	118	68	4	596	264	9	124	5e-17	71.2
scaffold337349	OTU_0020	38.00	100	57	3	52	339	1	99	1e-15	65.1
scaffold337818	OTU_0020	47.73	44	23	0	143	12	2	45	4e-11	52.8
scaffold339076	OTU_0020	30.56	144	84	6	449	27	1	131	1e-10	51.6
scaffold341126	OTU_0023	30.00	130	68	1	242	562	190	319	5e-16	67.8
scaffold345455	OTU_0022	33.05	118	73	3	377	39	3	119	1e-11	53.9
scaffold349122	OTU_0020	32.47	77	46	1	1	213	5	81	7e-11	52.0
scaffold349697	OTU_0023	32.43	148	89	6	573	157	78	223	7e-12	55.5
scaffold349973	OTU_0022	36.63	101	58	2	30	317	27	126	4e-12	55.5
scaffold357323	OTU_0064	28.57	182	98	4	75	539	180	356	2e-14	63.5
scaffold357745	OTU_0090	30.41	148	90	4	76	501	114	254	6e-14	62.0
scaffold358440	OTU_0020	33.33	141	89	4	416	3	3	141	5e-18	71.6
scaffold359177	OTU_0020	44.94	89	43	2	168	434	39	121	7e-17	68.6
scaffold374730	OTU_0003	29.52	166	89	6	481	62	208	371	1e-12	57.4
scaffold376242	OTU_0020	40.62	96	51	3	278	6	2	96	2e-14	61.6
scaffold381265	OTU_0041	34.69	98	59	2	101	382	1	97	1e-13	60.8
scaffold387493	OTU_0037	32.31	130	71	3	188	535	2	128	2e-12	55.5
scaffold387728	OTU_0036	80.25	157	30	1	69	539	1	156	2e-97	  277
scaffold395972	OTU_0005	28.00	200	110	6	509	9	214	412	4e-17	71.6
scaffold399570	OTU_0062	42.86	84	46	1	528	283	10	93	3e-17	72.0
scaffold400946	OTU_0020	35.65	115	59	3	390	91	1	115	2e-17	70.1
scaffold401551	OTU_0058	26.46	223	90	7	529	11	1	199	7e-14	59.7
scaffold416663	OTU_0020	48.28	58	30	0	305	478	2	59	2e-15	63.9
scaffold427103	OTU_0020	33.33	99	61	3	4	291	35	131	3e-15	63.2
scaffold427150	OTU_0039	34.40	125	64	4	102	425	29	152	3e-14	60.1
scaffold429734	OTU_0022	29.37	126	77	3	115	477	8	126	5e-11	51.6
scaffold431963	OTU_0020	26.17	107	71	2	312	10	5	109	2e-12	55.5
scaffold435783	OTU_0068	30.73	179	97	8	494	3	7	173	1e-14	63.5
scaffold442532	OTU_0005	28.42	190	107	6	12	497	129	317	4e-12	56.2
scaffold443578	OTU_0062	54.35	46	21	0	265	402	3	48	4e-11	53.1
scaffold444469	OTU_0062	37.37	99	59	2	370	80	1	98	2e-15	66.6
scaffold445110	OTU_0005	35.57	149	72	5	391	14	214	361	1e-18	76.3
scaffold445215	OTU_0022	33.33	102	62	2	491	201	27	127	1e-14	61.6
scaffold449552	OTU_0102	33.58	134	66	1	44	376	218	351	5e-14	61.2
scaffold449721	OTU_0071	31.05	190	97	4	12	488	153	339	7e-18	72.4
scaffold454991	OTU_0020	34.46	148	69	8	6	419	10	139	3e-16	66.2
scaffold455428	OTU_0086	34.69	98	47	2	383	141	65	162	2e-11	52.4
scaffold455790	OTU_0020	46.51	86	40	2	248	487	3	88	4e-18	71.6
scaffold458941	OTU_0104	34.62	156	91	4	459	25	32	187	2e-14	62.0
scaffold460389	OTU_0023	32.73	165	107	3	3	485	7	171	8e-26	94.4
scaffold462465	OTU_0022	34.71	121	73	2	481	134	7	126	6e-17	68.2
scaffold465173	OTU_0020	39.36	94	53	2	298	23	2	93	2e-17	69.3
scaffold467528	OTU_0020	40.91	88	48	3	220	477	1	86	1e-15	64.3
scaffold473541	OTU_0023	30.50	141	89	5	71	475	2	139	4e-18	72.8
scaffold474567	OTU_0041	36.84	95	55	4	1	273	3	96	6e-11	52.0
scaffold478467	OTU_0044	32.69	156	79	6	77	469	83	237	3e-12	55.8
scaffold479397	OTU_0009	29.55	132	69	4	463	68	14	121	5e-11	50.8
scaffold484888	OTU_0005	36.67	150	66	4	85	465	188	331	1e-18	75.9
scaffold487011	OTU_0020	35.40	113	66	3	467	150	10	122	6e-13	57.0
scaffold490434	OTU_0041	33.67	98	60	2	65	346	1	97	1e-13	60.1
scaffold493422	OTU_0091	33.10	145	83	6	61	465	85	225	5e-12	54.7
scaffold493736	OTU_0020	32.63	95	60	1	101	373	1	95	5e-13	57.0
scaffold495286	OTU_0071	31.11	135	89	3	28	420	133	267	3e-13	58.5
scaffold498308	OTU_0020	40.23	87	47	3	393	142	10	94	8e-13	56.2
scaffold499266	OTU_0001	32.90	155	88	4	454	29	271	422	3e-20	80.5
scaffold506640	OTU_0003	30.14	146	76	4	39	401	216	360	4e-11	52.4
scaffold514043	OTU_0064	28.14	167	94	3	31	453	175	341	5e-15	64.3
scaffold520990	OTU_0068	34.65	101	60	1	348	64	159	259	2e-15	65.9
scaffold524202	OTU_0020	38.61	101	53	3	396	112	2	99	1e-17	70.1
scaffold530775	OTU_0041	36.56	93	54	2	444	178	6	97	2e-14	62.0
scaffold531701	OTU_0005	36.45	107	57	4	306	13	249	353	2e-12	56.6
scaffold536013	OTU_0102	29.27	123	80	3	38	388	4	125	3e-11	52.8
scaffold537746	OTU_0020	37.38	107	54	5	46	360	1	96	1e-17	69.7
scaffold537754	OTU_0023	28.76	153	98	6	440	9	35	185	3e-13	58.5
scaffold542931	OTU_0041	35.56	90	54	2	259	2	1	90	9e-13	57.0
scaffold552422	OTU_0041	28.68	129	85	2	377	9	2	129	3e-11	52.8
scaffold554413	OTU_0068	26.32	133	91	2	386	6	136	267	5e-12	55.5
scaffold557326	OTU_0023	35.26	156	77	3	25	423	198	352	2e-17	70.5
scaffold558379	OTU_0020	30.12	83	52	1	200	430	3	85	6e-12	53.5
scaffold558470	OTU_0020	30.12	83	52	1	200	430	3	85	6e-12	53.5
scaffold558729	OTU_0081	80.00	110	21	1	331	2	1	109	2e-62	  190
scaffold569026	OTU_0071	30.47	128	84	2	370	2	190	317	4e-11	52.0
scaffold569442	OTU_0018	34.90	149	73	4	1	378	39	186	3e-17	68.2
scaffold570666	OTU_0020	32.79	122	77	3	425	69	12	131	5e-17	67.8
scaffold579849	OTU_0062	41.30	92	50	4	278	9	3	92	1e-15	66.2
scaffold585007	OTU_0005	42.67	75	43	0	140	364	497	571	1e-11	53.9
scaffold590025	OTU_0020	34.74	95	58	1	76	348	1	95	3e-15	62.4
scaffold592788	OTU_0035	88.57	35	4	0	311	415	1	35	5e-19	73.6
scaffold594551	OTU_0096	99.23	130	0	1	24	413	1	129	2e-82	  235
scaffold595512	OTU_0041	34.07	91	56	1	151	411	1	91	2e-12	55.8
scaffold598591	OTU_0077	31.25	128	81	2	31	396	41	167	2e-14	60.1
scaffold622504	OTU_0022	33.03	109	67	2	401	90	12	119	4e-16	65.1
scaffold624569	OTU_0068	38.24	68	42	0	395	192	180	247	3e-11	53.1
scaffold624838	OTU_0041	45.16	93	45	4	320	51	5	94	4e-15	63.9
scaffold626799	OTU_0022	40.58	69	40	1	269	63	1	68	1e-12	55.5
scaffold632787	OTU_0040	33.68	95	61	2	51	332	25	118	6e-12	52.8
scaffold641206	OTU_0074	32.39	142	74	5	1	381	101	235	3e-11	52.0
scaffold644953	OTU_0041	30.85	94	61	1	64	333	3	96	1e-11	53.1
scaffold647884	OTU_0020	36.17	94	56	1	392	123	2	95	7e-16	64.3
scaffold653800	OTU_0018	32.65	147	75	5	376	5	32	177	1e-15	63.2
scaffold666861	OTU_0020	32.97	91	57	1	386	126	5	95	3e-14	59.7
scaffold667534	OTU_0039	32.31	130	72	3	22	372	31	157	7e-15	60.8
scaffold668887	OTU_0020	41.38	87	45	1	247	5	2	88	1e-19	74.7
scaffold675280	OTU_0020	35.79	95	57	1	382	110	1	95	7e-17	67.0
scaffold685100	OTU_0008	34.31	102	62	3	332	42	310	411	2e-12	55.8
scaffold686906	OTU_0064	35.11	94	52	3	270	13	4	96	7e-13	57.8
scaffold689554	OTU_0020	38.37	86	49	1	378	133	6	91	9e-17	66.6
scaffold692898	OTU_0037	31.25	128	74	3	366	1	42	161	2e-11	51.2
scaffold700274	OTU_0020	33.71	89	52	3	333	85	3	90	2e-11	52.0
scaffold707246	OTU_0022	36.04	111	59	4	365	57	20	126	3e-13	56.6
scaffold709593	OTU_0005	38.55	83	43	1	267	43	251	333	8e-15	63.5
scaffold712328	OTU_0077	33.66	101	58	2	348	70	16	115	2e-13	57.0
scaffold712329	OTU_0077	33.66	101	58	2	348	70	16	115	1e-13	57.8
scaffold716496	OTU_0005	37.07	116	50	5	91	369	214	329	3e-13	58.5
scaffold716623	OTU_0062	40.00	70	41	1	212	3	2	70	9e-13	57.4
scaffold726917	OTU_0020	34.15	123	72	4	3	356	13	131	3e-17	67.8
scaffold727607	OTU_0023	38.00	100	57	3	6	299	12	108	3e-11	52.4
scaffold727895	OTU_0020	37.18	78	45	1	365	144	18	95	2e-11	51.6
scaffold728303	OTU_0041	29.17	96	62	1	34	303	1	96	1e-12	56.2
scaffold732593	OTU_0020	34.38	96	60	2	2	283	2	96	7e-15	61.2
scaffold735517	OTU_0001	34.97	143	64	7	352	5	220	360	3e-12	55.5
scaffold744853	OTU_0041	32.58	89	54	1	250	2	3	91	1e-11	52.8
scaffold752194	OTU_0023	39.53	86	50	2	252	1	1	86	3e-18	72.4
scaffold759135	OTU_0005	39.33	89	46	1	86	328	249	337	2e-16	68.2
scaffold764782	OTU_0020	31.91	94	56	2	2	265	5	96	2e-13	57.0
scaffold768071	OTU_0020	33.33	87	54	1	1	249	5	91	5e-13	56.2
scaffold768212	OTU_0020	36.44	118	65	4	353	18	39	152	1e-14	60.5
scaffold774551	OTU_0023	39.71	68	39	1	11	208	27	94	8e-12	53.5
scaffold779664	OTU_0023	39.09	110	65	2	8	331	7	116	2e-22	83.6
scaffold782558	OTU_0020	36.84	95	56	2	43	315	1	95	1e-14	60.5
scaffold786681	OTU_0068	27.64	123	66	1	341	42	194	316	6e-12	54.7
scaffold787337	OTU_0044	31.15	122	59	3	298	8	89	210	4e-12	54.7
scaffold797228	OTU_0064	31.91	94	55	3	60	317	4	96	7e-12	54.3
scaffold821335	OTU_0020	31.18	93	62	1	23	295	3	95	4e-13	56.2
scaffold824210	OTU_0005	35.83	120	54	3	49	339	214	333	2e-17	71.2
scaffold827971	OTU_0041	31.11	90	57	1	318	64	6	95	4e-13	57.4
scaffold844108	OTU_0020	46.67	45	24	0	184	50	1	45	2e-11	51.6
scaffold847423	OTU_0031	44.29	70	38	1	4	213	5	73	4e-13	57.8
scaffold860708	OTU_0020	33.64	107	58	4	330	34	30	131	4e-12	53.1
scaffold862715	OTU_0041	43.66	71	38	1	3	209	20	90	6e-14	59.7
scaffold863440	OTU_0090	35.11	94	55	1	38	301	155	248	1e-14	62.4
scaffold876073	OTU_0102	34.78	92	53	2	255	1	4	95	6e-12	53.9
scaffold877654	OTU_0064	42.42	66	38	0	200	3	2	67	2e-12	55.5
scaffold881793	OTU_0031	40.26	77	45	1	281	51	5	80	5e-13	57.0
scaffold885390	OTU_0016	79.63	108	22	0	324	1	122	229	2e-55	  168
scaffold896288	OTU_0090	35.44	79	51	0	303	67	181	259	2e-14	62.0
scaffold903208	OTU_0005	37.68	69	34	2	296	114	266	333	7e-11	51.2
scaffold907669	OTU_0005	43.96	91	40	3	248	3	267	355	2e-17	70.9
scaffold910771	OTU_0005	35.63	87	52	3	59	307	652	738	6e-11	51.2
scaffold912441	OTU_0023	40.00	80	44	2	307	80	14	93	2e-11	52.4
scaffold935022	OTU_0020	45.45	44	24	0	123	254	2	45	6e-11	50.1
scaffold935934	OTU_0023	35.37	82	50	2	311	72	28	108	3e-11	51.6
scaffold937826	OTU_0020	34.41	93	57	1	291	25	3	95	1e-12	54.3
scaffold953929	OTU_0071	32.54	126	62	2	309	1	224	349	8e-13	56.2
scaffold961650	OTU_0005	38.39	112	44	4	8	268	221	332	9e-14	59.7
scaffold966580	OTU_0064	38.46	65	40	0	222	28	1	65	4e-14	60.5
scaffold970570	OTU_0068	31.18	93	58	1	4	264	161	253	1e-11	53.1
scaffold984255	OTU_0077	32.95	88	52	2	55	300	45	131	2e-11	50.8
scaffold985256	OTU_0020	43.08	65	35	2	297	109	30	94	4e-13	55.8
scaffold987987	OTU_0020	35.71	98	50	4	7	294	8	94	5e-16	63.5
scaffold1001911	OTU_0023	33.66	101	62	3	299	3	10	107	4e-13	57.0
scaffold1002621	OTU_0020	38.96	77	44	1	1	222	20	96	4e-13	55.8
scaffold1032913	OTU_0040	36.17	94	53	2	14	286	29	118	6e-14	57.4
scaffold1036009	OTU_0001	37.50	104	54	2	2	289	274	374	8e-17	68.6
scaffold1045023	OTU_0018	32.17	115	53	3	270	1	68	182	1e-12	53.9
scaffold1046727	OTU_0005	34.95	103	51	3	288	4	260	354	4e-12	54.7
scaffold1049525	OTU_0031	34.67	75	48	1	2	226	7	80	5e-12	53.9
scaffold1052931	OTU_0068	40.48	84	46	2	283	44	7	90	1e-14	62.0
scaffold1066632	OTU_0020	48.89	45	23	0	229	95	1	45	2e-12	53.5
scaffold1085019	OTU_0005	32.94	85	48	2	51	281	267	350	4e-12	54.7
scaffold1089995	OTU_0020	48.89	45	23	0	39	173	1	45	2e-12	53.5
scaffold1098864	OTU_0097	44.78	67	37	0	44	244	95	161	9e-13	54.3
scaffold1099898	OTU_0102	40.58	69	36	3	201	1	1	66	2e-11	52.0
scaffold1113429	OTU_0020	38.89	90	48	2	10	261	7	95	4e-16	63.9
scaffold1121492	OTU_0005	41.67	72	34	2	226	35	265	336	2e-13	58.5
scaffold1147522	OTU_0005	40.54	74	36	1	75	272	263	336	3e-15	63.9
scaffold1149276	OTU_0008	39.56	91	51	2	12	272	313	403	5e-16	65.5
scaffold1153257	OTU_0021	31.58	114	50	4	8	271	48	159	2e-11	50.1
scaffold1166888	OTU_0041	35.71	70	43	2	32	241	1	68	9e-11	49.7
scaffold1167414	OTU_0040	36.96	92	47	3	2	256	12	99	2e-14	58.5
scaffold1176654	OTU_0031	45.59	68	36	1	2	205	7	73	2e-12	55.1
scaffold1184821	OTU_0023	39.06	64	39	0	70	261	7	70	2e-13	57.8
scaffold1191000	OTU_0097	38.36	73	45	0	16	234	90	162	5e-11	49.7
scaffold1193734	OTU_0020	35.53	76	38	3	257	36	28	94	2e-11	50.8
scaffold1210423	OTU_0097	37.97	79	47	2	255	19	89	165	4e-11	49.7
scaffold1223819	OTU_0081	79.31	87	18	0	262	2	81	167	2e-46	  146
scaffold1230764	OTU_0020	45.31	64	32	1	2	184	33	96	1e-14	59.7
scaffold1237641	OTU_0031	39.76	83	47	1	5	244	373	455	7e-15	61.6
scaffold1238611	OTU_0031	34.44	90	53	3	4	258	363	451	8e-11	50.1
scaffold1268615	OTU_0041	36.36	88	52	2	254	3	1	88	7e-14	58.5
scaffold1283519	OTU_0023	40.00	70	40	1	48	257	187	254	4e-11	50.4
scaffold1294942	OTU_0102	32.10	81	49	2	19	243	8	88	9e-11	49.7
scaffold1319669	OTU_0047	38.03	71	44	0	218	6	13	83	6e-11	48.1
scaffold1332408	OTU_0041	35.96	89	50	2	252	4	4	91	1e-12	55.1
scaffold1336327	OTU_0077	34.78	92	51	2	1	252	16	106	4e-13	55.1
scaffold1346699	OTU_0023	30.59	85	55	1	249	7	7	91	7e-11	50.1
scaffold1358154	OTU_0041	36.49	74	47	0	230	9	1	74	3e-12	53.9
scaffold1387005	OTU_0041	40.62	64	38	0	208	17	1	64	2e-12	54.3
scaffold1387140	OTU_0005	43.28	67	31	2	34	213	267	333	8e-16	65.1
scaffold1415112	OTU_0064	48.00	50	26	0	158	9	17	66	3e-13	57.4
scaffold1449763	OTU_0064	40.96	83	43	4	241	2	6	85	4e-14	59.7
scaffold1503963	OTU_0020	36.14	83	49	1	237	1	6	88	1e-16	64.3
scaffold1504838	OTU_0023	38.55	83	40	3	238	2	10	85	2e-11	51.2
scaffold1525530	OTU_0005	37.21	86	43	3	233	3	267	350	1e-11	52.4
scaffold1526314	OTU_0020	34.15	82	50	1	1	234	14	95	1e-11	51.2
scaffold1546589	OTU_0097	39.39	66	40	0	220	23	96	161	1e-11	50.4
scaffold1588634	OTU_0020	46.67	45	24	0	147	13	1	45	4e-11	49.7
scaffold1617701	OTU_0064	40.32	62	37	0	223	38	192	253	1e-11	52.4
scaffold1618043	OTU_0058	31.58	95	44	3	5	226	101	195	8e-12	51.2
scaffold1675018	OTU_0020	43.10	58	30	1	4	168	38	95	7e-12	51.6
scaffold1694119	OTU_0020	45.76	59	32	0	214	38	1	59	3e-14	57.8
scaffold1717675	OTU_0039	66.67	45	14	1	83	217	105	148	1e-14	58.5
scaffold1720366	OTU_0005	35.38	65	34	1	217	47	269	333	7e-11	50.1
scaffold1725063	OTU_0064	38.89	72	41	3	216	1	6	74	5e-11	50.4
