scaffold00001	OTU_0007	22.34	546	336	22	1121099	1122556	159	676	6e-13	73.2
scaffold00002	OTU_0005	24.63	735	427	25	443512	441593	79	781	5e-23	  106
scaffold00004	OTU_0007	25.47	695	436	21	788209	790089	5	685	1e-32	  136
scaffold00005	OTU_0062	26.26	754	420	25	81138	79186	5	725	2e-44	  173
scaffold00006	OTU_0071	28.35	254	160	5	460869	460120	5	240	7e-26	  111
scaffold00008	OTU_0023	28.25	269	177	6	378313	377537	7	269	2e-21	97.1
scaffold00009	OTU_0020	31.40	242	140	4	195724	195047	5	236	2e-25	  108
scaffold00024	OTU_0005	25.96	470	289	16	135423	134149	115	570	3e-20	95.5
scaffold00029	OTU_0005	25.81	647	401	18	138533	136812	129	769	2e-33	  138
scaffold00037	OTU_0090	28.52	512	318	16	153663	155105	3	497	6e-30	  126
scaffold00051	OTU_0062	27.40	281	167	8	145246	144452	1	260	1e-13	73.6
scaffold00058	OTU_0023	25.17	302	172	10	67757	68614	3	266	2e-12	68.2
scaffold00059	OTU_0064	26.72	479	306	16	151611	152951	2	467	4e-31	  129
scaffold00060	OTU_0001	25.15	672	416	20	118832	120634	119	774	3e-30	  127
scaffold00064	OTU_0062	26.25	259	179	5	48333	47584	5	260	2e-18	89.4
scaffold00068	OTU_0062	27.38	493	271	14	81114	79840	1	474	3e-36	  146
scaffold00073	OTU_0062	24.53	742	449	25	167744	165771	3	717	3e-33	  136
scaffold00075	OTU_0023	24.91	269	169	9	21478	22242	2	251	4e-11	64.3
scaffold00085	OTU_0001	25.41	673	405	21	81662	79842	119	760	1e-30	  128
scaffold00086	OTU_0001	25.14	716	410	23	166352	168232	117	795	7e-32	  132
scaffold00095	OTU_0023	26.39	269	167	9	184717	183950	1	251	1e-12	68.9
scaffold00103	OTU_0062	23.26	503	310	17	94321	95691	3	475	2e-19	91.7
scaffold00107	OTU_0062	24.81	778	421	22	70004	68085	7	758	3e-38	  152
scaffold00156	OTU_0044	24.32	440	266	12	35970	34786	8	425	7e-20	91.3
scaffold00185	OTU_0006	26.97	304	182	10	36184	37032	2	286	3e-16	81.3
scaffold00187	OTU_0001	26.17	535	310	20	78938	80341	135	651	9e-18	86.3
scaffold00193	OTU_0071	27.14	269	166	9	30797	31567	1	251	3e-15	76.3
scaffold00197	OTU_0046	27.07	484	312	15	15351	13990	2	474	5e-33	  135
scaffold00199	OTU_0005	22.70	696	435	21	79471	81303	126	803	1e-18	88.6
scaffold00213	OTU_0001	21.79	725	473	20	36706	38673	101	800	2e-31	  130
scaffold00219	OTU_0068	29.13	254	142	11	59900	60592	447	685	2e-11	65.5
scaffold00225	OTU_0005	24.13	688	411	24	10061	11854	115	781	1e-24	  108
scaffold00245	OTU_0005	25.45	727	432	26	109973	111913	105	801	2e-34	  140
scaffold00279	OTU_0044	22.76	435	269	12	97871	96702	8	420	4e-11	63.5
scaffold00280	OTU_0071	30.77	234	144	5	54495	55181	5	225	2e-25	  107
scaffold00330	OTU_0005	26.93	687	403	24	29449	27626	115	781	1e-37	  150
scaffold00332	OTU_0001	23.11	727	460	22	27040	25082	85	786	1e-28	  120
scaffold00344	OTU_0023	28.15	270	163	7	80340	81110	1	252	4e-17	81.3
scaffold00358	OTU_0006	25.91	301	187	8	43404	44249	3	286	4e-12	67.0
scaffold00382	OTU_0020	30.21	96	63	1	87301	87576	2	97	2e-11	62.0
scaffold00417	OTU_0023	23.45	307	198	9	65432	64569	1	289	4e-14	72.0
scaffold00419	OTU_0001	27.36	530	310	21	77034	78440	117	632	6e-24	  105
scaffold00421	OTU_0023	26.02	269	168	7	65281	64514	2	252	3e-14	72.4
scaffold00436	OTU_0023	26.84	354	218	10	34362	33409	2	350	7e-23	99.4
scaffold00472	OTU_0046	30.67	225	140	7	49649	50293	6	224	3e-17	84.0
scaffold00485	OTU_0005	27.29	700	426	23	26360	28246	84	771	3e-52	  195
scaffold00505	OTU_0023	29.13	357	194	13	66113	65157	7	342	4e-24	  103
scaffold00543	OTU_0062	25.56	540	309	16	7650	6232	4	517	6e-27	  115
scaffold00547	OTU_0020	35.16	91	55	1	56035	56295	1	91	2e-12	64.7
scaffold00608	OTU_0064	24.92	317	159	11	42540	43379	52	326	4e-13	69.3
scaffold00613	OTU_0090	26.25	480	307	14	44576	45916	2	467	2e-26	  113
scaffold00666	OTU_0023	29.56	318	209	10	3222	2308	2	317	5e-21	92.8
scaffold00701	OTU_0064	25.05	487	295	14	24909	26216	7	474	4e-15	75.9
scaffold00713	OTU_0075	28.80	125	83	2	4531	4890	34	157	1e-11	62.0
scaffold00736	OTU_0006	25.48	263	166	7	1126	1875	3	248	5e-12	65.9
scaffold00831	OTU_0068	28.04	485	292	18	47056	45716	1	466	4e-32	  131
scaffold00832	OTU_0090	27.36	764	431	21	17581	15626	6	757	8e-54	  200
scaffold00959	OTU_0068	23.97	459	258	19	32772	34115	5	383	8e-14	71.6
scaffold01017	OTU_0023	23.43	431	234	13	11386	10142	1	351	3e-15	74.7
scaffold01078	OTU_0064	27.30	282	171	8	3212	3994	3	271	2e-14	73.2
scaffold01151	OTU_0064	25.31	486	318	16	19620	20981	2	474	2e-22	99.4
scaffold01192	OTU_0064	25.50	302	183	10	40342	39503	3	284	1e-13	70.5
scaffold01245	OTU_0062	24.12	763	444	25	8917	10869	5	744	1e-35	  142
scaffold01275	OTU_0075	33.33	126	74	4	8702	8346	36	158	8e-13	64.7
scaffold01441	OTU_0064	24.45	319	198	11	34380	35270	3	300	2e-13	70.1
scaffold01456	OTU_0062	24.93	730	421	23	31561	33459	4	703	5e-38	  149
scaffold01478	OTU_0102	26.96	293	158	9	34459	35262	53	314	1e-14	72.4
scaffold01639	OTU_0090	23.86	725	453	19	28591	26648	3	705	2e-36	  144
scaffold01785	OTU_0068	23.36	458	266	16	23852	22503	3	383	6e-13	68.2
scaffold01937	OTU_0064	44.44	90	44	1	3635	3886	8	97	6e-16	77.8
scaffold02081	OTU_0005	24.57	753	438	26	19958	21928	75	793	1e-30	  125
scaffold02100	OTU_0090	27.85	729	426	18	17358	15448	6	726	4e-52	  193
scaffold02174	OTU_0046	25.98	739	433	16	7716	5788	6	726	7e-43	  164
scaffold02228	OTU_0090	24.34	756	478	22	16106	14076	3	743	3e-33	  134
scaffold02231	OTU_0023	30.35	257	141	7	3721	4428	7	246	7e-25	  103
scaffold02232	OTU_0006	26.19	504	316	15	5441	6823	8	498	9e-21	93.6
scaffold02265	OTU_0008	25.45	440	252	18	1169	15	14	432	1e-14	72.8
scaffold02274	OTU_0020	37.50	88	51	2	12678	12929	4	91	3e-11	59.7
scaffold02321	OTU_0003	27.88	312	174	11	24774	25586	112	413	1e-17	82.0
scaffold02356	OTU_0020	34.74	95	58	1	20380	20108	1	95	8e-12	61.6
scaffold02419	OTU_0023	26.49	419	227	13	2954	4171	1	351	2e-29	  118
scaffold02479	OTU_0044	24.37	439	259	13	1934	3106	7	420	1e-17	81.6
scaffold02604	OTU_0062	26.20	771	449	24	12993	10996	4	759	5e-46	  174
scaffold02608	OTU_0090	26.33	528	328	16	14039	12600	2	516	2e-34	  137
scaffold02617	OTU_0020	35.79	95	57	1	15295	15567	1	95	2e-13	66.2
scaffold02627	OTU_0023	28.33	360	211	10	20629	21597	2	351	2e-30	  121
scaffold02647	OTU_0023	26.90	342	194	11	19902	20798	2	330	4e-24	  101
scaffold02777	OTU_0023	31.65	237	149	9	17884	18561	2	236	9e-24	  100
scaffold02835	OTU_0023	27.15	361	211	12	15336	16283	7	360	1e-11	62.8
scaffold02893	OTU_0023	32.17	258	163	8	11489	10743	4	258	9e-19	84.3
scaffold02900	OTU_0006	29.67	482	286	18	4577	3240	3	467	5e-33	  132
scaffold02933	OTU_0071	27.52	367	213	10	13691	12711	1	354	1e-22	96.3
scaffold02949	OTU_0062	24.65	495	280	16	9698	8412	7	474	1e-18	86.3
scaffold03068	OTU_0090	31.42	261	165	6	3776	3024	3	259	4e-37	  113
scaffold03068	OTU_0090	31.75	211	125	6	3003	2422	290	498	4e-37	56.2
scaffold03076	OTU_0068	29.34	242	130	7	6730	6059	18	236	5e-19	87.4
scaffold03076	OTU_0068	29.93	137	94	2	5689	5279	420	554	1e-11	63.5
scaffold03247	OTU_0003	32.28	254	138	7	3520	4191	174	423	2e-18	84.3
scaffold03330	OTU_0062	26.83	492	280	17	17709	19004	3	474	8e-31	  125
scaffold03337	OTU_0068	27.06	462	277	10	18883	20109	8	462	5e-31	  126
scaffold03348	OTU_0041	36.84	95	56	1	5275	5547	1	95	2e-11	61.6
scaffold03351	OTU_0064	27.22	485	282	14	10931	12226	8	474	5e-29	  119
scaffold03394	OTU_0062	25.69	288	174	9	19055	19870	3	266	1e-13	69.7
scaffold03489	OTU_0071	28.74	254	161	9	3682	4410	7	251	1e-15	75.1
scaffold04012	OTU_0005	26.65	803	417	31	5892	3901	16	785	7e-43	  164
scaffold04127	OTU_0062	25.00	292	183	8	1744	914	4	274	1e-14	72.8
scaffold04161	OTU_0064	27.45	521	298	18	11182	12558	1	503	1e-34	  135
scaffold04239	OTU_0090	27.07	543	337	7	11438	12895	6	546	3e-41	  158
scaffold04658	OTU_0020	36.84	95	56	1	5059	5331	1	95	2e-14	69.3
scaffold04723	OTU_0062	27.24	290	172	9	10111	9287	1	266	8e-14	70.1
scaffold04914	OTU_0005	24.79	702	418	23	9618	7708	115	771	1e-33	  134
scaffold04986	OTU_0077	28.18	181	109	5	10590	10075	16	184	2e-14	69.3
scaffold05143	OTU_0005	24.80	379	214	17	5717	4704	72	420	8e-12	63.5
scaffold05389	OTU_0020	44.94	89	43	2	14057	14323	39	121	4e-14	67.8
scaffold05455	OTU_0071	27.62	391	221	10	11242	12303	1	366	3e-28	  113
scaffold05567	OTU_0062	25.50	302	183	8	10408	11247	4	285	1e-16	79.3
scaffold05629	OTU_0023	30.43	253	163	7	13630	12905	1	251	3e-27	  110
scaffold05782	OTU_0062	26.18	508	298	22	8976	7651	4	500	6e-17	80.1
scaffold05798	OTU_0064	29.20	476	274	17	12285	11014	9	473	7e-38	  145
scaffold05872	OTU_0023	25.89	282	171	8	2377	1580	2	261	3e-14	70.1
scaffold05964	OTU_0062	25.82	488	290	15	12026	13321	3	474	8e-32	  128
scaffold06041	OTU_0020	34.29	105	61	2	10696	10406	3	107	6e-11	58.2
scaffold06075	OTU_0062	31.60	269	148	6	11112	10369	2	255	3e-28	  116
scaffold06112	OTU_0044	31.38	290	156	9	16	771	9	293	2e-25	  104
scaffold06225	OTU_0001	23.22	745	473	22	10913	12925	85	804	3e-37	  145
scaffold06345	OTU_0001	26.62	770	433	28	6369	4333	84	812	4e-39	  151
scaffold06404	OTU_0062	28.54	480	278	15	11274	12554	7	474	1e-34	  137
scaffold06506	OTU_0023	29.61	233	149	6	902	240	28	257	2e-14	70.5
scaffold06701	OTU_0041	37.89	95	56	1	12277	12552	1	95	4e-13	66.2
scaffold06809	OTU_0023	26.63	353	220	10	5073	4120	2	350	2e-22	94.7
scaffold07103	OTU_0006	26.22	778	452	29	4001	6046	6	757	5e-52	  191
scaffold07106	OTU_0023	30.43	253	163	8	7372	6647	1	251	4e-29	  116
scaffold07135	OTU_0001	25.30	672	407	21	7274	5463	120	764	4e-37	  145
scaffold07368	OTU_0001	25.54	697	403	22	10934	9036	120	764	4e-34	  135
scaffold07526	OTU_0090	29.55	264	169	7	8262	9017	2	260	1e-24	  104
scaffold07656	OTU_0005	22.82	758	470	23	9004	11019	75	803	6e-23	99.4
scaffold07694	OTU_0064	26.29	464	278	16	11297	10041	122	566	6e-29	  117
scaffold07876	OTU_0005	22.05	753	475	24	8349	10355	78	802	2e-20	90.9
scaffold08054	OTU_0005	25.07	754	397	28	6628	4796	11	739	1e-31	  127
scaffold08119	OTU_0005	24.45	724	448	27	3451	1517	78	781	3e-31	  125
scaffold08304	OTU_0090	27.46	284	166	13	4472	3669	6	265	6e-11	60.1
scaffold08427	OTU_0090	26.74	475	296	11	7651	8937	5	473	1e-31	  127
scaffold08556	OTU_0062	25.33	525	299	11	8739	10088	7	513	4e-30	  122
scaffold08571	OTU_0062	25.94	266	163	6	1218	466	3	249	1e-14	72.0
scaffold08990	OTU_0001	24.16	592	332	24	5424	3898	217	774	2e-22	97.4
scaffold09289	OTU_0023	24.66	365	200	13	6599	5556	8	314	3e-17	78.6
scaffold10338	OTU_0071	28.42	366	211	12	2442	1462	1	354	6e-29	  115
scaffold10609	OTU_0044	23.39	436	265	13	3843	2674	8	420	2e-12	63.9
scaffold10655	OTU_0001	23.82	655	413	20	8809	7037	167	799	2e-34	  135
scaffold10673	OTU_0023	26.41	284	175	9	5313	4501	1	263	3e-14	69.3
scaffold10682	OTU_0021	32.45	151	85	5	2886	2467	49	193	2e-13	64.7
scaffold10774	OTU_0003	27.51	309	183	9	2615	1800	119	423	1e-17	80.5
scaffold10887	OTU_0023	24.13	286	178	10	3429	2611	3	262	2e-12	63.2
scaffold11566	OTU_0005	25.03	723	440	24	4704	6644	105	801	2e-35	  139
scaffold11839	OTU_0062	26.88	733	389	31	2238	4145	5	687	5e-39	  150
scaffold12052	OTU_0005	23.28	743	469	26	1305	3296	79	799	5e-23	99.0
scaffold12249	OTU_0023	27.94	272	161	8	7133	7903	1	252	1e-19	85.9
scaffold12639	OTU_0005	22.93	471	310	11	3811	2522	112	570	3e-16	77.0
scaffold12880	OTU_0020	36.84	95	56	1	2003	1731	1	95	2e-14	67.8
scaffold13089	OTU_0023	25.84	356	216	9	4734	3763	5	344	6e-24	99.0
scaffold13102	OTU_0062	26.45	310	186	10	7577	6732	173	468	9e-14	68.9
scaffold13860	OTU_0090	28.62	269	169	9	3663	2899	2	261	8e-17	78.6
scaffold14060	OTU_0023	25.54	278	158	9	959	1726	1	251	1e-14	70.5
scaffold14062	OTU_0090	26.95	486	294	17	3286	1949	3	467	3e-33	  131
scaffold14295	OTU_0023	25.45	275	174	8	1598	813	1	257	4e-14	68.6
scaffold14307	OTU_0006	28.78	476	298	16	2250	3587	3	467	1e-26	  110
scaffold14726	OTU_0071	22.71	273	182	6	4403	5185	3	258	3e-12	62.8
scaffold14839	OTU_0062	38.04	92	53	3	6469	6738	3	92	5e-12	63.2
scaffold15178	OTU_0020	41.51	106	57	3	309	1	1	104	1e-18	81.3
scaffold15638	OTU_0003	27.27	308	183	8	2041	1229	119	422	3e-19	85.1
scaffold16590	OTU_0020	37.89	95	55	1	2749	3021	1	95	3e-16	73.6
scaffold16693	OTU_0071	26.88	320	185	14	1055	210	2	310	1e-16	76.6
scaffold16928	OTU_0090	24.37	517	334	10	4313	5701	4	517	7e-26	  107
scaffold17145	OTU_0062	25.36	485	286	14	514	1785	5	474	2e-28	  115
scaffold17193	OTU_0062	27.08	480	290	10	4895	6175	4	476	2e-34	  135
scaffold17237	OTU_0023	30.62	356	186	14	5207	6136	2	342	3e-27	  109
scaffold17529	OTU_0064	27.07	484	287	19	2075	783	3	473	1e-30	  122
scaffold17749	OTU_0066	27.09	251	155	7	6044	5364	177	423	2e-18	82.4
scaffold17779	OTU_0001	26.55	708	415	25	2756	4657	118	794	8e-40	  152
scaffold18752	OTU_0006	27.35	245	146	8	701	9	3	229	1e-13	68.2
scaffold19157	OTU_0023	29.64	253	165	9	454	1179	1	251	1e-26	  107
scaffold19460	OTU_0090	25.74	373	240	11	5491	4454	135	497	2e-11	60.8
scaffold19881	OTU_0020	33.68	95	59	1	1695	1967	1	95	7e-12	59.7
scaffold20335	OTU_0023	25.50	353	224	8	3012	2059	2	350	2e-22	94.0
scaffold20452	OTU_0023	26.73	333	207	10	5413	4514	7	335	5e-23	95.5
scaffold20685	OTU_0001	25.83	515	307	16	2801	4183	120	613	7e-24	  101
scaffold21299	OTU_0023	26.07	280	169	8	2970	3761	2	259	6e-15	70.9
scaffold21342	OTU_0102	25.17	294	168	10	343	1143	2	270	1e-13	67.0
scaffold21481	OTU_0020	36.84	95	56	3	4778	5056	1	93	1e-13	64.7
scaffold21665	OTU_0020	32.00	100	63	2	1222	1509	1	99	7e-11	56.6
scaffold22196	OTU_0007	26.49	536	313	20	4933	3524	1	521	4e-19	85.5
scaffold23114	OTU_0005	25.16	624	367	24	16	1653	170	771	4e-27	  111
scaffold23224	OTU_0001	24.35	694	395	26	2165	3973	120	774	1e-25	  106
scaffold24044	OTU_0062	24.61	321	190	10	3839	2952	3	296	4e-11	59.3
scaffold24054	OTU_0071	25.09	275	156	8	1301	2059	5	251	1e-13	66.2
scaffold24789	OTU_0075	30.34	145	89	4	503	93	34	174	5e-14	65.5
scaffold24794	OTU_0001	24.64	702	426	23	762	2636	120	795	3e-29	  118
scaffold25899	OTU_0102	29.06	265	161	8	2482	1730	8	259	7e-17	76.3
scaffold26595	OTU_0023	25.73	307	189	10	2162	1302	1	288	4e-13	64.7
scaffold26703	OTU_0102	30.34	234	153	3	2449	1766	8	237	5e-16	73.9
scaffold27155	OTU_0003	29.39	313	181	7	849	16	119	426	5e-27	  108
scaffold27236	OTU_0064	32.27	251	152	8	2150	2860	8	254	2e-21	92.4
scaffold27568	OTU_0062	29.52	525	309	13	2750	4180	3	514	2e-47	  175
scaffold28037	OTU_0062	26.73	490	277	16	4248	2959	7	474	2e-29	  118
scaffold28208	OTU_0044	27.30	282	168	6	1071	331	6	285	1e-17	79.3
scaffold28586	OTU_0068	27.41	478	292	16	549	1838	2	472	6e-30	  120
scaffold29421	OTU_0005	25.59	297	186	10	3228	2422	131	420	7e-15	71.6
scaffold29753	OTU_0066	27.46	284	172	10	3868	3101	168	445	6e-20	87.0
scaffold29943	OTU_0001	25.30	660	400	22	2185	3951	83	720	4e-26	  107
scaffold30081	OTU_0090	25.33	691	424	25	2604	784	3	685	5e-31	  123
scaffold30414	OTU_0090	23.82	781	475	25	1866	3926	1	755	2e-33	  130
scaffold30529	OTU_0007	26.36	679	386	28	3888	2041	2	629	5e-35	  135
scaffold30581	OTU_0023	25.55	274	174	6	299	1081	1	257	4e-15	70.9
scaffold30698	OTU_0062	22.95	501	314	14	274	1644	3	475	3e-23	98.2
scaffold32316	OTU_0062	26.02	342	202	8	2687	3592	3	333	3e-22	95.1
scaffold33087	OTU_0023	26.27	354	207	10	3158	2223	3	344	2e-21	90.5
scaffold33716	OTU_0044	29.37	286	159	11	853	110	9	289	2e-17	78.2
scaffold34299	OTU_0058	26.05	215	129	8	1314	748	1	211	4e-12	59.3
scaffold34851	OTU_0090	27.47	517	314	17	3112	1724	7	516	5e-38	  145
scaffold34890	OTU_0071	35.48	93	54	1	3007	2747	3	95	4e-11	58.2
scaffold34961	OTU_0046	26.02	761	431	22	2902	989	6	757	1e-54	  197
scaffold35247	OTU_0062	25.27	736	427	27	3181	1211	3	694	3e-40	  152
scaffold36131	OTU_0023	26.17	256	144	10	462	1181	1	227	1e-13	65.9
scaffold37154	OTU_0023	25.17	298	177	10	3285	2428	3	266	1e-13	65.9
scaffold37433	OTU_0068	27.71	480	300	17	492	1832	1	466	3e-35	  136
scaffold37461	OTU_0005	25.17	731	429	28	3139	1199	105	801	4e-31	  123
scaffold38023	OTU_0062	26.13	727	414	29	803	2725	3	692	9e-45	  166
scaffold38956	OTU_0020	31.58	95	61	1	1766	2038	1	95	5e-12	59.3
scaffold40177	OTU_0023	24.43	307	195	9	667	1530	1	289	5e-17	76.6
scaffold40424	OTU_0046	27.40	489	302	16	1253	2611	3	474	9e-33	  128
scaffold40789	OTU_0041	34.38	96	57	1	2764	3033	1	96	6e-13	63.5
scaffold41556	OTU_0003	26.79	265	149	8	692	6	114	369	3e-16	74.3
scaffold41662	OTU_0008	27.05	366	219	10	185	1189	63	411	3e-25	  102
scaffold42384	OTU_0071	26.14	264	165	10	2921	2166	1	246	5e-14	67.0
scaffold43016	OTU_0023	26.71	307	180	11	822	1673	1	285	2e-14	68.6
scaffold43522	OTU_0023	26.06	307	181	11	2535	1684	2	285	5e-16	73.2
scaffold44138	OTU_0046	26.76	284	179	7	2979	2188	200	474	3e-17	78.6
scaffold44141	OTU_0005	23.17	738	458	23	2157	130	115	805	8e-28	  112
scaffold44799	OTU_0023	29.10	323	178	10	1963	2838	5	307	4e-29	  113
scaffold46329	OTU_0003	31.95	313	162	10	1876	2688	119	422	3e-25	  101
scaffold47003	OTU_0020	43.33	90	43	4	2338	2592	10	96	1e-13	63.5
scaffold48214	OTU_0064	28.40	507	283	20	1654	323	12	501	3e-26	  106
scaffold49026	OTU_0090	26.35	520	310	16	381	1787	19	516	4e-33	  129
scaffold49036	OTU_0023	25.46	271	167	9	1574	2341	1	251	1e-13	65.5
scaffold54597	OTU_0020	32.52	123	76	3	2016	2363	3	125	6e-11	55.8
scaffold55355	OTU_0023	29.66	354	202	11	1150	200	10	353	3e-26	  104
scaffold56778	OTU_0023	27.78	270	164	7	351	1121	1	252	3e-20	85.5
scaffold58289	OTU_0001	22.75	655	402	21	1794	4	120	728	9e-28	  112
scaffold58615	OTU_0005	26.65	559	337	22	2340	829	267	807	1e-33	  130
scaffold58969	OTU_0005	22.27	741	451	21	2410	461	79	785	6e-22	93.2
scaffold61204	OTU_0071	26.43	280	154	10	138	908	1	251	8e-16	72.0
scaffold61950	OTU_0041	39.00	100	57	2	581	294	1	100	3e-11	57.8
scaffold62128	OTU_0058	30.19	212	96	9	532	14	1	199	6e-15	67.4
scaffold63202	OTU_0071	28.53	319	191	5	867	10	8	322	2e-24	98.2
scaffold63379	OTU_0008	25.75	233	149	7	2260	1580	258	472	1e-11	59.3
scaffold65585	OTU_0090	29.15	518	280	20	682	2031	1	499	5e-40	  150
scaffold66020	OTU_0023	28.00	250	157	6	1472	2209	6	236	3e-23	94.7
scaffold67198	OTU_0064	26.02	488	291	17	1343	24	8	473	2e-27	  109
scaffold68690	OTU_0066	23.34	347	229	10	2156	1209	129	469	3e-18	80.1
scaffold70784	OTU_0045	28.09	267	163	8	1936	1211	97	359	1e-18	80.9
scaffold72501	OTU_0020	29.71	138	87	3	1622	2017	1	134	3e-12	59.3
scaffold73255	OTU_0062	25.13	394	223	11	5	1012	138	517	8e-25	  101
scaffold73950	OTU_0005	25.00	712	370	26	1896	100	73	733	1e-30	  120
scaffold74326	OTU_0020	28.17	252	144	9	1335	2027	1	236	1e-17	75.9
scaffold76498	OTU_0062	25.25	495	299	15	1560	220	3	474	5e-28	  111
scaffold76509	OTU_0008	24.77	323	190	10	1335	448	176	472	2e-14	68.2
scaffold77569	OTU_0062	25.55	454	265	15	5	1192	79	517	8e-21	89.0
scaffold77912	OTU_0064	26.72	262	163	6	1330	584	3	248	6e-17	76.3
scaffold79571	OTU_0008	27.40	281	163	12	1782	1036	170	441	8e-16	72.4
scaffold80265	OTU_0001	24.61	634	386	19	230	1921	85	696	5e-31	  121
scaffold80691	OTU_0090	29.07	344	186	12	920	6	2	326	8e-29	  114
scaffold80777	OTU_0040	36.08	97	61	1	1854	1564	6	101	5e-15	67.0
scaffold80904	OTU_0066	23.08	481	316	15	40	1371	6	469	2e-19	83.6
scaffold81425	OTU_0041	37.50	96	56	1	647	922	1	96	7e-15	68.9
scaffold81906	OTU_0023	24.10	307	194	9	743	1603	1	288	9e-15	68.6
scaffold83438	OTU_0001	25.33	679	364	27	106	1851	116	748	3e-28	  112
scaffold85419	OTU_0020	34.09	132	75	6	812	444	3	131	4e-11	55.5
scaffold87443	OTU_0077	29.45	163	100	3	1410	940	15	168	2e-15	68.2
scaffold87563	OTU_0046	24.95	529	305	17	1804	443	205	716	2e-16	74.7
scaffold88019	OTU_0044	23.21	448	273	13	567	1796	6	420	3e-18	79.3
scaffold89593	OTU_0041	41.67	96	52	1	1385	1660	1	96	3e-12	60.5
scaffold89761	OTU_0066	26.95	308	191	11	1746	895	161	458	2e-19	83.6
scaffold90907	OTU_0005	26.30	559	341	21	218	1732	267	808	1e-31	  122
scaffold91307	OTU_0023	30.83	253	159	8	1116	385	1	246	4e-21	87.4
scaffold91388	OTU_0064	40.00	95	53	2	1220	1492	3	97	2e-12	61.6
scaffold93663	OTU_0005	29.02	317	188	12	45	896	495	807	2e-23	96.7
scaffold93921	OTU_0020	39.36	94	53	3	296	21	1	92	1e-13	63.5
scaffold94134	OTU_0090	26.82	261	159	9	266	1006	6	248	3e-13	64.3
scaffold94482	OTU_0023	32.88	219	135	9	633	4	2	217	4e-23	93.6
scaffold95239	OTU_0086	34.38	192	94	6	1598	1113	7	196	4e-20	82.4
scaffold95325	OTU_0090	24.66	442	282	12	1697	513	79	516	1e-23	97.1
scaffold97298	OTU_0062	28.80	250	143	9	687	7	5	242	5e-22	92.4
scaffold97553	OTU_0071	26.20	271	148	10	2	745	5	246	1e-13	64.3
scaffold98393	OTU_0023	29.13	230	147	6	943	1617	7	225	1e-24	98.2
scaffold99191	OTU_0020	42.71	96	46	5	357	85	1	92	8e-15	66.6
scaffold100049	OTU_0058	28.44	211	121	6	1075	1620	1	210	7e-20	81.6
scaffold100340	OTU_0001	25.69	510	263	17	1	1323	120	582	8e-22	91.7
scaffold101507	OTU_0001	23.99	596	375	19	1625	21	167	745	3e-32	  124
scaffold102025	OTU_0023	26.69	341	219	6	365	1303	7	344	1e-28	  109
scaffold102966	OTU_0005	28.82	288	158	10	524	1267	132	412	2e-22	93.6
scaffold105416	OTU_0046	26.80	556	323	15	4	1425	204	757	3e-35	  132
scaffold107129	OTU_0046	32.20	118	79	1	1346	996	641	758	4e-12	60.5
scaffold109679	OTU_0005	29.69	229	120	10	1519	929	200	419	1e-17	78.6
scaffold113565	OTU_0052	31.13	302	172	12	1448	612	127	415	5e-23	94.0
scaffold114366	OTU_0020	29.67	91	60	1	1005	1265	1	91	7e-13	60.5
scaffold114551	OTU_0041	36.84	95	56	1	778	1050	1	95	4e-14	65.9
scaffold114993	OTU_0020	29.47	95	63	1	782	1054	1	95	7e-12	57.8
scaffold115397	OTU_0001	25.11	474	292	15	1423	134	120	574	6e-23	94.7
scaffold115796	OTU_0020	37.11	97	53	3	573	301	2	96	6e-13	60.8
scaffold117547	OTU_0005	30.08	256	138	9	755	87	113	360	3e-19	82.8
scaffold118889	OTU_0102	31.40	121	76	2	1221	877	6	125	7e-15	68.2
scaffold119075	OTU_0068	28.57	336	200	8	1038	136	22	352	1e-26	  105
scaffold120419	OTU_0006	26.90	342	214	9	1358	435	418	757	4e-28	  110
scaffold120638	OTU_0003	25.23	325	190	13	332	1198	116	423	7e-15	68.2
scaffold125465	OTU_0023	27.25	367	222	9	1245	223	5	352	9e-34	  124
scaffold125834	OTU_0007	25.39	256	163	7	274	969	399	650	1e-14	68.2
scaffold127642	OTU_0020	33.08	133	81	5	506	123	2	131	2e-12	59.3
scaffold128790	OTU_0023	27.07	351	207	8	38	970	3	344	1e-23	94.4
scaffold128927	OTU_0023	25.95	262	177	9	1243	491	1	256	4e-15	68.6
scaffold132693	OTU_0023	32.72	217	132	8	620	3	1	214	2e-25	99.8
scaffold137152	OTU_0023	27.22	360	216	8	326	1312	1	345	4e-36	  130
scaffold138729	OTU_0020	33.96	106	52	2	391	80	5	94	1e-17	74.3
scaffold139213	OTU_0006	28.47	281	156	9	302	1051	208	474	2e-11	57.4
scaffold139329	OTU_0005	26.40	481	273	18	1269	19	164	627	2e-23	95.1
scaffold142107	OTU_0041	38.54	96	55	1	869	1144	1	96	9e-14	64.3
scaffold142404	OTU_0062	27.49	291	169	11	998	159	1	260	6e-13	62.8
scaffold142574	OTU_0064	29.85	392	220	13	1279	239	135	516	9e-38	  137
scaffold143078	OTU_0023	23.34	287	173	10	94	903	3	259	4e-14	65.5
scaffold144051	OTU_0008	28.87	291	177	7	244	1071	172	447	6e-18	77.8
scaffold145709	OTU_0020	33.87	248	144	8	721	2	1	236	2e-28	  105
scaffold147413	OTU_0023	25.00	260	175	7	892	149	3	254	1e-15	70.5
scaffold147480	OTU_0020	37.76	98	56	3	800	1084	1	96	8e-15	65.9
scaffold147960	OTU_0068	24.46	368	232	10	1252	269	10	371	4e-23	94.0
scaffold148049	OTU_0020	35.48	155	77	5	446	9	1	141	2e-19	79.7
scaffold148503	OTU_0001	25.84	329	193	13	1126	233	116	424	5e-13	62.8
scaffold149271	OTU_0046	26.29	350	224	11	1230	256	134	474	4e-19	81.6
scaffold149351	OTU_0023	27.37	358	221	8	1043	75	3	356	5e-25	97.8
scaffold149423	OTU_0008	26.86	309	179	12	1149	322	170	464	4e-15	68.9
scaffold150392	OTU_0003	36.05	147	78	4	702	1100	272	416	6e-20	83.6
scaffold150948	OTU_0064	26.27	472	268	16	1	1233	11	463	4e-31	  117
scaffold152073	OTU_0023	33.75	80	47	1	941	1162	6	85	1e-14	67.0
scaffold153387	OTU_0010	33.83	133	80	3	557	940	16	145	6e-16	68.6
scaffold153963	OTU_0066	25.85	294	174	13	2	817	187	458	8e-14	64.7
scaffold154686	OTU_0046	26.10	295	158	7	1	738	233	516	6e-16	72.0
scaffold155395	OTU_0020	31.86	113	72	3	825	1154	3	113	5e-11	54.7
scaffold155405	OTU_0005	24.00	300	164	12	440	1210	79	357	1e-13	64.3
scaffold156550	OTU_0007	26.38	307	175	8	1188	394	7	304	8e-18	77.4
scaffold157870	OTU_0005	25.28	352	222	8	127	1086	267	609	4e-22	90.9
scaffold158142	OTU_0008	28.22	287	183	8	948	151	169	453	7e-19	80.5
scaffold158396	OTU_0020	41.84	98	52	3	471	187	1	96	1e-15	68.6
scaffold158449	OTU_0020	31.82	132	78	6	16	384	3	131	8e-12	57.0
scaffold158992	OTU_0008	25.71	389	237	14	1081	29	37	411	5e-20	84.0
scaffold160768	OTU_0005	26.64	259	158	8	1168	482	550	806	9e-15	68.2
scaffold161590	OTU_0046	28.19	376	220	13	149	1174	135	494	3e-24	97.1
scaffold161717	OTU_0062	26.61	357	204	12	113	1045	5	349	1e-21	89.0
scaffold163301	OTU_0071	26.57	271	165	9	271	1041	1	251	4e-16	71.6
scaffold163977	OTU_0020	37.11	97	53	3	807	535	3	97	4e-14	63.9
scaffold164384	OTU_0020	30.32	155	95	5	467	30	1	151	4e-11	54.7
scaffold164597	OTU_0046	24.78	339	206	8	1	885	183	516	1e-20	85.9
scaffold164700	OTU_0005	28.57	343	202	8	53	1021	268	587	3e-24	97.1
scaffold165350	OTU_0023	26.26	278	175	8	244	1041	2	261	8e-14	64.3
scaffold165959	OTU_0003	28.75	160	99	3	435	884	269	423	2e-12	60.1
scaffold169495	OTU_0020	35.16	91	55	2	713	973	1	91	7e-13	60.1
scaffold171112	OTU_0023	26.67	255	174	8	839	105	1	252	2e-20	84.0
scaffold171489	OTU_0023	27.71	350	208	7	965	33	1	344	8e-29	  108
scaffold173385	OTU_0090	28.51	235	154	6	449	1123	6	236	1e-19	83.2
scaffold174572	OTU_0099	25.81	124	90	2	1094	723	18	139	7e-11	52.8
scaffold175509	OTU_0005	25.50	400	218	18	1080	34	200	570	4e-18	78.2
scaffold179413	OTU_0008	27.12	295	184	8	997	191	11	300	1e-11	57.4
scaffold181894	OTU_0023	26.78	239	161	6	684	1	1	236	3e-12	59.3
scaffold182378	OTU_0046	28.26	276	171	7	73	843	200	467	4e-20	84.0
scaffold185456	OTU_0007	23.42	380	243	13	1058	30	94	462	8e-11	55.1
scaffold187084	OTU_0020	35.79	95	57	1	365	637	1	95	1e-14	65.5
scaffold189119	OTU_0046	31.62	117	79	1	1052	705	642	758	9e-11	55.1
scaffold189624	OTU_0023	25.45	334	217	9	920	9	1	332	3e-19	80.1
scaffold190901	OTU_0023	34.04	94	58	2	391	122	3	96	1e-11	57.0
scaffold191352	OTU_0064	27.62	315	171	12	260	1048	163	472	2e-17	75.9
scaffold192569	OTU_0090	27.13	387	221	15	1042	32	138	513	2e-25	  100
scaffold194565	OTU_0023	31.05	248	133	7	2	682	22	252	3e-21	85.9
scaffold195953	OTU_0023	31.13	212	135	9	422	1030	1	210	1e-18	78.2
scaffold199290	OTU_0008	31.91	235	135	7	949	305	169	398	4e-24	95.1
scaffold202471	OTU_0062	25.62	242	165	7	315	1010	2	238	1e-19	82.0
scaffold202540	OTU_0020	41.11	90	47	1	589	840	7	96	2e-20	81.3
scaffold203801	OTU_0001	25.07	355	232	11	1	1002	310	651	3e-15	68.9
scaffold204129	OTU_0020	32.97	91	57	1	570	830	1	91	1e-12	59.3
scaffold204485	OTU_0062	33.33	93	59	2	482	754	1	92	1e-11	57.8
scaffold204741	OTU_0066	29.55	291	176	9	853	59	160	447	2e-27	  104
scaffold205635	OTU_0020	31.21	173	104	7	462	947	3	171	1e-14	64.7
scaffold205689	OTU_0001	28.26	368	201	13	993	1	318	659	1e-22	91.7
scaffold206920	OTU_0062	23.18	358	216	9	921	1	133	482	1e-17	75.9
scaffold211975	OTU_0066	24.59	305	188	10	940	101	158	445	3e-13	62.4
scaffold212061	OTU_0041	36.59	82	49	2	739	978	2	82	4e-11	55.5
scaffold212686	OTU_0052	25.00	356	223	14	1	972	6	349	4e-13	62.0
scaffold214821	OTU_0046	31.62	117	79	1	632	285	641	757	2e-12	59.7
scaffold217644	OTU_0020	29.79	141	87	3	776	378	1	137	3e-11	55.1
scaffold218367	OTU_0008	31.65	278	164	8	176	949	184	455	9e-29	  107
scaffold226533	OTU_0020	33.68	95	59	1	551	823	1	95	3e-13	60.8
scaffold228830	OTU_0020	32.03	153	91	6	495	929	1	148	3e-17	72.0
scaffold229045	OTU_0020	41.49	94	51	3	404	129	2	93	4e-16	68.9
scaffold230047	OTU_0071	31.45	159	85	3	858	451	197	354	4e-12	58.5
scaffold233858	OTU_0020	31.58	95	61	1	85	357	1	95	1e-11	55.8
scaffold233920	OTU_0005	28.71	310	183	11	59	916	267	562	2e-18	77.4
scaffold234289	OTU_0006	28.30	318	187	9	848	9	181	495	1e-23	94.0
scaffold234585	OTU_0001	29.80	245	135	8	913	275	175	414	5e-11	55.5
scaffold236666	OTU_0020	29.47	95	63	1	393	121	1	95	2e-12	58.2
scaffold237445	OTU_0020	30.77	91	59	1	308	568	1	91	5e-12	57.0
scaffold237896	OTU_0020	34.04	94	58	1	551	820	3	96	7e-12	56.6
scaffold238704	OTU_0046	28.62	318	184	6	23	853	183	498	8e-23	91.3
scaffold240652	OTU_0008	32.57	261	151	7	176	898	184	439	4e-28	  105
scaffold240949	OTU_0020	29.17	96	64	1	621	896	1	96	2e-12	58.5
scaffold241419	OTU_0020	32.29	96	56	3	605	330	5	95	3e-11	54.7
scaffold242985	OTU_0058	28.12	192	110	6	498	4	16	206	1e-16	69.7
scaffold245007	OTU_0020	34.74	95	58	1	319	47	1	95	1e-14	64.3
scaffold246604	OTU_0071	29.41	136	73	2	1	339	209	344	1e-11	56.2
scaffold249451	OTU_0020	42.71	96	46	5	297	25	3	94	9e-19	75.9
scaffold250594	OTU_0062	25.40	311	178	10	81	869	156	460	7e-17	72.8
scaffold252317	OTU_0005	28.84	319	178	11	870	4	301	600	1e-20	84.3
scaffold254407	OTU_0066	29.20	250	144	12	185	865	168	407	1e-18	77.8
scaffold255434	OTU_0037	29.45	146	90	4	722	312	25	166	5e-15	64.3
scaffold255462	OTU_0062	26.70	191	120	8	220	780	3	177	2e-11	56.2
scaffold256301	OTU_0040	34.45	119	57	4	857	510	1	101	6e-13	58.9
scaffold261213	OTU_0066	25.77	291	186	9	18	818	170	454	8e-18	75.1
scaffold261677	OTU_0020	31.00	100	58	2	663	376	3	95	6e-12	56.6
scaffold262018	OTU_0020	35.16	91	55	3	543	803	5	95	2e-12	57.8
scaffold264112	OTU_0023	31.77	192	120	7	7	552	34	224	2e-19	79.0
scaffold266187	OTU_0005	27.75	227	127	9	746	156	200	419	3e-18	77.0
scaffold268006	OTU_0072	27.62	210	128	8	586	2	42	242	7e-12	57.0
scaffold268133	OTU_0008	26.95	308	188	9	823	2	135	439	6e-19	78.6
scaffold270665	OTU_0041	37.50	96	56	4	511	230	1	94	2e-13	62.0
scaffold270988	OTU_0062	30.27	261	151	9	89	817	2	249	1e-24	96.7
scaffold271631	OTU_0020	33.08	133	84	3	429	818	1	131	2e-18	74.3
scaffold272638	OTU_0023	30.22	225	127	6	137	769	16	224	7e-24	92.0
scaffold273545	OTU_0020	32.33	133	85	3	425	814	1	131	1e-17	72.4
scaffold275986	OTU_0023	28.34	247	157	9	21	722	7	246	2e-16	70.5
scaffold276713	OTU_0058	26.61	218	123	5	243	800	1	213	6e-16	67.0
scaffold276910	OTU_0020	36.00	100	58	2	426	707	1	100	2e-14	63.5
scaffold278445	OTU_0023	28.10	242	163	6	702	1	7	245	6e-23	89.4
scaffold279021	OTU_0066	26.06	284	182	7	799	20	159	438	1e-20	83.6
scaffold280419	OTU_0008	34.21	152	85	7	16	441	257	403	3e-15	67.0
scaffold280796	OTU_0068	28.70	108	77	0	385	62	618	725	8e-11	54.3
scaffold281725	OTU_0068	34.88	86	56	0	765	508	640	725	2e-11	56.2
scaffold282773	OTU_0008	31.46	213	122	7	613	5	46	244	2e-18	76.6
scaffold283723	OTU_0020	37.23	94	56	2	439	714	2	94	4e-16	68.2
scaffold286887	OTU_0046	28.62	290	162	7	14	754	211	498	6e-19	78.6
scaffold289054	OTU_0021	31.47	197	95	10	598	113	2	193	4e-17	70.1
scaffold289119	OTU_0041	26.95	167	101	6	487	26	4	162	1e-12	58.9
scaffold289347	OTU_0041	37.89	95	56	2	479	201	1	94	6e-15	65.9
scaffold292214	OTU_0016	31.05	190	106	9	732	232	32	219	2e-13	60.5
scaffold292744	OTU_0077	31.18	170	96	4	6	473	16	178	3e-20	79.3
scaffold293875	OTU_0020	32.63	95	60	1	452	724	2	96	3e-14	62.8
scaffold294485	OTU_0068	28.51	249	149	7	758	66	22	259	1e-22	90.5
scaffold295747	OTU_0023	30.53	190	99	4	160	639	158	344	3e-16	69.7
scaffold295758	OTU_0064	27.46	244	142	6	3	632	231	473	1e-13	62.4
scaffold298457	OTU_0031	39.32	117	64	4	395	63	5	120	7e-15	65.9
scaffold300676	OTU_0001	30.77	221	114	9	754	191	209	423	1e-18	77.8
scaffold302458	OTU_0066	25.10	251	158	9	4	684	214	458	3e-14	63.9
scaffold303171	OTU_0064	34.81	135	69	5	380	9	2	128	6e-17	72.0
scaffold303210	OTU_0020	33.33	117	53	4	401	745	1	94	2e-16	68.9
scaffold304193	OTU_0023	28.14	263	171	9	16	759	7	266	4e-30	  109
scaffold306626	OTU_0046	27.11	273	172	9	11	757	290	559	5e-18	75.9
scaffold308336	OTU_0023	31.55	187	117	8	538	2	2	185	7e-21	82.8
scaffold310696	OTU_0102	36.79	106	61	1	232	531	3	108	1e-12	59.3
scaffold312597	OTU_0023	28.00	225	149	8	652	5	7	227	2e-14	64.7
scaffold314300	OTU_0020	30.41	171	113	5	160	663	3	170	3e-15	65.5
scaffold315760	OTU_0074	37.71	175	77	6	255	707	83	249	2e-19	77.4
scaffold316722	OTU_0023	32.67	101	57	2	313	603	3	96	3e-12	57.8
scaffold317702	OTU_0077	29.86	144	86	3	561	172	15	157	2e-15	65.5
scaffold326838	OTU_0051	27.92	197	109	7	214	717	45	237	5e-11	53.5
scaffold327403	OTU_0102	27.14	269	160	8	13	729	73	335	2e-16	70.1
scaffold327676	OTU_0064	34.04	94	56	1	514	251	4	97	5e-13	60.1
scaffold329482	OTU_0020	42.19	64	37	0	498	689	1	64	8e-12	55.8
scaffold331092	OTU_0020	30.92	152	94	6	436	2	1	148	2e-16	68.6
scaffold333394	OTU_0023	31.37	255	149	8	2	718	8	252	2e-25	95.5
scaffold334362	OTU_0023	28.11	217	149	5	651	13	23	236	3e-20	80.9
scaffold334565	OTU_0086	27.13	188	127	4	179	718	5	190	6e-11	52.8
scaffold335612	OTU_0041	40.00	110	49	3	251	562	1	99	1e-16	70.1
scaffold339117	OTU_0020	38.14	97	52	2	274	2	1	95	8e-17	69.3
scaffold343384	OTU_0008	29.03	186	104	7	148	633	177	358	4e-13	60.1
scaffold344321	OTU_0023	37.59	133	73	5	612	232	2	130	9e-24	90.5
scaffold347516	OTU_0005	26.01	273	150	10	3	695	89	351	5e-18	75.5
scaffold347587	OTU_0062	37.11	97	56	1	324	49	1	97	8e-14	62.4
scaffold349756	OTU_0016	31.58	171	94	7	544	86	19	184	1e-16	68.6
scaffold350600	OTU_0041	32.61	138	79	5	544	155	8	139	7e-13	59.3
scaffold350604	OTU_0005	24.90	257	163	6	697	14	538	793	1e-14	64.7
scaffold351057	OTU_0040	41.03	78	44	2	433	666	13	88	2e-11	53.9
scaffold352313	OTU_0023	28.78	205	118	7	675	136	117	318	8e-22	85.1
scaffold352485	OTU_0066	23.72	253	164	7	2	691	213	459	4e-13	60.1
scaffold357316	OTU_0020	31.87	91	58	1	349	89	1	91	2e-13	60.1
scaffold358597	OTU_0090	39.39	99	51	5	374	655	1	95	4e-15	66.2
scaffold359252	OTU_0003	25.86	232	140	7	653	27	202	424	2e-13	60.8
scaffold360778	OTU_0016	27.51	189	113	6	549	49	34	220	4e-12	56.2
scaffold361067	OTU_0020	34.48	87	53	2	252	1	3	88	1e-13	60.5
scaffold363895	OTU_0023	28.08	260	144	9	4	678	52	303	1e-18	76.3
scaffold364597	OTU_0005	24.30	214	130	6	64	633	130	335	1e-12	58.5
scaffold366116	OTU_0020	40.00	95	51	3	346	615	2	95	2e-14	62.4
scaffold368717	OTU_0020	37.89	95	55	1	399	127	1	95	2e-16	67.8
scaffold371188	OTU_0023	34.38	96	59	1	22	297	1	96	2e-12	57.4
scaffold372100	OTU_0046	28.96	259	145	5	667	2	215	471	3e-19	79.0
scaffold372605	OTU_0041	34.44	180	97	11	595	89	2	171	3e-14	63.2
scaffold374565	OTU_0071	35.62	160	79	3	657	247	199	357	7e-20	79.3
scaffold376558	OTU_0022	32.12	137	80	3	528	133	1	129	7e-15	63.5
scaffold377240	OTU_0072	30.72	166	87	5	223	663	82	238	6e-13	58.9
scaffold378667	OTU_0039	43.59	78	36	2	27	236	31	108	8e-15	62.4
scaffold382524	OTU_0068	29.28	222	129	6	3	617	37	247	7e-18	74.7
scaffold384255	OTU_0033	26.22	225	144	8	40	654	1	223	3e-18	73.9
scaffold385288	OTU_0037	35.58	104	60	3	613	320	47	149	2e-12	56.2
scaffold388135	OTU_0008	31.91	235	113	13	614	15	181	403	2e-13	60.8
scaffold389394	OTU_0043	29.30	157	103	4	82	534	111	265	3e-18	73.6
scaffold392944	OTU_0062	30.27	185	102	8	113	622	5	177	1e-14	64.7
scaffold393795	OTU_0033	28.99	238	141	7	4	642	3	237	7e-24	89.7
scaffold394848	OTU_0016	33.33	201	103	9	92	631	30	220	8e-24	89.0
scaffold397342	OTU_0044	29.36	235	135	7	4	621	64	296	1e-22	87.8
scaffold400725	OTU_0040	36.96	92	47	3	9	263	12	99	2e-13	58.5
scaffold400997	OTU_0020	38.37	86	47	1	344	105	3	88	2e-15	65.1
scaffold401140	OTU_0020	26.28	137	93	3	205	597	3	137	3e-12	56.2
scaffold405372	OTU_0043	28.31	166	104	3	590	120	82	241	7e-16	66.6
scaffold406066	OTU_0020	39.02	82	45	1	400	630	3	84	2e-12	56.6
scaffold407728	OTU_0023	31.35	185	118	4	100	627	133	317	9e-18	73.2
scaffold408872	OTU_0020	37.93	87	49	2	629	381	15	100	4e-11	53.1
scaffold414558	OTU_0062	28.96	221	122	9	7	609	1	206	4e-19	78.6
scaffold416611	OTU_0058	27.65	217	124	5	37	600	1	213	1e-18	73.9
scaffold422612	OTU_0041	37.78	135	79	4	170	562	6	139	3e-22	85.5
scaffold425998	OTU_0020	32.29	96	62	2	411	130	2	96	1e-15	65.5
scaffold426571	OTU_0008	25.76	229	142	7	3	608	181	408	2e-13	60.8
scaffold431713	OTU_0041	35.79	95	58	1	286	11	1	95	7e-14	61.6
scaffold432288	OTU_0023	29.05	179	109	7	101	604	2	173	5e-17	70.9
scaffold435362	OTU_0023	33.33	87	52	1	359	601	7	93	4e-15	65.1
scaffold436852	OTU_0062	36.96	138	66	7	126	509	3	129	4e-17	72.0
scaffold443725	OTU_0005	33.33	102	59	2	284	3	258	358	7e-11	52.8
scaffold446676	OTU_0068	30.27	185	116	4	585	58	78	258	2e-18	75.9
scaffold447493	OTU_0038	28.44	211	105	7	15	536	79	280	7e-13	58.2
scaffold449449	OTU_0090	34.04	94	57	1	72	338	2	95	6e-13	58.9
scaffold449604	OTU_0031	30.89	123	72	4	170	511	7	125	3e-12	56.6
scaffold455007	OTU_0045	26.74	172	113	5	544	59	203	371	2e-12	57.0
scaffold455218	OTU_0008	27.23	213	127	8	585	1	198	400	1e-12	58.2
scaffold461381	OTU_0038	30.00	200	111	5	567	52	80	278	2e-18	73.6
scaffold462145	OTU_0005	29.67	209	105	8	60	578	206	408	2e-18	76.3
scaffold463470	OTU_0071	32.90	155	81	1	567	172	197	351	3e-19	77.0
scaffold464808	OTU_0005	25.37	201	123	4	10	537	162	360	3e-15	66.6
scaffold468312	OTU_0068	32.69	208	113	7	2	574	39	236	1e-21	85.5
scaffold469708	OTU_0062	31.08	148	79	2	397	23	185	332	4e-14	62.8
scaffold471829	OTU_0008	33.33	162	96	7	85	546	310	467	9e-17	70.5
scaffold473382	OTU_0090	23.40	188	135	3	561	22	62	248	5e-15	65.5
scaffold477890	OTU_0005	31.77	192	98	6	8	499	176	362	6e-21	83.6
scaffold480566	OTU_0003	26.98	215	125	4	557	6	207	420	8e-19	76.3
scaffold481729	OTU_0041	40.70	86	43	2	563	324	5	88	4e-13	58.9
scaffold486748	OTU_0071	29.63	189	122	6	556	8	63	246	1e-11	54.7
scaffold488141	OTU_0068	31.29	147	76	4	12	380	214	359	5e-11	53.1
scaffold489324	OTU_0020	33.11	151	89	4	506	60	1	141	2e-21	82.0
scaffold490925	OTU_0046	29.95	187	107	7	553	47	293	473	3e-12	57.0
scaffold492045	OTU_0023	33.14	175	92	3	36	491	179	351	2e-19	77.4
scaffold492063	OTU_0005	36.67	150	74	7	116	514	268	413	2e-15	66.6
scaffold494091	OTU_0020	34.31	102	62	1	131	421	5	106	1e-18	73.6
scaffold499980	OTU_0020	34.12	85	51	1	240	1	3	87	9e-12	54.3
scaffold501421	OTU_0066	27.08	144	91	4	548	159	316	459	6e-12	55.5
scaffold504572	OTU_0020	38.24	102	50	5	246	545	1	91	9e-17	68.2
scaffold505465	OTU_0086	33.58	137	67	2	539	198	63	198	1e-15	64.3
scaffold505950	OTU_0041	34.15	82	51	2	527	288	8	88	2e-11	53.9
scaffold509721	OTU_0064	31.52	184	119	3	540	4	14	195	2e-22	87.0
scaffold509722	OTU_0064	31.52	184	119	3	540	4	14	195	1e-21	85.1
scaffold515871	OTU_0020	26.17	107	71	2	193	495	5	109	3e-12	55.5
scaffold526930	OTU_0030	26.09	161	101	4	500	30	79	225	2e-11	53.5
scaffold527083	OTU_0068	28.67	143	98	2	462	37	617	756	6e-13	58.9
scaffold528048	OTU_0093	29.35	184	106	6	527	3	61	229	4e-13	57.8
scaffold529637	OTU_0020	29.76	168	113	3	7	495	28	195	2e-20	78.6
scaffold530204	OTU_0062	34.11	129	50	7	450	70	1	96	2e-12	57.4
scaffold536858	OTU_0041	36.08	97	58	3	196	474	1	97	7e-11	52.0
scaffold545350	OTU_0102	33.33	105	64	1	480	184	4	108	5e-12	55.5
scaffold549041	OTU_0071	26.51	166	117	3	7	498	8	170	4e-13	58.5
scaffold551871	OTU_0005	33.56	149	75	5	70	447	214	361	1e-17	73.6
scaffold555411	OTU_0020	39.58	96	54	4	228	509	1	94	2e-14	61.2
scaffold558355	OTU_0037	39.58	96	49	3	8	274	53	146	3e-15	62.8
scaffold560317	OTU_0009	27.14	140	90	3	114	500	14	152	4e-12	53.9
scaffold566284	OTU_0071	28.02	182	109	6	504	1	67	240	8e-11	51.6
scaffold570554	OTU_0005	28.98	176	93	5	1	444	162	333	7e-14	61.6
scaffold572167	OTU_0041	35.05	97	59	1	171	449	1	97	1e-13	60.1
scaffold575934	OTU_0062	37.08	89	50	1	142	390	3	91	1e-13	60.8
scaffold577289	OTU_0020	31.03	174	103	8	497	9	14	181	3e-14	60.8
scaffold580325	OTU_0090	27.91	172	95	3	52	480	160	331	3e-16	68.9
scaffold581458	OTU_0005	34.29	140	63	4	125	475	200	333	4e-13	59.3
scaffold590024	OTU_0099	32.04	103	65	4	468	166	44	143	1e-11	52.0
scaffold591878	OTU_0020	32.63	95	60	2	364	92	1	95	3e-13	57.8
scaffold598525	OTU_0020	34.69	98	53	3	483	196	8	96	1e-16	67.4
scaffold600636	OTU_0031	41.79	67	38	1	175	375	8	73	2e-11	53.9
scaffold601728	OTU_0031	32.59	135	74	3	418	44	5	132	8e-14	60.8
scaffold604424	OTU_0043	32.21	149	89	4	46	471	111	254	4e-19	74.7
scaffold606561	OTU_0023	44.44	90	44	2	433	170	281	366	1e-12	57.4
scaffold608715	OTU_0044	31.09	193	97	6	1	480	96	285	1e-14	63.2
scaffold608999	OTU_0023	32.74	168	95	7	480	10	7	167	3e-17	70.5
scaffold613070	OTU_0020	34.74	95	58	1	374	102	1	95	1e-13	58.9
scaffold615537	OTU_0058	27.81	187	92	7	456	1	9	187	1e-11	52.8
scaffold618738	OTU_0020	35.14	74	46	1	466	251	8	81	2e-11	52.4
scaffold630798	OTU_0071	31.93	119	77	3	83	427	133	251	3e-11	52.8
scaffold634648	OTU_0086	32.92	161	82	3	443	33	38	196	3e-19	74.7
scaffold635795	OTU_0071	30.73	179	96	5	464	3	151	326	3e-16	67.8
scaffold637199	OTU_0041	45.16	93	45	4	146	415	5	94	5e-15	63.9
scaffold638779	OTU_0102	29.47	95	61	1	135	401	2	96	4e-11	52.4
scaffold639027	OTU_0055	26.97	178	100	7	9	455	13	189	5e-12	53.5
scaffold642496	OTU_0049	34.29	140	86	2	7	411	6	144	2e-20	77.4
scaffold649455	OTU_0020	39.29	84	43	2	1	234	15	96	5e-13	57.0
scaffold650763	OTU_0008	35.67	157	73	7	4	405	172	323	5e-14	61.2
scaffold661722	OTU_0086	27.39	157	87	2	395	6	5	161	2e-15	63.2
scaffold662821	OTU_0064	32.17	143	73	2	444	85	221	362	7e-14	60.8
scaffold674003	OTU_0043	36.44	118	69	3	92	433	111	226	4e-18	71.2
scaffold674998	OTU_0020	34.07	91	56	1	371	111	1	91	5e-15	62.4
scaffold677237	OTU_0005	34.19	117	54	4	290	9	217	333	2e-13	60.1
scaffold681592	OTU_0020	30.60	134	85	5	3	389	1	131	2e-13	57.8
scaffold681604	OTU_0020	35.11	94	46	5	173	445	1	82	5e-13	56.6
scaffold687858	OTU_0041	37.40	131	68	4	441	52	16	133	4e-16	67.0
scaffold688507	OTU_0023	34.07	91	56	1	81	341	1	91	5e-14	60.8
scaffold695367	OTU_0020	33.33	93	60	2	331	53	2	92	3e-13	57.4
scaffold699067	OTU_0008	38.30	94	53	2	272	6	310	403	2e-12	56.6
scaffold702985	OTU_0005	35.62	73	39	1	218	412	267	339	4e-11	52.8
scaffold707984	OTU_0023	33.33	96	60	1	157	432	1	96	2e-13	58.9
scaffold708459	OTU_0005	32.10	162	83	5	412	2	163	322	1e-15	67.0
scaffold714213	OTU_0023	37.21	86	46	3	187	426	5	88	2e-11	53.1
scaffold714830	OTU_0020	28.74	87	57	1	185	430	1	87	1e-11	53.1
scaffold717370	OTU_0064	29.56	159	86	3	407	9	183	341	2e-14	62.4
scaffold719107	OTU_0041	32.99	97	61	1	377	99	1	97	9e-13	57.0
scaffold719203	OTU_0020	36.56	93	55	3	61	333	1	91	6e-17	67.4
scaffold719962	OTU_0047	38.81	67	41	0	202	402	28	94	2e-11	50.8
scaffold720605	OTU_0041	37.25	102	54	5	426	127	1	94	8e-15	63.2
scaffold728234	OTU_0016	30.97	155	83	6	10	423	41	188	3e-13	57.0
scaffold731853	OTU_0068	32.97	91	56	1	48	305	4	94	2e-11	53.9
scaffold734972	OTU_0064	39.00	100	55	4	347	57	1	97	5e-15	64.3
scaffold736693	OTU_0022	33.33	123	70	4	373	29	1	119	9e-18	70.1
scaffold737338	OTU_0064	36.63	101	58	4	112	402	3	101	2e-14	62.4
scaffold746336	OTU_0020	30.61	147	81	5	415	38	28	174	5e-17	67.8
scaffold748093	OTU_0020	41.23	114	60	4	324	1	2	114	1e-16	66.6
scaffold750073	OTU_0081	33.61	119	69	3	356	27	118	235	2e-12	55.5
scaffold750788	OTU_0020	33.07	127	80	3	408	37	7	131	2e-18	72.0
scaffold751858	OTU_0046	29.27	123	80	3	350	3	127	249	2e-11	53.1
scaffold752143	OTU_0064	38.61	101	61	1	338	36	3	102	8e-20	78.6
scaffold755682	OTU_0020	36.84	95	56	1	18	290	1	95	6e-15	61.6
scaffold769488	OTU_0031	38.21	123	67	4	405	58	5	125	3e-14	61.6
scaffold778072	OTU_0020	35.56	90	54	1	2	259	6	95	2e-15	63.2
scaffold782011	OTU_0071	37.50	88	45	1	167	400	1	88	1e-13	59.3
scaffold783509	OTU_0010	26.67	120	82	2	397	53	19	137	9e-12	52.0
scaffold795710	OTU_0071	32.65	147	76	2	2	373	207	353	3e-15	63.9
scaffold801845	OTU_0008	36.00	100	60	2	3	290	315	414	2e-13	59.3
scaffold811963	OTU_0021	33.80	142	79	4	394	11	51	191	4e-15	61.6
scaffold827396	OTU_0041	33.33	90	55	1	117	371	6	95	8e-15	62.8
scaffold828342	OTU_0058	34.04	141	69	5	36	389	56	195	1e-13	57.4
scaffold828701	OTU_0023	35.23	88	52	1	35	283	1	88	3e-11	52.0
scaffold840146	OTU_0005	31.93	119	54	4	321	46	214	332	1e-12	57.0
scaffold845323	OTU_0071	32.65	147	76	2	2	373	207	353	3e-15	63.9
scaffold849457	OTU_0041	38.82	85	50	1	4	252	10	94	2e-15	64.3
scaffold854083	OTU_0097	45.35	86	46	1	10	267	95	179	2e-15	62.8
scaffold854190	OTU_0071	28.77	146	78	2	368	9	197	342	1e-12	56.2
scaffold859943	OTU_0020	35.14	111	65	4	52	375	2	108	2e-15	62.8
scaffold861842	OTU_0077	33.33	102	59	2	58	339	15	115	2e-12	54.3
scaffold866421	OTU_0090	33.33	129	70	4	371	3	120	238	1e-13	60.1
scaffold871724	OTU_0086	31.82	110	52	1	52	312	44	153	3e-15	62.0
scaffold885096	OTU_0022	34.34	99	57	3	367	86	28	123	2e-11	52.0
scaffold886067	OTU_0043	32.20	118	75	2	372	31	112	228	6e-19	73.2
scaffold888641	OTU_0020	36.70	109	56	3	357	64	2	108	2e-17	68.6
scaffold889173	OTU_0020	32.63	95	60	1	359	87	1	95	3e-16	65.1
scaffold892904	OTU_0005	38.24	102	52	3	90	368	258	357	5e-16	67.0
scaffold909981	OTU_0020	37.50	64	40	0	214	23	1	64	7e-13	55.8
scaffold912060	OTU_0064	37.14	70	42	1	143	352	2	69	8e-11	51.2
scaffold919843	OTU_0020	39.24	79	42	3	278	54	20	96	2e-12	54.7
scaffold931232	OTU_0020	36.56	93	58	1	282	7	3	95	3e-14	59.7
scaffold937243	OTU_0077	35.29	102	57	2	320	39	15	115	7e-15	60.8
scaffold940236	OTU_0086	27.40	146	78	4	2	358	7	151	5e-14	58.5
scaffold950450	OTU_0090	31.90	116	72	2	21	350	137	251	8e-13	57.4
scaffold958159	OTU_0005	30.56	144	68	5	349	2	221	360	6e-14	60.5
scaffold963434	OTU_0005	42.24	116	56	4	328	11	267	381	1e-16	68.9
scaffold969454	OTU_0020	34.78	92	56	3	348	85	4	95	5e-11	50.4
scaffold970567	OTU_0020	36.36	88	45	3	109	348	3	87	3e-11	51.2
scaffold993560	OTU_0039	46.97	66	27	2	123	296	43	108	3e-13	55.5
scaffold996478	OTU_0064	27.48	131	72	1	343	20	201	331	4e-12	55.1
scaffold1015579	OTU_0020	38.18	110	53	4	11	304	2	108	1e-16	65.9
scaffold1021003	OTU_0097	42.47	73	41	1	123	338	89	161	1e-14	59.7
scaffold1023849	OTU_0058	30.89	123	54	4	285	1	90	209	2e-11	51.2
scaffold1027899	OTU_0062	31.87	91	56	1	13	267	165	255	3e-11	52.4
scaffold1031876	OTU_0086	32.33	133	64	3	10	330	53	185	2e-14	59.7
scaffold1050963	OTU_0020	40.66	91	48	3	329	72	7	96	7e-15	60.8
scaffold1060197	OTU_0020	30.21	96	59	2	7	276	4	97	4e-12	53.5
scaffold1064251	OTU_0064	34.33	67	44	0	221	21	3	69	3e-12	55.1
scaffold1066729	OTU_0068	35.23	88	54	2	4	261	10	96	5e-13	57.8
scaffold1070154	OTU_0041	35.42	96	58	1	39	314	1	96	3e-15	63.2
scaffold1076853	OTU_0020	36.56	93	57	1	19	291	3	95	2e-15	62.0
scaffold1081303	OTU_0031	38.67	75	45	1	235	11	1	74	4e-14	60.5
scaffold1082265	OTU_0064	54.55	44	20	0	148	17	3	46	1e-13	59.3
scaffold1095678	OTU_0064	45.28	53	29	0	154	312	6	58	3e-11	52.4
scaffold1099656	OTU_0041	41.05	95	52	2	45	317	1	95	1e-16	67.4
scaffold1105747	OTU_0009	26.47	102	71	1	316	23	31	132	5e-14	57.8
scaffold1107015	OTU_0020	37.14	105	53	3	2	283	6	108	6e-16	63.5
scaffold1107145	OTU_0041	36.46	96	57	1	9	284	1	96	4e-16	65.9
scaffold1107917	OTU_0008	33.00	100	59	1	23	298	170	269	6e-11	51.2
scaffold1122353	OTU_0020	32.63	95	60	1	278	6	1	95	1e-15	62.8
scaffold1127680	OTU_0090	35.53	76	49	0	270	43	181	256	5e-12	54.3
scaffold1134935	OTU_0020	43.28	67	32	3	310	122	30	94	5e-12	53.1
scaffold1144613	OTU_0020	31.58	95	57	2	42	308	1	93	4e-15	61.6
scaffold1160513	OTU_0020	44.44	45	25	0	161	295	1	45	8e-11	49.7
scaffold1167645	OTU_0005	43.08	65	29	1	95	265	269	333	1e-13	59.7
scaffold1168098	OTU_0005	36.96	92	43	3	304	62	272	359	1e-12	56.2
scaffold1172202	OTU_0102	32.29	96	60	1	306	34	13	108	7e-12	53.5
scaffold1195496	OTU_0005	31.58	114	51	4	299	36	221	333	9e-11	50.8
scaffold1202593	OTU_0020	31.71	82	52	1	8	241	14	95	5e-11	50.1
scaffold1207438	OTU_0022	33.68	95	57	2	18	287	26	119	8e-13	55.1
scaffold1212136	OTU_0031	40.23	87	49	1	47	298	367	453	4e-16	65.9
scaffold1213209	OTU_0009	29.81	104	69	1	300	1	27	130	3e-13	55.5
scaffold1219778	OTU_0023	37.93	87	51	2	7	261	23	108	3e-13	57.4
scaffold1241033	OTU_0044	33.33	114	51	3	5	271	97	210	1e-11	53.1
scaffold1265275	OTU_0005	36.54	104	57	2	4	291	258	360	2e-16	67.0
scaffold1280148	OTU_0031	42.19	64	36	1	70	261	6	68	4e-12	54.3
scaffold1296725	OTU_0077	33.68	95	54	2	264	4	15	108	2e-11	50.8
scaffold1311433	OTU_0022	34.69	98	58	3	3	281	2	98	2e-11	50.8
scaffold1335938	OTU_0010	46.15	65	30	1	274	95	75	139	1e-13	55.8
scaffold1363935	OTU_0005	33.62	116	46	4	268	5	221	333	7e-13	56.6
scaffold1364034	OTU_0020	35.56	90	54	1	18	275	1	90	6e-17	65.9
scaffold1368370	OTU_0020	46.75	77	39	2	261	37	20	96	1e-20	76.3
scaffold1376648	OTU_0006	38.36	73	44	1	55	273	180	251	4e-13	57.4
scaffold1417059	OTU_0020	39.33	89	48	1	10	258	7	95	4e-18	69.3
scaffold1425940	OTU_0062	53.19	47	22	0	56	196	1	47	2e-11	52.4
scaffold1428969	OTU_0023	47.17	53	26	2	10	162	30	82	4e-11	50.8
scaffold1431796	OTU_0020	39.51	81	46	2	8	244	14	93	2e-14	58.9
scaffold1460889	OTU_0020	41.03	78	43	2	232	5	24	100	1e-15	62.0
scaffold1463000	OTU_0020	38.46	91	49	3	258	7	10	100	5e-17	65.9
scaffold1470300	OTU_0021	83.72	86	14	0	5	262	81	166	2e-50	  154
scaffold1477132	OTU_0023	37.65	85	43	3	259	8	10	85	1e-12	55.1
scaffold1485174	OTU_0064	37.93	87	49	2	252	7	6	92	3e-12	54.7
scaffold1497670	OTU_0020	34.88	86	52	1	257	12	10	95	9e-15	59.7
scaffold1519106	OTU_0031	41.67	72	39	2	247	35	5	74	2e-13	57.4
scaffold1529245	OTU_0023	38.03	71	42	1	3	215	39	107	8e-13	55.5
scaffold1541620	OTU_0062	48.89	45	23	0	152	18	3	47	4e-11	51.2
scaffold1552348	OTU_0064	38.71	62	33	1	249	79	31	92	1e-11	52.4
scaffold1555088	OTU_0068	36.78	87	49	1	10	252	160	246	4e-12	54.3
scaffold1558402	OTU_0069	31.65	79	50	1	30	254	2	80	2e-11	49.7
