scaffold00009	OTU_0001	25.30	502	276	16	147621	146317	105	574	5e-17	84.7
scaffold00023	OTU_0090	26.35	501	313	14	75693	74341	3	497	3e-34	  140
scaffold00025	OTU_0007	25.82	488	283	15	2484	3779	7	471	2e-22	  101
scaffold00036	OTU_0077	26.06	165	101	5	150303	150770	16	168	5e-11	61.6
scaffold00040	OTU_0020	36.00	100	58	2	46780	46499	1	100	8e-11	60.8
scaffold00044	OTU_0023	23.23	439	243	14	26916	28172	8	372	2e-16	80.5
scaffold00058	OTU_0090	27.63	485	292	17	90898	92235	3	467	3e-30	  126
scaffold00062	OTU_0044	25.69	436	260	12	7669	8832	2	421	6e-19	88.2
scaffold00063	OTU_0102	26.71	292	149	11	105193	104426	57	319	3e-12	66.6
scaffold00071	OTU_0005	26.07	725	432	23	34277	32334	103	800	7e-41	  160
scaffold00078	OTU_0090	27.81	507	322	16	102187	100754	2	493	2e-33	  136
scaffold00111	OTU_0071	31.14	350	183	11	66787	65873	7	343	1e-28	  117
scaffold00128	OTU_0005	25.97	724	432	27	55896	53956	105	801	4e-33	  135
scaffold00132	OTU_0044	25.55	411	251	14	37371	38474	6	404	2e-15	76.6
scaffold00135	OTU_0046	27.27	242	153	8	64778	65440	3	242	9e-14	72.4
scaffold00173	OTU_0023	24.12	311	191	9	36553	37416	1	289	8e-12	64.7
scaffold00215	OTU_0071	25.25	305	191	7	43097	43954	3	289	5e-14	71.6
scaffold00249	OTU_0062	26.10	521	332	11	6799	5375	4	517	6e-37	  147
scaffold00254	OTU_0062	27.98	243	154	7	34474	35142	2	243	3e-14	73.6
scaffold00316	OTU_0090	25.64	312	182	11	28295	29152	3	290	8e-11	62.4
scaffold00472	OTU_0046	27.31	238	131	8	16117	15437	52	258	2e-14	73.2
scaffold00528	OTU_0007	22.64	658	420	17	36220	37974	7	648	2e-28	  119
scaffold00551	OTU_0090	30.31	254	162	7	30106	30837	11	259	1e-15	77.4
scaffold00589	OTU_0005	26.55	772	452	33	29736	31793	72	814	2e-35	  142
scaffold00613	OTU_0023	24.13	286	172	8	14350	15159	3	259	1e-11	63.2
scaffold00677	OTU_0077	28.89	180	106	4	13437	12916	15	178	7e-14	68.2
scaffold00708	OTU_0023	24.82	282	175	8	18425	17616	3	259	2e-14	71.6
scaffold00812	OTU_0003	27.51	309	183	9	15641	16456	119	423	4e-17	80.5
scaffold00879	OTU_0046	26.97	482	313	13	15790	14432	3	474	7e-30	  123
scaffold01073	OTU_0007	23.80	685	448	23	7414	9270	7	683	3e-24	  104
scaffold01152	OTU_0102	29.27	246	149	7	11170	10472	8	241	2e-15	74.7
scaffold01223	OTU_0062	25.21	726	420	23	10897	12831	3	686	7e-41	  157
scaffold01256	OTU_0062	26.04	530	323	17	1601	174	3	517	1e-36	  144
scaffold01268	OTU_0005	25.93	675	406	24	11959	13755	115	771	1e-41	  160
scaffold01277	OTU_0071	24.91	285	177	8	7571	8389	3	262	1e-14	72.0
scaffold01388	OTU_0064	26.07	234	138	6	7683	7006	52	258	7e-14	70.5
scaffold01817	OTU_0006	24.37	279	170	7	1670	873	3	253	6e-11	60.8
scaffold02097	OTU_0020	36.46	96	52	4	16354	16079	5	95	1e-11	60.8
scaffold02168	OTU_0005	23.68	718	429	24	3050	1161	85	771	4e-30	  123
scaffold02185	OTU_0005	23.54	773	430	28	6468	8459	79	799	2e-29	  120
scaffold02191	OTU_0046	28.09	509	315	16	15283	16710	3	493	2e-35	  140
scaffold02220	OTU_0023	25.61	367	233	12	14373	13339	3	351	1e-18	84.0
scaffold02220	OTU_0023	24.93	361	218	11	10331	9333	16	351	2e-15	74.3
scaffold02342	OTU_0090	23.78	635	391	18	2250	583	1	621	1e-30	  124
scaffold02344	OTU_0064	25.14	370	200	14	16221	15232	21	353	7e-14	70.1
scaffold02445	OTU_0031	24.26	470	287	17	6722	7966	5	460	1e-16	79.0
scaffold02486	OTU_0020	27.47	91	62	1	4456	4716	1	91	7e-11	58.2
scaffold02671	OTU_0020	39.53	86	46	1	15605	15844	3	88	2e-12	62.8
scaffold02709	OTU_0001	24.20	500	284	22	14757	13408	117	571	1e-11	63.5
scaffold02793	OTU_0064	25.78	547	348	19	7565	9112	2	521	4e-30	  122
scaffold03104	OTU_0005	26.39	773	456	29	4414	2336	65	804	1e-32	  131
scaffold03364	OTU_0005	25.76	726	431	28	10496	12436	105	801	2e-36	  143
scaffold03425	OTU_0005	23.35	698	434	23	1578	3419	115	795	9e-31	  125
scaffold03709	OTU_0001	24.22	673	419	18	7040	8842	120	773	3e-29	  120
scaffold04025	OTU_0062	27.98	243	155	5	7586	6915	2	243	2e-13	68.6
scaffold04136	OTU_0005	23.31	605	354	21	7964	6405	206	785	5e-17	80.1
scaffold04220	OTU_0007	25.70	677	399	21	5922	7736	7	651	3e-23	  100
scaffold04370	OTU_0071	24.69	320	176	9	2568	3428	2	289	5e-15	72.0
scaffold04482	OTU_0023	25.97	258	150	9	2426	1695	3	233	5e-13	65.9
scaffold04768	OTU_0090	25.55	732	428	24	1730	3634	1	712	6e-41	  156
scaffold04933	OTU_0005	25.54	419	257	14	11043	9922	399	807	8e-19	85.9
scaffold05169	OTU_0005	24.60	618	362	22	133	1737	207	803	2e-26	  110
scaffold05288	OTU_0062	24.83	745	470	24	4676	2655	3	728	1e-39	  152
scaffold05363	OTU_0005	24.82	713	435	26	6829	4928	123	813	1e-32	  130
scaffold05601	OTU_0001	25.71	665	418	23	7644	5845	120	773	2e-31	  126
scaffold06039	OTU_0005	24.15	323	193	13	9890	8982	269	559	2e-14	71.6
scaffold06059	OTU_0023	24.48	286	171	8	5767	4958	3	259	2e-12	64.3
scaffold06202	OTU_0090	29.88	482	287	17	1897	3237	2	467	8e-30	  121
scaffold06310	OTU_0086	26.94	193	92	3	109	657	44	197	3e-11	58.2
scaffold06544	OTU_0005	24.01	658	402	21	3378	1654	129	771	6e-31	  124
scaffold06658	OTU_0062	28.40	486	279	18	3010	4308	5	474	5e-34	  134
scaffold06703	OTU_0001	22.62	818	493	34	2235	67	27	799	3e-20	90.1
scaffold07160	OTU_0062	25.83	542	307	20	6508	7968	3	504	6e-33	  131
scaffold07260	OTU_0090	24.20	752	450	29	3277	1301	2	726	2e-33	  132
scaffold07269	OTU_0090	25.18	548	326	19	6477	7943	3	525	5e-32	  128
scaffold07454	OTU_0090	26.74	475	311	16	7061	5721	2	467	7e-31	  124
scaffold07654	OTU_0021	33.87	124	71	3	6946	6593	75	193	3e-11	57.8
scaffold08154	OTU_0005	26.04	722	436	22	6444	4501	103	800	3e-38	  148
scaffold08287	OTU_0006	26.32	775	447	31	2612	480	3	717	2e-31	  126
scaffold08353	OTU_0007	25.54	650	368	23	6650	4923	22	629	2e-36	  141
scaffold08646	OTU_0062	24.07	752	436	24	3519	1573	7	726	1e-36	  142
scaffold08763	OTU_0062	25.07	734	424	21	3534	1600	3	699	4e-43	  162
scaffold09380	OTU_0090	26.13	532	317	18	4904	3507	2	523	1e-31	  126
scaffold09820	OTU_0020	29.67	91	60	1	3620	3360	1	91	4e-12	60.8
scaffold10397	OTU_0001	24.22	702	433	24	4696	2822	117	796	2e-28	  116
scaffold10632	OTU_0005	27.19	732	434	28	4840	2888	72	785	5e-44	  166
scaffold10800	OTU_0080	23.83	386	245	15	6983	5940	49	423	3e-15	72.8
scaffold11666	OTU_0001	23.84	495	300	19	6005	4677	87	556	2e-18	83.6
scaffold11680	OTU_0046	28.51	228	155	3	4230	4889	6	233	1e-22	97.4
scaffold12062	OTU_0090	28.96	511	290	17	2370	3722	2	499	2e-43	  163
scaffold12163	OTU_0008	23.94	284	187	7	6414	5644	181	462	5e-11	59.3
scaffold12705	OTU_0062	26.59	534	312	14	1506	2927	4	517	4e-35	  137
scaffold12863	OTU_0090	25.24	523	331	17	5520	4048	3	497	5e-24	  101
scaffold13394	OTU_0005	22.75	756	436	28	1949	3	79	793	3e-18	83.2
scaffold13617	OTU_0052	29.31	290	177	9	252	1058	144	426	7e-21	90.1
scaffold13826	OTU_0068	26.54	486	298	15	2805	1465	1	466	5e-31	  124
scaffold14917	OTU_0001	25.78	706	425	24	3140	5044	120	797	2e-32	  128
scaffold14942	OTU_0008	24.59	492	285	20	5330	4029	14	477	2e-15	73.6
scaffold15642	OTU_0023	27.65	311	186	10	4772	5596	7	314	8e-33	  126
scaffold15838	OTU_0008	26.94	245	146	5	5568	4906	191	426	5e-17	78.2
scaffold15854	OTU_0071	25.10	247	148	8	4862	5554	2	227	3e-12	62.4
scaffold15962	OTU_0010	36.51	126	74	2	4923	5282	19	144	4e-19	81.3
scaffold16146	OTU_0020	34.78	92	55	3	5237	5503	1	90	2e-12	61.6
scaffold16297	OTU_0005	27.94	476	269	19	845	2143	115	559	5e-28	  114
scaffold16501	OTU_0020	36.84	95	56	1	185	457	1	95	5e-15	69.3
scaffold16828	OTU_0006	26.53	637	384	23	2436	4172	3	613	2e-35	  138
scaffold17425	OTU_0046	26.15	845	448	30	2465	42	3	708	3e-43	  162
scaffold17624	OTU_0007	28.55	571	297	27	3708	5186	7	544	7e-27	  110
scaffold17683	OTU_0062	24.06	503	298	19	3497	2130	3	468	1e-21	93.6
scaffold17684	OTU_0071	24.18	273	162	7	4399	3647	67	316	2e-15	72.4
scaffold18913	OTU_0066	89.39	358	38	0	5005	3932	114	471	0.0	  681
scaffold19000	OTU_0020	40.52	116	54	6	335	6	1	107	9e-15	68.2
scaffold19082	OTU_0005	29.04	613	333	25	375	1982	214	801	2e-41	  157
scaffold19101	OTU_0005	25.44	684	394	27	4963	3113	169	803	6e-35	  136
scaffold19797	OTU_0062	24.46	552	355	19	3247	4764	5	540	1e-25	  106
scaffold20102	OTU_0068	24.46	327	191	9	210	1061	412	725	2e-18	83.6
scaffold20196	OTU_0005	23.14	510	294	20	1622	279	79	552	5e-16	75.5
scaffold21872	OTU_0023	26.88	253	169	8	2207	2932	10	257	2e-15	71.6
scaffold21995	OTU_0023	35.64	101	54	3	4076	4366	3	96	1e-12	63.2
scaffold22094	OTU_0007	26.68	641	381	21	2839	4563	6	623	3e-38	  146
scaffold22284	OTU_0062	25.37	741	416	29	575	2497	7	710	3e-37	  143
scaffold22873	OTU_0068	24.36	706	404	22	4017	2275	25	725	8e-30	  119
scaffold23806	OTU_0090	29.51	288	160	13	3913	3095	6	265	4e-15	72.4
scaffold24045	OTU_0023	25.07	347	217	8	4185	3256	4	344	4e-21	89.0
scaffold24468	OTU_0007	28.03	503	286	20	1498	161	7	490	2e-23	99.0
scaffold24502	OTU_0090	28.14	501	302	13	1800	3152	3	495	3e-39	  149
scaffold24936	OTU_0102	29.80	245	148	7	846	151	8	241	4e-14	67.8
scaffold25684	OTU_0005	27.68	578	320	21	4167	2662	216	771	2e-38	  147
scaffold25843	OTU_0001	27.11	498	284	18	1433	114	98	574	2e-28	  115
scaffold26035	OTU_0090	25.92	571	314	18	1837	305	3	524	6e-34	  132
scaffold26229	OTU_0003	24.59	366	214	12	2126	3085	74	423	1e-16	76.3
scaffold26498	OTU_0090	23.95	309	199	8	1979	2836	4	299	2e-13	66.6
scaffold27837	OTU_0062	25.10	514	327	14	320	1705	3	510	2e-26	  108
scaffold28307	OTU_0062	25.28	269	173	9	3144	3917	3	254	3e-14	69.3
scaffold29198	OTU_0064	24.77	553	347	16	3461	1977	4	545	3e-26	  107
scaffold29341	OTU_0005	27.56	624	354	25	98	1747	170	769	1e-37	  145
scaffold29416	OTU_0046	23.60	733	427	24	3273	1450	2	726	1e-34	  135
scaffold29465	OTU_0090	25.51	486	296	16	1871	3169	1	473	5e-30	  120
scaffold29704	OTU_0062	25.97	539	306	21	252	1652	1	518	1e-27	  112
scaffold29990	OTU_0023	28.74	254	168	5	2313	3041	1	252	6e-20	85.5
scaffold30645	OTU_0005	25.20	381	210	19	1818	2831	72	420	5e-12	62.0
scaffold34295	OTU_0062	28.49	530	307	20	1171	2586	2	517	2e-35	  137
scaffold34349	OTU_0102	25.38	264	180	7	231	992	5	261	7e-17	75.9
scaffold34486	OTU_0005	25.79	725	432	26	770	2710	105	801	3e-36	  139
scaffold35122	OTU_0090	26.97	508	327	11	1655	246	2	503	2e-39	  149
scaffold35296	OTU_0023	26.64	274	160	9	813	46	1	251	5e-15	70.1
scaffold35535	OTU_0064	26.73	520	295	20	2395	1010	3	494	5e-29	  115
scaffold35750	OTU_0046	25.74	509	319	13	3403	2045	11	516	1e-26	  109
scaffold36034	OTU_0023	25.64	234	158	6	2720	3385	7	236	5e-12	60.8
scaffold36718	OTU_0023	30.04	253	164	9	804	79	1	251	3e-27	  108
scaffold37225	OTU_0023	26.40	250	147	8	1689	976	3	227	2e-12	62.0
scaffold37573	OTU_0007	25.08	662	394	27	1765	11	16	652	5e-32	  125
scaffold37605	OTU_0068	28.72	484	290	18	1888	548	1	466	7e-36	  138
scaffold37781	OTU_0064	31.39	274	149	11	115	891	4	253	7e-20	86.7
scaffold38471	OTU_0007	26.05	641	407	17	1203	2963	23	650	3e-30	  120
scaffold38577	OTU_0046	25.95	736	413	27	9	1961	6	694	3e-42	  158
scaffold39463	OTU_0041	32.22	90	57	1	2575	2832	7	96	9e-11	57.0
scaffold40556	OTU_0023	27.38	263	146	10	2141	1401	3	236	1e-14	68.6
scaffold41317	OTU_0041	37.36	91	53	1	275	15	3	93	9e-13	63.2
scaffold41584	OTU_0020	35.42	96	53	4	1604	1329	5	95	1e-12	60.8
scaffold43072	OTU_0062	26.87	521	306	17	1635	3032	4	504	1e-34	  134
scaffold44794	OTU_0023	26.00	250	148	8	746	33	3	227	5e-14	66.6
scaffold44889	OTU_0023	25.00	268	171	8	1902	2666	1	251	2e-14	68.6
scaffold45293	OTU_0023	26.33	338	204	10	2096	1197	2	332	1e-23	96.3
scaffold47555	OTU_0020	35.16	91	55	1	616	356	1	91	3e-13	62.8
scaffold47623	OTU_0007	23.66	596	343	21	2807	1254	98	659	2e-27	  111
scaffold48037	OTU_0005	25.79	725	434	23	659	2602	103	800	4e-39	  148
scaffold48951	OTU_0046	27.28	766	445	26	2190	169	3	748	9e-59	  207
scaffold49010	OTU_0020	27.47	91	62	1	2506	2246	1	91	7e-12	58.5
scaffold49404	OTU_0023	27.88	269	141	13	2226	1471	3	235	1e-13	65.9
scaffold49756	OTU_0023	29.45	292	191	10	852	16	2	291	3e-19	83.2
scaffold50188	OTU_0005	25.68	732	438	27	2581	620	105	808	1e-37	  144
scaffold50639	OTU_0031	25.56	450	263	16	3	1184	22	455	7e-17	76.3
scaffold50818	OTU_0068	25.51	490	271	11	2742	1546	30	516	1e-30	  121
scaffold51412	OTU_0037	30.53	131	78	4	2321	2686	23	149	2e-11	56.6
scaffold51971	OTU_0001	25.21	706	427	23	2536	635	120	796	7e-39	  147
scaffold53321	OTU_0020	33.68	95	59	1	1412	1140	1	95	7e-12	58.5
scaffold53460	OTU_0102	30.08	256	157	5	1826	2581	7	244	2e-27	  107
scaffold54737	OTU_0058	28.83	222	114	9	1927	2493	1	211	1e-14	66.6
scaffold55161	OTU_0020	30.77	91	59	1	2239	2499	1	91	7e-11	55.5
scaffold55412	OTU_0020	31.07	103	64	2	1993	2280	1	103	1e-11	58.2
scaffold56221	OTU_0005	25.69	432	258	12	2547	1381	293	704	7e-24	99.8
scaffold56466	OTU_0008	29.53	403	241	14	11	1141	41	426	1e-25	  103
scaffold57037	OTU_0058	27.31	216	123	8	475	1038	1	210	2e-14	65.9
scaffold57130	OTU_0045	23.74	257	162	7	844	1533	96	345	3e-11	57.8
scaffold57142	OTU_0005	24.96	681	402	26	704	2491	129	785	7e-32	  125
scaffold57225	OTU_0058	26.73	217	123	8	387	950	1	210	2e-12	59.7
scaffold57429	OTU_0005	20.83	552	356	17	2538	1075	269	803	3e-12	62.0
scaffold58220	OTU_0064	24.33	485	295	13	188	1465	5	476	1e-15	72.4
scaffold58693	OTU_0023	28.40	243	163	6	752	48	7	246	9e-24	96.7
scaffold59284	OTU_0071	27.76	371	216	11	1017	19	5	361	1e-27	  108
scaffold59396	OTU_0064	27.91	541	311	15	620	2065	6	526	2e-40	  150
scaffold59698	OTU_0044	23.18	440	261	15	1811	642	8	420	9e-13	63.2
scaffold60489	OTU_0090	27.35	245	162	7	704	3	3	242	3e-19	84.3
scaffold61090	OTU_0071	25.00	272	188	6	1655	2434	3	270	5e-15	69.7
scaffold61808	OTU_0062	26.67	345	204	9	1	900	156	496	2e-17	78.6
scaffold64451	OTU_0046	28.20	532	297	21	2064	661	6	516	6e-37	  140
scaffold64517	OTU_0062	28.33	233	151	7	1714	2376	1	229	1e-14	69.7
scaffold64998	OTU_0023	28.27	375	214	11	1308	2321	2	358	1e-29	  114
scaffold65524	OTU_0071	25.37	272	155	9	1721	969	1	245	3e-14	67.4
scaffold66429	OTU_0023	27.17	265	173	8	1433	681	3	261	1e-22	92.8
scaffold67147	OTU_0071	24.91	285	177	8	1314	2132	3	262	7e-14	65.9
scaffold68604	OTU_0046	24.78	335	196	7	247	1110	191	516	5e-18	80.5
scaffold70351	OTU_0005	23.04	816	450	27	248	2254	11	795	5e-29	  115
scaffold70569	OTU_0064	25.45	550	320	21	1856	384	2	520	5e-26	  105
scaffold70647	OTU_0008	27.56	283	178	7	1963	1175	175	450	6e-23	94.7
scaffold71185	OTU_0001	27.00	611	362	24	519	2162	101	690	4e-30	  119
scaffold71217	OTU_0023	24.56	285	178	9	394	1212	3	262	1e-14	68.6
scaffold73312	OTU_0040	40.70	86	45	2	2169	1915	22	102	7e-12	57.4
scaffold74070	OTU_0023	31.54	298	188	11	986	135	2	297	2e-27	  107
scaffold74489	OTU_0003	28.16	309	176	13	1299	2105	121	423	1e-17	77.8
scaffold74850	OTU_0062	30.60	183	101	9	1619	2125	5	175	2e-15	72.0
scaffold75033	OTU_0023	32.14	252	150	8	761	48	2	246	4e-27	  106
scaffold75661	OTU_0102	26.87	335	210	8	1238	2149	3	333	8e-29	  111
scaffold76741	OTU_0023	28.19	227	147	9	1492	2139	2	223	2e-12	61.6
scaffold77318	OTU_0020	30.46	174	113	5	1574	2077	1	172	4e-20	83.2
scaffold78237	OTU_0062	27.65	481	275	18	1272	1	2	466	4e-34	  131
scaffold79457	OTU_0062	25.99	227	157	6	1250	1900	36	261	2e-12	62.4
scaffold79672	OTU_0058	29.30	157	89	4	1553	1960	56	211	3e-14	65.1
scaffold79984	OTU_0001	26.79	474	289	13	387	1685	118	574	1e-22	95.1
scaffold80791	OTU_0102	27.33	311	188	12	837	1712	1	292	4e-16	72.8
scaffold83633	OTU_0077	31.29	147	88	4	1893	1480	42	184	2e-15	68.6
scaffold83719	OTU_0020	37.23	94	50	3	1748	2029	1	85	5e-12	58.5
scaffold84524	OTU_0090	24.89	474	293	15	2013	748	11	473	2e-27	  109
scaffold85628	OTU_0001	26.05	522	314	13	555	1961	111	613	2e-31	  123
scaffold85726	OTU_0062	24.48	384	237	9	1921	917	138	517	7e-18	79.7
scaffold86713	OTU_0003	29.41	255	131	9	1264	1914	118	361	6e-19	81.6
scaffold87210	OTU_0062	26.83	492	288	18	68	1381	286	759	6e-27	  108
scaffold87276	OTU_0020	35.63	87	51	3	1590	1841	10	94	2e-11	56.6
scaffold89384	OTU_0020	31.87	91	58	1	367	107	1	91	1e-12	60.1
scaffold89564	OTU_0064	43.28	67	36	2	366	169	6	71	5e-11	57.4
scaffold89677	OTU_0020	26.98	215	120	8	1330	1947	1	187	4e-17	73.9
scaffold91325	OTU_0023	26.88	253	142	10	942	1655	3	227	2e-11	58.2
scaffold92229	OTU_0023	29.69	357	228	11	881	1903	2	351	9e-32	  120
scaffold93286	OTU_0023	25.65	308	190	10	1158	295	1	289	4e-16	72.4
scaffold93583	OTU_0005	24.41	467	296	15	466	1734	129	582	8e-19	82.4
scaffold94752	OTU_0062	25.93	540	316	21	1720	278	3	517	2e-33	  128
scaffold94754	OTU_0090	25.15	517	313	17	133	1503	1	503	3e-27	  109
scaffold94786	OTU_0026	34.35	131	66	4	1817	1434	5	118	8e-15	66.2
scaffold94911	OTU_0020	39.08	87	50	2	530	276	8	93	8e-13	60.8
scaffold96152	OTU_0068	25.68	405	244	11	1856	795	74	472	1e-22	94.4
scaffold96156	OTU_0041	32.97	91	57	1	1409	1669	7	97	5e-12	59.7
scaffold96535	OTU_0023	25.40	252	147	9	1001	288	3	227	2e-12	60.8
scaffold97012	OTU_0001	27.80	313	174	9	936	1748	120	422	9e-15	69.3
scaffold97674	OTU_0007	25.83	333	189	13	1191	286	7	312	4e-14	67.0
scaffold98290	OTU_0090	27.46	539	318	17	1450	5	2	524	1e-43	  159
scaffold105457	OTU_0001	25.50	600	363	24	1705	113	211	795	2e-30	  118
scaffold105589	OTU_0041	33.06	124	76	2	385	32	2	124	2e-12	60.8
scaffold106759	OTU_0005	29.35	586	323	21	210	1754	214	779	3e-47	  169
scaffold107398	OTU_0090	23.85	633	392	18	1707	25	79	693	9e-32	  122
scaffold107988	OTU_0008	28.80	250	136	11	184	858	176	408	2e-11	58.2
scaffold108196	OTU_0023	29.03	372	201	9	497	1486	1	351	5e-39	  140
scaffold108311	OTU_0003	28.57	315	170	10	1061	252	119	423	1e-24	99.0
scaffold110267	OTU_0090	24.64	552	334	15	1544	42	3	523	2e-35	  134
scaffold110736	OTU_0023	29.70	266	168	6	865	92	4	258	6e-33	  122
scaffold111196	OTU_0062	26.87	268	168	9	42	809	3	254	6e-13	63.5
scaffold113206	OTU_0020	32.61	138	81	4	1130	741	1	134	2e-12	59.3
scaffold113539	OTU_0099	26.81	138	95	3	1694	1293	1	136	6e-11	53.9
scaffold113756	OTU_0001	27.20	478	278	16	1	1293	120	574	3e-22	92.8
scaffold114859	OTU_0041	36.46	96	56	5	647	366	2	94	5e-12	59.3
scaffold118343	OTU_0022	30.08	133	81	3	976	1359	1	126	5e-11	55.1
scaffold118402	OTU_0005	23.63	402	253	10	49	1119	393	785	2e-17	77.8
scaffold120003	OTU_0023	24.80	254	146	9	839	1552	3	227	5e-13	62.8
scaffold120280	OTU_0102	28.93	356	201	12	1080	133	9	352	6e-31	  116
scaffold120944	OTU_0062	26.81	470	260	13	1251	10	3	444	8e-38	  140
scaffold123190	OTU_0023	33.66	101	56	2	446	156	3	96	3e-11	57.0
scaffold124869	OTU_0003	28.95	342	197	8	588	1490	84	420	4e-26	  102
scaffold125459	OTU_0062	27.67	365	217	11	508	1500	3	354	7e-32	  122
scaffold126826	OTU_0090	30.23	344	201	10	930	1	3	341	4e-34	  129
scaffold127916	OTU_0102	26.09	345	220	8	947	6	3	343	8e-28	  107
scaffold129640	OTU_0005	26.07	610	306	26	1551	19	112	675	6e-31	  119
scaffold130074	OTU_0090	27.20	261	179	4	883	128	2	260	2e-24	99.4
scaffold130328	OTU_0078	91.14	79	6	1	238	2	1	78	5e-46	  155
scaffold130694	OTU_0005	28.21	319	176	12	1541	714	111	419	3e-22	92.8
scaffold133221	OTU_0041	36.47	85	49	2	1307	1546	7	91	4e-12	59.7
scaffold135239	OTU_0068	24.35	386	237	12	1513	503	136	515	4e-23	95.1
scaffold137210	OTU_0023	38.85	139	79	4	425	27	1	139	1e-25	  100
scaffold137448	OTU_0023	27.58	359	209	12	1195	239	4	351	3e-22	90.9
scaffold138314	OTU_0090	24.57	468	303	9	1496	231	53	516	1e-30	  118
scaffold139945	OTU_0020	28.78	139	80	3	476	69	6	128	2e-16	70.9
scaffold140163	OTU_0068	27.64	275	165	8	856	68	1	253	5e-14	66.6
scaffold142258	OTU_0023	34.60	237	143	7	1	681	2	236	4e-35	  128
scaffold142715	OTU_0064	23.84	344	234	9	53	1018	160	497	2e-15	70.5
scaffold143938	OTU_0023	26.15	260	147	10	732	1463	3	233	2e-14	67.0
scaffold144579	OTU_0068	27.31	509	323	17	21	1445	1	496	3e-31	  119
scaffold145086	OTU_0044	26.33	319	193	11	407	1261	4	314	2e-20	85.5
scaffold146471	OTU_0001	26.58	523	307	21	1422	1	262	756	4e-32	  122
scaffold146555	OTU_0062	26.48	457	260	15	1246	35	3	436	2e-32	  124
scaffold147227	OTU_0026	34.11	129	69	3	1359	976	5	118	7e-16	68.9
scaffold148589	OTU_0003	26.12	356	202	14	1392	460	84	423	1e-19	83.6
scaffold148756	OTU_0102	36.26	91	57	1	912	1184	5	94	8e-16	71.2
scaffold149086	OTU_0005	29.55	291	160	10	818	63	124	408	5e-25	  100
scaffold150077	OTU_0102	28.29	350	211	10	1213	266	9	352	3e-30	  114
scaffold150458	OTU_0007	27.20	239	132	8	1443	853	450	688	1e-11	58.9
scaffold151281	OTU_0066	25.08	295	190	9	290	1102	172	459	2e-15	70.1
scaffold155316	OTU_0006	30.67	225	140	7	54	698	6	224	1e-19	84.0
scaffold158899	OTU_0025	28.57	252	142	8	527	1177	32	280	6e-20	82.0
scaffold159138	OTU_0007	28.30	311	179	9	214	1032	7	311	2e-18	80.5
scaffold159786	OTU_0102	23.85	369	235	11	208	1221	4	357	2e-17	75.5
scaffold160901	OTU_0071	29.17	240	148	6	373	1080	6	227	6e-25	98.2
scaffold161383	OTU_0046	23.74	438	292	14	1285	71	289	717	2e-16	73.9
scaffold161591	OTU_0062	27.62	315	190	10	849	4	7	316	3e-24	98.2
scaffold161953	OTU_0068	41.98	81	45	2	1144	1380	7	87	3e-15	70.1
scaffold166489	OTU_0005	29.03	124	85	1	101	463	651	774	1e-11	58.9
scaffold166549	OTU_0062	29.24	236	132	9	1061	384	68	278	7e-12	59.3
scaffold167992	OTU_0005	27.45	306	154	11	997	221	169	453	2e-18	80.5
scaffold169868	OTU_0064	33.56	146	80	4	156	590	387	516	3e-14	66.6
scaffold170017	OTU_0005	25.26	285	157	10	725	3	83	355	3e-18	79.7
scaffold170903	OTU_0045	25.71	280	180	8	77	838	96	373	4e-15	68.9
scaffold173515	OTU_0044	24.67	300	177	8	1253	432	144	420	2e-13	63.9
scaffold173726	OTU_0023	28.37	363	209	13	290	1264	2	351	4e-32	  118
scaffold173821	OTU_0023	23.78	286	175	9	1135	329	1	260	7e-13	61.6
scaffold179108	OTU_0005	30.00	260	138	9	691	8	105	352	1e-20	86.7
scaffold180604	OTU_0008	25.67	409	248	13	1133	6	45	430	3e-24	96.7
scaffold184247	OTU_0008	24.37	439	287	14	63	1268	1	431	2e-16	72.8
scaffold185716	OTU_0064	29.94	324	173	14	887	39	3	313	2e-19	82.4
scaffold189188	OTU_0046	28.10	306	170	9	22	807	200	499	2e-19	82.8
scaffold190240	OTU_0071	21.94	319	213	8	1171	269	2	302	9e-13	61.2
scaffold192785	OTU_0008	26.87	335	186	9	965	105	139	462	1e-18	79.7
scaffold193801	OTU_0066	25.00	160	114	2	1154	687	302	459	2e-11	57.0
scaffold195507	OTU_0077	34.03	144	82	4	734	1138	45	184	2e-17	73.9
scaffold196600	OTU_0044	23.62	436	264	13	1235	66	8	420	2e-15	69.3
scaffold199715	OTU_0001	25.46	377	217	11	1218	223	217	574	6e-18	78.2
scaffold202044	OTU_0005	25.71	315	187	12	1211	387	112	419	6e-19	81.3
scaffold204547	OTU_0020	36.84	95	56	1	572	300	1	95	1e-14	65.5
scaffold204645	OTU_0046	25.95	420	247	16	42	1154	289	693	2e-14	67.0
scaffold206661	OTU_0005	26.96	319	194	11	1	885	267	570	4e-19	81.6
scaffold209404	OTU_0062	36.56	93	54	1	573	310	6	98	4e-13	62.8
scaffold215283	OTU_0020	40.26	77	44	1	144	368	9	85	2e-13	61.6
scaffold222922	OTU_0062	42.71	96	52	2	506	225	2	96	5e-18	77.8
scaffold228064	OTU_0071	26.21	351	224	9	69	1025	3	350	4e-21	85.9
scaffold228226	OTU_0066	25.35	284	179	11	1127	363	168	447	5e-13	62.0
scaffold228659	OTU_0062	27.76	353	198	10	956	12	2	335	3e-29	  112
scaffold237564	OTU_0023	30.66	212	131	8	504	1106	1	207	4e-20	82.8
scaffold241375	OTU_0071	26.63	368	223	14	13	1002	1	359	5e-21	85.5
scaffold242193	OTU_0003	26.52	264	149	7	382	1065	114	368	3e-17	74.7
scaffold245367	OTU_0064	28.95	228	127	4	14	694	323	516	1e-15	70.5
scaffold247413	OTU_0102	27.30	337	206	8	1074	166	21	352	9e-28	  104
scaffold247516	OTU_0023	24.10	278	167	11	837	85	56	316	6e-12	58.2
scaffold247573	OTU_0066	26.27	255	158	9	878	186	211	459	6e-17	73.9
scaffold251370	OTU_0005	32.46	228	124	12	1065	445	520	738	2e-15	69.7
scaffold252648	OTU_0062	24.53	371	227	8	989	24	138	504	2e-18	79.0
scaffold258777	OTU_0023	30.37	349	221	13	1051	53	10	352	5e-32	  117
scaffold259129	OTU_0023	23.78	307	197	7	158	1021	1	289	1e-12	60.5
scaffold261379	OTU_0046	29.66	118	82	1	1009	659	641	758	2e-11	57.0
scaffold261720	OTU_0038	28.98	245	127	9	635	27	35	274	5e-17	72.4
scaffold263234	OTU_0020	32.97	91	57	1	411	151	1	91	2e-14	64.3
scaffold267209	OTU_0025	28.90	263	144	8	163	831	21	280	4e-20	81.3
scaffold267843	OTU_0023	29.41	357	229	11	2	1024	2	351	2e-34	  124
scaffold269322	OTU_0020	37.63	93	55	2	289	17	1	92	9e-15	65.5
scaffold269487	OTU_0023	29.17	264	170	5	1026	280	10	271	7e-34	  122
scaffold271039	OTU_0005	26.56	305	195	10	866	12	267	562	2e-17	75.5
scaffold271947	OTU_0007	26.72	363	211	14	7	972	114	462	8e-15	67.4
scaffold274649	OTU_0046	35.23	88	57	0	70	333	639	726	3e-11	56.6
scaffold278854	OTU_0003	27.48	262	150	7	241	933	171	423	6e-18	76.3
scaffold278875	OTU_0064	31.06	132	69	5	392	769	1	116	8e-12	58.2
scaffold282441	OTU_0007	81.93	332	58	1	1000	5	134	463	0.0	  538
scaffold282897	OTU_0064	23.47	277	183	6	55	825	200	467	7e-15	67.4
scaffold283895	OTU_0023	24.54	269	171	10	968	204	1	251	7e-14	63.9
scaffold284379	OTU_0090	29.10	268	155	9	883	125	1	248	5e-22	89.4
scaffold284846	OTU_0022	33.88	121	72	3	995	651	1	119	7e-11	53.9
scaffold288964	OTU_0003	28.36	342	193	12	10	927	57	382	1e-20	84.3
scaffold289325	OTU_0044	21.43	350	217	9	37	969	90	420	2e-13	63.2
scaffold291286	OTU_0021	30.30	198	96	10	51	536	2	193	5e-15	65.1
scaffold291795	OTU_0046	27.13	328	179	12	39	977	313	595	4e-20	83.6
scaffold294033	OTU_0045	24.51	306	188	10	178	969	56	360	6e-13	61.2
scaffold296040	OTU_0062	35.29	102	60	4	608	315	3	102	1e-13	63.9
scaffold296454	OTU_0020	37.14	105	57	3	566	880	1	96	9e-17	70.9
scaffold296562	OTU_0037	31.16	138	83	3	326	721	19	150	1e-11	55.1
scaffold297086	OTU_0044	27.46	346	196	12	931	17	90	421	6e-12	58.2
scaffold297705	OTU_0044	24.92	297	182	8	150	941	8	296	5e-17	73.6
scaffold299255	OTU_0045	24.19	277	153	10	262	963	97	359	5e-11	55.1
scaffold301657	OTU_0046	24.34	341	210	9	7	900	181	516	2e-20	84.3
scaffold305315	OTU_0003	28.10	210	112	8	120	647	219	423	4e-13	61.6
scaffold307943	OTU_0005	28.21	273	157	10	8	718	144	413	5e-17	73.9
scaffold316732	OTU_0001	28.57	350	184	16	932	18	219	547	5e-21	86.3
scaffold317598	OTU_0023	30.69	101	59	2	349	639	3	96	6e-12	57.8
scaffold318182	OTU_0044	26.35	277	161	9	931	182	144	404	6e-12	57.8
scaffold320503	OTU_0006	27.38	252	154	6	717	1	3	238	3e-16	71.2
scaffold328585	OTU_0020	30.23	172	106	7	408	896	1	167	2e-16	69.7
scaffold329868	OTU_0005	30.87	149	79	4	187	564	214	361	1e-11	57.8
scaffold330603	OTU_0003	26.84	313	192	9	53	892	115	423	2e-15	68.6
scaffold332828	OTU_0020	36.84	95	56	1	570	842	1	95	7e-14	62.4
scaffold333386	OTU_0041	35.16	91	53	1	391	645	5	95	3e-13	61.6
scaffold333442	OTU_0005	27.42	310	169	12	912	112	117	413	9e-22	88.2
scaffold333677	OTU_0064	28.71	317	167	10	3	785	213	526	1e-27	  105
scaffold334177	OTU_0003	29.12	261	136	10	206	874	116	365	2e-18	77.4
scaffold334757	OTU_0037	34.95	103	60	2	20	310	43	144	3e-14	62.8
scaffold337331	OTU_0102	25.08	315	191	11	52	906	34	333	5e-11	54.7
scaffold337465	OTU_0023	28.46	123	82	2	342	695	3	124	2e-11	55.8
scaffold342535	OTU_0001	29.37	303	195	6	897	28	275	571	8e-28	  106
scaffold352121	OTU_0020	39.08	87	47	3	544	792	10	94	2e-13	61.2
scaffold355182	OTU_0046	37.23	94	58	1	240	521	634	726	6e-12	58.2
scaffold360540	OTU_0090	27.47	233	152	7	872	210	32	259	2e-17	74.3
scaffold363905	OTU_0008	35.79	95	57	2	505	233	320	414	6e-11	54.7
scaffold365399	OTU_0064	23.45	307	183	7	1	771	163	467	3e-17	73.9
scaffold365700	OTU_0003	36.71	158	84	4	82	510	267	423	1e-20	83.6
scaffold368643	OTU_0066	23.38	278	185	7	776	15	160	433	2e-14	65.5
scaffold369466	OTU_0023	30.94	223	141	8	118	756	133	352	9e-18	74.7
scaffold369727	OTU_0023	31.37	271	167	12	79	852	1	265	9e-25	94.7
scaffold373467	OTU_0006	27.13	317	159	8	854	108	211	523	2e-15	68.2
scaffold374438	OTU_0023	32.67	101	57	3	383	673	3	96	4e-12	58.2
scaffold375199	OTU_0020	36.70	109	56	4	320	27	2	108	2e-13	60.8
scaffold375873	OTU_0090	34.74	95	57	3	422	697	3	95	3e-13	62.0
scaffold376276	OTU_0071	25.10	255	143	8	843	142	25	252	7e-13	60.5
scaffold378304	OTU_0062	25.82	275	176	9	3	794	7	264	2e-17	74.3
scaffold378449	OTU_0020	35.53	76	33	1	584	811	5	64	7e-11	53.5
scaffold379053	OTU_0022	30.83	133	80	3	51	434	1	126	5e-13	59.7
scaffold379246	OTU_0008	28.79	264	145	9	91	774	176	432	1e-16	71.6
scaffold381395	OTU_0102	25.91	301	190	7	815	6	54	352	4e-20	81.6
scaffold382894	OTU_0020	35.64	101	60	1	65	352	7	107	7e-20	79.0
scaffold383233	OTU_0023	29.41	306	159	12	834	55	56	350	4e-17	72.8
scaffold384561	OTU_0066	23.75	240	155	7	656	9	160	395	5e-11	54.7
scaffold385713	OTU_0008	27.39	303	172	11	824	18	12	300	5e-16	69.7
scaffold390682	OTU_0062	25.21	242	163	8	701	3	6	238	4e-16	70.1
scaffold391365	OTU_0023	27.52	149	85	1	253	630	198	346	6e-13	60.5
scaffold395660	OTU_0008	28.23	209	130	5	730	128	45	241	6e-14	63.5
scaffold397023	OTU_0008	27.74	292	168	13	53	826	121	403	3e-12	58.5
scaffold398211	OTU_0058	25.35	217	126	8	163	726	1	210	4e-12	56.6
scaffold399680	OTU_0062	26.67	210	138	7	227	823	1	205	3e-18	77.0
scaffold402246	OTU_0044	28.63	255	146	8	817	146	47	296	1e-18	77.0
scaffold404153	OTU_0031	27.94	272	166	8	6	773	25	282	1e-14	65.5
scaffold408265	OTU_0020	38.18	110	63	4	385	62	2	108	1e-17	72.4
scaffold413570	OTU_0062	25.08	303	170	9	32	793	156	450	5e-17	72.8
scaffold416431	OTU_0062	27.92	240	154	8	802	122	16	249	1e-18	77.8
scaffold419636	OTU_0020	40.70	86	43	4	278	36	10	92	3e-13	60.1
scaffold419849	OTU_0044	29.33	225	122	7	85	672	91	307	1e-13	62.4
scaffold420058	OTU_0062	30.16	252	153	9	718	5	3	245	3e-23	92.0
scaffold420294	OTU_0006	23.26	288	177	6	794	39	447	726	2e-18	77.4
scaffold420768	OTU_0086	30.34	178	101	4	794	315	45	217	1e-13	60.5
scaffold422893	OTU_0021	32.89	149	83	5	482	69	51	193	5e-15	64.3
scaffold427119	OTU_0020	32.79	122	78	2	435	791	1	121	3e-16	68.2
scaffold427382	OTU_0068	28.14	263	146	9	4	711	7	253	2e-22	89.4
scaffold433633	OTU_0020	31.02	187	108	4	235	783	5	174	1e-25	95.5
scaffold434172	OTU_0023	29.35	276	156	9	783	55	46	315	8e-25	94.4
scaffold440403	OTU_0023	30.74	231	151	5	776	93	34	258	6e-28	  103
scaffold442280	OTU_0008	28.94	235	137	10	143	766	156	387	1e-13	62.0
scaffold446578	OTU_0008	27.94	247	150	5	95	763	166	408	1e-20	83.6
scaffold447715	OTU_0072	32.51	203	97	10	233	757	87	277	1e-18	75.9
scaffold448071	OTU_0075	35.03	157	85	6	205	630	3	157	4e-20	79.0
scaffold448624	OTU_0071	27.13	258	161	8	37	765	5	250	8e-15	65.5
scaffold450254	OTU_0086	33.77	154	78	3	557	168	44	197	1e-14	63.2
scaffold452025	OTU_0044	26.19	210	123	5	70	618	92	296	1e-14	65.1
scaffold459220	OTU_0001	33.33	147	84	3	720	319	272	417	6e-16	69.3
scaffold461640	OTU_0020	34.42	154	92	5	108	554	3	152	8e-19	75.5
scaffold462532	OTU_0020	34.07	91	56	1	431	171	1	91	2e-13	60.5
scaffold463785	OTU_0008	26.83	205	129	5	148	729	55	249	7e-11	53.9
scaffold465507	OTU_0008	34.48	116	71	2	93	428	312	426	2e-14	64.3
scaffold466695	OTU_0090	26.05	334	156	11	751	11	208	537	5e-21	85.1
scaffold474856	OTU_0008	27.73	256	159	6	701	12	176	431	3e-22	87.8
scaffold476134	OTU_0068	29.03	248	144	6	739	41	28	258	1e-26	  102
scaffold477230	OTU_0058	28.12	192	104	9	492	1	1	186	7e-11	52.8
scaffold479136	OTU_0040	44.59	74	35	2	17	235	33	101	2e-11	53.9
scaffold484619	OTU_0020	35.79	95	57	1	359	631	1	95	9e-15	63.9
scaffold486309	OTU_0020	31.68	101	56	3	171	458	3	95	1e-11	55.1
scaffold492267	OTU_0020	38.04	92	52	3	449	715	1	90	6e-16	67.0
scaffold492305	OTU_0006	28.69	251	147	8	1	711	6	238	4e-15	66.6
scaffold495888	OTU_0102	29.07	227	140	4	55	723	6	215	1e-21	84.7
scaffold504114	OTU_0071	29.17	192	106	3	106	594	161	351	5e-20	80.1
scaffold505563	OTU_0077	29.80	151	91	4	720	298	15	160	2e-14	62.4
scaffold506608	OTU_0001	33.33	195	97	6	632	141	222	414	6e-18	75.5
scaffold506834	OTU_0064	27.11	273	141	10	719	45	205	467	2e-16	70.1
scaffold508491	OTU_0068	33.72	86	53	2	283	35	10	94	9e-12	56.6
scaffold510174	OTU_0005	26.67	195	110	7	680	180	179	368	6e-13	60.1
scaffold525865	OTU_0062	27.01	211	141	5	698	96	53	260	2e-17	73.9
scaffold526973	OTU_0090	41.24	97	48	5	384	659	3	95	6e-14	62.8
scaffold528647	OTU_0086	28.57	140	77	2	653	303	61	200	5e-11	53.1
scaffold533520	OTU_0071	28.48	158	89	3	61	465	198	354	2e-13	60.8
scaffold534539	OTU_0020	35.79	95	57	1	332	604	1	95	3e-13	59.3
scaffold537732	OTU_0008	29.50	200	131	5	24	614	66	258	2e-12	57.8
scaffold540549	OTU_0090	38.54	96	52	4	486	211	3	95	3e-14	63.5
scaffold540833	OTU_0023	27.00	237	162	6	693	7	3	236	5e-18	74.3
scaffold542824	OTU_0005	29.63	162	77	6	411	1	258	407	2e-12	58.2
scaffold543375	OTU_0062	34.58	107	64	1	353	51	3	109	3e-12	57.8
scaffold543523	OTU_0041	26.67	90	61	1	228	482	6	95	2e-11	55.1
scaffold546405	OTU_0068	26.32	209	128	7	4	600	55	247	1e-12	58.5
scaffold547456	OTU_0041	30.23	129	77	4	387	7	1	118	4e-11	53.9
scaffold550899	OTU_0090	37.76	98	57	4	388	672	1	97	4e-11	54.3
scaffold551423	OTU_0062	27.97	236	159	4	3	683	16	249	5e-13	60.1
scaffold553660	OTU_0023	25.19	258	152	8	2	676	80	329	2e-14	63.9
scaffold558344	OTU_0068	32.47	231	140	6	9	668	22	247	5e-27	  102
scaffold560418	OTU_0023	30.30	165	104	4	30	497	74	236	5e-15	65.5
scaffold562040	OTU_0046	29.82	228	131	8	19	642	285	503	4e-12	57.0
scaffold569452	OTU_0020	34.74	95	54	3	217	489	5	95	2e-13	60.1
scaffold574694	OTU_0068	37.63	93	47	3	394	660	3	88	9e-14	62.0
scaffold575031	OTU_0037	33.86	127	77	2	3	365	24	149	3e-16	67.0
scaffold583115	OTU_0023	28.00	225	136	11	635	12	53	268	5e-13	59.3
scaffold587781	OTU_0086	29.19	185	100	5	475	8	9	191	6e-19	75.1
scaffold588942	OTU_0044	33.63	226	108	7	55	636	92	307	2e-19	79.0
scaffold588955	OTU_0005	30.97	226	111	11	6	605	401	607	1e-12	58.5
scaffold601188	OTU_0020	35.06	77	34	1	263	33	5	65	4e-12	56.2
scaffold605250	OTU_0068	27.91	129	86	2	370	2	131	258	2e-18	52.4
scaffold605250	OTU_0068	38.46	65	38	1	650	462	30	94	2e-18	48.9
scaffold606428	OTU_0020	28.43	102	66	3	375	91	1	102	6e-12	55.5
scaffold608998	OTU_0020	35.42	96	53	4	173	448	5	95	7e-14	60.8
scaffold610605	OTU_0020	35.16	91	53	1	93	347	3	93	6e-13	58.2
scaffold617954	OTU_0066	25.64	234	147	6	4	636	185	414	3e-16	69.3
scaffold619915	OTU_0081	32.54	126	80	2	275	640	119	243	2e-11	54.3
scaffold620970	OTU_0010	26.02	123	75	2	265	603	21	137	2e-11	53.1
scaffold621924	OTU_0008	32.03	153	87	5	510	73	311	453	8e-14	62.0
scaffold629088	OTU_0071	31.52	165	86	4	5	427	184	345	5e-17	70.9
scaffold629299	OTU_0023	32.18	174	110	5	16	519	1	172	3e-26	97.1
scaffold637025	OTU_0023	31.51	219	128	7	13	630	22	231	2e-18	75.5
scaffold637362	OTU_0020	34.29	140	87	5	445	35	1	138	2e-17	70.5
scaffold638180	OTU_0090	39.29	84	42	5	393	629	3	82	7e-11	53.1
scaffold639735	OTU_0037	29.93	137	84	3	97	489	19	149	2e-11	53.5
scaffold639893	OTU_0062	36.26	91	52	1	258	512	5	95	4e-13	60.1
scaffold643309	OTU_0044	34.01	147	82	4	605	207	144	289	1e-14	63.9
scaffold645049	OTU_0041	30.67	150	95	5	445	11	2	147	3e-13	59.7
scaffold645314	OTU_0008	31.51	146	91	5	60	479	311	453	3e-13	60.1
scaffold645635	OTU_0025	29.65	199	96	7	134	622	67	257	3e-12	56.6
scaffold647019	OTU_0022	34.81	135	75	3	392	3	1	127	2e-14	62.4
scaffold647457	OTU_0062	38.75	80	46	2	234	1	5	83	6e-13	59.3
scaffold648689	OTU_0040	39.56	91	54	1	470	198	13	102	2e-15	64.3
scaffold652613	OTU_0005	38.30	94	49	3	359	102	268	360	4e-11	53.9
scaffold661347	OTU_0058	25.55	227	115	9	27	593	1	211	6e-12	55.1
scaffold666173	OTU_0071	31.28	195	124	5	46	606	159	351	4e-17	71.2
scaffold671022	OTU_0023	30.77	195	123	6	55	612	159	350	3e-13	59.7
scaffold671345	OTU_0062	28.81	177	111	5	536	33	5	175	2e-15	67.4
scaffold677563	OTU_0062	37.60	125	72	3	68	427	3	126	1e-17	73.6
scaffold687038	OTU_0001	34.13	167	93	6	12	473	261	423	2e-21	85.1
scaffold693762	OTU_0023	29.21	178	113	8	5	505	61	236	6e-15	64.7
scaffold697323	OTU_0005	29.05	148	77	4	119	481	214	360	2e-15	67.4
scaffold704923	OTU_0041	36.26	91	54	1	327	67	1	91	2e-13	60.1
scaffold706500	OTU_0041	38.54	96	53	1	476	207	1	96	4e-17	70.9
scaffold710876	OTU_0062	27.23	202	128	5	2	580	58	249	1e-17	73.9
scaffold718516	OTU_0026	35.07	134	70	3	559	161	2	119	2e-16	66.6
scaffold724055	OTU_0064	33.14	175	100	7	51	542	3	171	5e-19	77.4
scaffold726157	OTU_0068	41.33	75	38	1	446	240	7	81	2e-15	66.6
scaffold727136	OTU_0022	32.61	138	80	3	16	414	1	130	3e-14	61.2
scaffold732025	OTU_0094	27.78	216	110	8	569	9	64	262	1e-12	57.4
scaffold733827	OTU_0020	41.49	94	51	3	244	519	2	93	5e-17	68.9
scaffold738378	OTU_0075	26.77	127	87	2	2	367	32	157	3e-12	55.5
scaffold747246	OTU_0066	27.42	124	86	1	216	575	300	423	2e-13	60.1
scaffold750250	OTU_0003	29.06	203	112	7	1	528	226	423	9e-13	58.2
scaffold751174	OTU_0031	38.36	146	74	6	497	108	303	448	4e-20	80.1
scaffold771385	OTU_0071	29.38	194	113	8	26	562	52	236	2e-16	68.6
scaffold776045	OTU_0064	33.65	104	58	3	338	39	1	97	8e-13	58.5
scaffold776097	OTU_0022	33.09	139	80	3	461	60	1	131	8e-20	77.0
scaffold777953	OTU_0090	38.95	95	51	5	476	204	3	94	4e-15	65.5
scaffold779285	OTU_0058	27.78	216	119	9	560	3	1	209	2e-14	60.8
scaffold780039	OTU_0090	23.92	209	126	5	20	550	137	344	8e-11	52.4
scaffold781641	OTU_0086	31.82	154	80	3	4	390	44	197	2e-14	61.2
scaffold785385	OTU_0068	27.98	218	117	5	561	1	115	323	1e-17	73.6
scaffold785756	OTU_0038	28.19	188	98	6	43	504	67	251	2e-13	59.3
scaffold787857	OTU_0041	37.63	93	53	2	528	262	33	124	3e-11	53.5
scaffold788496	OTU_0022	30.22	139	84	3	124	525	1	131	3e-14	60.8
scaffold793891	OTU_0041	40.00	105	50	5	347	39	1	94	3e-16	68.2
scaffold796399	OTU_0038	28.64	206	115	7	536	6	75	277	1e-14	62.4
scaffold798780	OTU_0005	27.75	209	116	7	7	537	207	412	1e-14	63.9
scaffold799123	OTU_0068	29.84	191	117	5	13	552	74	258	1e-17	73.6
scaffold800991	OTU_0043	30.58	121	79	2	360	10	109	228	1e-14	62.8
scaffold804084	OTU_0016	29.19	185	101	7	480	1	13	192	9e-14	59.7
scaffold804571	OTU_0008	25.19	135	96	2	9	401	320	453	1e-11	54.3
scaffold809132	OTU_0086	30.70	114	57	4	79	363	44	154	2e-11	53.1
scaffold811488	OTU_0064	40.40	99	50	5	232	513	3	97	1e-15	67.0
scaffold814544	OTU_0086	28.10	153	102	3	508	74	5	157	7e-12	54.3
scaffold818634	OTU_0023	52.73	55	26	0	3	167	198	252	3e-12	56.2
scaffold820952	OTU_0102	33.33	99	59	2	359	78	1	97	2e-11	53.9
scaffold822080	OTU_0041	30.53	95	62	1	539	267	14	108	9e-13	57.8
scaffold825353	OTU_0020	41.18	68	35	3	233	36	1	65	2e-11	53.5
scaffold825965	OTU_0068	24.86	185	128	4	538	11	22	204	4e-12	56.2
scaffold835870	OTU_0040	37.63	93	53	3	370	98	13	102	1e-15	64.7
scaffold837270	OTU_0099	100.00	133	0	0	540	142	22	154	2e-98	  278
scaffold837859	OTU_0062	31.69	183	108	6	514	2	55	232	1e-15	67.4
scaffold840333	OTU_0039	42.57	101	47	4	281	6	42	140	4e-15	62.4
scaffold842187	OTU_0009	100.00	179	0	0	1	537	1	179	1e-122	  341
scaffold846306	OTU_0022	34.06	138	78	3	88	486	1	130	4e-16	66.2
scaffold855144	OTU_0021	27.52	149	82	4	126	509	2	145	2e-12	55.5
scaffold857381	OTU_0039	44.05	84	39	2	338	111	31	114	1e-16	67.0
scaffold863611	OTU_0071	52.46	61	27	1	495	313	37	95	3e-14	62.0
scaffold863753	OTU_0077	32.68	153	92	2	57	482	15	167	6e-13	57.0
scaffold866133	OTU_0071	27.84	176	112	5	40	531	133	305	3e-13	59.3
scaffold874235	OTU_0023	30.25	162	86	5	440	27	151	309	8e-14	60.8
scaffold874736	OTU_0041	30.60	134	80	4	402	10	1	124	7e-11	52.0
scaffold876058	OTU_0023	33.98	103	57	3	137	433	1	96	2e-12	57.0
scaffold877963	OTU_0102	25.95	131	90	2	443	69	2	131	5e-11	52.4
scaffold886525	OTU_0005	33.33	117	52	5	428	156	214	330	4e-11	53.1
scaffold892097	OTU_0005	28.72	188	112	7	7	516	580	763	5e-14	62.4
scaffold893255	OTU_0021	31.58	114	65	4	1	315	84	193	2e-12	55.5
scaffold908769	OTU_0023	28.42	183	99	4	463	2	133	312	2e-15	65.5
scaffold909732	OTU_0005	30.33	122	81	2	30	386	651	771	2e-12	57.4
scaffold918332	OTU_0102	30.91	110	73	3	138	461	2	110	6e-11	52.0
scaffold918848	OTU_0086	29.07	172	94	4	8	439	5	176	8e-14	59.3
scaffold922260	OTU_0008	32.62	141	84	4	88	483	310	448	1e-15	66.6
scaffold928775	OTU_0005	31.71	123	57	3	74	361	214	336	4e-14	62.4
scaffold939762	OTU_0041	28.93	121	79	3	354	4	7	124	7e-11	52.0
scaffold940670	OTU_0023	33.66	101	58	3	140	430	1	96	3e-13	59.3
scaffold941045	OTU_0020	31.25	80	50	1	278	502	5	84	7e-11	51.2
scaffold943223	OTU_0005	33.61	122	60	5	179	484	267	387	2e-11	53.9
scaffold947752	OTU_0005	25.62	121	86	2	357	7	651	771	6e-11	52.4
scaffold953996	OTU_0090	27.49	171	117	2	1	495	75	244	2e-14	63.2
scaffold957496	OTU_0005	31.18	170	81	8	470	42	200	360	2e-14	63.5
scaffold958566	OTU_0037	27.39	157	99	3	473	21	2	149	1e-14	60.8
scaffold963599	OTU_0003	27.93	179	90	6	448	2	110	279	1e-11	53.9
scaffold965210	OTU_0090	26.67	105	71	1	186	482	155	259	1e-11	54.7
scaffold970065	OTU_0005	35.16	91	48	2	266	27	243	333	7e-11	52.0
scaffold974932	OTU_0020	28.57	91	61	1	411	151	1	91	2e-11	52.8
scaffold978832	OTU_0041	32.61	92	57	1	285	25	4	95	5e-12	55.5
scaffold985753	OTU_0068	28.32	173	92	6	11	472	28	187	3e-12	56.2
scaffold986669	OTU_0082	100.00	163	0	0	491	3	5	167	4e-123	  341
scaffold995589	OTU_0018	80.98	163	31	0	490	2	20	182	9e-101	  285
scaffold998471	OTU_0068	26.53	147	98	3	456	43	113	258	5e-13	58.9
scaffold1000727	OTU_0023	28.65	171	98	6	489	31	10	174	3e-15	64.7
scaffold1002023	OTU_0090	31.93	166	98	6	1	471	15	174	1e-15	66.6
scaffold1005440	OTU_0068	30.26	152	79	7	15	425	34	173	6e-11	52.4
scaffold1006067	OTU_0020	37.97	79	46	2	236	6	8	85	3e-11	52.4
scaffold1009031	OTU_0023	30.72	166	104	4	3	473	88	251	5e-15	63.9
scaffold1010138	OTU_0022	31.40	121	71	4	1	339	10	126	5e-11	51.6
scaffold1013656	OTU_0036	99.29	141	0	1	2	424	38	177	8e-101	  284
scaffold1013872	OTU_0064	33.67	98	55	2	135	428	387	474	8e-11	51.6
scaffold1017235	OTU_0008	25.85	147	103	3	4	429	314	459	1e-11	54.7
scaffold1020214	OTU_0023	31.69	183	94	6	15	476	136	316	2e-17	71.2
scaffold1022585	OTU_0020	35.45	110	66	4	145	468	2	108	9e-16	64.7
scaffold1022876	OTU_0020	36.46	96	48	4	1	270	8	96	4e-12	54.7
scaffold1035596	OTU_0071	31.33	166	90	3	2	430	187	351	4e-18	72.8
scaffold1039251	OTU_0005	26.79	168	91	5	28	456	200	360	3e-12	56.6
scaffold1046211	OTU_0006	28.40	162	91	3	22	456	282	435	9e-13	58.2
scaffold1052271	OTU_0008	34.75	118	59	3	90	437	367	468	4e-11	52.8
scaffold1053144	OTU_0023	40.58	69	41	0	207	413	191	259	2e-12	56.2
scaffold1053693	OTU_0020	34.78	92	56	1	212	475	1	92	9e-15	62.0
scaffold1054607	OTU_0090	39.78	93	52	3	90	362	3	93	3e-15	65.5
scaffold1057427	OTU_0018	34.40	125	59	3	40	345	66	190	2e-17	68.9
scaffold1058291	OTU_0062	27.00	100	67	1	152	433	161	260	1e-11	54.7
scaffold1058544	OTU_0064	25.93	162	93	3	19	426	184	344	3e-11	53.1
scaffold1073708	OTU_0051	50.32	155	76	1	463	2	17	171	2e-52	  163
scaffold1076450	OTU_0097	36.99	73	46	0	62	280	89	161	1e-11	52.8
scaffold1087153	OTU_0064	45.10	51	28	0	159	7	191	241	2e-11	53.5
scaffold1092652	OTU_0068	31.31	99	62	1	137	415	160	258	9e-12	54.7
scaffold1097943	OTU_0023	32.92	161	82	5	414	7	180	339	2e-15	64.7
scaffold1106524	OTU_0020	34.74	95	53	3	115	375	3	96	1e-12	55.8
scaffold1110600	OTU_0041	32.18	87	54	1	54	299	5	91	1e-11	53.5
scaffold1112149	OTU_0058	28.89	180	92	7	15	458	17	192	6e-13	56.2
scaffold1116218	OTU_0046	35.71	84	54	0	6	257	641	724	5e-12	55.8
scaffold1117336	OTU_0041	38.02	121	65	5	446	90	1	113	2e-18	73.6
scaffold1122977	OTU_0045	33.11	151	81	8	3	401	96	244	2e-11	53.5
scaffold1132456	OTU_0064	36.36	110	52	2	130	453	2	95	1e-17	72.4
scaffold1142304	OTU_0086	39.77	88	36	2	224	12	66	153	2e-12	55.1
scaffold1147470	OTU_0062	37.36	91	53	3	434	168	2	90	2e-13	59.7
scaffold1159323	OTU_0020	31.03	116	55	5	428	90	1	94	1e-15	63.9
scaffold1163700	OTU_0064	59.09	44	18	0	315	446	3	46	1e-12	57.4
scaffold1174271	OTU_0010	32.24	152	95	4	1	435	7	157	3e-14	59.7
scaffold1179534	OTU_0020	38.96	77	45	1	273	49	20	96	4e-14	60.1
scaffold1189809	OTU_0020	29.46	112	60	3	331	2	6	100	6e-12	53.9
scaffold1193171	OTU_0041	37.23	94	55	2	63	332	2	95	1e-13	59.3
scaffold1206302	OTU_0064	35.87	92	53	1	167	424	6	97	3e-15	65.1
scaffold1207703	OTU_0008	34.74	95	58	2	34	306	320	414	8e-12	54.3
scaffold1228931	OTU_0026	31.68	101	64	2	11	304	20	118	3e-12	53.5
scaffold1237196	OTU_0068	31.90	116	55	2	156	434	179	293	4e-14	62.0
scaffold1249822	OTU_0062	28.57	119	78	2	386	48	138	255	1e-12	57.4
scaffold1250727	OTU_0020	34.09	88	54	3	269	18	2	89	5e-12	53.9
scaffold1255864	OTU_0086	32.43	148	76	3	396	22	29	175	1e-19	75.1
scaffold1265712	OTU_0104	31.61	155	86	8	428	9	35	184	1e-12	56.6
scaffold1275596	OTU_0079	37.04	108	52	4	388	95	5	106	1e-12	54.7
scaffold1282932	OTU_0023	23.64	165	97	4	409	2	154	318	5e-12	54.7
scaffold1282937	OTU_0023	31.97	147	86	7	422	12	34	176	8e-12	54.3
scaffold1288707	OTU_0020	47.46	59	31	0	199	23	1	59	8e-14	58.9
scaffold1305059	OTU_0057	30.77	117	56	2	8	283	62	178	9e-13	55.1
scaffold1305822	OTU_0062	34.41	93	55	2	418	158	6	98	6e-11	52.0
scaffold1309510	OTU_0041	40.23	87	47	2	19	276	269	351	3e-12	55.1
scaffold1314459	OTU_0071	38.67	75	46	0	63	287	277	351	1e-11	53.9
scaffold1315379	OTU_0031	38.16	76	46	1	139	366	6	80	9e-14	60.5
scaffold1319563	OTU_0020	29.55	88	56	1	262	17	7	94	6e-12	53.5
scaffold1321362	OTU_0020	38.18	110	63	4	416	93	2	108	4e-18	70.9
scaffold1323657	OTU_0057	86.36	132	18	0	2	397	47	178	2e-84	  241
scaffold1326199	OTU_0020	37.89	95	56	2	416	138	3	96	3e-16	65.5
scaffold1334896	OTU_0043	29.27	123	74	4	79	414	82	202	1e-12	55.8
scaffold1337403	OTU_0040	34.65	101	65	1	59	361	3	102	2e-16	65.5
scaffold1337689	OTU_0041	40.24	82	44	3	242	6	8	87	1e-12	56.2
scaffold1338242	OTU_0071	32.26	93	63	0	373	95	3	95	2e-13	59.3
scaffold1347924	OTU_0064	35.82	67	43	0	211	411	3	69	2e-12	56.2
scaffold1350051	OTU_0062	52.17	46	22	0	246	109	2	47	5e-12	55.5
scaffold1366042	OTU_0010	31.20	125	70	4	25	369	19	137	2e-13	56.6
scaffold1366378	OTU_0064	37.31	67	40	1	203	3	2	66	5e-11	52.0
scaffold1376177	OTU_0020	40.45	89	47	4	73	327	10	96	8e-15	61.6
scaffold1378842	OTU_0031	37.50	80	45	2	317	90	377	455	4e-11	52.4
scaffold1399322	OTU_0021	32.23	121	65	4	404	75	31	145	7e-12	52.8
scaffold1406966	OTU_0064	35.79	95	57	1	356	84	3	97	4e-13	58.5
scaffold1408745	OTU_0041	37.19	121	66	5	389	33	1	113	4e-18	72.4
scaffold1412646	OTU_0005	30.53	131	60	4	399	91	206	333	3e-13	59.3
scaffold1414140	OTU_0041	34.58	107	57	4	67	381	1	96	1e-11	53.5
scaffold1424551	OTU_0020	29.67	91	60	1	115	375	1	91	1e-11	52.8
scaffold1432412	OTU_0041	31.58	133	78	4	399	10	5	127	6e-12	54.3
scaffold1438097	OTU_0077	31.31	99	59	2	72	356	15	108	5e-11	50.8
scaffold1444957	OTU_0021	33.33	102	59	2	369	88	50	150	7e-14	58.2
scaffold1448751	OTU_0071	33.33	123	51	4	302	15	197	315	1e-12	56.6
scaffold1449027	OTU_0040	36.14	83	48	2	1	237	29	110	2e-11	51.2
scaffold1450882	OTU_0046	33.72	86	57	0	314	57	641	726	4e-12	55.5
scaffold1451194	OTU_0016	34.51	142	72	6	3	365	50	191	1e-16	66.6
scaffold1456479	OTU_0041	40.70	86	47	3	27	278	5	88	1e-16	68.2
scaffold1457396	OTU_0057	33.33	123	57	3	55	348	56	178	2e-13	56.6
scaffold1459254	OTU_0071	28.79	132	74	3	364	2	52	174	1e-10	50.8
scaffold1463908	OTU_0031	39.34	122	59	5	389	54	9	125	2e-14	62.0
scaffold1470139	OTU_0005	24.84	153	90	4	6	392	209	360	1e-11	53.9
scaffold1472283	OTU_0020	34.44	90	55	1	269	12	3	92	3e-14	59.7
scaffold1479953	OTU_0020	36.84	95	53	2	3	269	14	107	2e-15	63.2
