scaffold00032	OTU_0023	26.25	301	185	9	14976	14131	3	285	1e-13	71.6
scaffold00033	OTU_0001	27.23	481	269	20	17577	18854	120	574	1e-19	92.4
scaffold00039	OTU_0046	29.13	230	151	3	11882	11223	6	233	2e-21	98.2
scaffold00040	OTU_0090	24.30	749	430	26	137684	135678	2	693	1e-35	  144
scaffold00054	OTU_0001	26.52	705	424	24	37506	35599	120	799	2e-37	  149
scaffold00056	OTU_0001	25.36	485	291	15	26229	27533	111	574	3e-16	81.3
scaffold00116	OTU_0005	24.89	691	398	27	23553	21748	113	771	8e-24	  105
scaffold00161	OTU_0001	20.61	752	465	31	43548	41572	74	786	1e-17	84.7
scaffold00219	OTU_0071	32.58	221	133	6	9981	9334	29	238	3e-21	93.2
scaffold00240	OTU_0090	28.23	549	304	17	30836	32299	6	525	7e-44	  167
scaffold00248	OTU_0023	21.58	292	183	8	24095	23271	1	263	1e-13	69.7
scaffold00295	OTU_0007	22.71	678	430	23	3520	1712	16	674	9e-25	  107
scaffold00308	OTU_0006	27.42	496	286	15	26886	25555	6	479	1e-37	  148
scaffold00376	OTU_0001	21.58	482	295	16	27183	25906	120	574	2e-12	67.0
scaffold00449	OTU_0044	23.82	445	252	14	13209	12040	8	420	1e-13	69.3
scaffold00472	OTU_0090	26.15	520	289	19	11376	10072	2	511	2e-19	89.7
scaffold00513	OTU_0007	25.30	664	417	20	19403	21217	7	650	1e-27	  115
scaffold00515	OTU_0090	24.80	746	440	22	3456	1495	3	719	1e-35	  141
scaffold00565	OTU_0005	28.72	592	332	22	2708	4276	215	785	7e-34	  136
scaffold00600	OTU_0023	23.43	286	174	9	7625	6816	3	259	9e-12	63.2
scaffold00667	OTU_0021	35.33	150	82	4	11693	12112	49	193	1e-15	73.2
scaffold00668	OTU_0090	28.10	758	434	21	1919	3874	6	758	2e-59	  217
scaffold00738	OTU_0062	26.95	705	405	27	22577	24415	1	687	2e-32	  131
scaffold00809	OTU_0044	24.61	451	261	14	865	2079	8	425	4e-19	86.7
scaffold00890	OTU_0001	24.44	720	447	24	9742	7820	97	798	1e-24	  105
scaffold01189	OTU_0090	26.16	558	316	18	6002	7492	2	524	9e-35	  138
scaffold01229	OTU_0062	25.36	560	323	15	7711	6185	2	517	8e-34	  135
scaffold01434	OTU_0001	25.10	518	294	14	13283	11925	92	580	2e-22	98.6
scaffold01501	OTU_0005	22.52	706	420	28	4422	6269	113	781	3e-20	91.3
scaffold01805	OTU_0068	27.10	487	294	17	11314	9974	1	466	1e-27	  115
scaffold02060	OTU_0023	23.08	286	175	9	9101	8292	3	259	2e-12	64.3
scaffold02209	OTU_0077	30.77	130	77	4	1483	1121	43	168	3e-13	65.1
scaffold02225	OTU_0046	27.18	482	312	13	12475	13833	3	474	1e-32	  130
scaffold02444	OTU_0005	24.79	815	461	32	753	2903	25	785	3e-37	  145
scaffold02790	OTU_0071	23.78	286	179	9	1671	2489	3	262	7e-12	62.4
scaffold02794	OTU_0062	26.37	546	313	16	3051	1609	4	525	1e-34	  137
scaffold02925	OTU_0007	26.41	674	383	27	8219	10000	7	647	2e-33	  133
scaffold03012	OTU_0007	98.86	702	6	1	4844	2739	1	700	0.0	 1412
scaffold03433	OTU_0062	27.30	326	188	12	8654	7758	1	304	1e-15	75.5
scaffold04162	OTU_0020	31.88	138	82	5	495	884	1	134	7e-11	57.4
scaffold04245	OTU_0001	23.01	743	467	24	607	2604	85	799	4e-33	  132
scaffold04301	OTU_0062	29.73	259	169	6	603	1352	1	255	4e-20	89.7
scaffold04442	OTU_0001	25.71	704	424	25	3010	4905	118	794	4e-40	  154
scaffold04454	OTU_0001	25.83	662	387	26	7041	8792	129	764	1e-32	  130
scaffold04550	OTU_0023	25.00	324	197	11	8006	8908	1	301	5e-15	72.0
scaffold04722	OTU_0090	29.03	503	296	19	3828	2470	6	497	1e-38	  149
scaffold04799	OTU_0090	27.35	479	291	13	6608	5319	3	473	8e-34	  134
scaffold04820	OTU_0062	26.57	527	312	17	1573	2976	7	517	1e-34	  136
scaffold04836	OTU_0062	27.01	522	300	19	1841	444	3	499	1e-35	  140
scaffold05040	OTU_0071	24.21	285	179	8	3510	2692	3	262	2e-12	63.5
scaffold05193	OTU_0005	26.77	650	346	28	1713	1	70	668	6e-31	  124
scaffold05291	OTU_0003	27.49	251	147	7	7860	8519	118	364	2e-13	67.0
scaffold05498	OTU_0071	24.17	240	159	7	1073	414	4	240	1e-13	67.0
scaffold06067	OTU_0007	26.45	707	426	24	5355	7271	7	687	7e-41	  155
scaffold06189	OTU_0031	36.00	125	67	4	5718	5371	12	132	9e-13	65.1
scaffold06291	OTU_0064	29.41	476	295	11	3032	1722	3	476	3e-53	  193
scaffold06387	OTU_0090	24.78	682	422	17	2292	4106	19	686	6e-38	  146
scaffold06793	OTU_0068	22.40	732	456	22	112	2064	55	755	5e-26	  108
scaffold07020	OTU_0007	27.44	645	392	22	6504	4747	23	650	3e-40	  153
scaffold07403	OTU_0023	29.14	278	158	11	6167	6964	1	251	7e-16	74.3
scaffold08231	OTU_0003	26.65	319	194	11	3112	2243	116	423	2e-17	79.7
scaffold08377	OTU_0023	25.42	421	229	12	1869	652	1	351	2e-28	  112
scaffold08638	OTU_0090	27.31	476	305	15	2974	1637	3	467	2e-29	  119
scaffold08818	OTU_0102	26.84	272	159	11	1657	944	78	343	1e-13	49.3
scaffold08818	OTU_0102	35.63	87	50	3	1896	1639	2	83	1e-13	39.7
scaffold09417	OTU_0020	40.91	110	60	4	373	50	2	108	5e-17	75.9
scaffold10156	OTU_0003	24.65	361	219	12	5725	4769	74	423	3e-17	78.6
scaffold10257	OTU_0062	24.23	359	209	12	940	5	3	345	1e-19	87.4
scaffold10728	OTU_0062	27.48	353	218	10	988	29	7	354	3e-25	  105
scaffold10759	OTU_0003	26.12	356	202	14	2637	1705	84	423	8e-16	73.9
scaffold10839	OTU_0075	34.19	117	70	3	4773	4438	44	158	4e-11	57.0
scaffold12402	OTU_0068	25.84	596	310	19	1	1737	36	516	3e-33	  130
scaffold12507	OTU_0023	24.80	254	146	8	2208	2921	3	227	3e-12	62.0
scaffold12786	OTU_0005	24.62	654	404	22	1216	2943	129	771	4e-24	  102
scaffold14178	OTU_0062	24.63	735	426	26	3430	1484	2	694	2e-41	  156
scaffold14378	OTU_0023	23.59	284	176	8	4056	4865	3	259	9e-13	63.9
scaffold15253	OTU_0023	25.59	254	144	9	2498	3211	3	227	4e-12	61.6
scaffold15502	OTU_0001	24.20	748	464	32	3531	1537	79	806	2e-27	  112
scaffold15804	OTU_0090	26.49	755	425	30	1263	3215	3	731	7e-40	  151
scaffold15889	OTU_0023	24.80	254	146	8	2304	3017	3	227	3e-12	62.0
scaffold17434	OTU_0001	27.33	311	188	8	1037	204	118	423	5e-17	78.6
scaffold17995	OTU_0006	26.45	344	215	11	2	952	135	467	9e-17	77.8
scaffold18499	OTU_0007	23.52	727	442	28	1576	3525	7	696	3e-25	  104
scaffold18709	OTU_0090	27.59	482	284	13	1279	2	1	473	6e-36	  139
scaffold18730	OTU_0023	26.38	254	142	9	1653	940	3	227	2e-13	65.5
scaffold19073	OTU_0046	26.44	329	196	8	130	990	192	516	6e-19	84.7
scaffold19244	OTU_0005	22.27	732	421	30	4252	2369	115	802	4e-18	82.0
scaffold20197	OTU_0064	27.33	483	296	18	2315	3652	3	467	8e-32	  125
scaffold21679	OTU_0020	40.00	95	53	3	376	98	1	93	2e-14	67.0
scaffold22122	OTU_0090	27.87	488	284	16	1417	107	3	473	4e-39	  149
scaffold22625	OTU_0090	24.42	782	473	24	1571	3634	1	758	1e-43	  162
scaffold23386	OTU_0023	30.24	248	160	7	1865	2575	1	246	5e-27	  107
scaffold23390	OTU_0023	27.41	343	210	10	2046	2972	7	344	4e-22	92.0
scaffold23739	OTU_0090	27.67	477	305	13	1408	2751	2	467	7e-34	  132
scaffold23860	OTU_0005	23.73	493	282	20	931	2256	110	559	1e-22	96.7
scaffold23891	OTU_0062	27.46	477	286	14	3306	2035	5	474	7e-35	  135
scaffold23991	OTU_0045	26.39	269	172	8	311	1042	113	380	9e-13	63.5
scaffold24818	OTU_0001	25.54	560	329	21	1601	123	118	656	3e-18	82.4
scaffold27562	OTU_0008	26.68	416	259	12	3532	2339	72	459	1e-21	92.0
scaffold28687	OTU_0020	34.62	156	84	7	2961	3416	2	143	2e-18	79.3
scaffold28941	OTU_0001	24.89	474	289	15	622	1899	120	574	2e-17	79.3
scaffold29367	OTU_0044	24.55	444	262	12	981	2168	7	425	5e-21	89.4
scaffold29411	OTU_0062	26.64	304	191	8	3048	2191	3	292	7e-18	80.9
scaffold29586	OTU_0023	24.91	273	153	11	2111	1344	3	240	8e-13	63.5
scaffold30608	OTU_0020	31.33	166	87	7	539	54	1	143	6e-16	71.2
scaffold30921	OTU_0023	26.77	254	141	9	2403	3116	3	227	2e-15	71.6
scaffold31267	OTU_0020	27.47	91	62	1	2197	1937	1	91	7e-12	58.9
scaffold31411	OTU_0001	26.13	685	420	21	2051	183	123	783	1e-41	  156
scaffold31858	OTU_0005	23.51	502	297	19	3288	1951	82	552	1e-14	70.1
scaffold31868	OTU_0001	27.54	374	205	13	50	1033	218	571	1e-18	82.8
scaffold32941	OTU_0023	29.81	322	203	10	2276	3190	2	317	4e-24	97.8
scaffold33347	OTU_0001	29.50	261	149	10	2498	3190	110	365	3e-12	62.4
scaffold35610	OTU_0005	27.76	616	341	23	70	1683	214	803	1e-38	  147
scaffold35673	OTU_0023	25.77	260	148	9	3102	2371	3	233	4e-14	67.4
scaffold36820	OTU_0062	26.73	490	283	16	1473	2771	4	474	3e-24	  100
scaffold37516	OTU_0001	27.54	374	203	14	1	981	222	574	1e-19	86.3
scaffold38141	OTU_0005	36.63	101	54	4	2995	2720	273	372	3e-11	58.9
scaffold38222	OTU_0044	25.62	363	192	13	2760	1819	92	425	9e-19	82.0
scaffold38778	OTU_0023	28.98	352	227	11	1009	2	2	346	6e-32	  122
scaffold39792	OTU_0021	32.89	149	83	5	242	655	51	193	1e-13	63.9
scaffold40403	OTU_0023	27.90	276	158	10	15	800	3	251	9e-15	69.3
scaffold41734	OTU_0068	25.26	768	422	25	631	2532	7	756	4e-44	  163
scaffold41749	OTU_0020	29.67	246	148	9	912	217	3	237	1e-19	82.8
scaffold41856	OTU_0046	24.60	561	313	21	18	1454	161	693	2e-24	  101
scaffold42834	OTU_0023	34.01	247	150	5	1697	990	2	246	2e-36	  135
scaffold43344	OTU_0023	28.23	333	173	10	873	1	1	309	8e-28	  109
scaffold43679	OTU_0064	26.79	601	324	15	1737	1	3	509	1e-36	  139
scaffold43753	OTU_0023	22.38	286	177	9	293	1102	3	259	9e-13	62.8
scaffold44298	OTU_0007	23.49	545	316	20	1331	2755	7	520	1e-18	82.4
scaffold44566	OTU_0062	25.77	485	294	17	1285	2580	3	474	2e-30	  120
scaffold45069	OTU_0062	29.22	527	299	19	695	2143	3	499	3e-39	  148
scaffold45279	OTU_0090	26.77	579	311	13	2612	1182	159	726	9e-34	  131
scaffold46239	OTU_0062	26.33	338	225	10	2597	1644	135	468	9e-17	76.6
scaffold46339	OTU_0005	28.07	570	331	21	2665	1151	214	769	9e-39	  147
scaffold48705	OTU_0071	26.35	353	219	10	1466	2425	7	351	2e-16	74.3
scaffold49781	OTU_0005	29.64	614	334	24	2110	494	214	804	2e-40	  152
scaffold50584	OTU_0090	32.41	145	69	5	506	105	2	128	1e-13	66.6
scaffold50668	OTU_0020	38.54	96	56	2	2318	2596	10	105	1e-13	64.3
scaffold51591	OTU_0062	26.85	365	215	10	54	1010	138	496	3e-24	  100
scaffold51770	OTU_0062	25.95	524	307	15	515	1912	4	504	5e-37	  141
scaffold52058	OTU_0006	26.52	264	162	8	1181	432	3	248	5e-15	70.9
scaffold53908	OTU_0008	27.12	236	147	6	2502	1855	220	450	7e-14	66.6
scaffold54258	OTU_0023	25.66	343	216	9	1356	2282	7	344	1e-17	77.8
scaffold54836	OTU_0090	32.06	262	162	7	814	62	3	259	7e-29	  115
scaffold54981	OTU_0044	23.37	445	266	12	1338	151	7	425	1e-18	81.3
scaffold55869	OTU_0001	24.38	644	407	23	1744	11	119	748	2e-17	78.6
scaffold56064	OTU_0020	34.55	165	90	8	575	93	1	151	2e-18	79.0
scaffold56690	OTU_0008	23.96	313	208	9	2448	1597	155	466	7e-18	79.3
scaffold57749	OTU_0023	33.66	101	56	2	1951	2241	3	96	2e-11	58.5
scaffold57807	OTU_0020	32.98	94	59	1	347	78	2	95	7e-14	64.3
scaffold58592	OTU_0071	27.52	258	172	9	1247	501	5	256	4e-15	69.7
scaffold58652	OTU_0023	26.73	318	184	10	900	58	7	312	7e-18	78.6
scaffold58918	OTU_0064	26.26	495	287	17	1634	312	3	473	3e-26	  106
scaffold61752	OTU_0062	26.03	726	417	26	2090	150	3	687	3e-43	  160
scaffold65820	OTU_0001	25.90	502	295	17	1559	225	93	574	3e-20	87.4
scaffold66434	OTU_0023	30.53	357	225	10	675	1697	2	351	1e-35	  132
scaffold67261	OTU_0023	29.15	319	181	14	230	1078	1	310	1e-21	89.7
scaffold69213	OTU_0062	23.68	511	300	19	1416	40	3	475	1e-20	89.0
scaffold69438	OTU_0020	35.42	96	53	4	925	650	5	95	9e-13	60.8
scaffold69920	OTU_0023	26.43	280	159	11	805	17	3	252	9e-15	68.6
scaffold70854	OTU_0071	26.74	258	170	8	848	120	4	257	2e-16	73.6
scaffold71074	OTU_0003	23.55	327	203	12	1159	254	119	423	1e-11	59.3
scaffold71373	OTU_0046	23.31	489	292	15	2184	898	233	698	6e-15	70.5
scaffold73242	OTU_0001	27.48	484	263	19	846	2120	120	574	8e-27	  108
scaffold75590	OTU_0005	23.18	509	295	18	2091	748	79	552	2e-16	75.1
scaffold76046	OTU_0007	24.15	559	345	16	2120	624	109	648	1e-25	  104
scaffold76145	OTU_0001	24.26	705	421	27	151	2013	120	795	5e-28	  112
scaffold77599	OTU_0001	25.00	668	395	24	2093	333	118	760	9e-30	  117
scaffold79471	OTU_0023	27.43	350	177	9	1119	2039	1	316	5e-30	  115
scaffold81485	OTU_0064	24.89	237	157	6	591	1253	6	237	4e-11	57.8
scaffold81609	OTU_0062	23.19	733	431	25	2042	147	43	744	8e-24	98.6
scaffold83053	OTU_0023	24.44	311	190	8	1657	794	1	289	7e-13	62.8
scaffold85566	OTU_0058	26.61	218	124	9	857	291	1	211	1e-13	62.8
scaffold85753	OTU_0062	24.91	550	325	18	1488	22	3	525	5e-35	  134
scaffold88175	OTU_0020	29.85	201	120	9	629	57	1	190	5e-20	83.2
scaffold89300	OTU_0008	24.95	481	281	18	50	1324	9	465	6e-17	75.9
scaffold90010	OTU_0001	23.76	623	372	22	1883	246	168	764	2e-23	97.8
scaffold98816	OTU_0004	90.00	120	12	0	1859	1500	55	174	2e-77	  239
scaffold99043	OTU_0023	27.03	418	227	11	1376	156	2	352	5e-34	  126
scaffold99051	OTU_0071	25.97	308	187	11	129	989	2	289	7e-14	65.5
scaffold101468	OTU_0046	25.77	648	366	22	3	1703	80	693	2e-33	  128
scaffold101682	OTU_0022	28.80	250	144	10	217	912	1	234	1e-14	66.2
scaffold103235	OTU_0068	30.47	430	245	12	16	1173	53	472	5e-36	  136
scaffold103605	OTU_0003	25.14	366	211	12	1073	117	74	423	9e-20	84.3
scaffold105902	OTU_0001	28.57	567	324	21	267	1796	120	662	1e-40	  150
scaffold106220	OTU_0023	35.29	85	51	3	250	2	2	84	8e-11	55.8
scaffold106346	OTU_0007	26.14	505	310	13	1787	435	193	688	2e-27	  108
scaffold106833	OTU_0068	24.84	314	189	10	899	1768	1	291	3e-12	61.2
scaffold107931	OTU_0001	24.61	516	314	17	1622	213	273	759	1e-28	  113
scaffold108533	OTU_0046	24.41	512	291	16	111	1388	6	507	1e-23	97.8
scaffold109064	OTU_0066	99.58	473	0	1	219	1637	1	471	0.0	  950
scaffold109853	OTU_0062	27.46	244	163	7	1765	1064	22	261	3e-17	77.4
scaffold111671	OTU_0003	27.17	184	96	6	1274	1735	119	294	3e-12	60.8
scaffold112294	OTU_0023	30.14	219	142	8	632	3	1	217	4e-18	78.6
scaffold112420	OTU_0102	25.95	393	233	13	606	1685	4	371	3e-18	79.0
scaffold112574	OTU_0023	29.01	362	223	14	1286	267	2	351	3e-30	  115
scaffold112915	OTU_0090	26.93	479	301	16	407	1741	3	466	2e-31	  121
scaffold113419	OTU_0071	29.65	371	211	9	1075	50	5	354	3e-30	  115
scaffold114629	OTU_0025	26.91	223	129	6	1151	1726	61	280	1e-15	69.7
scaffold118204	OTU_0031	23.23	465	298	10	1601	357	5	460	7e-22	90.9
scaffold118507	OTU_0052	28.07	285	187	7	1672	863	144	425	3e-24	97.8
scaffold119422	OTU_0007	21.17	326	219	9	166	1032	350	674	3e-11	57.8
scaffold119623	OTU_0001	26.10	567	342	24	6	1559	273	811	4e-29	  114
scaffold119632	OTU_0008	26.99	452	268	15	1650	427	12	445	9e-30	  114
scaffold120039	OTU_0005	30.09	319	186	11	1477	617	493	806	2e-24	  100
scaffold121057	OTU_0023	36.63	101	53	3	1185	1475	3	96	1e-12	61.6
scaffold121382	OTU_0046	25.05	527	313	17	1678	293	184	693	4e-26	  105
scaffold122773	OTU_0062	31.20	250	136	11	707	6	3	232	2e-22	93.6
scaffold123114	OTU_0090	26.95	282	176	8	818	24	6	274	1e-23	97.4
scaffold123271	OTU_0001	25.13	382	237	13	573	1616	90	456	1e-16	75.1
scaffold123473	OTU_0001	27.16	475	286	14	308	1606	118	574	1e-22	94.0
scaffold126145	OTU_0008	26.42	299	170	11	290	1075	156	441	5e-12	59.7
scaffold126975	OTU_0001	26.94	579	330	19	100	1638	209	760	2e-33	  127
scaffold128121	OTU_0001	24.38	480	293	16	264	1562	118	574	2e-20	87.4
scaffold128182	OTU_0020	33.77	154	87	7	456	7	1	143	1e-15	69.3
scaffold129274	OTU_0068	28.46	520	292	17	1622	234	6	502	5e-42	  153
scaffold133630	OTU_0020	39.09	110	62	4	1136	1459	2	108	2e-16	71.2
scaffold134770	OTU_0008	25.30	423	245	17	1553	423	66	463	6e-14	65.9
scaffold135148	OTU_0071	25.13	382	213	10	531	1577	3	344	1e-19	83.2
scaffold135546	OTU_0062	27.86	499	286	17	251	1591	3	479	3e-42	  154
scaffold136805	OTU_0008	23.53	289	184	8	220	993	181	463	5e-13	62.8
scaffold137001	OTU_0005	23.18	509	277	18	1571	255	90	554	2e-14	68.2
scaffold138280	OTU_0090	39.53	86	42	1	343	116	5	90	1e-15	71.6
scaffold139250	OTU_0020	39.18	97	56	3	335	51	1	96	4e-16	70.5
scaffold140292	OTU_0023	32.04	103	68	2	304	2	1	103	4e-16	72.0
scaffold140546	OTU_0102	29.48	251	161	7	738	1457	2	247	5e-22	90.1
scaffold141936	OTU_0023	24.16	269	177	9	828	52	5	256	7e-15	68.2
scaffold142800	OTU_0001	24.71	429	248	14	229	1365	168	571	2e-17	77.4
scaffold143679	OTU_0090	28.31	438	250	13	1150	2	2	430	4e-37	  138
scaffold145907	OTU_0020	46.07	89	42	2	962	1228	39	121	2e-16	71.2
scaffold150009	OTU_0046	25.57	442	257	17	1474	263	286	693	2e-13	64.7
scaffold150153	OTU_0046	34.88	86	56	0	159	416	641	726	8e-11	56.2
scaffold150863	OTU_0023	25.78	256	141	9	70	783	3	227	3e-11	57.0
scaffold151856	OTU_0066	27.07	410	246	16	1492	386	6	403	2e-20	86.3
scaffold152035	OTU_0023	23.72	409	242	13	310	1500	3	353	1e-13	64.3
scaffold154414	OTU_0062	27.44	317	197	8	111	989	161	468	3e-18	80.1
scaffold155404	OTU_0068	24.78	460	291	11	2	1231	81	535	7e-20	85.1
scaffold155653	OTU_0003	23.04	447	267	15	1442	207	19	423	3e-15	69.7
scaffold155747	OTU_0023	28.77	365	212	11	1400	420	1	355	6e-33	  121
scaffold155752	OTU_0090	26.05	476	282	16	1286	12	2	458	6e-34	  128
scaffold160687	OTU_0023	27.73	339	208	9	541	1458	1	335	1e-27	  105
scaffold160758	OTU_0023	31.67	120	80	2	1105	1458	1	120	2e-17	76.3
scaffold161000	OTU_0003	27.13	247	135	8	810	1442	118	355	2e-13	63.9
scaffold161034	OTU_0064	24.15	265	156	7	1423	701	76	319	3e-14	67.0
scaffold161090	OTU_0058	25.79	221	120	9	1156	593	1	210	2e-12	58.5
scaffold162978	OTU_0071	26.22	267	173	7	890	129	2	257	6e-20	83.6
scaffold166220	OTU_0023	25.39	256	154	8	265	996	3	233	1e-12	61.2
scaffold166710	OTU_0062	27.95	347	190	14	907	2	1	332	1e-20	87.4
scaffold167619	OTU_0005	23.60	555	318	24	1423	5	200	730	1e-23	96.3
scaffold169352	OTU_0102	28.44	327	189	7	920	21	6	314	4e-29	  110
scaffold170256	OTU_0008	26.44	348	203	12	16	969	65	389	6e-22	90.5
scaffold171865	OTU_0068	27.85	438	276	13	3	1226	39	466	3e-29	  113
scaffold172519	OTU_0020	41.05	95	49	4	1075	1347	1	92	2e-14	64.7
scaffold172790	OTU_0062	36.67	90	53	3	266	3	3	90	5e-12	60.1
scaffold174636	OTU_0023	25.98	254	157	7	675	1397	1	236	5e-14	65.5
scaffold175559	OTU_0023	27.17	254	140	8	1376	663	3	227	1e-13	63.9
scaffold178639	OTU_0102	31.09	119	74	2	597	265	6	124	6e-11	55.8
scaffold179286	OTU_0007	26.14	241	161	6	1289	612	412	650	2e-14	67.4
scaffold180008	OTU_0068	26.69	472	306	16	1376	54	34	496	7e-32	  121
scaffold180980	OTU_0102	31.15	366	208	5	114	1133	6	353	5e-41	  144
scaffold181060	OTU_0003	28.28	198	108	7	635	138	219	414	2e-11	57.8
scaffold183274	OTU_0008	25.92	463	285	15	83	1342	14	461	9e-19	80.5
scaffold184804	OTU_0023	36.63	101	53	3	321	31	3	96	1e-11	58.2
scaffold185420	OTU_0090	26.67	495	306	12	7	1338	15	503	1e-33	  126
scaffold186017	OTU_0046	27.68	271	165	10	1330	590	261	524	8e-15	68.6
scaffold188965	OTU_0102	31.06	132	83	3	832	455	2	131	3e-11	56.6
scaffold190533	OTU_0065	92.27	181	13	1	543	1	1	180	2e-122	  357
scaffold190771	OTU_0001	25.31	486	278	15	6	1292	117	574	7e-18	78.2
scaffold193978	OTU_0020	34.30	172	106	5	798	1304	3	170	3e-20	82.4
scaffold194593	OTU_0016	28.26	184	106	6	10	483	37	220	9e-17	71.6
scaffold194714	OTU_0068	26.32	494	265	20	1305	40	52	518	2e-28	  110
scaffold196776	OTU_0102	29.65	317	152	12	1283	471	72	363	2e-20	85.1
scaffold199487	OTU_0023	31.41	277	168	9	786	1	1	270	5e-27	  103
scaffold200048	OTU_0005	24.75	497	273	21	9	1265	200	673	1e-19	83.6
scaffold200973	OTU_0020	36.84	95	56	1	998	726	1	95	3e-15	67.4
scaffold204221	OTU_0023	21.79	335	224	8	79	987	1	329	1e-15	70.1
scaffold204887	OTU_0102	24.59	366	231	9	1245	241	4	355	1e-22	90.9
scaffold206097	OTU_0023	24.30	284	174	11	290	1099	3	259	4e-13	62.4
scaffold211009	OTU_0023	31.90	232	145	9	7	669	7	236	5e-28	  106
scaffold212715	OTU_0046	27.27	275	171	7	2	766	209	474	5e-16	72.4
scaffold215107	OTU_0075	32.19	146	84	4	178	573	3	147	3e-15	66.6
scaffold216848	OTU_0022	35.25	122	72	3	1105	758	1	121	2e-12	58.5
scaffold219710	OTU_0003	25.08	327	190	10	30	893	113	423	6e-13	62.0
scaffold221864	OTU_0079	35.92	103	60	2	722	429	5	106	3e-11	54.7
scaffold221895	OTU_0001	24.86	346	206	11	1212	271	298	621	2e-18	79.7
scaffold224435	OTU_0013	27.81	151	97	4	12	443	1	146	3e-15	66.2
scaffold224699	OTU_0102	27.16	335	202	11	901	5	8	336	2e-23	93.2
scaffold224831	OTU_0023	29.90	204	101	5	85	696	198	359	2e-12	59.7
scaffold224890	OTU_0005	23.17	410	260	11	1111	17	394	793	2e-15	70.5
scaffold225520	OTU_0008	28.22	287	171	7	96	884	175	450	5e-22	90.1
scaffold227106	OTU_0062	24.76	315	208	8	53	931	161	468	4e-16	72.4
scaffold227971	OTU_0052	30.29	307	184	11	65	919	125	423	1e-27	  105
scaffold232720	OTU_0071	30.80	250	151	7	136	867	5	238	4e-22	89.0
scaffold237049	OTU_0020	40.23	87	50	1	356	102	10	96	3e-14	63.9
scaffold238542	OTU_0044	28.63	241	143	7	480	1121	4	242	2e-18	78.6
scaffold239719	OTU_0020	33.08	133	81	3	749	1129	1	131	6e-14	63.2
scaffold240234	OTU_0023	25.98	254	172	6	178	903	7	256	4e-16	71.6
scaffold242984	OTU_0020	34.48	87	53	1	931	1179	2	88	8e-14	62.8
scaffold244287	OTU_0046	24.93	361	216	12	1106	174	161	516	2e-20	85.5
scaffold247910	OTU_0005	27.48	444	239	19	1169	36	215	641	9e-25	98.6
scaffold248634	OTU_0090	37.78	90	51	1	271	17	6	95	4e-11	56.2
scaffold250558	OTU_0023	22.78	237	164	6	82	747	7	239	6e-12	58.5
scaffold250927	OTU_0071	29.27	205	139	4	32	634	25	227	4e-22	89.0
scaffold252281	OTU_0066	24.65	288	188	7	918	124	172	453	4e-17	74.7
scaffold252304	OTU_0031	23.99	421	253	17	1115	15	5	412	6e-13	61.6
scaffold252403	OTU_0095	26.40	428	237	16	3	1160	4	395	4e-23	92.4
scaffold253877	OTU_0023	27.51	269	163	10	855	91	1	251	4e-19	80.5
scaffold255523	OTU_0068	26.67	345	215	10	43	996	133	466	4e-19	81.3
scaffold256358	OTU_0005	28.79	396	226	15	1128	58	370	748	1e-23	95.5
scaffold257294	OTU_0009	24.26	169	118	3	1149	670	4	171	5e-11	53.5
scaffold262254	OTU_0023	24.62	260	151	9	834	103	3	233	2e-12	59.7
scaffold263117	OTU_0007	25.80	376	219	12	74	1084	107	461	5e-25	99.4
scaffold264540	OTU_0020	40.40	99	56	2	389	96	3	99	4e-17	72.4
scaffold264643	OTU_0023	24.91	269	175	6	354	1118	3	258	1e-20	84.7
scaffold267274	OTU_0021	31.71	123	71	4	1124	783	76	194	6e-13	59.3
scaffold269927	OTU_0058	25.69	218	126	8	550	1116	1	211	3e-14	63.5
scaffold270922	OTU_0046	30.85	188	110	6	1052	537	290	473	2e-13	63.5
scaffold273959	OTU_0007	26.74	359	208	13	4	1002	159	488	5e-19	80.5
scaffold274731	OTU_0020	28.79	132	86	2	389	12	2	131	9e-11	53.5
scaffold277340	OTU_0090	26.75	329	198	12	58	957	160	474	5e-17	74.7
scaffold278711	OTU_0023	33.33	102	57	2	796	1089	3	97	6e-12	58.2
scaffold279926	OTU_0068	27.80	313	174	12	5	823	456	756	1e-19	82.8
scaffold280222	OTU_0044	27.72	285	165	9	758	3	8	284	5e-14	64.7
scaffold281120	OTU_0023	26.64	274	170	6	38	850	125	370	5e-17	73.9
scaffold283123	OTU_0007	27.18	309	176	11	130	978	159	444	3e-19	81.3
scaffold283674	OTU_0023	33.66	101	56	2	786	1076	3	96	1e-11	57.8
scaffold284494	OTU_0064	27.60	250	118	7	229	933	315	516	4e-18	77.8
scaffold285102	OTU_0020	39.77	88	45	4	501	749	10	94	3e-12	58.2
scaffold285534	OTU_0001	25.77	388	223	13	1052	21	208	574	1e-21	89.0
scaffold288602	OTU_0020	37.93	87	48	3	277	29	10	94	2e-12	58.5
scaffold289580	OTU_0023	42.50	80	36	2	224	15	4	83	2e-14	66.2
scaffold289624	OTU_0064	39.18	97	41	2	288	4	6	86	5e-15	68.2
scaffold291305	OTU_0064	38.04	92	51	1	437	180	6	97	3e-15	68.9
scaffold294793	OTU_0005	25.47	322	207	11	1071	154	297	601	6e-14	65.1
scaffold295397	OTU_0044	25.13	394	230	14	1058	3	47	417	1e-17	75.9
scaffold295667	OTU_0102	28.97	359	197	13	121	1068	9	352	6e-31	  114
scaffold296030	OTU_0001	29.10	299	176	8	1067	273	120	416	2e-16	73.2
scaffold296369	OTU_0022	31.51	146	74	5	1024	605	1	126	3e-12	58.2
scaffold300197	OTU_0062	40.00	95	51	2	341	75	3	97	2e-15	69.3
scaffold302357	OTU_0003	24.85	330	183	12	1000	137	117	423	4e-11	55.5
scaffold304048	OTU_0020	40.00	65	39	0	208	14	1	65	4e-12	57.8
scaffold309675	OTU_0044	24.44	356	195	10	947	21	92	420	3e-17	74.7
scaffold310272	OTU_0023	30.69	101	59	2	649	939	3	96	1e-11	57.4
scaffold313261	OTU_0023	27.27	308	151	9	1019	153	1	254	8e-25	95.9
scaffold314326	OTU_0071	30.15	262	161	9	767	27	3	257	4e-17	73.9
scaffold314356	OTU_0044	28.08	203	112	6	169	681	90	290	4e-14	65.1
scaffold316510	OTU_0090	30.17	242	158	5	330	1028	9	248	3e-29	  111
scaffold320181	OTU_0010	31.85	157	99	4	320	769	2	157	4e-14	62.4
scaffold320953	OTU_0102	25.50	353	213	12	64	1023	4	339	2e-15	68.6
scaffold324527	OTU_0071	36.08	97	54	4	524	246	4	96	1e-12	60.5
scaffold326577	OTU_0023	25.14	358	220	11	39	1016	5	346	3e-21	85.5
scaffold328351	OTU_0003	24.03	362	217	11	1005	49	77	423	1e-19	81.6
scaffold329712	OTU_0008	28.52	277	158	12	224	961	174	441	7e-11	55.1
scaffold331892	OTU_0102	23.42	363	232	10	1	996	8	355	1e-16	72.4
scaffold333935	OTU_0102	28.37	349	212	9	10	957	9	352	2e-33	  120
scaffold337092	OTU_0022	29.51	244	150	8	72	767	1	234	4e-15	66.2
scaffold338308	OTU_0023	33.98	103	57	3	597	893	3	98	3e-13	62.0
scaffold338931	OTU_0023	26.48	219	148	7	630	4	7	222	3e-15	68.2
scaffold339167	OTU_0003	25.41	303	179	11	879	79	78	369	1e-13	63.5
scaffold339951	OTU_0062	26.55	275	172	10	70	858	5	261	3e-18	77.8
scaffold344430	OTU_0023	33.91	174	107	5	457	960	1	172	2e-26	  100
scaffold349295	OTU_0046	38.64	88	54	0	423	160	639	726	2e-13	63.2
scaffold350957	OTU_0068	28.62	276	155	14	867	118	457	716	1e-12	60.8
scaffold354306	OTU_0023	23.74	257	145	10	245	958	3	227	5e-11	55.1
scaffold355519	OTU_0003	31.31	214	107	9	798	262	215	423	4e-17	73.9
scaffold356176	OTU_0022	32.80	125	78	2	4	363	3	126	8e-13	59.7
scaffold360865	OTU_0071	26.43	227	151	7	660	10	4	224	2e-13	62.8
scaffold363613	OTU_0020	37.84	111	56	3	565	864	1	109	7e-18	73.9
scaffold364342	OTU_0005	25.37	339	206	13	938	3	268	586	6e-18	76.6
scaffold364998	OTU_0025	32.42	219	116	8	313	882	65	280	1e-16	71.2
scaffold367882	OTU_0003	23.98	221	136	5	900	319	208	423	3e-12	58.9
scaffold368390	OTU_0102	27.12	236	160	7	688	5	3	234	3e-21	85.1
scaffold373599	OTU_0077	33.56	146	84	4	737	327	43	184	6e-18	73.9
scaffold374305	OTU_0020	28.49	186	126	3	542	6	7	192	7e-21	82.0
scaffold375901	OTU_0071	25.56	266	175	7	845	87	1	256	2e-14	65.5
scaffold380250	OTU_0008	30.26	271	149	10	1	723	181	441	1e-15	68.9
scaffold380349	OTU_0071	30.89	191	121	6	937	389	37	224	1e-18	77.8
scaffold382564	OTU_0020	34.38	96	54	3	265	2	3	97	6e-12	57.0
scaffold383649	OTU_0062	29.10	244	153	8	713	6	3	234	2e-24	96.7
scaffold388006	OTU_0022	32.33	133	78	4	722	339	1	126	3e-13	60.5
scaffold388348	OTU_0023	25.81	248	166	7	222	926	4	246	2e-14	65.5
scaffold390454	OTU_0022	32.23	121	76	3	923	576	7	126	8e-13	59.3
scaffold391974	OTU_0071	35.11	94	56	2	350	84	3	96	1e-12	60.1
scaffold392273	OTU_0008	29.21	315	191	11	15	908	66	365	3e-18	77.0
scaffold392460	OTU_0052	29.48	329	167	15	10	882	23	324	1e-23	92.4
scaffold393534	OTU_0020	36.44	118	57	2	409	62	5	106	8e-20	79.0
scaffold394632	OTU_0005	30.92	152	90	5	753	328	267	413	7e-14	63.9
scaffold399966	OTU_0020	28.71	202	105	7	547	8	1	185	1e-18	75.5
scaffold400498	OTU_0001	23.38	231	143	7	767	168	209	436	9e-11	54.7
scaffold401069	OTU_0010	31.06	132	75	4	150	515	19	144	5e-14	62.0
scaffold407353	OTU_0020	34.53	139	67	5	441	46	7	128	7e-16	67.8
scaffold414999	OTU_0062	22.09	344	209	10	885	10	138	474	7e-13	60.8
scaffold417102	OTU_0090	27.13	258	175	6	90	836	1	254	2e-22	89.7
scaffold417241	OTU_0020	28.68	129	87	3	479	99	1	126	2e-14	63.9
scaffold418978	OTU_0005	24.54	326	173	15	891	58	113	413	2e-14	65.9
scaffold419100	OTU_0046	27.30	326	177	7	3	833	202	516	6e-22	88.6
scaffold422425	OTU_0090	30.59	255	147	11	159	887	2	238	1e-19	81.6
scaffold422596	OTU_0058	25.00	220	123	8	96	659	1	210	2e-12	57.4
scaffold423255	OTU_0041	33.33	90	57	1	625	885	1	90	2e-11	55.8
scaffold423377	OTU_0023	24.90	253	154	7	164	880	7	237	3e-14	64.3
scaffold423571	OTU_0062	28.40	257	161	8	876	157	5	255	7e-22	88.6
scaffold428433	OTU_0102	28.53	312	171	11	824	9	9	308	2e-28	  105
scaffold429467	OTU_0041	35.56	90	54	3	595	858	1	88	5e-13	60.8
scaffold431574	OTU_0005	27.21	147	102	2	292	723	651	795	1e-12	60.5
scaffold432412	OTU_0005	27.10	155	108	3	156	608	654	807	1e-12	60.1
scaffold434660	OTU_0064	24.92	321	196	9	16	849	180	498	3e-14	65.1
scaffold439059	OTU_0006	25.86	290	176	6	1	759	186	473	5e-19	79.3
scaffold440394	OTU_0023	28.10	274	181	8	869	93	39	311	1e-22	89.0
scaffold442761	OTU_0023	30.69	101	59	2	530	240	3	96	3e-11	55.1
scaffold445510	OTU_0044	71.18	288	58	3	1	864	56	318	7e-126	  362
scaffold445606	OTU_0102	26.26	278	174	5	863	117	81	356	2e-19	79.7
scaffold449369	OTU_0066	28.36	275	171	9	854	90	193	461	1e-24	95.5
scaffold451920	OTU_0021	32.49	197	101	7	824	315	2	193	4e-15	64.7
scaffold457910	OTU_0021	27.92	197	110	6	146	655	2	193	3e-14	62.4
scaffold458206	OTU_0044	26.90	290	173	8	776	18	2	289	8e-18	75.1
scaffold460159	OTU_0023	24.63	268	173	7	19	786	1	251	2e-13	62.0
scaffold460926	OTU_0102	28.99	238	154	6	692	3	2	232	9e-21	83.2
scaffold464127	OTU_0023	28.48	309	188	7	12	845	8	314	2e-32	  117
scaffold473160	OTU_0077	31.86	113	64	4	832	521	60	168	6e-11	53.5
scaffold475976	OTU_0044	36.00	175	77	11	72	539	138	296	3e-15	67.4
scaffold476631	OTU_0008	29.60	223	143	6	830	198	206	426	2e-17	73.9
scaffold478395	OTU_0077	32.98	188	104	4	65	586	7	186	3e-18	73.6
scaffold479641	OTU_0008	24.22	223	143	6	603	13	181	403	1e-11	56.6
scaffold482903	OTU_0062	30.80	250	137	11	706	5	3	232	1e-23	93.2
scaffold488121	OTU_0031	37.69	130	68	4	755	393	7	132	3e-17	73.6
scaffold492432	OTU_0090	30.74	257	162	7	23	760	3	254	3e-27	  104
scaffold492965	OTU_0008	33.50	206	116	9	570	7	162	364	1e-18	77.8
scaffold494501	OTU_0005	28.43	299	163	11	818	48	131	420	6e-12	57.8
scaffold495268	OTU_0020	44.68	94	51	1	515	793	1	94	2e-22	86.3
scaffold496587	OTU_0046	33.72	86	57	0	155	412	641	726	5e-11	54.7
scaffold501488	OTU_0064	28.41	264	144	12	711	1	3	248	2e-13	62.4
scaffold501521	OTU_0008	24.84	306	173	12	796	5	67	357	8e-11	53.9
scaffold502940	OTU_0008	26.87	268	169	7	3	728	195	461	2e-20	82.8
scaffold505026	OTU_0003	33.06	245	135	7	745	92	120	362	2e-24	94.4
scaffold507399	OTU_0090	26.32	285	175	9	777	4	160	436	2e-14	65.1
scaffold508432	OTU_0077	28.73	181	108	5	695	180	16	184	1e-16	68.9
scaffold508927	OTU_0033	99.23	261	2	0	785	3	1	261	0.0	  543
scaffold509681	OTU_0026	35.00	120	61	3	805	449	16	119	1e-14	62.8
scaffold513531	OTU_0020	29.06	203	119	9	654	82	1	190	2e-19	77.0
scaffold513585	OTU_0041	30.88	136	82	3	402	800	1	127	7e-12	57.0
scaffold514026	OTU_0006	26.29	251	162	6	786	85	223	467	2e-12	59.3
scaffold514673	OTU_0005	33.33	120	66	4	199	522	243	360	3e-13	61.2
scaffold515405	OTU_0023	31.94	216	134	5	1	615	33	246	4e-23	89.7
scaffold517286	OTU_0102	35.29	102	60	5	340	47	2	101	4e-12	57.8
scaffold521568	OTU_0041	34.31	137	84	4	587	183	7	139	1e-15	68.2
scaffold522212	OTU_0023	36.27	102	52	3	374	664	3	96	9e-13	59.7
scaffold522365	OTU_0062	28.10	242	128	8	711	4	316	517	2e-18	77.4
scaffold523686	OTU_0046	26.01	223	128	6	1	591	308	519	8e-11	54.3
scaffold525255	OTU_0086	31.71	164	89	3	256	681	29	191	1e-12	57.8
scaffold533167	OTU_0064	44.26	61	34	0	185	3	6	66	1e-14	65.1
scaffold533575	OTU_0005	25.00	188	100	6	141	617	243	418	5e-11	54.7
scaffold536725	OTU_0020	35.45	110	66	4	411	88	2	108	2e-15	65.9
scaffold537125	OTU_0008	29.73	148	92	4	3	431	315	455	3e-11	55.5
scaffold537404	OTU_0044	26.16	237	145	7	117	743	8	242	1e-11	56.2
scaffold540794	OTU_0086	31.16	199	103	6	752	249	5	200	7e-18	72.4
scaffold542809	OTU_0023	32.67	101	57	2	213	503	3	96	3e-12	58.2
scaffold550117	OTU_0090	34.04	94	54	4	314	577	6	97	3e-11	55.1
scaffold556357	OTU_0022	30.00	130	79	4	414	49	1	126	3e-11	53.9
scaffold556625	OTU_0040	36.11	108	64	4	365	51	6	111	3e-17	70.1
scaffold557165	OTU_0021	32.00	150	81	5	603	205	49	194	1e-15	65.9
scaffold558131	OTU_0058	30.28	218	113	9	160	717	1	211	2e-17	71.2
scaffold562617	OTU_0071	28.87	284	155	8	757	17	78	351	4e-22	86.7
scaffold564852	OTU_0058	35.40	113	47	4	420	160	101	213	6e-13	58.5
scaffold566042	OTU_0086	30.62	209	116	4	79	633	5	208	4e-18	73.2
scaffold570097	OTU_0041	36.26	91	54	1	67	327	1	91	3e-13	60.8
scaffold570914	OTU_0001	28.26	184	103	7	734	252	259	436	7e-13	60.1
scaffold571551	OTU_0023	34.31	102	56	3	221	514	3	97	1e-13	62.0
scaffold572000	OTU_0071	30.73	205	136	5	6	608	25	227	3e-22	86.7
scaffold576719	OTU_0005	30.08	246	130	10	106	741	214	451	6e-18	75.5
scaffold581446	OTU_0062	30.80	237	149	8	71	751	7	238	1e-22	90.1
scaffold587242	OTU_0016	28.04	189	110	6	530	42	32	220	2e-16	68.6
scaffold590599	OTU_0071	33.55	155	80	2	589	194	197	351	7e-19	77.0
scaffold593451	OTU_0086	32.91	158	84	2	665	258	44	201	1e-17	72.0
scaffold594067	OTU_0023	24.90	257	175	7	2	733	7	258	1e-13	61.6
scaffold595225	OTU_0090	29.20	250	167	4	732	10	11	259	1e-25	99.0
scaffold598841	OTU_0020	31.85	157	86	6	114	575	1	139	2e-11	54.3
scaffold598901	OTU_0023	30.86	175	96	2	177	632	179	351	8e-17	71.2
scaffold606318	OTU_0081	91.30	69	5	1	209	3	1	68	2e-40	  136
scaffold606651	OTU_0086	31.52	184	101	2	250	732	5	186	9e-17	68.9
scaffold607333	OTU_0020	33.16	187	101	5	553	14	5	174	2e-26	97.4
scaffold608043	OTU_0005	28.63	227	125	10	126	716	200	419	7e-20	81.6
scaffold608586	OTU_0062	27.07	229	154	5	726	70	35	260	2e-23	92.0
scaffold610906	OTU_0008	25.10	259	166	5	706	5	181	436	4e-18	75.5
scaffold613504	OTU_0008	29.49	234	133	9	9	641	184	408	2e-15	67.0
scaffold614255	OTU_0020	33.94	109	51	4	322	2	1	90	4e-13	59.3
scaffold619730	OTU_0023	30.42	240	151	9	28	714	2	236	8e-26	96.7
scaffold620058	OTU_0090	41.25	80	42	3	458	691	19	95	1e-12	58.9
scaffold620482	OTU_0102	31.67	240	150	8	700	8	6	240	8e-27	99.8
scaffold622458	OTU_0031	36.59	123	65	4	721	380	14	132	4e-14	63.5
scaffold622801	OTU_0023	31.68	101	58	2	486	196	3	96	3e-11	54.7
scaffold629265	OTU_0008	26.80	153	106	3	538	95	310	461	2e-13	61.2
scaffold629639	OTU_0023	31.68	101	58	2	491	201	3	96	6e-11	53.5
scaffold632913	OTU_0008	35.93	167	81	8	262	714	176	332	8e-13	59.3
scaffold637724	OTU_0102	26.87	268	163	7	712	2	40	305	3e-22	86.7
scaffold640321	OTU_0020	37.62	101	58	1	384	671	5	105	1e-19	77.4
scaffold641984	OTU_0064	28.00	250	145	10	709	26	231	467	1e-12	58.5
scaffold642891	OTU_0023	26.94	245	146	9	708	4	3	224	1e-15	67.4
scaffold646157	OTU_0062	29.96	227	144	7	707	60	39	261	2e-20	83.2
scaffold648055	OTU_0012	99.15	235	2	0	707	3	11	245	1e-179	  491
scaffold648283	OTU_0086	28.21	195	130	4	79	639	5	197	3e-12	56.6
scaffold650389	OTU_0020	45.45	99	45	5	421	699	10	105	2e-15	65.5
scaffold652210	OTU_0023	26.52	230	138	8	636	7	3	221	4e-17	72.0
scaffold654250	OTU_0023	29.10	244	143	7	1	705	33	255	1e-23	90.1
scaffold656130	OTU_0077	29.05	179	109	5	85	579	12	186	6e-13	58.5
scaffold659043	OTU_0064	38.10	105	47	3	362	670	7	95	9e-18	74.3
scaffold659721	OTU_0008	33.33	123	77	2	250	606	310	431	1e-13	62.0
scaffold661512	OTU_0071	28.72	188	119	5	587	60	133	317	3e-16	68.9
scaffold662082	OTU_0062	28.23	248	147	9	694	2	5	238	2e-14	64.3
scaffold664566	OTU_0020	35.11	94	43	3	191	466	5	82	1e-15	66.2
scaffold670655	OTU_0071	32.98	94	62	1	43	324	3	95	2e-13	61.2
scaffold673235	OTU_0068	32.04	206	113	6	660	97	59	255	3e-24	94.4
scaffold674442	OTU_0005	24.53	265	145	9	685	23	83	336	2e-16	70.5
scaffold674783	OTU_0081	99.48	193	0	1	113	691	1	192	3e-143	  400
scaffold682179	OTU_0023	33.66	101	56	2	563	273	3	96	2e-12	58.2
scaffold683203	OTU_0062	32.47	194	102	4	681	187	161	354	1e-20	83.6
scaffold683655	OTU_0023	27.70	148	84	1	638	264	199	346	7e-13	58.9
scaffold686527	OTU_0038	32.26	186	102	7	490	2	48	232	3e-11	53.9
scaffold687690	OTU_0005	24.62	264	161	6	683	6	506	769	8e-17	71.6
scaffold692396	OTU_0001	25.91	220	127	9	680	117	221	436	6e-11	53.9
scaffold693190	OTU_0072	100.00	227	0	0	1	681	81	307	5e-172	  473
scaffold698201	OTU_0007	89.82	226	22	1	680	3	261	485	2e-136	  396
scaffold698206	OTU_0075	94.27	192	10	1	1	576	10	200	5e-122	  342
scaffold699694	OTU_0071	30.57	229	118	6	26	628	156	371	2e-19	78.2
scaffold699754	OTU_0062	34.78	92	54	1	385	128	6	97	4e-13	60.1
scaffold701800	OTU_0023	29.60	223	144	6	35	676	24	242	1e-19	79.0
scaffold708163	OTU_0090	42.86	63	32	2	255	73	9	69	1e-11	55.8
scaffold708609	OTU_0003	27.48	222	129	6	629	45	207	423	7e-17	71.2
scaffold711891	OTU_0020	36.84	95	56	1	293	21	1	95	1e-15	65.9
scaffold714187	OTU_0037	37.29	118	67	3	2	337	32	148	8e-11	52.0
scaffold714389	OTU_0090	29.18	233	146	8	3	665	23	248	7e-12	56.2
scaffold714731	OTU_0005	22.57	257	160	7	664	8	540	795	1e-11	55.8
scaffold716031	OTU_0058	24.88	217	129	8	84	650	1	211	7e-13	57.8
scaffold716264	OTU_0075	26.21	145	101	2	118	537	14	157	4e-13	58.2
scaffold717846	OTU_0062	40.45	89	51	2	212	478	4	90	3e-15	67.0
scaffold718553	OTU_0044	31.73	208	110	5	671	135	92	296	1e-21	85.1
scaffold721203	OTU_0003	29.10	244	135	8	644	6	119	355	1e-12	58.5
scaffold723058	OTU_0021	35.34	116	62	4	16	336	82	193	2e-14	61.6
scaffold723974	OTU_0020	29.01	131	82	5	101	469	4	131	3e-11	53.5
scaffold725738	OTU_0022	36.23	138	75	3	574	176	1	130	1e-15	65.5
scaffold730561	OTU_0031	32.52	163	92	6	665	207	12	166	8e-13	58.9
scaffold731546	OTU_0062	43.53	85	45	3	414	662	3	86	2e-13	61.2
scaffold732289	OTU_0077	34.26	108	62	3	664	362	52	157	1e-11	54.7
scaffold732759	OTU_0006	34.83	89	53	1	297	46	2	90	6e-13	59.7
scaffold733190	OTU_0044	35.29	170	71	12	167	613	138	289	2e-13	60.5
scaffold735012	OTU_0023	33.66	101	56	2	529	239	3	96	3e-12	57.0
scaffold736240	OTU_0064	35.29	119	60	4	1	354	414	516	6e-14	62.4
scaffold739956	OTU_0086	30.59	170	87	4	437	21	7	176	2e-17	70.5
scaffold744098	OTU_0069	100.00	157	0	0	1	471	15	171	4e-117	  328
scaffold751556	OTU_0031	34.38	128	71	4	79	435	9	132	2e-13	60.8
scaffold753205	OTU_0062	35.24	105	56	5	549	256	3	102	4e-12	57.0
scaffold754914	OTU_0008	29.80	245	132	12	4	645	174	409	6e-13	59.3
scaffold755127	OTU_0062	28.50	193	109	3	523	32	156	348	4e-15	66.2
scaffold755609	OTU_0058	26.48	219	112	9	7	543	1	210	3e-15	64.3
scaffold758617	OTU_0041	37.50	80	44	1	428	649	1	80	1e-12	58.2
scaffold760070	OTU_0102	31.47	143	87	4	471	67	5	144	8e-13	58.9
scaffold767905	OTU_0008	28.03	239	131	9	1	627	176	403	1e-15	67.4
scaffold769417	OTU_0008	29.73	222	131	4	22	612	184	405	5e-20	80.5
scaffold770407	OTU_0016	29.61	206	111	8	640	110	13	213	2e-14	62.0
scaffold773239	OTU_0003	25.66	226	124	7	51	620	120	337	7e-11	53.1
scaffold775404	OTU_0044	30.14	209	114	6	593	60	83	290	5e-16	68.6
scaffold775774	OTU_0068	28.19	227	143	8	1	642	10	229	2e-19	79.7
scaffold780932	OTU_0005	31.33	166	87	5	545	123	170	333	8e-15	65.1
scaffold781899	OTU_0041	38.00	100	56	4	447	157	1	97	5e-15	65.1
scaffold789384	OTU_0020	28.14	199	127	7	569	6	3	196	4e-20	78.6
scaffold794091	OTU_0090	34.31	102	58	3	73	366	1	97	1e-11	55.5
scaffold796100	OTU_0020	33.33	105	59	5	186	473	3	105	8e-11	52.4
scaffold796338	OTU_0064	29.88	251	130	7	6	632	221	467	3e-22	87.4
scaffold796951	OTU_0005	27.27	121	84	2	17	367	651	771	1e-12	58.2
scaffold797497	OTU_0090	25.79	221	133	7	633	13	2	205	2e-16	70.1
scaffold798318	OTU_0020	33.80	142	76	3	145	564	5	130	1e-19	76.6
scaffold803063	OTU_0062	35.96	89	55	2	260	526	4	90	3e-12	57.4
scaffold808933	OTU_0005	29.05	148	78	5	427	62	215	361	3e-11	54.3
scaffold811825	OTU_0023	31.67	221	126	6	624	1	28	236	4e-29	  105
scaffold813345	OTU_0023	33.33	102	57	2	133	426	3	97	4e-12	56.6
scaffold813626	OTU_0058	27.49	211	124	6	579	31	1	210	2e-17	70.1
scaffold820040	OTU_0102	28.71	209	137	5	5	604	38	243	5e-18	73.9
scaffold825077	OTU_0073	100.00	207	0	0	621	1	6	212	7e-159	  435
scaffold832220	OTU_0023	30.00	130	68	2	1	321	222	351	2e-11	54.7
scaffold832321	OTU_0022	33.33	138	79	3	525	127	1	130	1e-15	65.1
scaffold833071	OTU_0075	30.20	149	94	2	1	417	9	157	1e-15	64.7
scaffold835324	OTU_0031	31.58	171	93	7	35	508	7	166	2e-14	63.5
scaffold838397	OTU_0068	27.32	194	111	3	14	508	154	346	5e-14	62.8
scaffold842631	OTU_0040	42.11	57	32	1	221	51	7	62	8e-11	51.6
scaffold844043	OTU_0020	34.23	111	58	6	412	92	1	100	1e-15	65.5
scaffold853397	OTU_0090	33.67	98	58	5	151	432	1	95	5e-13	59.7
scaffold857786	OTU_0064	32.54	126	72	4	425	84	5	129	2e-16	70.1
scaffold858154	OTU_0020	32.00	100	63	5	304	597	1	97	2e-12	56.6
scaffold858526	OTU_0023	28.71	101	61	2	111	401	3	96	1e-10	52.4
scaffold863578	OTU_0003	27.88	208	121	7	579	34	167	371	6e-11	53.1
scaffold867108	OTU_0064	43.02	86	46	3	254	3	1	85	1e-16	70.1
scaffold867896	OTU_0020	35.42	96	56	1	347	78	1	96	2e-11	53.5
scaffold873383	OTU_0086	38.20	89	53	1	529	263	4	90	2e-13	58.5
scaffold876989	OTU_0041	31.68	101	56	3	164	451	4	96	2e-12	57.4
scaffold887982	OTU_0080	30.00	190	120	7	563	12	51	233	8e-12	55.5
scaffold889389	OTU_0041	35.16	91	55	1	467	207	7	97	1e-13	60.8
scaffold892960	OTU_0008	26.62	154	103	4	596	147	316	463	5e-12	56.2
scaffold907207	OTU_0068	36.27	102	54	3	291	584	3	97	5e-14	62.4
scaffold910062	OTU_0023	28.30	159	84	3	425	36	159	316	3e-14	62.4
scaffold916459	OTU_0046	28.80	191	112	6	581	69	287	473	8e-11	52.8
scaffold918323	OTU_0058	26.32	209	121	7	55	588	2	208	5e-11	52.0
scaffold920406	OTU_0090	36.05	172	88	6	583	101	13	173	2e-23	90.9
scaffold920668	OTU_0006	31.60	212	107	9	583	2	54	245	8e-17	71.2
scaffold922191	OTU_0020	40.45	89	51	1	457	197	8	96	8e-17	68.6
scaffold922273	OTU_0033	31.33	166	88	7	443	24	1	166	3e-15	64.7
scaffold927896	OTU_0040	33.04	112	72	2	565	236	1	111	9e-16	65.1
scaffold928497	OTU_0008	22.78	158	116	3	61	519	310	466	5e-11	53.1
scaffold929771	OTU_0020	39.53	86	51	1	76	330	3	88	2e-17	70.1
scaffold931253	OTU_0026	33.58	134	72	3	42	440	2	119	8e-15	62.0
scaffold931409	OTU_0058	27.57	214	123	6	18	566	1	213	9e-15	62.4
scaffold932848	OTU_0037	39.36	94	46	4	529	275	1	92	6e-11	51.6
scaffold933612	OTU_0005	32.21	208	106	8	1	531	501	704	4e-16	68.9
scaffold934278	OTU_0021	29.79	141	84	4	189	581	48	183	2e-12	55.5
scaffold934894	OTU_0058	26.42	212	126	5	18	566	1	211	2e-14	61.6
scaffold936880	OTU_0020	43.75	64	36	0	215	24	1	64	2e-13	58.9
scaffold945970	OTU_0104	30.49	164	98	5	453	1	26	186	7e-13	58.2
scaffold949333	OTU_0102	28.14	199	133	5	575	3	40	236	2e-16	69.3
scaffold950341	OTU_0090	38.27	81	44	1	286	510	17	97	5e-12	56.2
scaffold973421	OTU_0062	36.56	93	53	1	497	237	5	97	7e-15	65.1
scaffold975185	OTU_0041	31.79	151	91	7	14	451	28	171	4e-11	53.1
scaffold978679	OTU_0020	39.44	71	38	3	310	516	1	68	2e-12	55.8
scaffold984280	OTU_0005	27.84	194	116	8	14	559	271	452	2e-13	60.5
scaffold985638	OTU_0021	29.44	197	99	8	64	549	2	193	4e-15	62.8
scaffold989140	OTU_0086	28.66	164	95	2	542	117	38	201	3e-15	63.5
scaffold997735	OTU_0058	27.91	215	102	11	562	41	11	213	1e-14	61.6
scaffold998079	OTU_0005	29.07	172	86	7	433	20	214	383	1e-14	64.3
scaffold1001931	OTU_0090	28.35	194	123	7	2	553	29	216	2e-17	72.8
scaffold1002342	OTU_0038	31.55	168	83	7	425	3	67	229	7e-14	60.5
scaffold1009510	OTU_0021	36.45	107	55	4	242	541	51	151	8e-13	56.2
scaffold1011781	OTU_0058	32.14	112	55	3	431	159	101	212	8e-12	53.9
scaffold1015479	OTU_0097	40.91	66	39	0	282	85	96	161	3e-11	52.4
scaffold1018019	OTU_0090	35.00	100	59	1	515	234	160	259	1e-13	60.8
scaffold1018409	OTU_0003	31.17	154	85	5	153	554	134	286	7e-12	55.5
scaffold1019603	OTU_0023	29.70	101	60	2	103	393	3	96	7e-11	52.4
scaffold1020888	OTU_0020	33.67	98	55	4	32	301	1	96	1e-11	53.5
scaffold1026160	OTU_0040	44.59	74	35	2	434	216	33	101	4e-13	57.4
scaffold1028062	OTU_0007	88.59	184	21	0	1	552	64	247	6e-120	  352
scaffold1032875	OTU_0023	32.67	101	57	2	158	448	3	96	9e-12	55.1
scaffold1041734	OTU_0004	33.33	99	61	2	350	66	8	105	2e-12	55.1
scaffold1042663	OTU_0021	36.21	116	61	4	1	321	82	193	2e-14	60.5
scaffold1050018	OTU_0068	33.05	118	56	2	28	312	200	317	1e-13	61.2
scaffold1055294	OTU_0018	35.29	153	75	5	19	408	39	190	3e-18	72.0
scaffold1059117	OTU_0023	31.38	188	116	6	2	544	48	229	3e-19	77.0
scaffold1061330	OTU_0064	30.22	182	103	2	522	46	183	363	3e-18	75.1
scaffold1062554	OTU_0058	26.73	202	109	7	512	3	1	195	1e-15	64.3
scaffold1063506	OTU_0086	31.02	187	95	5	473	6	8	191	9e-19	73.6
scaffold1067455	OTU_0020	30.32	188	110	8	536	3	14	190	2e-18	72.8
scaffold1077841	OTU_0045	26.84	190	127	5	539	3	95	283	3e-11	53.1
scaffold1078932	OTU_0023	36.36	110	65	5	210	533	2	108	1e-15	66.2
scaffold1085229	OTU_0020	42.86	77	38	2	301	513	7	83	4e-15	63.2
scaffold1088745	OTU_0020	35.35	99	59	1	176	457	7	105	2e-17	70.1
scaffold1093558	OTU_0075	28.48	151	94	3	464	51	8	157	2e-14	60.8
scaffold1097621	OTU_0037	34.96	123	67	4	377	36	24	142	1e-15	64.3
scaffold1107409	OTU_0068	26.45	155	99	4	488	51	110	258	7e-13	58.5
scaffold1111554	OTU_0040	38.96	77	46	1	522	292	26	101	5e-13	57.0
scaffold1112456	OTU_0022	31.36	118	75	3	142	480	3	119	4e-12	55.1
scaffold1117117	OTU_0064	36.26	91	52	1	411	157	6	96	6e-17	70.9
scaffold1118774	OTU_0046	30.34	178	106	6	5	493	299	473	6e-11	52.4
scaffold1119623	OTU_0005	31.33	150	71	7	440	75	215	360	5e-12	55.8
scaffold1123197	OTU_0020	35.11	94	52	3	422	165	4	96	3e-12	55.5
scaffold1124091	OTU_0020	36.46	96	58	3	320	39	1	95	7e-16	65.5
scaffold1126876	OTU_0005	33.07	127	56	4	302	6	214	339	1e-14	63.9
scaffold1130362	OTU_0071	35.48	155	77	2	19	414	197	351	1e-20	80.5
scaffold1133494	OTU_0020	39.29	84	49	1	236	481	2	85	5e-18	71.6
scaffold1138726	OTU_0020	30.19	159	84	9	455	6	1	141	1e-15	65.1
scaffold1140671	OTU_0071	29.47	190	105	4	34	519	163	351	6e-17	70.1
scaffold1143672	OTU_0009	27.73	119	82	1	440	96	14	132	3e-11	51.6
scaffold1144012	OTU_0045	84.39	173	27	0	1	519	42	214	2e-108	  312
scaffold1146825	OTU_0058	26.53	196	112	7	506	3	18	209	1e-12	56.2
scaffold1147579	OTU_0031	34.68	124	68	4	87	431	6	125	2e-15	66.2
scaffold1149656	OTU_0102	65.22	46	14	1	11	148	54	97	8e-15	63.9
scaffold1152526	OTU_0086	33.76	157	81	3	516	115	44	200	3e-18	72.0
scaffold1152682	OTU_0040	40.51	79	41	2	484	251	33	106	7e-12	53.5
scaffold1155145	OTU_0044	94.19	172	9	1	3	518	179	349	7e-105	  304
scaffold1156379	OTU_0005	36.46	96	51	2	337	74	267	360	9e-13	58.2
scaffold1157167	OTU_0041	34.04	94	57	1	495	229	3	96	9e-14	60.5
scaffold1159143	OTU_0075	28.28	145	98	2	512	93	14	157	6e-15	62.4
scaffold1167197	OTU_0058	34.51	113	48	5	245	505	92	204	2e-11	52.8
scaffold1168210	OTU_0005	34.95	103	57	3	310	26	267	367	1e-13	60.8
scaffold1168262	OTU_0020	40.45	89	49	2	516	256	5	91	2e-17	69.7
scaffold1171270	OTU_0003	32.40	179	89	7	3	455	208	382	5e-16	67.4
scaffold1183133	OTU_0020	40.66	91	48	1	124	378	6	96	3e-16	66.6
scaffold1183412	OTU_0020	35.11	94	48	4	273	7	3	88	3e-12	55.1
scaffold1184595	OTU_0021	30.46	151	88	4	500	81	49	193	1e-14	60.8
scaffold1186320	OTU_0046	29.25	147	91	3	14	430	616	757	1e-13	60.8
scaffold1192997	OTU_0016	34.73	167	82	7	510	91	47	213	3e-17	68.9
scaffold1195717	OTU_0005	25.19	131	93	3	401	24	651	781	4e-11	53.1
scaffold1195741	OTU_0075	33.11	148	85	3	458	54	4	150	1e-18	72.8
scaffold1197269	OTU_0062	25.00	188	112	2	22	498	161	348	2e-16	69.3
scaffold1199813	OTU_0033	100.00	41	0	0	507	385	247	287	2e-23	87.4
scaffold1210990	OTU_0020	37.50	96	52	2	1	270	2	95	2e-17	69.7
scaffold1217221	OTU_0062	38.75	80	43	1	224	3	5	84	1e-12	57.8
scaffold1217709	OTU_0062	30.68	176	107	6	4	504	5	174	3e-17	72.0
scaffold1227637	OTU_0020	36.84	95	56	1	16	288	1	95	5e-17	68.6
scaffold1229857	OTU_0020	33.12	160	78	11	46	495	1	141	1e-15	64.3
scaffold1233728	OTU_0062	33.68	95	53	1	241	495	2	96	6e-12	55.5
scaffold1235115	OTU_0023	34.21	152	77	2	410	24	202	353	7e-17	69.7
scaffold1248536	OTU_0040	32.98	94	58	3	69	338	3	95	2e-11	52.4
scaffold1248823	OTU_0004	93.27	104	7	0	495	184	71	174	2e-70	  207
scaffold1249963	OTU_0020	34.74	95	58	1	387	115	2	96	3e-15	63.5
scaffold1253365	OTU_0020	34.74	95	58	1	50	322	1	95	4e-15	63.2
scaffold1254448	OTU_0001	81.48	27	5	0	83	3	1	27	1e-11	54.3
scaffold1255021	OTU_0071	48.31	89	40	2	494	228	39	121	1e-18	74.7
scaffold1258078	OTU_0047	35.05	97	61	2	316	29	2	97	4e-11	50.8
scaffold1261459	OTU_0018	33.04	115	54	3	12	287	76	190	4e-16	65.5
scaffold1261556	OTU_0009	28.57	119	81	1	60	404	14	132	6e-14	58.9
scaffold1265654	OTU_0023	34.65	101	55	2	456	166	3	96	3e-13	58.9
scaffold1270473	OTU_0071	32.67	150	93	3	64	489	159	308	8e-14	60.8
scaffold1276924	OTU_0078	85.71	63	8	1	190	2	1	62	7e-35	  117
scaffold1293192	OTU_0023	30.72	166	103	6	479	9	74	236	2e-14	62.0
scaffold1300120	OTU_0020	39.53	86	47	1	251	9	7	92	2e-17	69.7
scaffold1300359	OTU_0086	29.67	182	95	5	33	482	5	185	2e-15	63.9
scaffold1303099	OTU_0020	46.38	69	29	4	13	204	28	93	3e-12	55.1
scaffold1305187	OTU_0021	33.56	149	78	6	410	3	48	188	3e-14	60.1
scaffold1311869	OTU_0010	31.50	127	81	2	10	375	19	144	1e-15	63.9
scaffold1316576	OTU_0003	33.12	157	82	6	34	450	272	423	4e-14	62.0
scaffold1326776	OTU_0018	30.00	160	87	6	1	408	32	190	5e-16	65.1
scaffold1328127	OTU_0075	28.77	146	91	3	49	471	34	171	7e-16	64.7
scaffold1330075	OTU_0020	37.38	107	49	3	389	75	5	95	5e-18	71.2
scaffold1338265	OTU_0020	28.22	163	103	6	6	467	14	171	2e-13	58.2
scaffold1338604	OTU_0040	33.98	103	57	4	110	397	3	101	6e-12	53.1
scaffold1340591	OTU_0044	30.13	156	83	5	436	44	83	237	2e-12	56.6
scaffold1344607	OTU_0005	38.46	117	55	4	133	438	267	381	2e-15	66.6
scaffold1344751	OTU_0020	35.11	94	52	3	220	477	4	96	2e-13	58.5
scaffold1349641	OTU_0020	34.74	95	58	1	165	437	1	95	3e-14	60.5
scaffold1353223	OTU_0020	35.65	115	67	4	5	337	20	131	7e-16	65.1
scaffold1365166	OTU_0022	37.01	127	74	2	380	15	1	126	8e-16	64.7
scaffold1365661	OTU_0032	96.18	157	6	0	473	3	64	220	2e-114	  321
scaffold1367795	OTU_0005	43.33	60	26	1	473	318	274	333	1e-11	54.3
scaffold1369853	OTU_0066	30.36	168	91	7	467	30	193	356	4e-15	64.7
scaffold1370962	OTU_0031	30.92	152	76	7	55	468	303	439	4e-12	55.5
scaffold1375532	OTU_0086	28.87	142	78	1	4	360	59	200	8e-11	50.8
scaffold1382305	OTU_0041	36.36	77	47	1	463	239	14	90	8e-12	54.3
scaffold1382397	OTU_0023	34.95	103	56	3	52	348	3	98	8e-15	63.5
scaffold1388974	OTU_0016	24.12	170	103	6	3	434	51	220	2e-13	58.2
scaffold1389197	OTU_0041	31.58	95	59	1	331	65	2	96	4e-14	61.2
scaffold1402755	OTU_0009	28.87	142	89	4	9	419	14	148	5e-17	67.8
scaffold1407930	OTU_0020	37.14	105	53	7	358	50	1	94	3e-16	65.9
scaffold1409414	OTU_0086	34.39	157	76	4	442	50	59	214	7e-18	70.5
scaffold1413415	OTU_0062	28.99	169	97	1	464	27	186	354	2e-17	72.0
scaffold1420385	OTU_0005	38.19	144	72	6	462	76	267	408	3e-17	71.6
scaffold1434836	OTU_0020	30.95	126	81	3	370	5	1	124	3e-15	63.2
scaffold1436950	OTU_0020	31.52	92	59	1	4	267	4	95	2e-12	55.5
scaffold1447844	OTU_0062	33.64	107	65	1	317	15	3	109	5e-13	58.5
scaffold1448596	OTU_0068	37.36	91	44	4	449	192	14	96	1e-11	53.9
scaffold1453617	OTU_0023	31.93	119	73	3	118	456	130	246	2e-13	59.3
scaffold1453835	OTU_0075	28.17	142	88	3	389	3	4	144	2e-11	52.0
scaffold1460311	OTU_0020	35.29	136	70	5	82	456	3	131	3e-17	68.6
scaffold1478674	OTU_0041	31.00	100	58	3	3	290	4	96	5e-11	52.0
scaffold1479441	OTU_0020	34.29	105	56	6	380	72	1	94	1e-15	63.9
scaffold1482469	OTU_0020	36.47	85	46	3	16	264	51	129	2e-11	52.8
scaffold1484656	OTU_0020	30.77	91	59	1	74	334	1	91	8e-15	61.6
scaffold1485127	OTU_0022	36.15	130	77	2	62	436	1	129	2e-18	72.4
scaffold1494159	OTU_0020	36.71	79	44	3	10	234	18	94	4e-12	54.3
scaffold1494520	OTU_0039	47.06	68	28	2	212	33	43	110	2e-14	60.1
scaffold1494741	OTU_0062	39.33	89	51	2	416	156	5	92	3e-11	53.1
scaffold1512443	OTU_0041	30.56	108	71	1	412	101	1	108	3e-15	64.3
scaffold1514332	OTU_0031	33.87	124	69	4	378	34	6	125	8e-16	66.6
scaffold1514427	OTU_0041	37.25	102	61	3	303	4	2	102	1e-15	65.5
scaffold1515794	OTU_0064	30.20	149	75	3	360	1	161	309	7e-15	63.9
scaffold1517765	OTU_0005	39.13	69	34	2	278	96	268	336	2e-12	56.6
scaffold1531931	OTU_0005	36.61	112	62	2	87	398	251	361	3e-17	71.2
scaffold1539701	OTU_0031	33.33	81	53	1	130	372	1	80	4e-12	55.5
scaffold1540949	OTU_0068	27.89	147	95	5	441	22	30	172	8e-11	52.0
scaffold1543979	OTU_0031	31.58	95	61	2	120	392	366	460	3e-11	52.8
scaffold1545866	OTU_0022	33.33	126	66	5	383	39	1	119	3e-14	60.1
scaffold1549978	OTU_0064	38.03	71	40	2	205	411	1	69	3e-12	56.2
scaffold1550284	OTU_0037	99.32	147	0	1	1	441	29	174	2e-93	  266
scaffold1552189	OTU_0037	36.00	125	65	6	1	345	23	142	5e-15	61.6
scaffold1554545	OTU_0005	37.35	83	43	2	390	169	269	351	4e-11	52.8
scaffold1557592	OTU_0005	29.55	132	69	3	55	378	204	335	1e-13	60.1
scaffold1565419	OTU_0044	35.21	142	77	4	54	437	145	285	6e-19	75.5
scaffold1567541	OTU_0023	33.10	145	73	2	426	61	199	342	2e-14	62.0
scaffold1577114	OTU_0068	33.77	77	51	0	297	67	183	259	3e-11	53.1
scaffold1580447	OTU_0071	35.00	100	63	1	22	321	143	240	2e-15	64.7
scaffold1588858	OTU_0023	39.10	133	75	4	427	47	7	139	2e-25	92.8
scaffold1589253	OTU_0031	36.11	144	74	6	56	433	303	446	1e-15	65.9
scaffold1594337	OTU_0086	31.52	165	88	3	9	434	10	172	6e-16	64.7
scaffold1603477	OTU_0023	34.53	139	85	4	7	405	1	139	6e-23	85.9
scaffold1620941	OTU_0022	35.24	105	62	2	2	301	16	119	2e-11	52.0
scaffold1623936	OTU_0021	30.91	110	65	3	72	383	48	152	6e-12	53.1
scaffold1625129	OTU_0020	33.08	133	81	5	428	45	10	139	3e-15	62.8
scaffold1630505	OTU_0086	30.38	158	87	2	407	3	44	201	4e-19	73.6
scaffold1633939	OTU_0040	39.56	91	54	1	273	1	6	95	7e-17	67.0
scaffold1634691	OTU_0003	34.15	164	83	5	420	1	174	336	3e-18	73.2
scaffold1636048	OTU_0008	37.37	99	57	3	1	285	312	409	2e-15	65.5
scaffold1652232	OTU_0021	34.65	101	59	2	423	139	94	193	2e-11	51.6
scaffold1654547	OTU_0031	31.75	126	76	4	34	381	336	461	3e-14	61.6
scaffold1655385	OTU_0005	36.27	102	56	2	326	45	261	361	1e-16	69.7
scaffold1657145	OTU_0023	30.69	101	59	2	395	105	3	96	1e-11	53.9
scaffold1657701	OTU_0041	41.05	95	51	3	329	54	2	94	2e-16	67.8
scaffold1659048	OTU_0086	35.16	91	51	3	112	366	9	97	2e-14	60.1
scaffold1659099	OTU_0097	33.72	86	53	1	314	69	76	161	3e-11	51.6
scaffold1666181	OTU_0010	39.13	138	78	2	10	408	11	147	2e-25	90.5
scaffold1667646	OTU_0031	32.79	122	68	5	91	420	336	455	2e-12	56.6
scaffold1668779	OTU_0058	34.86	109	46	4	172	423	99	207	3e-14	59.7
scaffold1678044	OTU_0020	40.00	110	53	3	97	393	2	109	4e-19	73.6
scaffold1695961	OTU_0009	27.27	121	87	1	418	56	52	171	1e-13	57.4
scaffold1701071	OTU_0071	34.59	159	73	3	10	405	197	351	1e-17	71.2
scaffold1706997	OTU_0023	33.99	153	78	2	2	391	199	351	4e-19	75.1
scaffold1709080	OTU_0020	39.39	99	55	1	335	54	7	105	8e-20	75.5
scaffold1717112	OTU_0020	27.66	94	62	1	134	397	1	94	7e-11	50.4
scaffold1721651	OTU_0023	34.02	97	53	2	415	137	7	96	1e-11	53.5
scaffold1723017	OTU_0086	30.67	150	81	2	392	12	29	178	1e-16	66.6
scaffold1724734	OTU_0046	29.60	125	65	1	64	369	191	315	2e-14	62.8
scaffold1725760	OTU_0020	35.37	82	47	1	2	229	10	91	1e-14	60.8
scaffold1740430	OTU_0020	38.00	100	44	3	302	9	5	88	2e-16	65.9
scaffold1742218	OTU_0023	33.66	101	56	2	359	69	3	96	1e-13	59.3
scaffold1742894	OTU_0020	28.00	125	83	2	374	18	1	124	5e-11	51.2
scaffold1744602	OTU_0023	31.68	101	58	3	22	312	3	96	8e-12	54.3
scaffold1752176	OTU_0023	32.41	108	71	2	332	15	1	108	7e-19	74.3
scaffold1764012	OTU_0020	34.38	96	54	3	132	407	5	95	3e-14	60.1
scaffold1785437	OTU_0064	37.08	89	51	2	283	32	8	96	6e-15	63.9
scaffold1787329	OTU_0039	41.23	114	55	5	86	403	31	140	2e-16	65.5
scaffold1791329	OTU_0021	30.48	105	64	2	76	378	46	145	9e-12	52.4
scaffold1804281	OTU_0022	98.52	135	0	1	1	405	46	178	2e-85	  246
scaffold1828256	OTU_0020	38.78	98	51	5	60	338	1	94	7e-15	61.6
scaffold1828904	OTU_0020	42.11	95	45	4	383	105	8	94	6e-19	73.2
scaffold1835653	OTU_0047	32.65	147	77	4	392	9	22	165	1e-13	57.0
scaffold1844981	OTU_0062	40.48	84	44	1	392	159	12	95	9e-14	60.5
scaffold1846864	OTU_0023	33.00	100	56	2	1	288	4	96	1e-12	56.6
scaffold1850920	OTU_0020	44.83	58	32	0	220	393	7	64	2e-13	57.4
scaffold1853183	OTU_0020	32.99	97	56	3	58	324	1	96	1e-12	55.5
scaffold1863819	OTU_0058	28.18	110	58	3	18	284	101	210	5e-11	50.4
scaffold1866342	OTU_0090	35.23	88	49	4	283	35	11	95	2e-12	56.2
scaffold1871278	OTU_0090	26.02	123	84	2	3	353	138	259	1e-11	53.9
scaffold1871591	OTU_0064	33.70	92	57	3	118	387	3	92	7e-13	57.8
scaffold1871636	OTU_0071	40.96	83	45	3	390	148	14	94	1e-13	59.3
scaffold1880101	OTU_0040	35.34	116	54	4	1	339	4	101	2e-13	57.0
scaffold1882028	OTU_0060	90.08	131	11	1	394	2	74	202	6e-74	  216
scaffold1882133	OTU_0020	34.48	87	55	1	336	82	10	96	5e-12	53.5
scaffold1886759	OTU_0020	39.13	69	37	1	4	195	14	82	1e-13	58.2
scaffold1886889	OTU_0048	78.50	107	22	1	326	6	1	106	5e-58	  176
scaffold1887862	OTU_0020	29.79	94	60	1	336	73	1	94	5e-13	56.6
scaffold1892536	OTU_0064	30.14	146	69	7	1	345	336	479	5e-12	55.1
scaffold1893873	OTU_0068	36.71	79	50	0	134	370	180	258	4e-13	58.5
scaffold1908680	OTU_0005	33.03	109	66	5	392	84	312	419	2e-11	53.1
scaffold1912114	OTU_0021	33.33	141	79	3	2	382	52	191	1e-18	72.0
scaffold1912519	OTU_0066	93.16	117	8	0	392	42	355	471	7e-79	  236
scaffold1919028	OTU_0023	32.99	97	54	3	3	281	7	96	3e-12	55.5
scaffold1939765	OTU_0064	43.37	83	40	5	150	386	6	85	1e-13	60.1
scaffold1957768	OTU_0071	34.26	108	62	3	386	81	163	267	4e-12	54.7
scaffold1959176	OTU_0020	34.09	88	52	1	293	48	7	94	7e-15	61.2
scaffold1972759	OTU_0011	100.00	127	0	0	383	3	1	127	2e-93	  265
scaffold1975724	OTU_0023	29.03	124	80	3	6	359	136	257	1e-13	59.3
scaffold1983396	OTU_0086	29.71	138	74	1	376	32	63	200	2e-14	60.1
scaffold1986633	OTU_0023	33.33	90	50	1	4	243	7	96	1e-11	53.5
scaffold2002882	OTU_0020	36.36	110	53	5	47	370	2	96	9e-18	69.3
scaffold2009249	OTU_0062	39.78	93	50	1	55	315	5	97	5e-16	67.0
scaffold2009687	OTU_0032	100.00	126	0	0	380	3	89	214	1e-93	  267
scaffold2010588	OTU_0005	32.26	124	53	4	376	89	213	333	2e-12	56.2
scaffold2010729	OTU_0023	31.40	121	76	2	1	342	2	122	2e-14	61.2
scaffold2010969	OTU_0003	34.92	126	57	2	46	348	216	341	1e-11	53.9
scaffold2011955	OTU_0043	71.65	127	19	1	1	381	43	152	3e-60	  183
scaffold2012198	OTU_0007	100.00	32	0	0	3	98	669	700	5e-17	70.1
scaffold2016923	OTU_0020	38.98	59	36	0	198	22	1	59	2e-12	54.3
scaffold2017514	OTU_0061	85.25	122	17	1	13	378	1	121	2e-77	  223
scaffold2019010	OTU_0088	94.44	126	7	0	380	3	79	204	2e-89	  256
scaffold2019430	OTU_0062	37.36	91	51	1	326	72	5	95	8e-15	63.5
