scaffold00001	OTU_0005	24.63	735	427	25	589498	591417	79	781	5e-23	  106
scaffold00003	OTU_0007	25.47	695	436	21	33107	31227	5	685	1e-32	  136
scaffold00008	OTU_0005	26.32	665	365	25	450640	448922	108	739	1e-33	  140
scaffold00009	OTU_0001	24.36	743	467	22	74689	76701	80	799	7e-39	  156
scaffold00010	OTU_0090	26.63	522	323	13	175659	174250	3	516	8e-29	  124
scaffold00011	OTU_0068	28.04	485	292	18	552778	551438	1	466	5e-31	  131
scaffold00014	OTU_0023	28.25	269	177	6	222140	222916	7	269	2e-21	97.1
scaffold00017	OTU_0090	26.39	720	420	24	232543	234462	2	691	8e-40	  159
scaffold00020	OTU_0071	26.72	348	209	8	465227	464304	5	346	6e-26	  111
scaffold00024	OTU_0071	30.66	362	195	14	310152	311105	2	351	2e-24	  106
scaffold00025	OTU_0090	28.52	512	318	16	301077	302519	3	497	9e-30	  126
scaffold00027	OTU_0005	21.88	690	446	21	221157	219328	126	802	1e-20	97.4
scaffold00031	OTU_0062	23.08	507	306	16	99105	100475	3	475	3e-18	89.4
scaffold00035	OTU_0001	26.67	660	402	20	34826	33024	123	759	4e-34	  140
scaffold00043	OTU_0044	24.32	440	266	12	62754	61570	8	425	2e-19	91.3
scaffold00045	OTU_0020	31.98	172	110	3	236553	237047	7	178	4e-12	65.9
scaffold00049	OTU_0062	23.02	504	311	17	312870	311497	3	475	8e-22	  100
scaffold00050	OTU_0062	26.42	530	324	15	79255	80685	1	517	1e-33	  139
scaffold00061	OTU_0102	31.08	251	134	8	253513	252824	7	239	3e-20	92.4
scaffold00071	OTU_0007	25.85	650	396	19	190776	192545	24	647	1e-30	  128
scaffold00076	OTU_0005	24.43	528	305	20	3066	4487	83	570	2e-17	85.9
scaffold00095	OTU_0044	25.29	435	260	14	179352	180524	7	420	3e-19	90.1
scaffold00101	OTU_0005	22.66	653	417	19	208377	206653	129	771	3e-18	88.6
scaffold00113	OTU_0090	26.19	737	429	22	150804	152711	21	743	3e-36	  146
scaffold00136	OTU_0023	29.13	357	194	13	85465	86421	7	342	1e-23	  103
scaffold00147	OTU_0023	32.60	227	140	9	204671	205318	1	225	2e-25	  108
scaffold00156	OTU_0001	28.09	534	307	19	165546	164134	85	604	5e-25	  110
scaffold00158	OTU_0008	25.16	477	278	18	49222	50484	14	467	3e-15	77.4
scaffold00167	OTU_0001	25.41	673	405	21	81783	79963	119	760	1e-30	  128
scaffold00169	OTU_0062	26.23	530	318	14	10415	11833	4	517	2e-30	  127
scaffold00180	OTU_0046	30.67	225	140	7	146745	146101	6	224	7e-17	84.0
scaffold00185	OTU_0071	25.41	366	228	9	115510	116502	2	357	2e-22	98.6
scaffold00196	OTU_0001	22.74	752	482	22	20870	18837	85	811	1e-32	  135
scaffold00200	OTU_0023	30.83	253	159	8	18495	19226	1	246	1e-18	87.0
scaffold00220	OTU_0005	27.14	781	412	32	6003	7955	16	769	3e-42	  165
scaffold00247	OTU_0005	23.81	504	298	20	57463	58806	79	552	2e-14	75.5
scaffold00252	OTU_0001	26.91	680	390	24	71893	73725	118	759	5e-38	  152
scaffold00253	OTU_0062	31.40	258	146	13	2765	2046	5	249	3e-19	91.3
scaffold00262	OTU_0005	26.74	688	413	25	76648	78489	131	801	3e-38	  152
scaffold00265	OTU_0007	22.34	546	336	22	94719	96176	159	676	8e-14	73.2
scaffold00289	OTU_0090	25.36	698	431	20	91239	93089	3	691	1e-37	  150
scaffold00290	OTU_0023	23.04	369	250	8	107712	106693	5	368	2e-11	64.7
scaffold00295	OTU_0090	25.33	691	424	25	8639	10459	3	685	6e-29	  122
scaffold00300	OTU_0090	27.07	543	337	7	14520	13063	6	546	3e-40	  158
scaffold00309	OTU_0090	25.17	715	420	23	93944	95818	2	691	2e-37	  149
scaffold00317	OTU_0090	28.37	504	298	16	61303	62658	3	495	2e-33	  137
scaffold00321	OTU_0001	22.27	714	436	21	92503	90605	120	795	6e-28	  119
scaffold00338	OTU_0071	25.21	353	213	9	93022	93966	7	346	1e-15	77.4
scaffold00351	OTU_0090	25.66	304	183	10	69711	68866	2	284	4e-12	67.8
scaffold00367	OTU_0023	27.65	264	180	6	112802	112035	4	264	1e-16	80.5
scaffold00378	OTU_0003	25.80	314	182	8	14175	14990	119	423	1e-12	68.2
scaffold00387	OTU_0005	22.70	696	435	21	79471	81303	126	803	1e-18	88.6
scaffold00392	OTU_0062	26.83	492	280	17	17709	19004	3	474	6e-30	  125
scaffold00393	OTU_0005	25.89	734	438	27	37677	39644	103	808	9e-33	  134
scaffold00401	OTU_0062	28.01	482	288	15	53779	55074	2	474	5e-28	  119
scaffold00402	OTU_0090	27.57	497	307	14	29758	28409	5	495	2e-33	  136
scaffold00405	OTU_0090	25.00	528	325	17	68049	66637	3	516	2e-26	  114
scaffold00407	OTU_0062	27.25	510	311	14	32396	31020	4	504	7e-33	  134
scaffold00438	OTU_0044	24.15	439	258	13	83344	84513	8	420	2e-15	77.4
scaffold00442	OTU_0090	26.15	283	180	9	106441	105623	2	265	1e-13	72.4
scaffold00443	OTU_0062	23.39	496	304	17	39664	38315	3	468	3e-19	90.9
scaffold00462	OTU_0068	29.34	242	130	7	101500	102171	18	236	3e-18	87.4
scaffold00462	OTU_0068	29.93	137	94	2	102541	102951	420	554	7e-11	63.5
scaffold00471	OTU_0068	29.13	254	142	11	59900	60592	447	685	1e-11	65.5
scaffold00476	OTU_0007	24.44	716	417	24	99127	101001	7	689	8e-30	  124
scaffold00490	OTU_0001	23.06	759	446	33	36214	38199	75	792	4e-14	73.9
scaffold00491	OTU_0090	27.49	502	308	14	79873	78518	3	498	1e-35	  143
scaffold00505	OTU_0062	24.52	518	327	13	31070	32455	1	510	5e-24	  105
scaffold00538	OTU_0023	26.84	354	218	10	71462	72415	2	350	9e-23	99.4
scaffold00541	OTU_0046	27.31	487	305	18	23921	22563	3	474	2e-30	  126
scaffold00606	OTU_0044	26.33	300	182	8	4032	3196	144	425	4e-15	75.9
scaffold00613	OTU_0005	27.76	807	419	35	19586	17571	8	785	1e-44	  172
scaffold00647	OTU_0062	26.57	527	312	17	89260	90663	7	517	2e-31	  129
scaffold00658	OTU_0008	24.84	322	205	9	86623	85751	146	461	2e-11	64.3
scaffold00659	OTU_0001	27.42	507	276	20	39761	38451	120	604	8e-27	  115
scaffold00680	OTU_0023	25.84	356	216	9	359	1330	5	344	6e-23	99.4
scaffold00685	OTU_0064	28.04	567	301	16	71282	72946	3	474	1e-40	  157
scaffold00692	OTU_0023	23.30	279	169	9	18189	18977	3	252	2e-11	63.9
scaffold00698	OTU_0071	25.54	278	156	9	61314	62078	2	251	2e-11	63.9
scaffold00713	OTU_0062	23.02	504	311	17	24459	23086	3	475	7e-15	75.9
scaffold00734	OTU_0005	24.82	693	403	24	2862	991	159	802	5e-35	  141
scaffold00768	OTU_0003	26.63	323	186	11	14623	13760	117	423	4e-13	69.3
scaffold00790	OTU_0007	25.00	684	423	23	61075	62916	7	670	2e-35	  141
scaffold00836	OTU_0062	24.95	481	300	13	21848	20565	2	474	9e-27	  114
scaffold00862	OTU_0005	25.95	682	401	24	22961	24763	113	771	2e-33	  136
scaffold00906	OTU_0062	27.54	276	163	9	39815	40594	1	255	9e-14	72.0
scaffold00953	OTU_0090	23.63	728	458	21	53188	55140	2	708	1e-37	  149
scaffold00957	OTU_0001	23.66	655	402	23	64844	66577	117	750	3e-19	90.1
scaffold00971	OTU_0023	32.02	253	159	5	41918	41193	1	251	2e-31	  125
scaffold00978	OTU_0007	24.31	617	376	18	67649	65928	62	630	7e-30	  124
scaffold01019	OTU_0064	24.92	317	159	11	42540	43379	52	326	4e-13	69.3
scaffold01077	OTU_0001	23.39	744	429	25	61063	59048	120	794	1e-26	  114
scaffold01089	OTU_0023	29.56	318	209	10	3222	2308	2	317	5e-21	92.8
scaffold01095	OTU_0007	26.32	665	371	23	29216	27456	24	647	2e-39	  154
scaffold01122	OTU_0001	22.85	744	467	23	46702	48699	85	799	6e-34	  137
scaffold01208	OTU_0008	25.59	469	270	20	30696	29458	14	459	2e-15	76.3
scaffold01216	OTU_0046	24.60	748	439	30	9442	11427	1	709	5e-28	  118
scaffold01282	OTU_0064	29.20	476	274	17	49084	47813	9	473	3e-37	  145
scaffold01295	OTU_0062	26.50	317	177	10	49455	48592	3	292	9e-13	68.6
scaffold01304	OTU_0007	23.98	688	427	25	43579	45414	16	683	2e-30	  125
scaffold01322	OTU_0023	25.00	280	172	8	4019	3228	2	259	1e-12	66.6
scaffold01359	OTU_0044	23.65	444	264	13	29880	28696	8	425	6e-17	80.9
scaffold01398	OTU_0023	27.05	244	144	6	19390	18737	7	242	8e-15	73.6
scaffold01472	OTU_0003	27.14	350	189	15	18368	19309	104	423	6e-15	74.3
scaffold01491	OTU_0010	31.50	127	81	2	31232	30867	19	144	8e-13	65.1
scaffold01526	OTU_0003	32.28	254	138	7	3520	4191	174	423	4e-18	84.3
scaffold01626	OTU_0075	34.48	145	80	5	8850	8431	58	192	5e-12	62.4
scaffold01689	OTU_0046	26.61	729	429	22	20832	22760	8	716	1e-40	  157
scaffold01691	OTU_0071	29.02	348	210	7	27032	26088	8	351	2e-24	  103
scaffold01795	OTU_0062	26.30	270	158	9	29918	30667	1	249	4e-12	65.9
scaffold01834	OTU_0023	30.65	248	159	6	17214	16504	1	246	9e-28	  113
scaffold01884	OTU_0001	25.14	704	437	21	30529	28604	85	760	1e-39	  154
scaffold02010	OTU_0062	25.61	570	352	22	2710	1181	3	560	4e-31	  127
scaffold02151	OTU_0007	25.07	674	397	23	15146	16939	7	648	4e-32	  130
scaffold02167	OTU_0006	29.92	478	282	18	32133	30808	7	467	2e-32	  131
scaffold02254	OTU_0007	25.73	688	424	23	29949	28078	7	671	1e-30	  125
scaffold02391	OTU_0046	24.25	734	432	24	2005	3915	3	709	4e-33	  133
scaffold02518	OTU_0005	23.93	723	448	23	14371	16311	105	801	1e-32	  132
scaffold02609	OTU_0001	21.79	725	473	20	4073	6040	101	800	5e-32	  130
scaffold02744	OTU_0005	26.06	568	340	24	25665	24157	215	767	2e-31	  128
scaffold02824	OTU_0068	23.36	458	266	16	23944	22595	3	383	5e-13	68.2
scaffold02840	OTU_0005	23.32	656	414	19	13268	14998	126	771	1e-25	  109
scaffold03050	OTU_0086	34.31	102	44	1	8127	8363	63	164	3e-12	62.8
scaffold03076	OTU_0090	25.19	770	472	18	9942	7888	7	757	2e-47	  178
scaffold03171	OTU_0044	24.31	436	263	13	13283	12111	8	421	2e-20	90.5
scaffold03186	OTU_0021	33.33	150	85	4	11355	11774	49	193	4e-15	71.6
scaffold03478	OTU_0090	26.29	464	287	9	8764	7523	9	467	1e-35	  140
scaffold03621	OTU_0062	27.40	281	167	8	13895	13101	1	260	9e-15	73.6
scaffold03898	OTU_0007	24.93	690	410	21	16675	18561	6	648	2e-41	  158
scaffold03943	OTU_0064	25.19	536	344	18	18136	16640	1	516	9e-20	89.4
scaffold03959	OTU_0023	29.41	238	155	5	17876	17196	1	236	6e-22	94.0
scaffold03985	OTU_0023	31.65	237	149	9	4798	4121	2	236	8e-24	  100
scaffold04290	OTU_0062	25.53	795	452	31	11793	13871	3	759	7e-44	  166
scaffold04302	OTU_0007	22.47	712	402	24	145	2136	7	616	5e-21	93.6
scaffold04391	OTU_0001	25.69	397	212	15	14703	15659	22	413	4e-16	77.8
scaffold04475	OTU_0001	21.52	711	441	25	3126	5024	115	786	9e-19	86.3
scaffold04486	OTU_0023	22.93	423	236	14	11283	12497	1	351	5e-13	66.2
scaffold04552	OTU_0005	24.31	691	426	21	14855	13014	123	793	3e-32	  130
scaffold04749	OTU_0023	28.33	360	211	10	7483	6515	2	351	1e-30	  121
scaffold04788	OTU_0062	29.03	527	290	21	1024	2427	3	504	4e-42	  160
scaffold04793	OTU_0102	28.03	264	173	8	14870	15628	2	259	1e-13	68.6
scaffold04880	OTU_0021	32.45	151	85	5	3072	2653	49	193	3e-13	64.7
scaffold05031	OTU_0023	26.25	339	208	11	9875	8967	3	335	3e-16	76.3
scaffold05066	OTU_0090	27.10	487	276	13	7110	8381	3	473	7e-37	  144
scaffold05456	OTU_0062	26.18	531	317	14	9099	7681	4	517	2e-35	  139
scaffold05539	OTU_0044	24.37	439	259	13	5237	4065	7	420	7e-18	81.6
scaffold05602	OTU_0046	25.05	531	315	18	9116	10519	6	516	7e-30	  122
scaffold05602	OTU_0046	26.05	261	178	11	4402	3650	4	259	5e-17	80.5
scaffold05630	OTU_0023	29.33	225	129	5	3956	3324	16	224	3e-21	91.7
scaffold05716	OTU_0023	32.64	242	150	7	2632	3324	7	246	5e-24	  100
scaffold05720	OTU_0090	26.83	492	274	18	11379	12665	5	473	2e-30	  124
scaffold05933	OTU_0023	27.34	256	149	10	1450	2181	3	233	2e-13	67.0
scaffold05977	OTU_0044	27.13	435	253	13	818	1981	8	425	1e-22	96.3
scaffold06048	OTU_0005	23.84	797	461	28	7578	9743	83	808	6e-32	  129
scaffold06273	OTU_0005	24.57	753	438	26	9752	7782	75	793	6e-31	  125
scaffold06421	OTU_0102	25.07	351	230	11	11287	12309	5	332	2e-18	82.8
scaffold06839	OTU_0007	27.69	455	270	13	8864	7629	24	462	7e-23	99.0
scaffold06932	OTU_0001	24.12	680	411	23	5999	7798	120	774	1e-17	82.0
scaffold06942	OTU_0023	24.88	426	242	11	9078	10322	1	359	3e-22	94.4
scaffold07678	OTU_0064	24.90	478	301	12	7432	6155	5	476	4e-16	76.6
scaffold07795	OTU_0001	24.16	774	477	24	2587	4656	50	797	2e-37	  145
scaffold07832	OTU_0062	25.56	540	309	16	2860	4278	4	517	7e-28	  115
scaffold08025	OTU_0020	32.63	95	60	1	5219	5491	1	95	4e-13	64.3
scaffold08048	OTU_0062	26.60	485	285	19	5058	6335	2	474	1e-16	78.6
scaffold08522	OTU_0023	39.60	101	50	3	467	177	3	96	5e-12	62.8
scaffold08710	OTU_0006	28.45	232	152	5	2570	1899	1	226	1e-18	84.7
scaffold08710	OTU_0006	36.73	98	62	0	1037	744	627	724	1e-12	65.5
scaffold09235	OTU_0062	27.24	290	172	9	1370	2194	1	266	5e-14	69.7
scaffold10087	OTU_0062	24.85	495	279	17	8521	7235	7	474	4e-19	86.3
scaffold10243	OTU_0001	25.93	702	424	25	6218	4320	120	794	1e-36	  143
scaffold10276	OTU_0005	24.40	418	255	15	1129	23	267	672	1e-17	81.6
scaffold10337	OTU_0071	27.25	356	216	10	7322	8287	5	351	4e-25	  102
scaffold10346	OTU_0086	35.29	102	43	1	5979	5743	63	164	3e-14	67.4
scaffold10583	OTU_0090	27.54	483	304	14	3742	2378	3	467	3e-33	  132
scaffold10825	OTU_0062	23.32	776	479	25	3979	6138	3	718	2e-29	  120
scaffold11242	OTU_0090	28.74	508	316	16	4244	5677	2	493	7e-38	  146
scaffold11423	OTU_0068	24.20	748	438	29	2577	4559	3	708	7e-31	  124
scaffold11525	OTU_0007	23.40	688	431	24	2621	4456	16	683	7e-31	  124
scaffold11543	OTU_0071	35.48	93	54	1	1685	1945	3	95	1e-10	58.2
scaffold11556	OTU_0005	25.59	297	186	10	4734	3928	131	420	1e-14	71.6
scaffold12054	OTU_0023	29.03	124	82	2	7087	7443	2	124	2e-12	63.5
scaffold12062	OTU_0071	27.31	249	134	6	24	683	136	366	8e-14	67.8
scaffold12394	OTU_0005	23.88	716	422	25	2211	4073	113	800	2e-24	  103
scaffold13125	OTU_0062	25.61	488	291	15	21	1316	3	474	2e-32	  129
scaffold13581	OTU_0077	31.13	151	89	3	6101	6523	15	160	7e-12	59.7
scaffold13855	OTU_0090	29.16	487	268	16	3988	5283	3	467	1e-34	  135
scaffold14064	OTU_0066	22.03	286	192	8	320	1093	173	455	5e-11	59.3
scaffold14171	OTU_0023	26.97	304	177	12	4390	3548	1	282	4e-16	74.7
scaffold14668	OTU_0023	24.04	287	171	9	3727	2918	3	259	5e-13	65.1
scaffold14727	OTU_0041	35.29	102	57	3	5995	6273	3	104	2e-11	60.1
scaffold14806	OTU_0023	27.36	307	178	11	6067	5216	1	285	5e-15	71.2
scaffold14908	OTU_0071	32.42	256	155	6	5614	6348	4	252	3e-19	84.0
scaffold14928	OTU_0020	37.89	95	55	1	4880	5152	1	95	1e-16	74.3
scaffold15010	OTU_0021	29.08	196	107	6	4607	5113	3	193	1e-14	68.2
scaffold15246	OTU_0077	28.89	180	106	4	1424	903	15	178	1e-14	68.2
scaffold15542	OTU_0062	29.06	265	151	8	2942	2202	3	248	9e-18	81.6
scaffold15691	OTU_0064	26.71	292	189	9	3658	4503	8	284	5e-13	65.9
scaffold15826	OTU_0071	25.45	275	161	8	880	113	2	251	3e-13	65.9
scaffold15862	OTU_0008	24.95	465	271	18	4290	3046	23	459	1e-14	70.9
scaffold16174	OTU_0001	26.69	356	202	16	3394	2483	70	418	5e-13	65.9
scaffold16494	OTU_0005	23.80	689	424	24	3292	5106	130	801	7e-24	  101
scaffold16626	OTU_0001	23.02	721	468	19	5225	3258	101	799	1e-29	  120
scaffold16721	OTU_0023	29.37	269	149	11	2827	3579	1	246	2e-16	75.5
scaffold17455	OTU_0023	30.36	247	146	6	4997	5677	3	243	1e-22	94.4
scaffold17698	OTU_0041	35.16	91	55	1	1582	1322	3	93	3e-12	62.4
scaffold17891	OTU_0062	24.30	568	364	18	1867	3399	2	560	2e-32	  128
scaffold18895	OTU_0020	37.36	91	52	2	629	372	3	93	7e-11	56.6
scaffold19105	OTU_0007	27.02	470	287	15	3328	2039	24	477	5e-29	  117
scaffold19600	OTU_0023	23.90	364	219	12	1100	117	5	346	2e-15	72.4
scaffold19775	OTU_0023	27.65	405	235	10	548	1744	7	359	5e-34	  129
scaffold20767	OTU_0023	24.66	365	200	13	1345	2388	8	314	2e-17	78.6
scaffold22299	OTU_0020	36.84	95	56	1	1037	1309	1	95	4e-16	72.4
scaffold22781	OTU_0071	29.72	249	151	8	2749	2024	5	236	2e-18	80.9
scaffold23047	OTU_0005	23.58	704	438	22	890	2740	79	769	7e-30	  120
scaffold23793	OTU_0064	27.94	519	294	18	2483	3853	3	503	5e-36	  138
scaffold24481	OTU_0064	26.72	479	306	16	1791	3131	2	467	5e-33	  129
scaffold24539	OTU_0005	26.19	378	210	19	956	1969	72	420	4e-15	72.4
scaffold25242	OTU_0062	31.18	263	164	7	1696	2451	5	261	2e-16	76.6
scaffold25282	OTU_0020	32.61	138	81	3	2087	2476	1	134	8e-12	58.9
scaffold25841	OTU_0068	30.17	484	283	17	1334	2674	1	466	3e-38	  146
scaffold26232	OTU_0007	27.39	376	205	12	3057	4043	107	461	1e-20	90.1
scaffold26889	OTU_0046	25.29	257	156	7	3965	3231	1	233	4e-13	65.5
scaffold26924	OTU_0090	24.07	781	473	25	1909	3969	1	755	2e-34	  134
scaffold27590	OTU_0062	26.04	699	420	20	2161	320	1	687	3e-42	  159
scaffold27639	OTU_0001	30.18	275	149	9	902	192	118	387	7e-18	81.3
scaffold27784	OTU_0068	27.38	515	313	19	1448	18	1	492	3e-32	  127
scaffold28671	OTU_0020	35.79	95	57	1	17	289	1	95	6e-16	71.6
scaffold29453	OTU_0005	25.10	729	424	28	2842	932	73	771	2e-32	  128
scaffold30032	OTU_0023	28.67	279	161	9	681	1469	3	259	9e-18	79.0
scaffold30270	OTU_0023	28.04	271	179	6	2842	2060	5	269	7e-23	94.4
scaffold30635	OTU_0005	30.86	243	132	9	2211	2843	170	408	4e-17	78.6
scaffold30938	OTU_0023	30.08	246	161	7	23	730	24	268	3e-21	89.4
scaffold31565	OTU_0040	48.00	75	33	2	119	340	32	101	2e-13	63.2
scaffold31853	OTU_0090	28.29	502	300	14	1105	2457	3	495	2e-39	  149
scaffold32018	OTU_0007	26.52	626	373	19	1754	3442	23	624	1e-31	  124
scaffold32515	OTU_0005	28.03	553	325	21	65	1558	267	801	3e-34	  133
scaffold32656	OTU_0005	25.17	751	451	29	1022	3028	86	807	2e-24	  102
scaffold32992	OTU_0062	30.78	497	261	19	2808	1492	3	474	3e-42	  158
scaffold34270	OTU_0020	35.79	95	57	1	506	234	1	95	7e-16	71.2
scaffold35105	OTU_0023	28.71	404	227	12	301	1491	4	353	4e-38	  141
scaffold36189	OTU_0001	20.33	797	495	32	347	2431	16	774	5e-17	78.2
scaffold36905	OTU_0062	24.62	260	176	7	2169	2915	2	252	2e-15	72.8
scaffold38216	OTU_0008	26.71	322	198	9	825	1688	147	464	6e-16	73.9
scaffold38223	OTU_0071	27.79	367	212	10	1460	2440	1	354	1e-24	99.4
scaffold38241	OTU_0062	26.16	623	355	23	126	1715	2	612	2e-35	  137
scaffold38457	OTU_0020	37.84	74	40	2	1768	1971	7	80	3e-12	60.1
scaffold38720	OTU_0090	28.27	237	153	7	3174	2500	29	260	4e-19	84.7
scaffold38993	OTU_0005	26.65	803	417	31	2572	581	16	785	6e-44	  164
scaffold39186	OTU_0005	25.18	552	343	23	121	1614	267	802	8e-28	  112
scaffold39267	OTU_0066	24.82	423	270	13	3097	1922	58	463	2e-24	  100
scaffold39300	OTU_0046	31.31	297	162	8	3115	2345	204	498	5e-20	87.8
scaffold40447	OTU_0062	28.46	499	271	17	6	1334	20	488	8e-32	  125
scaffold41148	OTU_0008	25.82	275	167	7	39	785	187	450	2e-17	78.6
scaffold42324	OTU_0023	24.79	359	220	9	1796	819	5	346	7e-19	82.0
scaffold42635	OTU_0068	26.03	484	297	14	1784	462	7	472	4e-30	  119
scaffold43145	OTU_0064	31.12	241	127	8	2507	1797	315	520	2e-19	84.7
scaffold44070	OTU_0020	34.74	95	58	2	2105	2377	1	95	1e-12	60.8
scaffold44873	OTU_0005	22.28	763	443	30	590	2554	79	799	1e-19	85.9
scaffold45764	OTU_0023	27.75	346	198	10	1227	322	7	344	5e-22	91.3
scaffold45965	OTU_0023	28.74	247	147	8	1692	964	3	224	7e-20	84.7
scaffold46683	OTU_0001	26.17	684	398	24	2290	482	117	774	8e-32	  125
scaffold46780	OTU_0068	23.39	436	236	14	7	1263	30	384	1e-14	69.7
scaffold46868	OTU_0064	34.68	173	105	4	2244	2744	2	172	6e-26	  105
scaffold47498	OTU_0021	30.96	197	96	9	1356	871	2	193	9e-15	67.0
scaffold47991	OTU_0090	32.35	238	145	7	2024	2704	6	238	2e-27	  111
scaffold48145	OTU_0102	26.54	358	228	8	1453	2433	3	356	2e-28	  111
scaffold48633	OTU_0020	34.74	95	58	1	2094	2366	1	95	2e-13	63.2
scaffold49578	OTU_0068	26.50	434	281	14	2639	1425	42	466	1e-21	92.4
scaffold49735	OTU_0090	25.43	751	458	30	2632	665	15	758	3e-37	  142
scaffold50680	OTU_0023	36.05	147	88	3	431	9	1	147	8e-24	96.7
scaffold50725	OTU_0003	29.63	297	171	9	1467	2252	119	412	2e-18	81.3
scaffold51473	OTU_0020	32.05	156	93	6	446	3	2	152	1e-15	70.1
scaffold52896	OTU_0023	25.50	353	224	8	1380	2333	2	350	9e-23	93.2
scaffold52903	OTU_0008	30.20	255	156	7	118	834	162	410	4e-24	98.6
scaffold53888	OTU_0058	26.05	215	129	8	2199	1633	1	211	2e-12	59.7
scaffold54331	OTU_0062	27.41	540	317	15	203	1648	3	525	7e-44	  162
scaffold54373	OTU_0001	23.63	766	484	25	371	2437	45	786	7e-38	  144
scaffold54477	OTU_0020	37.84	111	64	4	2089	2415	1	108	2e-15	68.9
scaffold56262	OTU_0041	44.44	90	45	3	265	5	4	91	2e-15	71.2
scaffold56705	OTU_0046	26.14	352	222	12	2335	1361	134	474	2e-18	82.0
scaffold57138	OTU_0040	36.08	97	61	1	2352	2062	6	101	7e-15	67.0
scaffold57504	OTU_0005	25.16	759	444	30	119	2119	84	810	1e-28	  114
scaffold57533	OTU_0043	26.20	187	125	7	7	534	82	266	5e-12	59.3
scaffold57573	OTU_0062	23.18	453	252	14	1325	33	3	381	1e-16	75.9
scaffold58137	OTU_0046	24.12	514	285	19	2346	1048	227	716	2e-15	72.0
scaffold58168	OTU_0041	37.36	91	51	2	620	366	5	95	2e-12	62.0
scaffold58302	OTU_0102	27.65	340	198	8	1730	822	4	332	3e-22	91.7
scaffold59667	OTU_0090	26.25	499	306	15	15	1343	24	516	7e-36	  137
scaffold61034	OTU_0020	34.74	95	58	1	1595	1867	1	95	3e-14	65.5
scaffold61037	OTU_0062	27.04	270	156	9	1728	979	1	249	8e-15	70.1
scaffold62364	OTU_0102	34.09	132	75	4	1823	1452	4	131	8e-12	59.7
scaffold62599	OTU_0023	34.74	95	58	1	692	420	2	96	5e-12	60.1
scaffold63172	OTU_0008	28.35	321	173	10	6	905	175	459	2e-22	93.2
scaffold63643	OTU_0005	23.17	725	443	22	218	2134	75	771	3e-24	  100
scaffold64432	OTU_0005	25.71	354	197	14	1098	178	79	413	2e-17	78.6
scaffold65142	OTU_0062	26.72	262	169	7	787	53	5	260	9e-20	85.9
scaffold65930	OTU_0023	29.86	355	199	10	1037	1984	8	351	5e-29	  112
scaffold66223	OTU_0066	25.69	327	206	12	56	943	138	458	1e-17	78.2
scaffold67232	OTU_0071	27.25	367	214	10	216	1196	1	354	2e-23	95.1
scaffold68508	OTU_0030	29.20	113	76	1	148	474	118	230	3e-12	59.7
scaffold71131	OTU_0020	33.68	95	59	1	382	110	1	95	3e-14	65.5
scaffold71463	OTU_0005	26.81	496	298	21	2001	655	330	807	2e-25	  103
scaffold71739	OTU_0062	26.35	277	174	10	816	22	3	261	8e-14	66.6
scaffold72981	OTU_0005	28.57	266	159	6	1235	1939	506	771	7e-22	92.4
scaffold72981	OTU_0005	32.82	131	81	2	585	959	290	419	1e-11	59.3
scaffold73304	OTU_0005	28.50	593	338	23	63	1658	214	781	2e-36	  138
scaffold74223	OTU_0023	34.41	247	149	5	1726	1019	2	246	3e-37	  135
scaffold74358	OTU_0001	26.62	616	357	23	28	1734	220	787	2e-29	  116
scaffold74924	OTU_0023	25.00	356	203	11	1923	877	61	359	4e-22	90.5
scaffold74998	OTU_0003	27.81	302	177	8	808	14	119	416	3e-19	82.8
scaffold76048	OTU_0071	24.72	360	232	7	851	1834	2	354	1e-22	92.0
scaffold76421	OTU_0102	29.34	351	214	9	668	1624	4	352	1e-32	  122
scaffold77169	OTU_0062	25.55	364	223	8	975	1	3	357	6e-24	98.6
scaffold77329	OTU_0003	26.78	295	175	9	775	2	114	404	2e-14	67.8
scaffold78694	OTU_0068	26.45	484	295	14	432	1754	7	472	2e-31	  122
scaffold79131	OTU_0023	35.29	102	53	3	364	74	3	96	1e-12	61.6
scaffold79399	OTU_0090	27.17	357	223	7	727	1698	1	353	4e-30	  118
scaffold79928	OTU_0020	43.16	95	48	1	1538	1804	1	95	7e-18	76.3
scaffold81278	OTU_0001	28.81	302	173	9	710	1504	120	416	2e-18	80.9
scaffold83564	OTU_0003	31.54	130	72	5	355	711	301	424	5e-12	59.7
scaffold84022	OTU_0020	25.58	129	88	2	1383	1751	5	131	1e-11	57.0
scaffold84176	OTU_0023	30.43	253	163	8	819	1544	1	251	1e-30	  115
scaffold86386	OTU_0007	27.36	625	324	21	1719	100	69	648	3e-40	  148
scaffold86794	OTU_0090	25.69	288	176	9	876	1694	1	265	3e-16	73.9
scaffold87876	OTU_0001	25.12	605	343	25	1710	142	221	797	1e-27	  110
scaffold88202	OTU_0005	31.28	227	119	9	1683	1093	200	419	3e-21	89.7
scaffold88560	OTU_0064	29.89	271	165	7	3	761	204	467	6e-15	69.7
scaffold88700	OTU_0046	25.59	547	305	17	1517	138	161	692	7e-25	  101
scaffold89338	OTU_0020	30.82	146	94	5	445	23	2	145	8e-13	60.8
scaffold89512	OTU_0090	36.17	94	56	3	312	37	3	94	2e-11	58.5
scaffold90622	OTU_0041	34.48	116	58	4	414	121	4	119	5e-12	59.7
scaffold91519	OTU_0041	30.40	125	81	2	1186	1545	1	124	7e-12	58.9
scaffold92115	OTU_0016	27.49	211	120	8	996	1553	18	220	2e-13	62.0
scaffold92320	OTU_0090	26.76	568	300	26	1645	14	216	691	6e-24	98.2
scaffold92386	OTU_0102	29.58	240	157	7	701	6	6	241	4e-23	93.2
scaffold92847	OTU_0023	32.92	240	148	5	688	2	2	239	3e-33	  122
scaffold92909	OTU_0003	25.08	307	190	7	602	1417	119	420	1e-19	83.6
scaffold94691	OTU_0023	27.87	244	137	6	49	696	119	351	4e-17	75.5
scaffold95693	OTU_0001	24.66	438	262	13	1194	19	120	535	2e-18	80.5
scaffold97368	OTU_0090	24.01	329	215	10	530	1468	3	312	1e-16	75.1
scaffold97978	OTU_0020	43.16	95	52	2	1132	1410	1	95	3e-21	86.3
scaffold99011	OTU_0023	27.14	269	164	9	882	97	3	246	3e-16	72.4
scaffold100706	OTU_0003	26.55	290	172	9	781	1539	119	404	6e-15	68.9
scaffold102639	OTU_0071	21.63	282	188	7	1451	642	3	263	2e-11	57.4
scaffold106153	OTU_0090	43.62	94	50	3	1204	1479	3	95	1e-16	74.7
scaffold107305	OTU_0001	26.76	482	278	15	9	1304	118	574	1e-20	87.8
scaffold108721	OTU_0062	27.56	225	148	8	807	1454	5	223	1e-13	65.1
scaffold108767	OTU_0023	29.10	323	178	10	1093	218	5	307	6e-30	  112
scaffold111490	OTU_0023	28.02	257	148	7	724	2	1	236	2e-16	72.8
scaffold111843	OTU_0068	26.86	443	247	16	1150	5	2	428	5e-25	  100
scaffold112419	OTU_0023	30.06	316	185	9	465	1352	7	306	3e-26	  101
scaffold112474	OTU_0068	29.69	256	162	8	210	941	10	259	8e-15	68.9
scaffold114012	OTU_0064	27.15	291	170	8	1402	650	215	503	3e-13	63.9
scaffold114582	OTU_0005	24.70	506	305	16	1396	2	269	739	3e-25	  101
scaffold115151	OTU_0001	24.84	483	288	13	94	1380	113	574	8e-25	  100
scaffold115660	OTU_0020	33.33	156	83	10	932	1381	1	141	1e-15	68.6
scaffold117353	OTU_0023	27.83	345	199	11	1069	65	5	309	1e-30	  114
scaffold117705	OTU_0045	24.01	304	196	8	1326	502	96	393	2e-14	66.6
scaffold118439	OTU_0001	24.95	465	275	16	1358	126	175	619	5e-19	82.0
scaffold119688	OTU_0007	24.58	472	298	14	1288	5	7	464	5e-21	88.2
scaffold122411	OTU_0064	37.36	91	54	3	758	1024	2	91	9e-13	62.0
scaffold126378	OTU_0008	26.45	276	179	6	1294	503	184	447	1e-19	83.2
scaffold126766	OTU_0064	30.32	221	121	7	1040	417	315	515	5e-17	75.1
scaffold130008	OTU_0005	25.31	324	197	10	109	999	267	572	2e-14	67.0
scaffold131103	OTU_0005	26.19	443	258	19	87	1247	214	643	2e-25	  100
scaffold132146	OTU_0023	26.41	231	137	7	1164	538	5	224	1e-13	63.9
scaffold134537	OTU_0008	25.77	392	248	17	1237	164	49	431	6e-15	68.2
scaffold135214	OTU_0031	28.29	449	258	15	34	1230	5	439	6e-30	  112
scaffold140022	OTU_0020	29.67	91	60	1	283	23	1	91	1e-12	59.7
scaffold141802	OTU_0064	29.22	243	125	6	926	216	315	516	7e-17	74.3
scaffold142244	OTU_0020	30.83	133	84	3	439	59	1	131	2e-12	58.9
scaffold147013	OTU_0023	31.29	278	179	10	312	1115	2	277	4e-20	83.2
scaffold147377	OTU_0040	44.00	75	36	2	72	293	33	102	1e-12	58.5
scaffold147515	OTU_0066	25.94	266	168	7	1147	419	210	469	2e-16	72.4
scaffold152743	OTU_0044	25.58	301	183	9	1073	237	144	425	1e-16	73.2
scaffold152763	OTU_0064	26.90	394	213	8	987	7	163	548	2e-19	81.6
scaffold153040	OTU_0020	30.66	137	79	4	560	180	1	131	3e-12	58.5
scaffold153154	OTU_0090	28.31	325	163	12	160	996	457	757	5e-16	71.6
scaffold153718	OTU_0045	29.82	275	167	7	1115	357	82	352	1e-20	85.1
scaffold153769	OTU_0008	26.33	376	242	12	1111	56	45	409	3e-19	81.3
scaffold153896	OTU_0046	29.75	279	151	7	6	722	200	473	8e-23	92.4
scaffold154079	OTU_0022	30.82	159	84	4	564	103	1	138	4e-13	60.8
scaffold156495	OTU_0038	26.39	216	128	6	676	116	65	278	3e-12	58.9
scaffold156695	OTU_0003	24.19	339	204	9	921	19	100	423	5e-14	65.1
scaffold157961	OTU_0008	30.10	309	185	9	72	914	169	474	1e-24	96.7
scaffold158072	OTU_0023	26.37	273	162	9	770	3	1	251	6e-14	64.3
scaffold159472	OTU_0074	32.00	175	97	5	617	1078	104	277	3e-16	70.5
scaffold162806	OTU_0023	26.92	312	181	12	3	821	39	342	4e-14	65.1
scaffold167273	OTU_0064	26.38	254	157	8	20	709	289	536	1e-10	54.7
scaffold170877	OTU_0001	24.68	316	172	13	71	916	273	556	1e-14	66.6
scaffold172844	OTU_0023	29.90	301	193	11	152	1009	1	298	6e-27	  102
scaffold175563	OTU_0005	28.49	372	204	17	17	1006	370	721	3e-16	71.6
scaffold176542	OTU_0090	30.00	360	210	10	19	990	7	360	7e-37	  134
scaffold178531	OTU_0038	30.25	238	131	8	382	996	30	265	2e-16	70.5
scaffold181260	OTU_0023	27.04	233	142	9	155	799	5	227	6e-11	55.1
scaffold181449	OTU_0046	25.00	316	182	10	960	157	418	726	2e-11	57.0
scaffold182577	OTU_0071	25.33	229	155	5	971	312	36	257	1e-13	63.2
scaffold184843	OTU_0062	27.50	320	194	6	5	862	39	354	8e-26	  100
scaffold185248	OTU_0041	33.65	104	56	3	389	93	1	96	9e-12	57.4
scaffold185811	OTU_0008	29.73	296	179	8	1	810	169	461	1e-26	  102
scaffold191228	OTU_0023	29.60	250	156	6	209	910	1	246	3e-21	85.1
scaffold192651	OTU_0020	33.75	160	77	9	385	834	1	141	3e-16	69.3
scaffold196050	OTU_0023	27.01	274	170	6	3	743	79	349	3e-17	73.6
scaffold196094	OTU_0020	34.65	101	59	4	454	170	1	100	3e-12	57.8
scaffold196141	OTU_0038	31.25	208	102	7	694	179	67	269	3e-20	81.3
scaffold196149	OTU_0023	30.05	183	119	7	400	927	1	181	2e-16	71.2
scaffold196479	OTU_0064	25.59	297	160	10	919	182	223	509	1e-11	57.4
scaffold198193	OTU_0041	38.46	91	52	1	242	502	5	95	5e-13	60.8
scaffold198261	OTU_0020	39.18	97	51	2	569	297	1	95	4e-15	65.9
scaffold198466	OTU_0058	30.09	216	117	9	8	571	1	210	1e-16	69.3
scaffold198901	OTU_0068	26.36	349	199	12	911	3	7	343	4e-19	79.7
scaffold199418	OTU_0001	28.69	251	150	7	869	198	175	423	2e-14	66.2
scaffold200549	OTU_0020	41.49	94	51	3	505	780	2	93	3e-16	68.9
scaffold203344	OTU_0020	33.75	160	77	9	417	866	1	141	3e-15	66.2
scaffold205276	OTU_0058	32.73	110	53	3	801	535	101	210	1e-11	55.5
scaffold210911	OTU_0020	33.81	139	86	3	468	866	1	139	5e-21	82.4
scaffold212151	OTU_0062	25.27	277	175	4	1	741	80	354	4e-12	58.5
scaffold213598	OTU_0068	25.99	327	196	10	3	866	24	343	7e-22	88.2
scaffold216520	OTU_0062	27.68	177	117	4	548	39	5	177	2e-13	62.4
scaffold217638	OTU_0046	29.45	275	159	8	859	104	205	467	6e-17	73.2
scaffold217907	OTU_0062	29.10	268	166	6	763	5	3	261	6e-25	97.4
scaffold223338	OTU_0023	31.47	197	122	8	4	561	42	236	2e-18	76.6
scaffold224427	OTU_0001	28.73	275	157	9	6	773	320	574	3e-17	73.9
scaffold225014	OTU_0090	30.71	267	161	8	44	799	2	259	8e-26	  100
scaffold226361	OTU_0062	26.35	315	187	7	16	831	156	468	2e-21	86.7
scaffold229320	OTU_0022	33.66	101	61	2	293	580	27	126	4e-11	53.9
scaffold229829	OTU_0020	34.44	90	55	1	60	317	2	91	5e-15	65.1
scaffold229854	OTU_0016	31.01	158	85	5	402	815	32	185	9e-12	55.8
scaffold230670	OTU_0071	28.95	228	118	7	800	222	136	354	1e-15	68.2
scaffold231788	OTU_0022	31.73	104	65	2	768	472	25	127	1e-11	55.5
scaffold232156	OTU_0045	27.93	222	135	7	771	181	111	332	1e-14	65.1
scaffold236128	OTU_0074	31.63	196	106	6	251	772	95	284	6e-21	82.4
scaffold239096	OTU_0102	28.96	221	125	5	743	168	135	352	5e-20	80.9
scaffold239494	OTU_0071	27.71	249	157	7	77	781	1	240	4e-21	84.0
scaffold241808	OTU_0046	25.36	276	158	11	5	703	233	503	5e-13	60.8
scaffold242185	OTU_0005	33.05	118	77	2	32	385	691	806	5e-13	60.8
scaffold243168	OTU_0023	24.43	221	156	6	734	99	133	351	6e-11	53.9
scaffold244268	OTU_0043	33.06	124	77	3	705	346	105	226	4e-14	62.8
scaffold246286	OTU_0006	38.54	96	55	3	452	177	2	97	2e-14	65.1
scaffold252390	OTU_0005	26.35	296	163	12	2	757	129	413	4e-19	79.3
scaffold253227	OTU_0064	37.76	98	57	3	413	126	6	101	4e-15	66.6
scaffold256773	OTU_0090	30.99	242	147	9	70	756	3	237	1e-22	90.1
scaffold256945	OTU_0021	27.88	104	66	2	469	756	49	151	2e-12	57.0
scaffold257632	OTU_0008	32.77	177	100	6	649	131	313	474	9e-16	68.6
scaffold261105	OTU_0023	31.85	270	140	11	731	9	52	306	3e-25	95.5
scaffold263228	OTU_0038	24.49	245	148	5	713	84	34	276	6e-13	59.3
scaffold263729	OTU_0022	31.16	138	82	3	100	498	1	130	6e-17	69.7
scaffold265343	OTU_0010	40.50	121	66	2	95	442	19	138	1e-20	79.7
scaffold265999	OTU_0023	27.87	244	164	8	717	22	74	317	2e-15	67.0
scaffold269220	OTU_0095	25.47	267	164	10	22	729	138	400	5e-13	60.1
scaffold275004	OTU_0064	27.40	219	134	7	719	123	285	498	1e-12	58.9
scaffold275261	OTU_0040	32.98	94	58	3	440	709	3	95	2e-11	53.5
scaffold283896	OTU_0023	27.69	242	156	9	701	12	14	248	8e-14	62.0
scaffold285685	OTU_0058	29.30	157	89	5	665	258	56	211	3e-12	56.2
scaffold288313	OTU_0064	28.63	262	141	8	24	680	215	473	6e-18	75.1
scaffold288678	OTU_0046	24.81	262	164	6	2	691	429	689	3e-16	70.1
scaffold288930	OTU_0086	26.67	165	88	5	515	90	8	162	1e-11	54.7
scaffold294783	OTU_0041	38.52	135	78	4	415	23	6	139	2e-22	86.7
scaffold295619	OTU_0090	41.05	95	47	5	365	634	2	92	2e-14	64.3
scaffold296478	OTU_0041	41.49	94	52	2	335	60	2	94	3e-18	75.1
scaffold296808	OTU_0045	26.29	213	137	7	89	670	96	307	1e-14	64.7
scaffold297350	OTU_0010	32.17	143	84	4	243	650	1	137	1e-16	67.8
scaffold299733	OTU_0020	36.84	95	56	1	358	86	1	95	2e-16	68.2
scaffold300484	OTU_0023	29.91	234	149	6	6	671	22	252	4e-17	71.6
scaffold301444	OTU_0005	45.90	61	25	1	628	470	268	328	2e-12	57.8
scaffold302840	OTU_0068	30.53	226	128	7	668	45	41	255	4e-20	81.6
scaffold308823	OTU_0005	27.84	176	95	5	587	144	162	333	2e-13	60.8
scaffold309963	OTU_0023	24.70	247	152	7	6	653	75	318	1e-12	58.2
scaffold311562	OTU_0023	33.33	225	129	10	654	1	35	245	5e-21	82.8
scaffold312063	OTU_0071	30.77	130	83	2	3	371	123	252	4e-12	56.6
scaffold313412	OTU_0090	39.36	94	53	3	338	63	2	93	2e-15	67.4
scaffold319662	OTU_0023	33.68	95	59	1	444	172	2	96	1e-11	55.5
scaffold320624	OTU_0066	25.33	225	145	7	632	9	241	459	9e-16	67.8
scaffold322665	OTU_0071	28.12	128	85	3	88	456	5	130	8e-11	52.8
scaffold324529	OTU_0086	32.00	100	51	2	80	328	65	164	5e-12	55.5
scaffold325748	OTU_0071	30.00	170	92	3	555	118	179	345	8e-16	67.4
scaffold330656	OTU_0041	32.22	90	55	1	361	110	5	94	5e-11	53.1
scaffold331063	OTU_0021	31.54	149	77	5	475	86	48	190	4e-17	69.3
scaffold331723	OTU_0068	26.42	212	147	3	11	622	29	239	5e-17	72.0
scaffold333292	OTU_0023	32.00	175	94	3	466	11	179	351	5e-20	79.7
scaffold337097	OTU_0020	32.02	178	107	8	545	33	1	171	4e-18	72.4
scaffold339561	OTU_0005	25.73	206	119	5	80	598	214	418	3e-15	66.2
scaffold339693	OTU_0071	30.18	169	94	2	40	477	193	360	7e-17	70.5
scaffold340495	OTU_0005	31.88	138	66	4	334	2	215	351	2e-14	63.9
scaffold346055	OTU_0005	35.79	95	52	3	8	268	267	360	5e-11	53.5
scaffold346503	OTU_0037	32.21	149	86	3	67	471	2	149	2e-17	70.1
scaffold346620	OTU_0023	31.09	193	124	8	2	553	54	246	1e-16	69.7
scaffold347248	OTU_0020	31.62	136	77	4	601	224	2	131	7e-12	55.1
scaffold353069	OTU_0005	30.88	204	106	7	7	531	164	361	2e-17	72.8
scaffold360171	OTU_0005	29.49	217	121	8	558	1	520	735	2e-14	63.5
scaffold362478	OTU_0046	34.38	96	62	1	267	551	631	726	2e-12	57.4
scaffold364588	OTU_0044	29.70	165	100	4	497	15	144	296	1e-13	60.8
scaffold372199	OTU_0044	27.78	216	112	6	570	31	2	209	9e-11	52.4
scaffold373508	OTU_0020	36.56	93	55	1	200	466	3	95	2e-14	61.6
scaffold375594	OTU_0020	40.62	96	51	3	275	3	2	96	2e-14	61.2
scaffold376218	OTU_0020	37.62	101	53	6	566	279	1	96	3e-14	60.8
scaffold376545	OTU_0008	28.57	210	122	8	9	566	191	396	7e-11	52.4
scaffold379052	OTU_0016	22.73	154	93	6	5	388	67	220	4e-11	52.4
scaffold380361	OTU_0077	37.19	121	69	2	34	378	41	160	3e-18	72.4
scaffold381261	OTU_0006	28.19	188	121	6	548	21	134	319	8e-13	58.5
scaffold386719	OTU_0023	31.51	146	89	7	87	503	2	143	1e-15	66.2
scaffold389223	OTU_0068	36.90	84	44	4	241	2	1	79	6e-11	52.8
scaffold389387	OTU_0071	31.52	92	57	1	440	183	3	94	4e-12	55.8
scaffold389413	OTU_0020	38.30	94	56	1	301	26	3	96	7e-18	71.2
scaffold389699	OTU_0046	38.55	83	51	0	539	291	641	723	6e-11	52.8
scaffold394071	OTU_0020	31.58	95	61	1	476	204	1	95	2e-13	58.5
scaffold400485	OTU_0047	29.52	166	86	5	532	89	13	165	4e-11	51.2
scaffold400859	OTU_0077	30.99	142	83	4	156	539	15	155	4e-18	71.6
scaffold401044	OTU_0016	25.00	184	112	6	521	48	37	220	4e-12	55.1
scaffold402951	OTU_0023	32.35	102	58	3	55	348	3	97	7e-11	52.0
scaffold404245	OTU_0062	31.15	183	99	8	533	30	5	175	5e-16	68.6
scaffold406582	OTU_0023	32.76	174	108	6	4	501	74	246	6e-18	73.2
scaffold409332	OTU_0041	33.06	121	68	5	130	483	1	111	6e-13	58.2
scaffold410065	OTU_0066	24.28	173	120	3	496	5	275	445	4e-14	62.0
scaffold417382	OTU_0021	29.76	168	97	5	475	20	31	193	3e-15	62.8
scaffold419042	OTU_0086	26.80	194	118	3	515	3	5	197	5e-12	54.3
scaffold420762	OTU_0097	41.30	92	53	1	357	82	89	179	5e-15	62.8
scaffold427202	OTU_0020	31.18	93	60	1	336	70	3	95	3e-11	52.8
scaffold428062	OTU_0020	35.05	97	53	3	349	83	1	95	4e-11	52.0
scaffold429210	OTU_0023	27.61	163	108	6	3	476	20	177	3e-12	56.2
scaffold439590	OTU_0071	27.16	162	96	1	31	450	190	351	1e-12	57.0
scaffold442582	OTU_0064	35.44	79	49	2	239	3	6	82	9e-13	58.2
scaffold447987	OTU_0066	26.62	154	107	2	46	495	302	453	3e-14	62.4
scaffold451061	OTU_0064	39.68	63	38	0	270	458	5	67	4e-12	55.8
scaffold451883	OTU_0023	28.49	172	107	5	9	494	78	243	1e-11	54.3
scaffold453494	OTU_0020	43.10	58	33	0	317	490	5	62	3e-13	58.2
scaffold456039	OTU_0018	31.68	161	82	6	88	489	8	167	2e-11	52.0
scaffold457402	OTU_0023	28.31	166	111	5	8	490	48	210	5e-14	61.2
scaffold465061	OTU_0031	31.79	151	87	7	434	27	312	461	5e-11	52.4
scaffold466127	OTU_0010	36.36	88	42	2	482	261	51	138	6e-12	53.1
scaffold472670	OTU_0077	26.47	102	66	2	1	282	17	117	4e-11	51.6
scaffold477264	OTU_0062	36.11	108	65	3	383	66	3	108	1e-14	63.9
scaffold481196	OTU_0021	33.79	145	81	4	457	65	51	194	1e-17	69.7
scaffold483155	OTU_0020	32.68	153	90	6	19	453	1	148	5e-19	73.9
scaffold483590	OTU_0021	29.66	145	76	3	405	46	2	145	4e-13	56.6
scaffold484932	OTU_0008	37.00	100	59	1	294	7	310	409	4e-12	55.5
scaffold493237	OTU_0068	37.78	90	56	0	425	156	170	259	1e-11	54.7
scaffold504074	OTU_0044	30.13	156	83	4	447	55	83	237	2e-12	56.2
scaffold507312	OTU_0057	31.47	143	74	4	362	3	20	161	1e-13	57.8
scaffold508685	OTU_0037	30.65	124	79	2	364	11	27	149	2e-14	60.1
scaffold510282	OTU_0044	40.00	85	42	2	231	1	144	227	8e-12	54.3
scaffold511161	OTU_0037	35.09	114	67	2	446	123	30	142	3e-17	68.2
scaffold519485	OTU_0102	33.33	123	64	2	66	428	7	113	5e-19	75.1
scaffold520970	OTU_0062	31.25	144	76	1	6	368	205	348	4e-17	70.9
scaffold539162	OTU_0020	36.84	95	56	3	46	318	1	95	7e-14	58.9
scaffold550654	OTU_0064	45.76	59	32	0	178	2	2	60	4e-15	64.7
scaffold553785	OTU_0023	50.00	76	36	1	419	192	34	107	4e-21	80.9
scaffold554202	OTU_0005	40.62	96	46	3	310	50	267	360	9e-15	63.9
scaffold554672	OTU_0013	29.25	147	92	4	5	424	7	148	2e-16	65.9
scaffold561263	OTU_0057	31.47	143	71	6	51	404	20	160	3e-11	50.8
scaffold562877	OTU_0071	32.00	150	79	1	420	40	202	351	3e-16	67.4
scaffold577941	OTU_0005	28.85	156	84	5	20	412	170	323	3e-11	52.8
scaffold582474	OTU_0005	29.93	137	91	3	409	8	659	793	4e-15	65.1
scaffold582591	OTU_0047	29.45	146	81	5	392	12	18	160	4e-12	52.8
scaffold585745	OTU_0071	32.33	133	67	2	54	383	197	329	1e-11	53.9
scaffold587542	OTU_0021	39.02	123	64	4	25	369	74	193	2e-16	65.9
scaffold591640	OTU_0031	35.83	120	68	4	401	63	7	124	1e-17	71.6
scaffold593139	OTU_0023	42.37	59	28	1	403	245	37	95	7e-11	51.2
scaffold599984	OTU_0020	37.50	80	47	2	63	296	2	80	4e-14	59.7
scaffold602659	OTU_0102	31.58	95	58	2	393	127	6	99	5e-12	54.7
scaffold609292	OTU_0071	30.13	156	75	4	379	5	159	311	3e-13	58.2
scaffold611949	OTU_0041	33.33	93	58	4	371	99	1	91	8e-11	50.8
scaffold627905	OTU_0018	27.89	147	81	3	4	372	43	188	7e-16	63.9
scaffold629192	OTU_0020	36.70	109	56	4	29	322	2	108	1e-16	66.6
scaffold634516	OTU_0086	33.33	126	61	2	382	74	65	190	3e-14	59.3
scaffold636830	OTU_0031	35.48	124	73	3	376	26	337	460	4e-17	69.7
scaffold641045	OTU_0031	44.62	65	35	1	199	5	5	68	2e-12	56.2
scaffold652145	OTU_0005	30.77	104	63	2	79	366	259	361	8e-15	63.5
scaffold653091	OTU_0020	40.91	66	37	1	178	375	2	65	9e-11	50.1
scaffold656131	OTU_0016	27.27	154	77	5	372	1	62	210	7e-12	53.1
scaffold671459	OTU_0005	30.00	130	60	4	348	43	206	332	2e-14	62.8
scaffold671603	OTU_0020	39.53	86	50	1	2	253	11	96	1e-15	63.2
scaffold687509	OTU_0020	35.38	65	41	1	199	5	1	64	8e-11	50.1
scaffold688900	OTU_0020	35.80	81	50	1	109	345	11	91	3e-14	59.3
scaffold689063	OTU_0041	40.62	96	51	1	92	361	1	96	1e-19	76.3
scaffold693124	OTU_0005	27.27	143	79	5	359	3	211	352	2e-12	56.2
scaffold700406	OTU_0020	32.48	117	72	4	1	336	10	124	3e-14	59.3
scaffold702431	OTU_0001	31.85	135	67	4	339	10	203	337	1e-12	56.6
scaffold704863	OTU_0061	99.15	118	0	1	355	2	29	145	4e-84	  239
scaffold705078	OTU_0020	53.33	45	21	0	230	96	1	45	1e-12	55.1
scaffold708749	OTU_0031	31.36	118	69	4	8	331	345	460	3e-11	52.0
scaffold709432	OTU_0058	39.67	121	50	4	322	29	93	213	4e-15	61.6
scaffold717980	OTU_0020	40.45	89	49	2	90	350	2	88	1e-17	68.6
scaffold720304	OTU_0009	25.69	109	78	1	15	332	28	136	9e-11	48.9
scaffold734880	OTU_0062	34.04	94	57	5	286	11	3	93	3e-12	55.5
scaffold737297	OTU_0071	37.63	93	55	2	49	318	159	251	1e-12	56.2
scaffold753569	OTU_0064	40.68	59	31	2	191	21	9	65	1e-10	50.8
scaffold755745	OTU_0020	32.97	91	57	2	2	262	5	95	2e-12	54.7
scaffold756981	OTU_0020	35.42	96	52	4	47	310	3	96	4e-11	50.8
scaffold757620	OTU_0086	37.19	121	53	2	13	306	45	165	1e-17	68.6
scaffold768932	OTU_0090	29.29	99	64	1	321	43	161	259	3e-11	52.4
scaffold770702	OTU_0041	49.21	63	32	0	144	332	288	350	9e-11	50.4
scaffold775369	OTU_0086	33.58	134	65	3	3	332	59	192	6e-11	50.1
scaffold778622	OTU_0005	38.98	59	28	1	154	2	273	331	7e-11	51.2
scaffold781513	OTU_0020	38.82	85	46	1	73	309	7	91	8e-17	66.2
scaffold782904	OTU_0086	31.25	128	65	2	6	320	48	175	3e-13	56.2
scaffold785116	OTU_0031	46.38	69	36	1	28	234	5	72	2e-12	55.8
scaffold804420	OTU_0062	55.56	45	20	0	111	245	3	47	8e-12	53.9
scaffold808606	OTU_0020	38.71	93	53	2	7	285	41	129	4e-16	64.3
scaffold818179	OTU_0020	35.11	94	57	3	22	291	2	95	2e-14	59.7
scaffold825942	OTU_0086	32.46	114	55	5	16	300	44	154	3e-11	50.4
scaffold836455	OTU_0064	38.30	94	46	4	306	31	9	92	3e-14	60.8
scaffold836721	OTU_0005	34.31	102	65	2	303	1	679	779	1e-12	56.6
scaffold836722	OTU_0005	34.31	102	65	2	303	1	679	779	1e-12	56.6
scaffold839830	OTU_0023	39.22	102	60	1	313	14	7	108	4e-22	82.0
scaffold855426	OTU_0064	38.14	97	54	3	13	288	2	97	1e-13	58.9
scaffold858917	OTU_0001	34.40	125	57	5	303	1	219	342	9e-16	65.5
scaffold876437	OTU_0023	38.24	102	61	1	4	303	7	108	3e-22	82.4
scaffold878007	OTU_0005	36.90	84	44	2	72	299	269	351	2e-12	55.8
scaffold878549	OTU_0030	28.77	73	52	0	281	63	136	208	2e-11	51.2
scaffold890985	OTU_0023	35.06	77	47	1	76	297	7	83	4e-12	53.9
scaffold900244	OTU_0005	36.97	119	46	6	273	1	214	331	4e-13	57.8
scaffold903943	OTU_0005	46.03	63	26	1	231	67	268	330	4e-16	66.6
scaffold905180	OTU_0062	38.03	71	43	1	220	8	1	70	5e-12	54.3
scaffold908737	OTU_0102	38.82	85	47	1	294	55	16	100	1e-14	61.6
scaffold922976	OTU_0041	34.34	99	52	3	8	265	10	108	2e-13	58.2
scaffold923258	OTU_0023	33.33	96	58	4	5	274	44	139	3e-11	51.2
scaffold945460	OTU_0009	27.47	91	62	1	269	9	28	118	5e-12	51.6
scaffold960098	OTU_0020	40.43	94	52	3	5	280	2	93	2e-17	67.4
scaffold970415	OTU_0062	41.10	73	41	1	279	67	22	94	2e-13	58.5
scaffold977121	OTU_0034	35.56	90	57	1	272	3	37	125	2e-11	49.7
scaffold978610	OTU_0071	44.83	58	32	0	188	15	7	64	3e-14	59.7
scaffold985580	OTU_0020	40.85	71	34	4	272	72	25	91	4e-11	50.1
scaffold998606	OTU_0064	38.04	92	51	3	269	3	6	94	2e-15	63.5
scaffold1002535	OTU_0023	34.83	89	47	2	266	12	10	91	2e-11	52.0
scaffold1024876	OTU_0005	36.23	69	43	1	15	221	294	361	8e-13	56.6
scaffold1065847	OTU_0005	42.86	70	31	2	232	50	267	336	8e-14	59.3
scaffold1077051	OTU_0020	34.72	72	41	1	10	207	24	95	6e-11	49.7
scaffold1082241	OTU_0086	29.41	102	49	1	24	260	44	145	2e-12	53.1
scaffold1123653	OTU_0020	40.00	90	48	3	254	3	15	104	7e-16	62.8
scaffold1125503	OTU_0041	42.53	87	46	2	252	1	8	93	4e-17	67.8
scaffold1143503	OTU_0041	35.29	85	51	1	252	10	7	91	4e-13	56.6
scaffold1178101	OTU_0005	38.24	68	41	1	212	9	294	360	7e-13	56.2
scaffold1187526	OTU_0064	32.35	102	46	2	1	237	207	308	1e-12	55.8
scaffold1199181	OTU_0041	35.71	70	45	0	223	14	1	70	4e-12	53.5
scaffold1222066	OTU_0020	50.00	64	32	0	36	227	7	70	8e-17	65.1
scaffold1258027	OTU_0031	35.21	71	45	1	239	27	11	80	9e-12	52.8
scaffold1262436	OTU_0031	46.67	60	31	1	1	180	15	73	2e-14	60.1
scaffold1265151	OTU_0064	40.62	64	38	0	230	39	2	65	9e-13	55.8
scaffold1282892	OTU_0020	37.18	78	38	2	3	236	25	91	4e-14	57.8
scaffold1293609	OTU_0064	41.77	79	44	2	231	1	3	81	7e-17	67.8
scaffold1309749	OTU_0022	38.46	65	39	1	38	232	1	64	1e-11	50.8
scaffold1326891	OTU_0057	36.96	92	35	3	24	230	64	155	3e-12	51.6
scaffold1340298	OTU_0020	35.90	78	44	1	225	10	7	84	2e-13	55.8
scaffold1383326	OTU_0023	47.62	63	31	2	194	12	23	85	3e-13	56.6
scaffold1391413	OTU_0047	47.06	51	27	0	211	59	28	78	4e-11	48.1
scaffold1426392	OTU_0090	44.44	72	40	0	3	218	8	79	5e-18	70.9
scaffold1453055	OTU_0064	38.81	67	37	2	27	215	447	513	9e-11	49.7
scaffold1482282	OTU_0086	40.68	59	35	0	33	209	44	102	1e-11	50.1
scaffold1487678	OTU_0005	43.08	65	29	1	3	173	269	333	5e-14	59.3
scaffold1546374	OTU_0023	38.24	68	40	2	202	5	36	103	3e-11	50.4
scaffold1550416	OTU_0020	40.62	64	38	0	1	192	1	64	5e-12	51.6
scaffold1551597	OTU_0005	44.12	68	30	2	11	190	266	333	2e-12	54.3
