scaffold00001	OTU_0005	25.93	725	433	23	538835	540778	103	800	7e-37	  150
scaffold00004	OTU_0044	24.20	438	260	15	523678	522506	9	421	5e-14	75.1
scaffold00005	OTU_0003	26.35	334	176	14	187696	188574	119	423	2e-12	69.3
scaffold00013	OTU_0062	23.08	507	306	16	99105	100475	3	475	3e-18	89.4
scaffold00020	OTU_0062	26.67	480	296	13	197005	198300	3	474	5e-31	  130
scaffold00025	OTU_0046	27.72	725	434	24	170452	172455	3	694	5e-46	  177
scaffold00030	OTU_0062	25.36	552	328	14	280327	278837	3	525	4e-34	  140
scaffold00038	OTU_0005	25.62	683	407	24	70793	69000	115	781	2e-25	  112
scaffold00042	OTU_0003	26.47	374	199	14	234319	235302	80	423	3e-13	71.2
scaffold00043	OTU_0044	23.65	444	264	13	30363	29179	8	425	3e-16	80.9
scaffold00047	OTU_0007	25.85	650	396	19	190776	192545	24	647	1e-30	  128
scaffold00059	OTU_0062	26.52	543	322	19	156874	155417	3	525	2e-37	  149
scaffold00062	OTU_0023	27.82	266	155	11	37332	36568	3	242	2e-12	68.2
scaffold00065	OTU_0023	32.60	227	140	9	204671	205318	1	225	2e-25	  108
scaffold00070	OTU_0064	26.99	489	281	19	98018	96726	3	473	1e-32	  133
scaffold00105	OTU_0001	25.35	714	418	23	134039	135943	120	797	2e-31	  130
scaffold00109	OTU_0001	24.15	708	429	26	62791	60902	121	798	2e-26	  114
scaffold00123	OTU_0062	22.91	502	300	15	104316	102964	3	468	5e-20	93.6
scaffold00161	OTU_0005	26.12	712	417	27	16952	15078	115	804	1e-30	  127
scaffold00166	OTU_0046	27.08	506	326	15	101056	102486	2	493	8e-30	  125
scaffold00193	OTU_0007	25.91	629	384	20	1097	2797	23	631	4e-35	  141
scaffold00207	OTU_0005	25.00	516	306	19	90094	88688	115	596	6e-19	89.7
scaffold00228	OTU_0102	23.71	367	234	9	85718	84711	4	355	1e-19	89.0
scaffold00231	OTU_0005	26.05	668	389	25	27525	25741	132	767	1e-34	  140
scaffold00292	OTU_0064	25.89	645	317	32	16187	17752	2	608	9e-22	97.8
scaffold00297	OTU_0090	27.48	484	294	16	60721	62058	3	467	9e-28	  117
scaffold00401	OTU_0003	24.92	329	198	10	22480	21596	110	423	4e-13	68.9
scaffold00405	OTU_0046	26.59	252	162	7	32758	33465	4	248	1e-14	74.7
scaffold00415	OTU_0001	24.86	700	427	24	41654	43528	120	795	3e-24	  105
scaffold00431	OTU_0023	24.11	394	228	15	18645	17509	7	344	7e-14	70.9
scaffold00457	OTU_0090	26.89	621	361	19	22360	20750	2	613	2e-44	  169
scaffold00607	OTU_0005	26.57	493	263	20	7311	6028	112	570	2e-16	80.5
scaffold00626	OTU_0090	28.42	482	281	16	42806	44092	3	473	1e-36	  145
scaffold00789	OTU_0001	26.84	380	240	9	37479	36436	203	576	5e-17	81.6
scaffold00817	OTU_0006	27.54	806	452	26	10656	12836	6	758	4e-52	  194
scaffold00830	OTU_0068	24.91	285	176	12	23423	22608	3	262	6e-11	62.0
scaffold00936	OTU_0071	28.49	365	205	12	5670	4717	7	362	1e-27	  112
scaffold01243	OTU_0071	24.56	285	178	9	22933	23751	3	262	7e-13	66.6
scaffold01249	OTU_0006	26.28	879	439	32	9754	7226	3	708	4e-43	  164
scaffold01285	OTU_0064	25.09	271	171	8	6688	7449	64	319	2e-13	68.9
scaffold01391	OTU_0005	24.36	706	404	22	6589	8433	105	771	3e-37	  147
scaffold01446	OTU_0064	23.75	299	188	9	817	1650	3	282	7e-13	67.4
scaffold01624	OTU_0066	70.00	60	17	1	164	340	412	471	2e-29	90.5
scaffold01624	OTU_0066	60.98	41	16	0	45	167	373	413	2e-29	53.1
scaffold01841	OTU_0005	23.88	779	445	29	4383	6347	13	767	2e-33	  134
scaffold01870	OTU_0007	23.82	718	434	22	9209	11131	6	687	5e-29	  119
scaffold01910	OTU_0005	24.78	670	388	28	11296	9563	129	774	1e-30	  125
scaffold01915	OTU_0090	29.76	420	228	14	19010	17784	1	364	1e-34	  137
scaffold01941	OTU_0068	23.89	540	340	16	12708	14171	1	521	2e-25	  108
scaffold02059	OTU_0064	25.52	478	297	14	7603	6329	2	473	1e-26	  111
scaffold02236	OTU_0064	28.63	482	291	19	11053	9716	3	467	1e-34	  136
scaffold02254	OTU_0023	25.44	338	203	11	6904	6011	1	329	1e-23	99.8
scaffold02284	OTU_0046	24.55	391	231	16	18294	17251	387	756	5e-11	61.2
scaffold02375	OTU_0071	24.45	274	170	8	15722	14937	3	251	9e-13	65.9
scaffold02762	OTU_0062	27.57	526	317	16	6491	5079	1	517	4e-31	  126
scaffold02861	OTU_0102	27.84	255	167	7	1101	367	2	249	2e-16	77.0
scaffold02868	OTU_0001	25.22	781	456	24	13920	15944	1	759	3e-32	  130
scaffold02896	OTU_0046	24.28	766	430	28	11127	13100	3	726	2e-32	  130
scaffold02908	OTU_0005	23.36	685	429	23	14856	13048	115	785	3e-26	  110
scaffold02935	OTU_0064	26.19	527	307	18	14928	13558	2	516	2e-28	  116
scaffold02965	OTU_0023	25.95	262	152	9	367	1116	3	234	7e-14	68.9
scaffold03930	OTU_0064	27.87	348	193	13	1	885	219	561	2e-20	91.3
scaffold04131	OTU_0062	22.06	494	314	16	1506	154	3	468	8e-21	92.4
scaffold04188	OTU_0020	35.16	91	53	1	8714	8968	3	93	7e-11	57.8
scaffold04438	OTU_0062	26.47	510	303	16	2059	3408	3	500	3e-33	  132
scaffold04489	OTU_0005	25.15	668	399	21	8001	6217	132	771	1e-35	  140
scaffold04536	OTU_0023	23.40	282	179	8	9037	9846	3	259	6e-12	62.8
scaffold04566	OTU_0005	26.07	349	196	14	3780	2884	83	419	4e-21	93.6
scaffold04686	OTU_0064	26.23	469	294	12	2590	3867	8	467	4e-30	  121
scaffold04819	OTU_0023	33.86	254	147	7	959	1681	7	252	9e-31	  121
scaffold05039	OTU_0020	35.16	91	54	1	863	606	3	93	2e-12	62.4
scaffold05449	OTU_0062	26.82	481	286	14	2772	1498	4	474	1e-31	  127
scaffold06227	OTU_0062	25.36	489	291	15	2803	4098	3	474	1e-29	  120
scaffold06436	OTU_0023	23.78	286	173	8	8506	9315	3	259	1e-12	64.3
scaffold06732	OTU_0064	25.68	623	334	18	4315	6123	3	516	2e-41	  156
scaffold06912	OTU_0005	22.99	757	433	32	6043	7989	79	793	1e-17	81.6
scaffold07134	OTU_0023	26.38	254	142	9	1657	2370	3	227	5e-13	65.5
scaffold07487	OTU_0020	34.69	98	56	3	2814	2539	2	97	3e-13	64.7
scaffold07607	OTU_0001	25.51	639	389	22	6709	8412	120	742	7e-23	98.6
scaffold07795	OTU_0007	23.72	725	421	27	5073	6995	6	682	3e-29	  118
scaffold07830	OTU_0001	22.58	691	399	26	1810	2	120	762	4e-18	83.2
scaffold08232	OTU_0062	27.44	481	289	14	4164	2881	1	474	2e-26	  110
scaffold08439	OTU_0005	25.14	732	442	26	3541	1580	105	808	2e-37	  145
scaffold08956	OTU_0090	27.92	505	303	13	6251	4890	1	495	5e-36	  140
scaffold09038	OTU_0062	25.81	771	435	27	5315	3279	3	728	9e-43	  161
scaffold09181	OTU_0023	31.76	296	186	9	3528	2683	2	295	2e-24	  100
scaffold09647	OTU_0071	26.00	250	148	8	5758	5045	3	227	1e-12	63.9
scaffold10467	OTU_0046	25.66	304	180	8	4063	3224	3	284	4e-15	72.8
scaffold10801	OTU_0071	23.43	350	202	10	5036	4059	10	317	1e-14	70.5
scaffold10824	OTU_0071	25.27	364	234	8	1161	166	6	363	3e-18	81.3
scaffold10860	OTU_0041	34.07	91	56	1	2583	2843	1	91	7e-11	58.5
scaffold11641	OTU_0020	33.33	105	57	5	342	34	1	94	8e-13	62.8
scaffold11795	OTU_0090	24.44	450	303	12	505	1764	3	445	2e-19	87.0
scaffold12703	OTU_0071	26.33	300	185	6	4900	5745	5	286	5e-26	  105
scaffold12898	OTU_0003	26.84	313	198	9	5389	4526	117	423	2e-13	66.2
scaffold13110	OTU_0006	26.57	271	165	8	789	22	3	254	2e-14	70.5
scaffold13737	OTU_0062	24.73	740	459	23	2491	4524	3	706	2e-41	  157
scaffold13872	OTU_0025	26.01	223	121	7	5226	5786	62	276	2e-11	59.3
scaffold14133	OTU_0090	26.28	487	287	16	1709	417	3	473	3e-34	  134
scaffold14386	OTU_0064	26.95	475	308	13	1739	3076	3	467	3e-31	  123
scaffold14844	OTU_0001	23.57	700	432	23	2298	436	120	795	2e-24	  102
scaffold14927	OTU_0006	25.25	396	207	13	4154	5317	160	474	1e-13	67.8
scaffold15537	OTU_0020	33.87	124	48	5	4994	5359	3	94	7e-14	65.5
scaffold16051	OTU_0023	25.90	305	181	11	1240	2043	33	329	3e-22	92.8
scaffold16230	OTU_0090	26.28	506	315	13	2464	1097	19	516	5e-37	  143
scaffold16323	OTU_0031	38.46	130	67	4	4152	3790	7	132	6e-16	74.3
scaffold16499	OTU_0005	25.15	656	365	26	2778	4472	85	705	6e-27	  110
scaffold17251	OTU_0001	25.42	480	279	14	1147	2421	119	574	7e-25	  104
scaffold17308	OTU_0071	23.68	321	178	8	3448	2588	2	289	4e-12	61.6
scaffold18196	OTU_0007	25.47	636	399	18	2254	3993	23	639	4e-34	  133
scaffold18274	OTU_0007	22.68	710	437	22	2535	658	7	688	4e-29	  117
scaffold18720	OTU_0064	25.29	518	320	16	3600	2206	6	509	9e-23	96.7
scaffold19717	OTU_0090	25.82	546	323	16	1629	145	3	517	2e-35	  138
scaffold19739	OTU_0016	28.57	189	109	6	311	799	32	220	1e-16	73.9
scaffold19796	OTU_0005	22.50	729	439	25	2534	4444	114	808	4e-26	  108
scaffold21179	OTU_0071	25.43	346	221	8	3408	4346	10	351	5e-16	73.9
scaffold21814	OTU_0023	25.59	254	173	6	2294	1569	7	256	5e-15	70.9
scaffold22670	OTU_0023	26.33	281	158	10	591	1379	3	252	2e-15	72.0
scaffold23288	OTU_0062	37.86	103	56	4	632	324	5	99	8e-12	61.6
scaffold23819	OTU_0005	23.77	673	397	22	1268	3049	132	767	5e-32	  127
scaffold26999	OTU_0044	24.45	274	170	7	983	216	171	425	5e-12	61.2
scaffold27201	OTU_0040	40.91	88	47	3	797	1048	13	99	8e-13	61.6
scaffold28205	OTU_0046	24.14	290	188	6	2525	1695	3	273	2e-13	66.2
scaffold28601	OTU_0003	27.76	335	183	9	2902	3756	97	422	4e-24	99.0
scaffold29111	OTU_0064	23.21	517	307	13	1939	3240	6	515	9e-27	  108
scaffold30663	OTU_0102	27.33	311	188	12	3592	2717	1	292	3e-14	68.2
scaffold31279	OTU_0044	26.27	434	255	14	1160	2329	8	420	1e-19	85.5
scaffold31281	OTU_0090	24.75	396	219	15	1367	2344	3	389	9e-14	67.4
scaffold31358	OTU_0102	37.38	107	61	2	606	304	1	107	2e-16	75.1
scaffold31696	OTU_0062	23.38	757	442	24	2560	488	3	687	5e-36	  139
scaffold31736	OTU_0023	32.29	223	140	7	3574	2936	25	246	2e-19	83.6
scaffold33909	OTU_0023	26.82	358	227	7	1195	212	1	353	5e-26	  104
scaffold34025	OTU_0046	24.44	270	172	7	2651	3418	3	254	2e-12	63.2
scaffold34482	OTU_0071	28.46	253	165	7	2513	3238	10	257	4e-19	82.8
scaffold34651	OTU_0007	25.32	707	392	27	2814	967	7	668	8e-34	  131
scaffold34880	OTU_0040	33.64	107	68	2	3331	3017	6	111	7e-14	64.7
scaffold35063	OTU_0062	27.46	477	286	14	2547	1276	5	474	7e-35	  135
scaffold36013	OTU_0046	25.00	308	184	9	2399	1614	419	725	6e-12	61.2
scaffold36151	OTU_0062	27.14	560	330	16	2821	1325	2	544	1e-44	  166
scaffold37242	OTU_0005	27.16	475	276	17	1341	70	115	570	4e-25	  104
scaffold38023	OTU_0023	25.37	410	238	15	2182	977	5	354	2e-15	71.6
scaffold38076	OTU_0038	28.57	175	87	5	2777	3211	63	229	3e-12	60.8
scaffold38885	OTU_0071	26.42	265	166	8	2366	3112	5	256	8e-14	66.2
scaffold39388	OTU_0023	26.74	374	206	13	2114	3136	6	344	2e-17	77.4
scaffold41102	OTU_0090	28.14	295	172	9	836	3	3	274	1e-27	  112
scaffold41128	OTU_0062	23.08	494	309	16	1204	2556	3	468	3e-23	97.8
scaffold42546	OTU_0090	23.13	307	196	7	680	1537	3	290	5e-15	71.2
scaffold43268	OTU_0001	25.46	542	314	16	474	1892	113	633	5e-23	97.4
scaffold45062	OTU_0023	29.17	264	168	7	2428	1667	3	257	3e-11	58.2
scaffold45737	OTU_0023	23.55	361	225	9	2857	1877	3	346	2e-19	83.6
scaffold47297	OTU_0071	24.38	242	160	7	902	1567	2	240	1e-13	65.9
scaffold48900	OTU_0071	25.80	345	192	9	2768	1866	6	330	3e-18	79.7
scaffold49561	OTU_0008	26.86	283	180	7	257	1045	175	450	5e-21	89.4
scaffold50170	OTU_0023	23.40	282	179	8	1712	2521	3	259	6e-15	69.7
scaffold50458	OTU_0020	31.91	94	60	1	2218	2487	2	95	2e-13	63.2
scaffold50726	OTU_0071	28.74	254	157	10	1905	2621	2	246	2e-18	80.5
scaffold51446	OTU_0090	24.03	308	192	9	664	1521	3	290	1e-12	63.2
scaffold51487	OTU_0062	27.01	522	300	19	892	2289	3	499	1e-36	  140
scaffold52065	OTU_0062	25.65	538	323	19	1012	2463	3	517	6e-37	  141
scaffold52134	OTU_0008	26.90	316	168	12	2547	1729	168	463	5e-16	73.6
scaffold52308	OTU_0062	24.84	479	302	11	714	2000	4	474	2e-20	88.6
scaffold54872	OTU_0031	42.15	121	61	4	2121	2462	7	125	3e-14	68.2
scaffold56785	OTU_0062	29.20	274	165	9	1793	2575	4	261	9e-28	  112
scaffold57426	OTU_0023	28.24	255	136	9	1853	1140	3	227	1e-15	71.6
scaffold57661	OTU_0068	27.27	506	305	14	2573	1212	8	502	5e-40	  150
scaffold59460	OTU_0001	27.33	322	193	11	1552	2409	120	436	9e-18	79.7
scaffold60424	OTU_0023	30.11	362	192	16	1425	2375	1	346	2e-21	89.4
scaffold61487	OTU_0062	25.21	726	429	24	80	2038	3	687	7e-41	  153
scaffold61768	OTU_0023	30.25	314	198	10	1332	2225	2	310	2e-32	  123
scaffold61963	OTU_0001	24.13	572	354	20	1	1518	217	774	6e-22	93.2
scaffold62519	OTU_0003	23.66	355	222	10	1127	180	79	423	4e-12	60.8
scaffold63946	OTU_0062	30.95	349	198	10	1008	73	3	345	7e-32	  124
scaffold64033	OTU_0020	38.71	93	53	2	530	258	1	91	5e-17	74.3
scaffold64210	OTU_0071	24.38	242	160	6	1632	967	2	240	5e-16	72.8
scaffold65612	OTU_0026	32.33	133	73	3	2251	1856	2	118	1e-13	63.2
scaffold69855	OTU_0090	34.04	94	57	1	493	227	4	97	4e-11	58.2
scaffold71175	OTU_0001	28.85	305	179	10	1365	2174	116	417	8e-17	76.6
scaffold71276	OTU_0005	24.70	332	169	13	2003	1212	10	328	3e-13	64.7
scaffold71401	OTU_0023	26.00	250	148	8	975	262	3	227	5e-12	60.5
scaffold71606	OTU_0023	26.91	275	164	9	745	1533	3	252	9e-17	75.1
scaffold71610	OTU_0090	28.16	490	280	18	921	2231	3	473	2e-42	  157
scaffold72537	OTU_0005	24.55	330	172	11	1297	2088	10	328	1e-13	66.2
scaffold74953	OTU_0062	26.32	494	291	16	913	2217	3	482	4e-32	  125
scaffold75550	OTU_0068	27.09	491	273	13	1577	303	1	472	1e-38	  145
scaffold75566	OTU_0064	30.13	375	191	18	1156	2130	3	356	4e-19	83.6
scaffold77233	OTU_0071	25.95	262	165	6	750	1	2	246	2e-14	67.4
scaffold77277	OTU_0023	24.16	269	171	9	1501	737	2	251	7e-13	62.8
scaffold78060	OTU_0001	27.19	320	183	9	1237	401	112	422	7e-21	89.7
scaffold78288	OTU_0066	25.97	362	223	13	2085	1111	6	359	3e-17	77.0
scaffold83393	OTU_0090	27.27	209	134	8	1506	2096	3	205	1e-14	69.7
scaffold84736	OTU_0062	24.31	510	297	22	361	1734	3	475	5e-24	99.4
scaffold84901	OTU_0062	30.74	257	151	12	78	800	5	250	3e-22	93.6
scaffold86334	OTU_0020	32.97	91	57	1	1252	1512	1	91	8e-14	63.9
scaffold86873	OTU_0090	25.93	698	417	22	236	2071	3	686	7e-38	  142
scaffold90478	OTU_0046	25.95	289	185	6	1964	1158	195	474	4e-13	64.3
scaffold90884	OTU_0102	25.00	368	228	11	987	1994	4	355	1e-19	83.6
scaffold91327	OTU_0005	24.68	628	351	28	1623	1	113	705	1e-19	85.1
scaffold91583	OTU_0005	25.89	587	328	24	57	1565	212	775	2e-25	  103
scaffold92470	OTU_0023	26.19	252	145	8	1421	708	3	227	4e-12	60.1
scaffold93064	OTU_0007	23.02	630	374	20	1849	206	96	696	6e-23	95.5
scaffold93645	OTU_0062	36.73	98	59	1	438	145	3	97	4e-14	67.8
scaffold93934	OTU_0033	26.67	270	170	7	5	736	3	270	2e-15	69.7
scaffold94142	OTU_0023	31.49	343	168	17	1778	882	4	323	3e-23	94.4
scaffold98508	OTU_0036	99.35	153	0	1	461	3	1	152	4e-105	  313
scaffold99436	OTU_0062	34.40	250	136	8	705	4	2	239	6e-29	  114
scaffold100291	OTU_0020	32.65	245	142	11	1215	1907	1	236	6e-20	82.8
scaffold102074	OTU_0005	28.18	614	338	23	1895	285	214	801	2e-38	  143
scaffold102076	OTU_0008	22.61	283	192	7	105	875	181	462	1e-12	62.0
scaffold103235	OTU_0066	25.52	290	187	8	1850	1050	172	455	7e-18	78.6
scaffold104000	OTU_0006	24.19	310	196	11	1553	684	3	293	1e-13	65.9
scaffold105215	OTU_0064	23.71	485	302	15	1863	559	8	474	2e-17	77.8
scaffold106216	OTU_0023	30.77	91	59	1	1390	1650	1	91	1e-11	58.9
scaffold106278	OTU_0071	26.50	366	225	12	548	1537	3	360	2e-19	82.4
scaffold109143	OTU_0066	23.31	369	238	12	1766	753	105	459	7e-18	78.6
scaffold109527	OTU_0062	24.16	538	301	14	1813	488	201	727	5e-28	  111
scaffold109762	OTU_0064	39.13	92	38	2	1557	1826	6	81	1e-12	62.4
scaffold109998	OTU_0062	28.85	253	158	8	1	717	18	262	4e-16	73.9
scaffold112151	OTU_0062	26.61	620	351	22	118	1698	1	609	1e-39	  147
scaffold114483	OTU_0023	26.98	278	148	10	982	1752	3	246	2e-13	63.9
scaffold117153	OTU_0006	26.63	537	321	10	1734	286	7	524	3e-32	  124
scaffold117867	OTU_0068	28.09	534	306	17	41	1465	1	515	5e-39	  145
scaffold118802	OTU_0003	24.70	328	188	11	1450	605	109	423	3e-21	88.6
scaffold119786	OTU_0001	24.29	597	353	23	1638	73	118	690	4e-22	92.8
scaffold119798	OTU_0090	25.65	308	187	9	1099	242	3	290	2e-16	74.7
scaffold120454	OTU_0023	33.66	101	56	2	641	351	3	96	2e-11	57.8
scaffold121145	OTU_0039	33.64	110	64	2	1353	1048	32	140	3e-11	55.1
scaffold122291	OTU_0068	34.65	101	55	2	308	18	3	96	3e-12	61.2
scaffold122362	OTU_0001	26.14	635	369	26	1677	4	117	728	2e-31	  121
scaffold123819	OTU_0005	28.97	214	121	9	1701	1150	207	419	3e-16	73.9
scaffold124098	OTU_0008	23.11	437	252	13	1672	527	55	462	2e-15	70.5
scaffold124187	OTU_0062	26.47	238	155	6	715	59	7	243	2e-13	64.7
scaffold126483	OTU_0031	27.68	289	185	9	19	846	5	282	3e-13	63.5
scaffold126530	OTU_0102	36.54	104	64	2	1368	1673	6	109	5e-15	68.9
scaffold126981	OTU_0062	28.02	257	142	10	694	5	3	243	9e-18	78.6
scaffold127347	OTU_0064	31.09	193	116	7	1650	1108	280	467	1e-11	59.3
scaffold128200	OTU_0020	34.07	91	56	1	1321	1581	1	91	1e-12	60.1
scaffold130310	OTU_0023	29.81	359	187	14	1069	137	1	342	2e-27	  106
scaffold132334	OTU_0071	23.53	289	176	9	911	93	3	262	3e-13	63.2
scaffold132866	OTU_0006	27.06	218	132	7	723	1352	60	258	2e-12	62.0
scaffold133110	OTU_0066	26.24	221	144	5	1646	1020	189	402	3e-16	73.2
scaffold134545	OTU_0020	34.38	96	59	1	356	81	1	96	2e-11	56.6
scaffold137080	OTU_0062	22.06	494	314	16	1418	66	3	468	1e-21	90.9
scaffold138333	OTU_0008	29.63	270	149	11	321	1034	181	441	2e-14	67.8
scaffold140111	OTU_0023	30.69	101	59	2	500	210	3	96	5e-11	56.6
scaffold140478	OTU_0090	36.56	93	53	1	489	229	4	96	1e-14	68.6
scaffold141382	OTU_0003	26.19	252	141	8	654	7	119	361	2e-14	67.4
scaffold144514	OTU_0071	23.02	278	177	9	4	801	10	262	7e-11	55.8
scaffold145924	OTU_0025	27.04	233	134	7	972	1568	32	262	1e-13	63.5
scaffold147128	OTU_0026	34.07	135	68	4	1390	995	2	118	5e-15	66.2
scaffold147642	OTU_0071	24.36	275	175	7	788	6	2	257	5e-12	59.3
scaffold147691	OTU_0023	26.14	264	148	10	1295	555	3	236	8e-13	62.0
scaffold147843	OTU_0040	33.66	101	62	3	1191	901	1	100	1e-12	59.3
scaffold147963	OTU_0005	28.71	202	120	7	1510	962	222	418	7e-14	66.2
scaffold149223	OTU_0090	26.36	516	324	11	1542	139	9	516	5e-41	  150
scaffold151385	OTU_0001	25.04	559	332	26	1490	15	129	667	3e-19	83.2
scaffold152395	OTU_0023	30.88	272	172	8	828	46	2	268	2e-29	  111
scaffold152435	OTU_0071	26.29	251	167	5	927	208	5	248	4e-17	75.1
scaffold152674	OTU_0064	26.13	486	289	18	1392	100	3	473	2e-33	  125
scaffold154583	OTU_0001	24.52	571	302	23	54	1490	211	744	2e-27	  108
scaffold155168	OTU_0064	31.00	100	63	1	910	1191	8	107	1e-12	61.6
scaffold155444	OTU_0062	30.40	250	143	10	702	4	4	239	1e-16	74.7
scaffold157671	OTU_0077	28.89	180	106	4	598	1119	15	178	2e-15	68.2
scaffold157927	OTU_0005	27.68	289	171	11	4	810	300	570	1e-15	71.6
scaffold158455	OTU_0023	29.89	358	229	11	395	1420	2	353	3e-18	78.6
scaffold158549	OTU_0023	27.68	271	165	9	1028	243	3	251	2e-18	79.0
scaffold158931	OTU_0008	23.00	426	260	14	1488	352	55	459	2e-16	73.6
scaffold164050	OTU_0071	27.49	371	215	11	1067	96	3	366	5e-20	84.0
scaffold165411	OTU_0064	27.81	543	312	16	2	1423	14	545	1e-42	  152
scaffold167061	OTU_0005	29.94	354	198	13	1450	497	394	733	2e-27	  108
scaffold167896	OTU_0001	24.32	514	315	19	59	1435	270	764	7e-21	88.2
scaffold168036	OTU_0005	25.87	317	195	10	1035	196	505	818	2e-12	61.2
scaffold169012	OTU_0008	23.45	435	257	15	6	1157	57	466	4e-14	66.2
scaffold170902	OTU_0008	29.43	299	183	9	177	1013	164	454	6e-23	93.6
scaffold172845	OTU_0023	31.45	248	159	4	1300	584	1	246	7e-33	  121
scaffold173448	OTU_0023	25.00	328	198	11	905	18	5	316	2e-18	79.0
scaffold175507	OTU_0023	26.98	252	143	8	603	1316	3	227	2e-13	63.2
scaffold175647	OTU_0044	24.00	300	189	7	1422	586	144	425	2e-14	67.4
scaffold176393	OTU_0064	31.78	129	80	2	980	1342	1	129	3e-16	73.2
scaffold176922	OTU_0062	37.96	108	49	2	1073	1390	7	98	1e-16	74.7
scaffold177468	OTU_0090	31.74	356	199	10	280	1239	6	353	3e-38	  141
scaffold179321	OTU_0023	23.76	282	178	8	1328	519	3	259	2e-13	63.5
scaffold179652	OTU_0023	30.00	190	116	8	543	7	2	185	2e-12	60.5
scaffold182971	OTU_0023	27.17	254	155	8	726	1	2	237	3e-15	68.9
scaffold183877	OTU_0001	28.49	358	206	12	335	1282	74	423	1e-26	  105
scaffold184554	OTU_0062	36.56	93	53	4	1100	1369	7	96	1e-12	61.6
scaffold185609	OTU_0102	24.22	351	221	9	960	1	4	340	9e-20	82.8
scaffold188523	OTU_0023	30.62	356	227	12	1140	118	2	352	1e-31	  117
scaffold189630	OTU_0077	30.43	161	97	3	1164	712	5	160	2e-12	58.5
scaffold196736	OTU_0090	30.06	173	106	6	495	4	8	174	2e-13	63.9
scaffold197894	OTU_0023	24.59	244	153	7	695	3	2	227	1e-12	60.8
scaffold197958	OTU_0090	32.26	93	58	1	590	327	5	97	9e-11	55.8
scaffold198872	OTU_0005	29.15	223	126	8	1237	662	550	771	4e-17	75.9
scaffold198954	OTU_0090	25.85	499	304	14	2	1330	15	503	1e-32	  123
scaffold200821	OTU_0045	26.47	272	161	13	454	1176	96	359	6e-12	58.9
scaffold201232	OTU_0003	27.20	364	207	16	1286	327	74	423	2e-18	79.3
scaffold204234	OTU_0088	30.21	192	97	7	480	1	41	227	5e-14	63.5
scaffold205278	OTU_0005	27.34	267	163	9	975	268	505	771	4e-18	79.0
scaffold205939	OTU_0008	25.22	456	276	15	39	1289	1	430	4e-22	90.9
scaffold208711	OTU_0023	27.31	260	150	10	741	1	3	236	5e-15	68.6
scaffold215059	OTU_0006	27.07	495	268	18	34	1275	204	686	1e-25	  101
scaffold215296	OTU_0090	30.45	266	163	6	437	1192	2	259	3e-30	  116
scaffold216354	OTU_0023	29.31	232	138	5	1092	454	7	231	9e-22	88.6
scaffold219061	OTU_0023	29.41	357	193	14	1155	199	7	342	4e-27	  103
scaffold219818	OTU_0062	26.05	238	165	6	575	1261	2	237	1e-18	80.1
scaffold220346	OTU_0046	25.51	294	171	11	123	917	419	693	8e-13	62.0
scaffold220679	OTU_0031	29.89	445	249	18	1257	58	34	460	6e-28	  107
scaffold221601	OTU_0071	25.00	268	143	7	869	132	5	236	3e-14	65.9
scaffold224510	OTU_0005	26.37	383	236	15	1166	120	200	570	9e-22	89.7
scaffold225126	OTU_0045	26.57	271	161	9	10	732	97	359	5e-13	62.0
scaffold225192	OTU_0003	30.84	214	108	9	1128	592	215	423	1e-16	73.2
scaffold225364	OTU_0062	32.13	277	152	11	828	46	3	259	5e-30	  115
scaffold226432	OTU_0023	30.52	249	160	9	727	11	1	246	4e-27	  103
scaffold229052	OTU_0023	32.67	101	57	2	411	121	3	96	8e-12	58.2
scaffold229484	OTU_0003	25.50	349	209	11	1055	129	86	423	2e-17	75.9
scaffold232189	OTU_0020	36.88	141	63	6	765	1142	1	130	9e-20	80.5
scaffold233165	OTU_0044	27.40	208	119	5	1059	529	90	296	3e-15	68.9
scaffold236068	OTU_0005	29.06	320	186	10	70	954	267	570	3e-20	85.1
scaffold238131	OTU_0003	26.13	310	176	10	799	2	111	411	1e-14	67.4
scaffold241537	OTU_0005	22.76	369	222	10	195	1187	214	557	4e-14	65.9
scaffold244396	OTU_0023	28.19	337	196	11	286	1185	2	329	6e-29	  108
scaffold244581	OTU_0020	36.70	109	58	4	341	21	1	100	2e-14	65.1
scaffold245785	OTU_0006	22.78	439	276	13	1181	9	262	685	2e-14	66.6
scaffold250421	OTU_0064	36.17	94	54	3	548	829	3	90	6e-11	55.8
scaffold254443	OTU_0005	27.44	328	195	12	31	936	268	578	2e-18	79.7
scaffold255454	OTU_0005	24.70	247	152	9	423	1073	126	368	2e-12	60.8
scaffold255609	OTU_0020	34.58	107	52	2	762	1076	6	96	7e-16	68.9
scaffold258065	OTU_0090	26.65	334	210	7	174	1079	1	331	8e-28	  107
scaffold259139	OTU_0023	27.98	243	158	9	1149	451	10	245	3e-13	62.4
scaffold259497	OTU_0025	31.87	251	134	8	397	1044	32	280	3e-19	79.3
scaffold266235	OTU_0062	30.04	263	166	8	289	1041	5	261	1e-27	  107
scaffold267016	OTU_0005	25.42	421	204	15	31	1071	214	598	7e-24	95.5
scaffold267304	OTU_0003	28.25	308	178	9	1127	324	119	423	7e-19	79.7
scaffold270822	OTU_0001	24.65	353	214	12	1097	165	119	461	2e-12	60.8
scaffold271904	OTU_0068	27.44	317	197	8	926	48	159	466	9e-20	83.2
scaffold271946	OTU_0031	26.24	442	229	19	1124	3	9	421	1e-19	82.0
scaffold274048	OTU_0023	32.37	173	107	3	550	56	7	177	3e-18	77.4
scaffold274712	OTU_0052	26.09	391	230	14	1	1044	17	391	1e-19	82.4
scaffold276483	OTU_0023	27.66	329	206	12	1115	195	33	351	2e-25	97.8
scaffold276542	OTU_0020	29.67	91	60	1	1085	825	1	91	3e-12	58.2
scaffold281282	OTU_0020	34.29	105	61	2	52	342	3	107	3e-12	57.8
scaffold284746	OTU_0024	38.46	104	50	5	1098	814	10	108	2e-11	54.7
scaffold290111	OTU_0102	35.63	87	50	1	719	961	6	92	7e-12	58.2
scaffold292947	OTU_0040	35.00	100	54	3	390	112	13	108	2e-12	57.8
scaffold293729	OTU_0058	26.82	220	119	8	419	982	1	210	6e-13	59.7
scaffold294902	OTU_0020	33.33	117	53	4	537	193	1	94	2e-15	67.8
scaffold295645	OTU_0064	26.94	360	212	11	1007	72	160	516	2e-24	97.1
scaffold295649	OTU_0023	23.37	261	180	6	232	972	3	257	5e-16	70.9
scaffold297091	OTU_0075	32.05	156	91	6	293	718	3	157	4e-17	71.6
scaffold297262	OTU_0046	26.42	352	198	8	1016	108	180	519	2e-25	99.8
scaffold297909	OTU_0023	26.45	276	162	9	219	1004	3	251	3e-17	74.3
scaffold298229	OTU_0005	27.33	344	198	14	7	903	83	419	4e-26	  102
scaffold298699	OTU_0046	26.63	368	207	11	1063	113	221	576	7e-15	67.8
scaffold299610	OTU_0062	29.27	205	135	5	451	1041	4	206	9e-16	70.5
scaffold305974	OTU_0064	25.86	290	169	6	4	771	285	562	5e-21	86.3
scaffold306488	OTU_0052	28.98	352	191	15	9	959	26	353	4e-24	95.1
scaffold309487	OTU_0005	26.75	385	217	16	25	1044	206	570	4e-19	80.5
scaffold309944	OTU_0046	29.24	301	171	8	5	787	200	498	3e-19	81.3
scaffold311687	OTU_0020	32.79	244	141	8	322	1041	5	229	2e-25	95.5
scaffold311711	OTU_0023	37.11	97	57	2	488	210	2	98	3e-13	62.0
scaffold313984	OTU_0045	24.30	251	163	6	293	967	96	345	9e-12	57.8
scaffold314030	OTU_0062	27.80	241	153	7	833	171	4	243	9e-17	73.6
scaffold314082	OTU_0062	27.80	295	158	9	177	1010	4	260	7e-29	  110
scaffold314684	OTU_0020	32.81	128	80	5	425	796	1	126	1e-12	58.9
scaffold317957	OTU_0005	25.13	382	227	15	6	1031	200	562	2e-16	72.4
scaffold323966	OTU_0071	26.97	241	154	6	931	269	2	240	1e-18	78.6
scaffold325863	OTU_0064	26.45	276	174	8	76	843	201	467	2e-12	60.5
scaffold327405	OTU_0044	27.67	300	161	13	1001	201	146	422	5e-16	70.9
scaffold330691	OTU_0020	39.77	88	47	1	274	29	7	94	1e-16	70.5
scaffold331919	OTU_0020	36.26	91	50	2	756	1010	2	90	5e-14	63.2
scaffold333592	OTU_0023	39.13	92	48	3	617	871	5	95	3e-14	65.1
scaffold337350	OTU_0005	27.67	253	146	7	655	5	84	335	9e-20	82.4
scaffold339555	OTU_0023	32.76	174	109	6	420	923	1	172	2e-24	94.7
scaffold339571	OTU_0090	26.18	233	157	6	4	669	31	259	2e-16	72.0
scaffold340393	OTU_0044	26.38	163	105	4	419	889	144	297	9e-12	57.8
scaffold340488	OTU_0008	28.00	375	193	19	987	10	66	412	2e-17	74.7
scaffold342081	OTU_0023	29.73	333	167	14	914	60	10	323	4e-21	85.1
scaffold343040	OTU_0005	25.20	250	145	6	318	947	520	767	9e-16	70.5
scaffold344276	OTU_0008	30.08	256	165	8	738	7	165	418	4e-19	79.7
scaffold349002	OTU_0005	25.44	169	110	4	38	529	617	774	4e-12	58.9
scaffold349588	OTU_0090	27.17	254	162	7	724	14	1	248	3e-22	89.7
scaffold352663	OTU_0023	28.70	345	197	7	35	937	7	346	3e-24	94.0
scaffold352816	OTU_0007	28.50	214	121	5	833	285	98	310	1e-16	73.2
scaffold358131	OTU_0046	26.51	298	177	6	6	779	221	516	7e-18	76.6
scaffold361498	OTU_0005	30.34	290	155	11	947	198	130	412	8e-27	  103
scaffold363679	OTU_0023	28.57	231	149	5	153	806	7	234	3e-25	96.7
scaffold368211	OTU_0006	25.82	275	171	8	808	29	3	259	2e-15	68.9
scaffold368307	OTU_0023	25.20	254	145	9	954	241	3	227	9e-14	63.5
scaffold368454	OTU_0005	24.47	282	174	7	814	86	504	785	3e-14	65.5
scaffold376364	OTU_0020	34.07	91	56	2	453	713	1	91	1e-11	55.8
scaffold379079	OTU_0033	26.17	214	130	7	932	369	11	222	4e-11	55.1
scaffold380271	OTU_0005	25.88	255	146	6	278	919	504	756	3e-14	65.5
scaffold382728	OTU_0023	29.87	318	159	15	100	909	10	311	2e-17	74.3
scaffold388053	OTU_0020	40.21	97	51	4	534	812	1	94	2e-14	64.3
scaffold389272	OTU_0062	25.48	314	173	9	769	2	161	471	4e-17	73.9
scaffold389893	OTU_0023	33.66	101	56	2	470	180	3	96	2e-11	56.6
scaffold389998	OTU_0022	35.29	102	60	2	796	506	27	127	3e-12	57.8
scaffold393462	OTU_0058	25.81	217	125	8	918	355	1	210	9e-14	61.6
scaffold394550	OTU_0003	28.44	327	173	14	869	6	118	422	5e-19	79.0
scaffold395066	OTU_0046	28.57	294	153	9	150	893	191	473	2e-23	93.2
scaffold398409	OTU_0040	39.18	97	56	3	58	345	7	101	8e-18	72.8
scaffold399379	OTU_0008	29.61	233	117	10	289	873	176	399	6e-16	70.1
scaffold399672	OTU_0069	28.43	102	69	1	912	619	5	106	8e-13	58.2
scaffold400094	OTU_0044	28.47	295	168	6	814	2	144	419	4e-19	79.3
scaffold402318	OTU_0020	29.67	91	60	1	648	908	1	91	2e-11	55.5
scaffold409220	OTU_0003	27.98	218	125	6	82	654	210	422	4e-13	61.6
scaffold411606	OTU_0046	27.95	322	183	10	898	65	187	503	6e-22	88.6
scaffold416093	OTU_0023	31.93	238	149	5	798	118	1	236	6e-33	  119
scaffold416992	OTU_0044	31.37	255	144	9	715	41	7	260	3e-23	90.9
scaffold418355	OTU_0020	37.50	104	52	4	472	777	2	94	5e-18	73.9
scaffold420915	OTU_0064	24.83	302	179	6	2	766	216	516	3e-17	73.9
scaffold421777	OTU_0005	33.33	210	100	8	879	355	204	408	3e-23	92.8
scaffold423002	OTU_0040	33.04	112	72	2	156	485	1	111	3e-15	65.5
scaffold423892	OTU_0016	27.44	164	94	4	430	2	32	191	4e-11	53.9
scaffold424268	OTU_0020	44.07	59	33	0	222	46	1	59	1e-12	58.5
scaffold426255	OTU_0064	25.68	331	184	11	861	28	201	522	1e-18	77.8
scaffold427744	OTU_0041	37.36	91	53	1	322	582	1	91	1e-14	65.9
scaffold428027	OTU_0001	27.70	213	123	5	877	329	211	422	5e-17	73.6
scaffold429436	OTU_0023	26.36	239	162	5	723	31	7	239	2e-17	73.9
scaffold429818	OTU_0062	31.72	268	162	8	775	11	2	261	5e-32	  119
scaffold430515	OTU_0062	26.97	267	162	11	116	877	3	249	3e-16	70.9
scaffold433936	OTU_0020	29.47	95	63	1	562	290	1	95	1e-11	56.2
scaffold435232	OTU_0023	29.17	192	115	10	322	858	2	185	4e-16	70.1
scaffold435257	OTU_0064	24.03	308	187	10	3	797	200	503	4e-12	58.2
scaffold441169	OTU_0041	29.51	183	96	7	310	804	4	171	2e-13	62.0
scaffold442268	OTU_0005	25.18	282	188	7	860	51	302	572	4e-17	73.6
scaffold444241	OTU_0044	29.34	242	138	7	840	208	47	286	9e-24	92.4
scaffold445690	OTU_0040	36.36	99	58	3	319	603	3	100	1e-13	60.8
scaffold445754	OTU_0066	25.54	278	179	7	774	13	160	433	2e-20	83.2
scaffold450982	OTU_0005	30.00	160	97	6	38	475	261	419	1e-15	68.9
scaffold463107	OTU_0068	41.33	75	38	1	207	1	7	81	2e-14	65.5
scaffold466960	OTU_0007	27.53	287	166	8	816	82	402	688	2e-17	74.7
scaffold468409	OTU_0005	24.52	261	156	9	826	134	79	328	8e-11	54.3
scaffold469952	OTU_0020	37.76	98	53	2	470	739	3	100	4e-16	68.2
scaffold471916	OTU_0020	41.67	108	55	5	328	20	1	105	1e-15	67.0
scaffold478554	OTU_0041	34.31	102	54	3	355	645	3	96	9e-13	59.7
scaffold478779	OTU_0044	28.83	222	98	9	57	587	83	289	1e-13	62.4
scaffold480506	OTU_0040	41.57	89	49	3	491	228	6	92	3e-14	62.0
scaffold481616	OTU_0090	35.05	97	54	5	510	785	3	95	3e-12	58.9
scaffold481798	OTU_0023	31.75	252	144	11	109	819	10	248	5e-20	80.9
scaffold488556	OTU_0044	26.67	300	165	12	801	1	144	421	3e-15	67.4
scaffold489254	OTU_0003	27.88	312	172	10	819	13	121	422	3e-20	82.0
scaffold491621	OTU_0021	28.76	153	94	5	745	317	46	193	2e-12	57.0
scaffold491819	OTU_0023	28.82	288	170	9	24	812	74	351	4e-23	89.7
scaffold492615	OTU_0068	26.64	289	183	8	10	804	159	442	2e-16	71.2
scaffold493713	OTU_0071	30.56	216	125	4	134	712	143	356	3e-13	61.2
scaffold493824	OTU_0005	28.57	245	131	9	789	157	179	413	6e-17	72.8
scaffold495472	OTU_0020	31.46	178	113	5	539	12	1	171	2e-19	77.4
scaffold501329	OTU_0023	32.69	104	63	2	613	320	3	105	1e-11	56.2
scaffold502580	OTU_0066	27.89	251	159	7	780	79	174	419	1e-21	86.3
scaffold508811	OTU_0020	39.13	92	51	3	272	6	1	90	4e-17	70.9
scaffold509169	OTU_0052	29.25	294	157	13	797	3	23	294	2e-18	76.6
scaffold509303	OTU_0023	30.50	259	158	7	772	35	3	252	7e-19	77.4
scaffold511177	OTU_0007	30.88	204	110	5	789	268	109	311	7e-14	63.5
scaffold512462	OTU_0023	26.52	264	183	6	25	792	4	264	6e-18	75.1
scaffold517206	OTU_0023	32.97	91	56	1	407	150	5	95	9e-11	53.5
scaffold518200	OTU_0041	33.72	172	96	10	597	109	2	164	1e-13	62.4
scaffold519062	OTU_0064	28.35	194	110	4	616	122	160	353	1e-16	71.6
scaffold521885	OTU_0102	36.26	91	57	1	302	574	5	94	3e-16	69.7
scaffold523191	OTU_0090	31.28	243	151	7	90	785	3	240	4e-25	97.8
scaffold523310	OTU_0058	26.34	205	109	8	256	774	1	195	2e-11	54.3
scaffold531829	OTU_0020	36.44	118	56	3	437	90	5	105	6e-21	81.6
scaffold532250	OTU_0062	28.68	265	171	8	764	12	12	272	3e-25	97.8
scaffold532391	OTU_0062	28.77	219	133	7	608	3	5	217	7e-19	78.6
scaffold533064	OTU_0026	35.07	134	67	4	251	643	2	118	1e-17	71.2
scaffold533968	OTU_0023	28.12	288	166	9	8	781	75	351	1e-14	65.1
scaffold534376	OTU_0020	31.58	114	63	2	509	213	1	114	9e-16	67.0
scaffold536037	OTU_0066	28.46	267	163	9	762	28	187	447	2e-25	97.4
scaffold543023	OTU_0020	33.33	90	56	1	773	516	6	95	2e-11	55.1
scaffold547244	OTU_0064	29.06	234	120	6	758	75	323	516	1e-18	77.4
scaffold550286	OTU_0023	32.73	220	136	9	768	136	30	246	2e-22	87.4
scaffold550928	OTU_0064	36.59	82	50	1	529	768	3	84	3e-14	64.3
scaffold551082	OTU_0023	25.71	175	103	4	461	6	1	171	3e-12	57.8
scaffold552026	OTU_0020	36.36	88	50	1	266	511	7	94	9e-15	63.9
scaffold555891	OTU_0045	24.39	287	175	9	2	763	111	388	2e-17	73.2
scaffold556172	OTU_0046	30.85	188	110	6	75	590	290	473	3e-13	61.2
scaffold558501	OTU_0023	24.89	221	144	6	10	624	52	266	1e-12	58.9
scaffold560046	OTU_0023	30.69	101	59	2	384	674	3	96	3e-11	54.7
scaffold560238	OTU_0020	37.36	91	53	2	757	497	5	95	2e-14	63.5
scaffold562019	OTU_0041	28.19	188	113	8	171	719	1	171	2e-11	55.5
scaffold564635	OTU_0044	28.50	207	102	9	13	519	92	290	2e-12	58.2
scaffold566113	OTU_0020	35.04	117	63	4	366	707	3	109	1e-11	55.5
scaffold572289	OTU_0066	28.98	245	153	6	48	737	162	400	8e-24	92.4
scaffold574121	OTU_0023	28.37	208	122	5	78	623	157	363	9e-20	79.7
scaffold575000	OTU_0071	25.90	251	156	9	740	24	14	246	2e-13	61.2
scaffold575153	OTU_0020	28.57	91	61	1	386	126	1	91	4e-11	53.5
scaffold578992	OTU_0041	33.87	186	114	6	625	92	6	190	5e-23	89.0
scaffold582025	OTU_0046	39.29	84	51	0	354	103	641	724	7e-13	60.1
scaffold584079	OTU_0024	31.47	143	76	5	725	321	3	131	4e-11	53.1
scaffold586896	OTU_0023	30.37	135	92	2	642	241	125	258	1e-12	58.9
scaffold587751	OTU_0021	33.56	149	78	5	173	568	49	193	1e-17	71.2
scaffold588057	OTU_0058	26.89	212	121	8	189	740	1	206	3e-13	58.9
scaffold589095	OTU_0020	40.43	94	52	2	330	55	1	92	6e-20	78.6
scaffold589667	OTU_0044	33.77	151	85	3	551	129	144	289	5e-17	72.0
scaffold589931	OTU_0075	28.03	157	99	3	173	604	2	157	5e-16	66.6
scaffold592232	OTU_0003	26.15	218	129	5	65	637	210	422	3e-14	63.9
scaffold592582	OTU_0020	35.29	102	53	3	660	373	1	95	5e-15	64.7
scaffold595995	OTU_0040	33.01	103	54	3	288	1	3	97	9e-14	60.5
scaffold597073	OTU_0020	36.26	91	53	1	21	278	3	93	7e-13	58.5
scaffold604633	OTU_0005	31.25	160	95	6	69	506	261	419	1e-17	74.3
scaffold608270	OTU_0023	25.55	227	155	5	653	3	1	223	2e-15	67.4
scaffold609065	OTU_0062	24.70	251	162	8	6	725	5	239	1e-14	64.7
scaffold611224	OTU_0023	25.57	219	150	4	1	639	25	236	6e-18	74.3
scaffold613039	OTU_0020	34.74	95	58	1	404	676	1	95	1e-12	57.8
scaffold613591	OTU_0041	29.67	91	60	1	467	207	7	97	4e-11	54.3
scaffold617697	OTU_0007	26.42	212	132	7	95	700	265	462	6e-12	57.0
scaffold620117	OTU_0102	34.65	127	73	3	478	104	1	119	3e-16	69.3
scaffold623584	OTU_0062	29.25	212	120	5	582	34	138	348	4e-19	79.0
scaffold632618	OTU_0064	33.52	176	96	4	181	663	3	172	1e-18	77.0
scaffold633983	OTU_0023	28.33	233	131	6	650	15	40	257	4e-20	80.5
scaffold642597	OTU_0001	27.73	238	133	10	651	1	355	574	5e-11	54.3
scaffold644389	OTU_0020	33.33	84	51	2	237	1	7	90	4e-11	53.5
scaffold645857	OTU_0062	28.70	216	137	7	13	624	51	261	2e-17	73.6
scaffold648133	OTU_0007	27.06	218	124	6	145	702	96	310	1e-12	59.3
scaffold651064	OTU_0022	31.36	118	75	3	274	612	3	119	2e-11	54.7
scaffold651718	OTU_0022	36.96	138	74	3	572	174	1	130	5e-21	81.6
scaffold658735	OTU_0020	37.23	94	52	4	208	477	1	91	3e-14	62.0
scaffold662929	OTU_0020	32.67	101	55	3	637	350	3	95	1e-11	55.1
scaffold663027	OTU_0064	33.33	93	57	2	55	318	5	97	1e-10	53.1
scaffold666855	OTU_0023	29.52	210	135	8	91	690	1	207	7e-21	82.4
scaffold673347	OTU_0023	30.69	189	117	8	109	648	2	185	4e-17	72.0
scaffold674787	OTU_0023	29.03	217	145	4	636	4	18	231	4e-22	85.9
scaffold680747	OTU_0071	31.84	245	136	11	1	681	9	240	1e-20	82.0
scaffold686346	OTU_0022	36.63	101	58	2	202	489	27	126	7e-13	58.2
scaffold688309	OTU_0074	26.60	188	112	6	91	576	97	284	1e-12	58.5
scaffold696182	OTU_0037	34.23	149	83	4	636	232	2	149	6e-18	71.6
scaffold699210	OTU_0006	28.17	213	115	9	7	609	74	260	2e-11	55.1
scaffold704135	OTU_0045	30.21	235	132	7	15	659	85	307	1e-18	75.9
scaffold706372	OTU_0044	33.33	120	59	4	670	371	119	237	1e-12	58.5
scaffold707037	OTU_0023	31.68	101	58	2	189	479	3	96	2e-12	58.2
scaffold713861	OTU_0064	26.21	248	140	8	1	627	230	473	2e-12	58.2
scaffold718415	OTU_0021	32.21	149	80	5	15	410	49	193	3e-16	67.0
scaffold718424	OTU_0064	27.48	222	114	6	13	660	323	503	6e-14	62.4
scaffold718613	OTU_0041	39.58	96	52	4	365	87	2	94	3e-14	63.2
scaffold722437	OTU_0008	29.05	210	102	9	4	519	193	393	1e-12	58.5
scaffold725807	OTU_0022	33.04	112	68	3	322	2	10	119	6e-12	55.5
scaffold731384	OTU_0040	36.17	94	55	3	388	119	3	95	2e-12	56.2
scaffold745599	OTU_0047	31.34	134	73	4	262	609	7	139	4e-11	52.0
scaffold746143	OTU_0020	33.60	125	52	4	409	41	1	96	3e-17	70.1
scaffold750808	OTU_0023	24.68	235	140	7	648	4	10	227	9e-14	61.6
scaffold756001	OTU_0041	38.54	96	51	6	344	619	3	94	3e-11	53.9
scaffold763297	OTU_0023	29.70	101	60	2	394	104	3	96	4e-11	53.5
scaffold765344	OTU_0023	31.68	101	58	2	428	138	3	96	4e-12	56.6
scaffold765726	OTU_0041	35.92	103	55	3	611	315	1	96	9e-13	58.5
scaffold768400	OTU_0044	34.39	157	82	6	49	468	144	296	1e-17	73.2
scaffold770414	OTU_0062	35.16	91	54	1	482	225	6	96	2e-13	60.8
scaffold772856	OTU_0020	32.98	94	54	3	214	471	4	96	2e-11	54.3
scaffold773444	OTU_0075	30.34	145	95	3	475	56	14	157	3e-11	53.1
scaffold775106	OTU_0075	29.75	158	85	5	595	179	7	157	1e-10	51.6
scaffold780579	OTU_0005	25.83	151	97	5	620	201	625	771	1e-11	55.5
scaffold787205	OTU_0020	32.05	156	101	1	475	23	4	159	3e-19	75.9
scaffold790735	OTU_0041	38.10	84	45	3	250	483	3	85	3e-11	54.3
scaffold791055	OTU_0041	35.64	101	52	4	482	195	5	97	5e-12	56.2
scaffold792956	OTU_0025	32.24	214	98	10	40	564	67	272	2e-18	73.9
scaffold803900	OTU_0064	33.33	135	74	4	19	420	398	517	2e-12	57.8
scaffold806619	OTU_0071	32.63	95	62	2	170	454	3	95	3e-11	53.9
scaffold810917	OTU_0046	30.47	128	88	1	193	573	628	755	8e-12	55.8
scaffold815687	OTU_0023	24.55	224	139	5	21	608	130	351	1e-13	60.8
scaffold817315	OTU_0005	31.09	119	70	3	354	31	243	360	3e-11	54.3
scaffold825241	OTU_0086	30.81	172	94	3	55	501	5	174	6e-15	63.2
scaffold825897	OTU_0046	38.64	88	54	0	7	270	639	726	4e-14	62.8
scaffold830460	OTU_0058	36.52	115	49	4	313	591	98	210	5e-11	52.4
scaffold836297	OTU_0020	29.12	182	109	7	1	534	6	171	5e-11	52.8
scaffold839109	OTU_0023	30.17	179	116	6	597	85	74	251	8e-11	52.8
scaffold847440	OTU_0037	35.17	145	79	3	154	546	3	146	4e-23	86.3
scaffold851045	OTU_0062	62.22	45	17	0	378	512	3	47	1e-13	61.2
scaffold853509	OTU_0010	29.69	128	68	5	584	240	20	138	5e-13	57.0
scaffold856757	OTU_0090	30.10	206	129	5	594	10	53	254	1e-18	77.0
scaffold859830	OTU_0041	43.82	89	46	3	30	290	2	88	5e-17	70.9
scaffold860107	OTU_0062	27.59	203	136	4	20	601	55	255	2e-15	67.0
scaffold860854	OTU_0020	36.25	80	35	1	243	4	5	68	6e-14	60.8
scaffold861687	OTU_0044	30.26	195	102	6	486	1	92	285	3e-16	68.6
scaffold864314	OTU_0005	30.83	133	77	4	4	372	292	419	7e-11	53.1
scaffold865916	OTU_0071	30.05	203	129	5	596	15	166	364	4e-14	62.4
scaffold865951	OTU_0037	32.56	129	74	4	196	555	25	149	3e-16	66.6
scaffold876022	OTU_0020	39.76	83	46	2	245	3	1	81	1e-14	62.4
scaffold879546	OTU_0023	31.68	101	58	2	295	5	3	96	4e-12	56.2
scaffold886657	OTU_0041	40.59	101	56	4	371	75	1	99	9e-15	63.9
scaffold893238	OTU_0020	34.71	121	52	5	198	554	1	96	4e-17	69.3
scaffold896031	OTU_0062	33.59	131	74	5	118	495	1	123	3e-17	72.4
scaffold905377	OTU_0022	31.40	121	71	4	157	495	3	119	3e-11	53.1
scaffold910717	OTU_0086	27.92	197	115	3	573	64	5	201	5e-18	72.0
scaffold910952	OTU_0090	36.17	94	56	3	488	213	3	94	6e-13	58.9
scaffold910994	OTU_0020	33.33	99	61	1	124	405	7	105	2e-16	67.8
scaffold912153	OTU_0009	28.93	121	75	3	117	458	14	130	7e-12	53.9
scaffold913094	OTU_0020	39.53	86	48	3	255	4	2	85	7e-14	60.1
scaffold913236	OTU_0020	35.71	84	50	1	242	3	1	84	2e-14	61.6
scaffold915773	OTU_0058	29.08	196	109	5	67	567	1	195	8e-19	73.9
scaffold916178	OTU_0071	28.71	202	127	5	3	581	41	234	4e-16	68.2
scaffold925408	OTU_0023	32.67	101	57	2	58	348	3	96	4e-12	56.2
scaffold927596	OTU_0020	39.13	92	52	2	373	104	2	91	6e-16	65.9
scaffold929023	OTU_0008	31.55	206	115	8	570	7	206	403	5e-16	68.2
scaffold933729	OTU_0102	31.55	168	112	2	12	512	76	241	8e-18	72.8
scaffold934088	OTU_0020	32.97	91	57	2	277	17	1	91	6e-11	52.4
scaffold939810	OTU_0077	28.57	161	100	4	55	507	5	160	1e-14	62.0
scaffold941200	OTU_0052	25.43	173	115	4	503	15	221	389	1e-14	63.9
scaffold949543	OTU_0058	27.54	207	104	9	520	2	1	195	9e-12	53.9
scaffold950300	OTU_0064	40.66	91	52	1	302	568	6	96	1e-18	76.3
scaffold959362	OTU_0071	30.19	159	80	5	55	453	198	351	8e-12	55.1
scaffold961258	OTU_0058	32.41	145	73	4	202	564	56	199	3e-16	66.6
scaffold966562	OTU_0008	32.14	196	109	6	543	16	153	344	5e-14	62.0
scaffold975197	OTU_0090	27.23	191	122	5	552	10	75	258	1e-12	58.2
scaffold982068	OTU_0071	29.53	193	107	5	21	512	159	351	3e-14	62.0
scaffold986184	OTU_0023	35.29	102	53	3	338	48	3	96	1e-13	60.8
scaffold988721	OTU_0001	28.16	206	117	5	530	3	203	407	2e-13	60.8
scaffold988883	OTU_0020	35.16	91	41	2	4	270	10	84	6e-15	63.2
scaffold989665	OTU_0023	31.11	90	58	1	84	341	7	96	1e-11	54.3
scaffold989917	OTU_0021	31.43	105	62	2	193	492	46	145	7e-13	56.6
scaffold997568	OTU_0090	38.78	98	55	4	529	242	1	95	2e-12	57.0
scaffold1008540	OTU_0020	34.74	95	59	2	324	49	1	95	4e-11	52.4
scaffold1015921	OTU_0058	28.71	202	106	6	33	542	1	196	2e-12	55.8
scaffold1017498	OTU_0058	31.07	177	83	8	463	17	1	166	2e-12	55.5
scaffold1020827	OTU_0020	33.68	95	59	1	457	185	1	95	6e-13	57.4
scaffold1026378	OTU_0020	38.00	100	59	3	305	6	2	98	3e-20	78.2
scaffold1027910	OTU_0020	35.94	128	79	1	162	536	2	129	1e-24	90.5
scaffold1033530	OTU_0102	30.64	173	105	5	7	498	7	173	6e-15	64.3
scaffold1036156	OTU_0023	30.85	188	119	8	542	9	46	232	4e-17	70.5
scaffold1042749	OTU_0020	28.41	176	111	6	529	11	8	171	1e-19	76.3
scaffold1045650	OTU_0064	34.65	127	67	3	162	539	387	498	6e-13	58.9
scaffold1049681	OTU_0079	99.44	179	0	1	1	537	13	190	2e-118	  330
scaffold1050435	OTU_0086	29.68	155	78	4	145	522	9	161	2e-18	72.8
scaffold1063760	OTU_0023	33.08	133	82	3	13	390	166	298	2e-11	53.9
scaffold1066908	OTU_0071	38.71	93	54	2	529	260	159	251	7e-12	55.1
scaffold1069007	OTU_0020	34.07	91	56	1	404	144	1	91	1e-13	59.3
scaffold1079267	OTU_0041	33.33	90	53	3	354	103	3	91	3e-12	55.8
scaffold1082431	OTU_0062	41.67	96	51	3	335	57	3	96	7e-16	67.8
scaffold1087098	OTU_0075	31.97	147	81	6	527	108	58	192	3e-12	54.7
scaffold1091294	OTU_0020	43.48	92	49	3	256	525	4	94	3e-13	58.2
scaffold1102003	OTU_0040	30.07	153	90	7	512	87	7	153	4e-11	51.6
scaffold1102404	OTU_0023	30.69	101	59	2	19	309	3	96	2e-11	53.9
scaffold1104902	OTU_0086	30.50	141	91	2	517	110	59	197	4e-11	52.0
scaffold1105298	OTU_0003	28.93	159	96	4	476	33	271	423	3e-13	59.3
scaffold1107625	OTU_0020	32.86	140	73	4	440	33	6	128	2e-12	56.2
scaffold1109239	OTU_0023	28.07	171	99	2	504	61	182	351	1e-13	60.1
scaffold1110527	OTU_0064	34.69	98	54	1	432	139	387	474	2e-12	57.4
scaffold1111595	OTU_0020	32.76	116	74	2	161	505	3	115	4e-18	72.0
scaffold1113195	OTU_0071	33.33	93	62	0	413	135	3	95	4e-14	61.6
scaffold1117544	OTU_0062	29.61	179	111	7	506	3	54	228	1e-14	64.3
scaffold1118372	OTU_0041	36.67	90	51	2	420	154	1	85	6e-14	61.2
scaffold1123610	OTU_0102	37.76	98	51	2	276	1	4	97	3e-13	59.3
scaffold1123801	OTU_0090	36.26	91	52	1	482	228	6	96	6e-14	61.6
scaffold1132033	OTU_0058	33.51	188	97	7	499	17	9	195	4e-20	77.4
scaffold1134252	OTU_0023	38.20	89	49	2	500	252	7	95	1e-15	66.2
scaffold1139882	OTU_0020	30.40	125	81	2	132	491	1	124	6e-12	54.3
scaffold1143725	OTU_0005	33.33	114	62	4	207	512	243	354	3e-12	56.2
scaffold1145346	OTU_0020	33.33	174	105	6	512	6	3	170	2e-21	81.6
scaffold1148178	OTU_0005	27.64	199	110	9	3	503	547	743	1e-12	57.8
scaffold1150991	OTU_0023	30.34	178	115	8	4	510	44	221	2e-12	56.2
scaffold1152396	OTU_0022	31.16	138	82	3	399	1	1	130	1e-16	67.4
scaffold1153235	OTU_0005	28.67	150	79	5	70	441	213	360	2e-11	53.5
scaffold1158638	OTU_0064	31.91	94	62	1	136	411	1	94	1e-11	54.3
scaffold1161014	OTU_0020	38.81	134	71	5	4	390	14	141	1e-23	87.8
scaffold1162411	OTU_0020	33.33	93	57	1	154	417	3	95	6e-13	57.0
scaffold1167862	OTU_0023	30.68	176	113	7	504	4	49	224	2e-14	62.8
scaffold1170138	OTU_0049	29.92	127	77	4	368	12	21	143	3e-12	54.3
scaffold1171926	OTU_0031	39.71	68	40	1	302	505	7	73	9e-12	54.7
scaffold1178186	OTU_0068	26.40	178	99	3	443	6	159	336	2e-15	66.6
scaffold1182008	OTU_0023	29.27	123	81	3	401	48	3	124	5e-13	58.2
scaffold1194538	OTU_0020	36.78	87	47	2	500	264	14	100	3e-14	60.8
scaffold1194983	OTU_0022	27.82	133	84	3	13	396	1	126	1e-11	53.5
scaffold1201530	OTU_0066	31.62	136	84	5	415	26	287	419	2e-13	59.7
scaffold1204353	OTU_0023	24.73	182	106	4	493	35	136	315	5e-11	52.4
scaffold1235117	OTU_0005	24.19	124	90	2	86	445	651	774	7e-11	52.4
scaffold1236064	OTU_0031	35.29	102	59	3	489	202	25	125	1e-10	51.6
scaffold1242580	OTU_0020	38.46	78	44	1	485	264	14	91	1e-11	53.5
scaffold1244161	OTU_0020	33.67	98	54	4	227	490	4	100	2e-12	55.8
scaffold1249902	OTU_0064	37.62	101	45	3	99	395	2	86	8e-17	70.5
scaffold1253106	OTU_0064	34.44	90	52	3	437	183	4	91	2e-12	56.6
scaffold1261243	OTU_0020	33.96	106	52	3	166	477	5	94	5e-18	71.2
scaffold1262078	OTU_0064	45.31	64	35	0	293	484	6	69	1e-17	72.8
scaffold1266785	OTU_0090	34.41	93	56	1	61	324	3	95	1e-13	60.8
scaffold1268196	OTU_0023	32.41	108	71	2	332	15	1	108	1e-17	71.6
scaffold1271956	OTU_0020	40.86	93	51	2	308	36	1	91	8e-19	73.6
scaffold1272026	OTU_0008	33.33	105	66	1	3	305	310	414	6e-12	55.1
scaffold1273683	OTU_0062	40.00	80	41	2	476	252	22	99	4e-12	55.8
scaffold1277408	OTU_0041	31.58	114	71	2	161	484	4	116	1e-15	65.9
scaffold1278720	OTU_0041	33.98	103	55	4	129	422	3	97	1e-11	54.3
scaffold1282726	OTU_0020	32.12	137	80	4	80	481	1	127	9e-12	53.5
scaffold1287190	OTU_0062	38.82	85	46	1	242	478	2	86	8e-16	67.4
scaffold1287762	OTU_0022	30.58	121	72	4	389	51	3	119	1e-12	56.2
scaffold1288124	OTU_0046	36.05	86	55	0	162	419	640	725	4e-12	55.8
scaffold1294496	OTU_0062	37.31	134	65	5	392	33	1	129	2e-19	78.2
scaffold1297591	OTU_0031	35.33	184	90	10	478	11	242	424	4e-18	73.6
scaffold1300743	OTU_0020	39.81	108	51	7	446	129	1	96	3e-17	68.9
scaffold1304874	OTU_0021	35.40	113	60	4	476	165	85	193	1e-13	58.2
scaffold1308060	OTU_0020	31.62	136	73	4	472	74	10	128	2e-16	66.6
scaffold1316917	OTU_0005	43.62	94	44	2	133	390	267	359	1e-12	57.8
scaffold1316928	OTU_0041	34.74	95	56	3	17	289	1	93	2e-12	56.6
scaffold1317490	OTU_0005	28.67	150	92	6	410	3	259	407	7e-14	61.2
scaffold1319003	OTU_0016	28.40	162	92	5	10	426	28	188	5e-12	54.3
scaffold1344168	OTU_0090	29.41	136	93	2	27	428	6	140	9e-16	67.0
scaffold1351014	OTU_0020	32.43	111	71	2	394	71	20	129	1e-16	67.0
scaffold1352406	OTU_0064	38.46	91	54	1	193	459	6	96	3e-15	65.5
scaffold1352836	OTU_0077	32.89	152	87	4	12	437	15	161	6e-18	70.9
scaffold1352940	OTU_0047	33.11	148	79	6	58	447	9	154	3e-12	53.5
scaffold1358633	OTU_0021	33.55	152	73	4	94	468	2	152	3e-15	62.8
scaffold1370803	OTU_0005	38.89	90	46	2	218	463	266	354	1e-11	54.3
scaffold1383355	OTU_0031	31.50	127	76	5	437	87	336	461	1e-12	57.0
scaffold1383986	OTU_0009	28.18	110	72	4	325	8	16	122	3e-11	51.2
scaffold1384227	OTU_0020	51.11	45	22	0	261	395	1	45	2e-12	55.1
scaffold1388433	OTU_0064	34.07	91	54	1	98	352	2	92	5e-13	58.5
scaffold1394189	OTU_0023	28.48	158	83	3	39	425	159	315	4e-13	58.2
scaffold1396029	OTU_0031	47.76	67	34	1	253	53	7	72	3e-11	52.8
scaffold1397335	OTU_0020	38.89	90	49	1	322	71	7	96	8e-19	73.2
scaffold1397833	OTU_0099	31.33	83	57	0	41	289	22	104	4e-11	50.4
scaffold1410656	OTU_0090	23.84	172	102	2	437	9	160	331	7e-11	52.0
scaffold1418275	OTU_0041	30.15	136	83	3	54	452	1	127	2e-12	56.6
scaffold1421860	OTU_0023	36.61	112	67	3	133	456	133	244	3e-13	58.5
scaffold1439831	OTU_0020	33.64	110	68	3	389	66	2	108	4e-16	65.5
scaffold1445377	OTU_0005	34.57	188	84	6	1	450	221	407	3e-18	74.7
scaffold1452682	OTU_0023	29.70	101	60	2	320	30	3	96	2e-11	53.5
scaffold1455232	OTU_0099	100.00	77	0	0	450	220	78	154	9e-53	  160
scaffold1456663	OTU_0005	37.41	139	63	4	31	375	203	341	2e-19	78.2
scaffold1477000	OTU_0090	42.86	70	35	3	217	14	3	69	6e-11	52.4
scaffold1481263	OTU_0008	29.27	164	94	6	4	444	206	364	1e-11	54.3
scaffold1496477	OTU_0023	32.35	102	56	3	133	423	3	96	1e-12	57.0
scaffold1497728	OTU_0046	37.21	86	54	0	328	71	641	726	5e-12	55.5
scaffold1506009	OTU_0020	32.89	149	95	4	1	441	25	170	7e-21	79.0
scaffold1506816	OTU_0020	39.02	82	47	2	202	441	1	81	3e-12	54.7
scaffold1508314	OTU_0064	40.48	84	48	1	191	436	6	89	6e-18	73.2
scaffold1514974	OTU_0041	37.25	102	61	3	392	93	2	102	5e-17	69.3
scaffold1515828	OTU_0040	43.33	60	33	1	191	12	4	62	6e-11	50.4
scaffold1527455	OTU_0090	30.25	119	76	2	62	400	137	254	2e-13	59.7
scaffold1535802	OTU_0001	35.51	107	56	3	309	16	240	342	5e-13	58.5
scaffold1542313	OTU_0010	33.66	101	61	2	435	148	45	144	7e-12	52.8
scaffold1543930	OTU_0023	35.64	101	54	3	411	121	3	96	4e-14	61.2
scaffold1550404	OTU_0064	40.70	86	49	1	177	428	2	87	2e-18	74.3
scaffold1552300	OTU_0054	100.00	144	0	0	1	432	31	174	4e-94	  267
scaffold1552375	OTU_0022	30.71	140	77	4	14	418	27	151	1e-11	52.8
scaffold1553540	OTU_0020	41.54	65	36	1	238	432	1	63	2e-12	55.5
scaffold1563003	OTU_0023	30.69	101	59	2	358	68	3	96	8e-12	54.3
scaffold1564001	OTU_0086	28.76	153	86	1	3	392	49	201	7e-17	67.4
scaffold1564478	OTU_0041	33.91	115	70	2	346	17	5	118	6e-15	63.5
scaffold1568083	OTU_0023	30.17	116	64	3	389	90	1	115	1e-14	62.4
scaffold1572654	OTU_0020	34.09	88	54	1	176	427	1	88	5e-15	62.0
scaffold1573839	OTU_0058	35.29	153	75	5	8	397	62	213	1e-14	60.8
scaffold1575234	OTU_0020	37.62	101	50	6	299	3	1	90	3e-14	60.1
scaffold1582301	OTU_0086	32.50	80	53	1	400	161	133	211	3e-11	51.6
scaffold1607333	OTU_0064	33.33	105	57	3	2	277	6	110	1e-12	57.0
scaffold1611673	OTU_0090	39.39	99	51	6	341	57	2	95	3e-13	58.9
scaffold1614554	OTU_0020	48.89	45	23	0	271	405	2	46	3e-11	52.0
scaffold1616978	OTU_0031	46.15	65	34	1	263	69	9	72	5e-11	52.0
scaffold1618026	OTU_0020	35.88	131	79	3	391	2	3	129	2e-13	57.8
scaffold1618379	OTU_0045	31.06	161	81	6	7	417	121	275	2e-14	61.6
scaffold1621209	OTU_0005	40.91	66	31	1	289	116	268	333	1e-11	54.3
scaffold1628787	OTU_0023	36.96	138	81	4	398	3	1	138	1e-25	92.8
scaffold1637086	OTU_0020	36.11	144	83	5	409	2	28	170	9e-23	84.3
scaffold1637827	OTU_0020	31.58	95	61	1	85	357	1	95	1e-15	63.9
scaffold1639103	OTU_0020	30.93	97	59	2	90	362	1	95	2e-14	60.5
scaffold1642480	OTU_0020	36.63	101	59	1	289	2	5	105	1e-19	75.5
scaffold1649023	OTU_0068	29.81	161	76	4	411	28	160	316	3e-14	62.0
scaffold1650827	OTU_0023	30.34	145	91	5	1	411	83	225	4e-11	52.0
scaffold1651622	OTU_0062	36.84	95	56	3	368	90	3	95	1e-14	63.2
scaffold1658455	OTU_0062	38.37	86	49	3	412	161	7	90	3e-13	59.3
scaffold1665443	OTU_0041	42.31	78	45	0	402	169	275	352	5e-11	51.6
scaffold1667180	OTU_0020	42.11	57	33	0	236	66	1	57	3e-11	51.6
scaffold1668275	OTU_0075	29.66	118	77	2	6	344	41	157	8e-13	55.5
scaffold1671060	OTU_0097	40.91	66	39	0	173	370	96	161	3e-12	53.9
scaffold1678823	OTU_0040	43.24	74	36	2	16	234	33	101	2e-12	53.9
scaffold1684985	OTU_0020	64.44	45	14	1	381	247	53	95	7e-14	58.9
scaffold1686107	OTU_0058	31.53	111	55	3	128	397	101	211	6e-12	53.1
scaffold1711288	OTU_0008	36.63	101	59	2	312	25	313	413	6e-15	63.5
scaffold1716495	OTU_0020	40.91	88	46	4	6	260	14	98	4e-14	59.7
scaffold1718997	OTU_0086	31.85	157	83	3	3	404	36	191	4e-18	70.9
scaffold1720025	OTU_0086	28.38	148	82	3	4	378	63	209	2e-13	57.4
scaffold1722297	OTU_0064	33.67	98	59	4	58	339	6	101	1e-13	60.1
scaffold1724197	OTU_0005	33.04	115	63	3	37	348	222	333	7e-14	60.8
scaffold1741253	OTU_0020	39.64	111	54	3	330	31	1	109	1e-19	75.1
scaffold1768080	OTU_0020	34.04	94	58	2	10	285	2	93	4e-14	59.3
scaffold1770302	OTU_0062	30.00	130	84	2	380	6	2	129	2e-11	53.1
scaffold1778323	OTU_0020	35.23	88	51	1	401	156	6	93	1e-13	58.2
scaffold1780218	OTU_0102	40.30	134	70	4	6	395	3	130	1e-22	84.7
scaffold1786180	OTU_0020	30.53	95	62	1	10	282	1	95	9e-15	61.2
scaffold1790726	OTU_0062	32.67	101	62	1	367	83	161	261	4e-13	58.5
scaffold1792562	OTU_0020	40.58	69	38	2	399	199	28	95	9e-11	50.1
scaffold1808033	OTU_0005	29.61	152	61	7	396	40	200	338	5e-11	52.0
scaffold1820001	OTU_0005	43.94	66	29	2	158	331	267	332	2e-11	53.1
scaffold1832203	OTU_0006	43.33	60	34	0	196	375	190	249	1e-11	53.9
scaffold1839884	OTU_0062	42.53	87	48	2	392	138	10	96	4e-16	67.8
scaffold1841479	OTU_0064	37.63	93	54	3	395	129	5	97	2e-13	58.9
scaffold1848473	OTU_0040	44.07	59	29	2	3	173	46	102	2e-11	51.2
scaffold1856254	OTU_0020	37.23	94	55	1	291	22	2	95	9e-16	63.9
scaffold1868917	OTU_0057	29.61	152	82	3	9	392	20	170	4e-12	52.8
scaffold1871951	OTU_0041	32.22	90	57	1	293	36	7	96	2e-12	55.8
scaffold1874683	OTU_0027	30.47	128	76	4	8	367	65	187	2e-11	52.0
scaffold1880361	OTU_0020	38.30	94	52	1	22	285	3	96	1e-18	72.0
scaffold1883022	OTU_0020	34.65	127	70	5	3	359	20	141	4e-12	53.9
scaffold1886245	OTU_0071	29.37	143	78	1	383	24	209	351	2e-14	61.6
scaffold1888705	OTU_0062	30.89	123	78	2	3	353	139	260	3e-14	62.0
scaffold1898703	OTU_0062	34.74	95	57	2	73	348	666	758	6e-12	55.1
scaffold1900656	OTU_0047	40.00	80	47	1	22	261	18	96	3e-11	50.4
scaffold1901039	OTU_0020	37.93	87	49	1	250	5	7	93	5e-19	73.2
scaffold1905777	OTU_0058	34.27	143	67	6	360	7	56	196	5e-14	58.5
scaffold1909809	OTU_0090	30.19	106	69	1	305	3	5	110	2e-11	53.5
