scaffold00009	OTU_0023	26.49	419	213	10	463028	461847	3	351	6e-31	  127
scaffold00013	OTU_0020	31.40	242	140	4	195724	195047	5	236	2e-25	  108
scaffold00015	OTU_0090	27.90	742	418	28	94882	92936	3	720	1e-52	  199
scaffold00017	OTU_0090	26.03	511	334	16	260679	262127	3	497	8e-26	  114
scaffold00020	OTU_0005	25.58	692	395	28	143179	141389	115	781	3e-27	  119
scaffold00029	OTU_0023	28.04	271	179	6	367497	366715	5	269	1e-20	94.4
scaffold00029	OTU_0023	27.81	356	199	10	415276	414341	3	344	7e-14	73.9
scaffold00030	OTU_0062	26.91	732	416	28	499572	501551	3	687	2e-44	  173
scaffold00031	OTU_0064	25.36	481	297	10	108494	107196	8	474	7e-31	  129
scaffold00035	OTU_0023	23.47	311	191	9	5760	6620	1	288	1e-12	70.1
scaffold00036	OTU_0001	24.77	642	386	23	80121	81824	120	738	7e-24	  107
scaffold00038	OTU_0062	26.86	525	326	15	320180	318750	3	517	7e-36	  146
scaffold00045	OTU_0023	29.41	357	229	11	312757	313779	2	351	9e-25	  107
scaffold00048	OTU_0023	27.08	432	229	14	406814	405567	2	363	2e-31	  128
scaffold00048	OTU_0023	29.72	360	208	12	57850	58821	1	351	2e-22	  100
scaffold00051	OTU_0062	25.74	272	173	6	146036	146803	2	260	6e-14	75.1
scaffold00057	OTU_0023	27.88	269	154	7	200222	199482	3	253	1e-22	  100
scaffold00060	OTU_0023	24.68	312	188	9	379934	380797	1	289	2e-13	72.0
scaffold00062	OTU_0090	26.74	475	296	11	354000	355286	5	473	4e-30	  127
scaffold00071	OTU_0062	25.78	799	448	31	143748	141655	3	757	6e-45	  174
scaffold00074	OTU_0003	27.92	308	162	10	340075	340857	129	423	8e-18	86.3
scaffold00075	OTU_0007	24.96	637	388	18	26862	25141	62	671	5e-34	  139
scaffold00087	OTU_0005	26.56	689	415	23	174038	175882	132	803	1e-39	  158
scaffold00090	OTU_0003	28.63	248	127	10	320552	319926	128	364	6e-16	80.1
scaffold00093	OTU_0102	26.25	259	167	8	80208	80936	7	257	7e-12	67.0
scaffold00094	OTU_0001	23.22	702	452	21	180809	178899	120	799	2e-29	  125
scaffold00102	OTU_0005	25.81	647	401	18	179971	181692	129	769	2e-33	  138
scaffold00107	OTU_0090	25.45	782	439	26	5978	3984	3	757	4e-45	  174
scaffold00124	OTU_0023	25.91	274	168	10	231559	230771	3	252	1e-11	65.9
scaffold00130	OTU_0071	25.86	348	209	9	180566	181486	5	344	4e-19	89.4
scaffold00131	OTU_0064	30.20	245	155	6	29845	29144	8	247	4e-25	  110
scaffold00135	OTU_0062	29.82	503	289	19	172081	173427	5	497	1e-31	  132
scaffold00148	OTU_0001	25.49	773	439	25	179725	181767	84	811	2e-27	  119
scaffold00153	OTU_0001	25.14	716	410	23	32664	30784	117	795	9e-32	  132
scaffold00156	OTU_0023	25.72	311	186	9	79683	78820	1	289	4e-13	70.5
scaffold00157	OTU_0023	26.90	342	194	11	141160	142056	2	330	5e-23	  101
scaffold00169	OTU_0001	24.83	596	342	20	93825	92278	5	574	3e-24	  108
scaffold00172	OTU_0006	27.18	769	449	24	32637	34658	6	758	5e-48	  183
scaffold00192	OTU_0044	23.16	449	252	13	157869	159041	7	420	2e-13	72.0
scaffold00194	OTU_0023	23.43	431	234	13	27750	26506	1	351	1e-14	74.7
scaffold00195	OTU_0062	25.33	525	299	11	94438	93089	7	513	1e-28	  122
scaffold00197	OTU_0062	26.78	478	288	14	192569	191298	5	474	2e-31	  131
scaffold00197	OTU_0062	39.78	93	46	1	126705	126457	5	97	1e-11	67.0
scaffold00198	OTU_0090	23.57	471	306	13	146347	147630	8	467	6e-20	94.0
scaffold00198	OTU_0090	25.71	245	159	5	72530	71832	7	240	1e-14	77.0
scaffold00211	OTU_0077	27.62	181	110	5	197152	196637	16	184	6e-12	64.7
scaffold00219	OTU_0064	26.16	474	308	12	121275	122588	6	473	6e-22	99.8
scaffold00241	OTU_0023	31.25	256	160	7	194765	195502	3	252	1e-18	87.0
scaffold00244	OTU_0062	26.55	467	282	12	153490	152249	10	468	6e-30	  126
scaffold00277	OTU_0005	25.29	344	205	12	147177	146281	83	419	6e-20	94.0
scaffold00279	OTU_0102	26.35	353	220	6	14226	15188	8	352	7e-12	66.2
scaffold00282	OTU_0062	25.90	529	325	16	73224	71803	4	520	3e-28	  120
scaffold00283	OTU_0001	25.15	517	317	16	14470	15882	307	799	5e-18	87.4
scaffold00299	OTU_0062	26.72	539	311	18	142808	141375	3	518	8e-36	  144
scaffold00311	OTU_0023	27.71	249	166	4	120323	121039	2	246	2e-16	80.5
scaffold00320	OTU_0102	23.58	369	236	10	175630	174617	4	357	6e-18	84.7
scaffold00322	OTU_0020	34.19	117	58	4	75590	75889	2	116	2e-11	63.2
scaffold00351	OTU_0023	26.42	299	162	10	168858	169742	2	246	3e-15	76.6
scaffold00356	OTU_0001	23.82	739	426	24	121617	119623	85	760	5e-25	  110
scaffold00359	OTU_0005	23.80	685	429	22	122418	120592	115	782	5e-35	  142
scaffold00369	OTU_0005	24.80	746	440	31	131522	129543	89	799	3e-29	  123
scaffold00398	OTU_0046	25.36	481	295	14	24735	26012	5	476	4e-15	77.8
scaffold00410	OTU_0005	24.68	705	426	22	43534	45399	89	771	5e-32	  132
scaffold00411	OTU_0005	27.09	694	397	24	31821	29974	107	769	4e-38	  152
scaffold00425	OTU_0068	27.22	485	279	11	128402	129670	28	500	2e-25	  110
scaffold00429	OTU_0090	28.51	484	280	16	34035	35327	3	473	4e-34	  139
scaffold00434	OTU_0023	27.86	384	219	11	122507	123643	7	337	1e-29	  121
scaffold00436	OTU_0090	27.29	546	342	20	106214	107749	3	527	1e-31	  130
scaffold00459	OTU_0090	28.74	508	316	16	145139	146572	2	493	2e-36	  146
scaffold00482	OTU_0023	24.43	307	193	9	83636	82776	1	288	6e-13	68.9
scaffold00499	OTU_0023	26.74	344	210	11	61249	62172	7	344	2e-20	92.4
scaffold00556	OTU_0102	29.14	350	195	10	73895	74806	5	347	2e-22	98.2
scaffold00557	OTU_0007	25.22	575	333	22	118421	120040	187	699	3e-22	  100
scaffold00582	OTU_0046	22.92	720	449	22	35619	33691	3	693	6e-29	  122
scaffold00586	OTU_0005	26.67	675	386	26	83284	85050	130	781	1e-34	  140
scaffold00598	OTU_0003	27.51	309	183	9	108562	109377	119	423	2e-16	80.5
scaffold00600	OTU_0007	23.21	728	415	23	38115	36067	7	635	2e-23	  104
scaffold00605	OTU_0006	23.42	474	314	13	90553	91848	1	467	3e-13	71.2
scaffold00626	OTU_0023	23.79	311	204	7	109095	109937	5	312	2e-17	82.4
scaffold00641	OTU_0007	24.37	673	405	25	61298	59505	7	650	5e-20	93.2
scaffold00645	OTU_0023	28.11	402	229	12	3908	2721	7	354	8e-32	  127
scaffold00690	OTU_0001	26.16	692	419	22	61390	63267	118	783	3e-31	  129
scaffold00703	OTU_0005	25.27	748	398	29	2145	3989	16	735	6e-32	  132
scaffold00710	OTU_0090	26.87	774	451	27	81803	83842	6	758	2e-56	  209
scaffold00714	OTU_0005	22.93	471	310	11	86521	87810	112	570	5e-15	77.0
scaffold00724	OTU_0062	22.96	479	309	12	66366	65089	3	474	3e-20	94.0
scaffold00763	OTU_0064	26.08	510	295	19	67393	68727	6	498	7e-28	  117
scaffold00763	OTU_0064	30.00	250	160	9	102633	103349	3	248	9e-21	95.1
scaffold00764	OTU_0062	23.62	762	473	22	77684	75651	3	739	7e-41	  159
scaffold00776	OTU_0023	29.73	259	144	13	75351	74617	7	241	1e-13	71.2
scaffold00784	OTU_0007	27.81	676	346	24	26199	24451	22	648	5e-42	  162
scaffold00828	OTU_0005	25.59	723	432	25	41656	39722	105	799	1e-35	  143
scaffold00833	OTU_0090	23.63	711	430	23	33368	35239	2	686	1e-35	  143
scaffold00858	OTU_0005	25.11	697	384	24	100382	98586	115	771	2e-36	  146
scaffold00892	OTU_0071	29.48	346	194	10	38053	37139	7	343	8e-29	  118
scaffold00896	OTU_0062	26.35	539	322	18	83706	85169	3	517	7e-40	  156
scaffold00906	OTU_0068	24.12	738	428	25	18612	16738	7	725	4e-32	  132
scaffold00909	OTU_0064	23.66	279	182	6	72668	71889	5	271	7e-11	62.8
scaffold00951	OTU_0005	26.17	665	392	21	66992	68764	132	771	2e-36	  146
scaffold00954	OTU_0062	24.66	365	228	9	42782	43777	3	353	1e-19	92.0
scaffold00968	OTU_0005	26.93	687	403	24	65875	67698	115	781	1e-37	  150
scaffold00978	OTU_0046	23.92	740	426	25	20267	18345	3	704	2e-32	  132
scaffold00983	OTU_0003	27.33	333	197	9	74739	75641	105	424	1e-12	68.2
scaffold00996	OTU_0075	33.33	126	74	4	29789	30145	36	158	2e-12	64.7
scaffold01071	OTU_0023	33.20	247	152	5	35540	34833	2	246	2e-29	  119
scaffold01089	OTU_0005	24.68	616	382	22	47174	48817	170	771	4e-26	  112
scaffold01109	OTU_0090	25.26	483	310	15	76339	74990	3	467	3e-21	97.1
scaffold01129	OTU_0001	80.39	816	156	3	38499	40946	1	812	0.0	 1310
scaffold01187	OTU_0068	27.57	515	285	13	24401	23070	18	515	1e-31	  130
scaffold01209	OTU_0001	23.84	495	300	19	28233	26905	87	556	1e-16	82.0
scaffold01211	OTU_0005	25.22	694	429	23	61845	59995	115	795	7e-29	  121
scaffold01232	OTU_0071	24.11	365	234	8	40730	41722	2	357	3e-18	84.7
scaffold01288	OTU_0062	26.47	714	411	24	39737	37872	3	694	1e-37	  149
scaffold01329	OTU_0062	24.84	306	190	9	60124	59252	3	283	4e-12	67.0
scaffold01371	OTU_0062	26.93	531	319	18	42121	40697	3	520	2e-32	  132
scaffold01376	OTU_0062	25.81	709	444	20	6515	4584	3	694	2e-43	  167
scaffold01382	OTU_0023	28.36	275	158	11	9125	9910	3	251	2e-14	73.2
scaffold01410	OTU_0001	24.08	731	417	22	67628	69550	130	812	4e-34	  138
scaffold01410	OTU_0001	23.46	358	206	12	3980	4894	81	423	2e-14	74.7
scaffold01411	OTU_0071	27.14	269	166	9	24116	24886	1	251	2e-15	76.3
scaffold01421	OTU_0102	24.66	369	232	10	4712	5725	4	357	1e-19	89.0
scaffold01487	OTU_0023	29.33	358	178	8	57263	56361	5	344	1e-34	  135
scaffold01492	OTU_0005	23.32	656	414	19	47789	49519	126	771	3e-25	  109
scaffold01501	OTU_0005	24.01	658	402	21	48777	50501	129	771	6e-30	  124
scaffold01547	OTU_0046	26.22	492	295	17	29934	28600	4	474	4e-31	  128
scaffold01568	OTU_0005	22.42	745	435	28	7794	5875	79	785	2e-17	84.0
scaffold01614	OTU_0001	24.82	705	445	23	8926	10860	120	799	1e-34	  139
scaffold01660	OTU_0090	28.72	484	281	17	39697	40992	2	473	1e-36	  145
scaffold01664	OTU_0008	24.58	480	253	16	33972	32740	14	453	7e-21	94.0
scaffold01671	OTU_0064	26.71	554	332	21	20929	19385	3	521	3e-35	  140
scaffold01689	OTU_0023	27.67	412	228	11	28253	29455	7	359	4e-27	  112
scaffold01692	OTU_0005	25.59	512	329	16	56942	55527	268	767	7e-31	  127
scaffold01752	OTU_0102	23.06	399	226	10	31251	30121	8	347	7e-15	73.9
scaffold01775	OTU_0001	25.72	727	416	27	9342	11288	80	760	6e-27	  114
scaffold01804	OTU_0001	24.90	743	442	27	42191	40224	86	799	1e-27	  117
scaffold01876	OTU_0064	28.40	324	178	13	24310	23402	3	293	1e-15	77.4
scaffold01884	OTU_0007	24.38	685	399	22	6272	4467	23	671	1e-27	  116
scaffold01910	OTU_0005	25.65	729	440	27	21338	19380	105	807	5e-36	  144
scaffold01943	OTU_0001	29.02	317	162	13	33431	32619	117	416	2e-13	70.9
scaffold01957	OTU_0064	30.43	483	265	18	41771	40491	6	473	3e-36	  143
scaffold01966	OTU_0020	36.84	95	56	1	15356	15628	1	95	2e-14	70.5
scaffold01981	OTU_0001	23.34	754	436	28	4747	2849	13	745	1e-18	88.2
scaffold02041	OTU_0001	27.09	716	454	22	9944	11926	85	787	3e-38	  151
scaffold02089	OTU_0046	27.52	505	323	15	32185	33612	3	493	4e-25	  108
scaffold02103	OTU_0090	32.66	542	287	18	17884	16400	6	516	6e-58	  213
scaffold02137	OTU_0023	24.69	409	223	12	7257	8423	8	351	4e-17	80.9
scaffold02151	OTU_0023	26.87	335	211	9	10668	11579	1	332	3e-25	  105
scaffold02167	OTU_0090	30.29	274	154	10	44829	44071	2	259	6e-16	79.0
scaffold02208	OTU_0001	23.27	692	426	23	4694	2856	109	774	3e-19	89.7
scaffold02228	OTU_0005	23.42	666	402	21	34514	32781	126	771	2e-25	  110
scaffold02270	OTU_0023	29.10	323	178	10	12172	13047	5	307	2e-27	  113
scaffold02289	OTU_0090	25.84	298	192	11	6322	5468	1	282	1e-12	67.8
scaffold02343	OTU_0046	25.05	531	315	18	30763	29360	6	516	3e-29	  122
scaffold02343	OTU_0046	26.05	261	178	11	35477	36229	4	259	2e-16	80.5
scaffold02352	OTU_0071	26.34	243	160	6	49933	50631	5	238	1e-18	85.1
scaffold02367	OTU_0001	26.71	498	287	17	10566	9235	101	574	3e-24	  105
scaffold02368	OTU_0090	25.55	364	212	10	13914	12937	6	348	3e-23	  102
scaffold02393	OTU_0006	25.82	275	171	8	20204	20983	3	259	1e-11	65.1
scaffold02409	OTU_0086	35.29	102	43	1	11205	11441	63	164	2e-13	67.4
scaffold02453	OTU_0007	24.52	722	422	29	11062	9164	7	694	2e-24	  105
scaffold02495	OTU_0062	24.65	637	353	25	37583	39193	4	613	4e-28	  118
scaffold02739	OTU_0023	30.53	321	202	9	11323	10409	2	317	2e-29	  119
scaffold02769	OTU_0062	25.13	788	476	28	11774	9654	3	757	8e-41	  158
scaffold02771	OTU_0008	27.85	298	185	9	20326	21147	177	468	1e-17	83.6
scaffold02793	OTU_0007	24.60	683	431	24	36744	34909	7	676	1e-26	  113
scaffold02878	OTU_0064	25.94	266	175	9	20052	19297	2	259	4e-17	82.0
scaffold02924	OTU_0003	27.78	324	201	10	14028	14921	108	424	3e-12	65.5
scaffold02973	OTU_0005	26.11	678	401	25	5905	4109	115	771	1e-41	  162
scaffold03214	OTU_0062	26.04	503	312	12	25693	24347	4	500	1e-31	  129
scaffold03260	OTU_0005	25.93	702	419	22	5136	3268	125	804	6e-42	  162
scaffold03268	OTU_0075	28.80	125	83	2	34346	34705	34	157	7e-12	62.0
scaffold03370	OTU_0007	23.55	688	430	25	5302	3467	16	683	9e-29	  119
scaffold03385	OTU_0023	25.86	263	165	6	3616	4365	1	246	9e-14	70.1
scaffold03444	OTU_0102	28.71	303	172	12	9601	10443	3	283	3e-13	68.2
scaffold03456	OTU_0001	24.81	673	413	21	25789	23990	119	771	5e-29	  120
scaffold03477	OTU_0064	25.39	319	195	11	13503	12613	3	300	1e-12	67.4
scaffold03529	OTU_0077	28.89	180	106	4	17050	16529	15	178	8e-14	68.2
scaffold03531	OTU_0062	25.88	483	296	16	33382	32087	3	474	2e-27	  115
scaffold03621	OTU_0090	27.42	485	287	13	30273	28984	2	476	6e-36	  142
scaffold03636	OTU_0001	24.10	390	233	13	562	1575	209	587	3e-11	63.2
scaffold03640	OTU_0062	29.59	267	164	7	31663	32433	3	255	5e-18	85.1
scaffold03713	OTU_0023	29.61	233	149	6	23173	22511	28	257	2e-14	71.6
scaffold03867	OTU_0005	25.87	344	203	13	26904	26008	83	419	2e-20	93.2
scaffold03882	OTU_0001	24.18	674	417	22	1821	25	120	774	2e-16	79.7
scaffold03889	OTU_0062	26.97	723	405	24	16698	14815	5	699	2e-47	  178
scaffold03931	OTU_0046	27.14	269	164	8	26052	25288	3	253	2e-15	76.3
scaffold03936	OTU_0102	25.60	250	173	6	31484	32215	5	247	2e-15	75.1
scaffold04022	OTU_0005	22.24	688	440	20	25849	24029	129	802	2e-19	89.7
scaffold04027	OTU_0023	26.55	339	200	10	22180	21281	1	329	6e-26	  107
scaffold04050	OTU_0008	24.04	441	255	17	930	2096	66	478	4e-13	68.6
scaffold04093	OTU_0102	25.08	323	185	8	9586	8741	8	314	3e-14	71.2
scaffold04180	OTU_0005	23.44	755	458	26	16207	18210	78	799	3e-26	  111
scaffold04185	OTU_0001	25.33	675	416	24	2203	398	79	738	8e-31	  126
scaffold04291	OTU_0062	25.53	795	452	31	11991	9913	3	759	1e-43	  166
scaffold04323	OTU_0046	24.24	297	189	6	9782	10615	3	282	9e-15	74.3
scaffold04352	OTU_0064	25.69	253	165	6	23672	24391	4	246	1e-14	73.6
scaffold04427	OTU_0102	24.75	299	188	8	19557	20396	3	283	2e-11	62.4
scaffold04461	OTU_0071	24.91	273	176	5	23530	24312	2	257	1e-12	66.2
scaffold04466	OTU_0044	30.66	287	156	9	19991	19245	8	289	1e-23	  100
scaffold04474	OTU_0006	25.75	299	184	9	6340	5504	2	282	6e-12	65.1
scaffold04502	OTU_0102	27.86	359	212	10	10431	9463	7	354	1e-15	75.5
scaffold04594	OTU_0068	23.72	312	196	9	11512	12384	1	291	2e-12	66.2
scaffold04609	OTU_0071	27.82	266	158	9	17457	16702	1	246	6e-14	70.1
scaffold04614	OTU_0001	22.05	712	440	21	22683	24581	120	795	2e-27	  115
scaffold04668	OTU_0023	25.91	274	164	9	26756	25986	1	252	4e-12	64.3
scaffold04805	OTU_0007	24.22	702	425	28	11854	9971	6	674	3e-25	  107
scaffold04807	OTU_0071	25.26	285	177	9	27305	26484	3	262	1e-15	75.9
scaffold05086	OTU_0062	25.55	728	426	27	9830	7884	4	694	9e-41	  157
scaffold05097	OTU_0062	26.35	740	418	26	7682	9610	1	710	2e-38	  150
scaffold05133	OTU_0007	27.92	308	181	9	4274	5086	7	310	1e-18	86.7
scaffold05162	OTU_0023	26.88	253	170	6	17899	17168	5	251	5e-16	76.6
scaffold05281	OTU_0064	27.63	257	141	8	22988	23701	269	499	4e-12	65.1
scaffold05377	OTU_0046	27.29	535	334	19	3680	2184	1	516	1e-21	96.7
scaffold05389	OTU_0058	26.79	224	118	9	24815	25384	1	212	7e-11	58.5
scaffold05407	OTU_0044	29.83	295	159	9	4088	3327	4	291	3e-15	74.3
scaffold05429	OTU_0005	23.76	707	413	26	12240	14093	132	801	4e-26	  111
scaffold05518	OTU_0062	23.48	511	300	18	14971	13598	3	475	1e-23	  102
scaffold05552	OTU_0001	24.01	708	441	22	8121	10034	120	800	2e-33	  134
scaffold05645	OTU_0001	26.01	746	454	26	19152	21149	72	799	4e-33	  133
scaffold05713	OTU_0090	26.83	492	278	17	9352	10644	3	473	6e-35	  139
scaffold05787	OTU_0023	31.93	238	149	6	22078	21398	1	236	2e-26	  108
scaffold05800	OTU_0023	25.15	342	201	11	2368	3267	1	329	5e-25	  104
scaffold05811	OTU_0046	25.98	739	433	16	7716	5788	6	726	7e-43	  164
scaffold05843	OTU_0023	33.73	249	154	4	25890	26609	5	251	2e-35	  137
scaffold05876	OTU_0062	26.76	740	404	33	23358	21409	3	694	2e-43	  165
scaffold05970	OTU_0005	23.36	702	439	25	7282	5414	112	793	1e-21	96.7
scaffold05975	OTU_0064	27.61	268	172	10	5641	6405	5	263	3e-15	75.5
scaffold06013	OTU_0023	28.82	340	191	12	8202	9101	1	329	3e-29	  117
scaffold06101	OTU_0006	25.00	276	188	7	25319	26125	3	266	5e-16	77.8
scaffold06161	OTU_0001	24.33	711	447	22	15294	13357	118	802	5e-36	  142
scaffold06164	OTU_0071	37.90	372	177	12	24018	25040	5	353	5e-61	  213
scaffold06169	OTU_0008	24.01	479	300	16	25955	24663	12	474	3e-18	84.3
scaffold06190	OTU_0023	30.43	253	163	6	3304	4029	1	251	8e-26	  107
scaffold06219	OTU_0023	27.76	353	216	10	15452	16405	2	350	2e-23	99.4
scaffold06279	OTU_0062	23.87	771	462	22	3156	5195	3	739	2e-41	  159
scaffold06295	OTU_0090	25.08	307	188	9	7435	8289	4	290	2e-11	62.8
scaffold06314	OTU_0064	24.58	472	314	10	16078	17382	8	474	2e-25	  107
scaffold06354	OTU_0005	25.72	727	430	26	13863	15803	105	801	8e-36	  142
scaffold06391	OTU_0044	29.33	300	168	9	1398	607	40	331	3e-15	74.7
scaffold06459	OTU_0062	25.68	475	297	12	24388	23099	5	468	3e-21	95.1
scaffold06517	OTU_0064	22.94	523	316	17	9993	11387	5	498	3e-16	78.6
scaffold06606	OTU_0031	36.92	130	69	4	1698	1336	7	132	2e-12	65.9
scaffold06675	OTU_0090	25.04	583	362	22	8183	6588	2	560	2e-18	85.9
scaffold06698	OTU_0102	30.34	234	153	3	5926	6609	8	237	3e-15	73.9
scaffold06729	OTU_0007	24.34	534	292	20	1738	317	6	487	6e-18	84.0
scaffold06888	OTU_0023	29.59	267	158	9	3530	2778	5	257	6e-18	82.0
scaffold06951	OTU_0071	25.54	368	236	9	17100	16093	2	363	4e-22	95.1
scaffold06957	OTU_0071	26.52	362	211	12	5431	4454	10	352	3e-24	  101
scaffold07028	OTU_0071	27.31	249	163	4	12163	11450	5	246	7e-17	79.0
scaffold07259	OTU_0006	25.87	773	461	28	9859	7817	6	758	7e-52	  192
scaffold07264	OTU_0003	27.17	346	205	8	16572	15664	82	423	1e-25	  106
scaffold07384	OTU_0023	29.07	258	171	7	18209	18970	3	252	9e-22	93.6
scaffold07427	OTU_0001	24.77	755	450	27	18624	16627	75	800	1e-30	  125
scaffold07461	OTU_0071	26.52	362	214	12	21379	22362	3	346	3e-19	85.9
scaffold07498	OTU_0064	26.67	480	266	20	1111	2343	11	473	3e-22	97.4
scaffold07616	OTU_0064	27.52	476	304	15	10290	8953	3	467	9e-32	  127
scaffold07630	OTU_0023	32.53	249	147	9	5820	6524	5	246	2e-23	99.0
scaffold07729	OTU_0062	26.65	773	435	31	1839	3836	1	748	3e-48	  180
scaffold07786	OTU_0090	28.51	228	139	6	4041	4721	292	496	5e-15	74.3
scaffold07891	OTU_0001	25.42	480	279	14	13060	14334	119	574	4e-24	  104
scaffold07898	OTU_0001	24.89	233	141	8	16567	15962	130	359	5e-11	61.6
scaffold07937	OTU_0077	30.14	146	89	4	883	1293	43	184	1e-13	67.0
scaffold08128	OTU_0064	28.89	495	273	18	13901	15196	5	483	3e-27	  113
scaffold08320	OTU_0005	25.04	703	428	20	12441	10552	132	808	6e-36	  142
scaffold08425	OTU_0071	28.93	242	149	10	6372	5686	7	238	3e-13	67.4
scaffold08430	OTU_0001	24.02	712	427	26	7380	5497	115	796	1e-25	  108
scaffold08549	OTU_0102	28.89	270	179	4	13342	12560	1	266	5e-19	85.1
scaffold08595	OTU_0046	24.70	494	295	19	10224	11516	2	481	1e-19	89.7
scaffold08723	OTU_0023	26.27	335	208	8	14378	15277	2	332	1e-22	95.9
scaffold08828	OTU_0005	22.89	712	434	26	18773	16905	115	800	2e-24	  105
scaffold08839	OTU_0005	27.37	716	435	25	12434	10506	68	771	1e-54	  201
scaffold08882	OTU_0023	29.81	322	176	13	2198	1356	7	319	4e-24	  101
scaffold08942	OTU_0005	25.00	568	348	19	56	1561	216	771	6e-26	  110
scaffold08981	OTU_0023	28.27	283	169	11	16606	17415	2	263	3e-15	73.6
scaffold09049	OTU_0006	23.15	553	302	20	51	1667	315	758	2e-18	85.1
scaffold09062	OTU_0064	25.61	531	272	13	8750	10030	6	517	4e-37	  144
scaffold09064	OTU_0046	26.18	359	215	12	19557	18622	161	516	3e-19	87.8
scaffold09228	OTU_0006	25.00	300	187	8	12573	13412	3	284	3e-13	68.6
scaffold09283	OTU_0064	27.30	282	171	8	17034	16252	3	271	1e-14	73.2
scaffold09544	OTU_0005	24.38	730	446	26	9329	7374	105	806	3e-33	  133
scaffold09552	OTU_0023	24.56	285	180	9	7389	8204	1	263	8e-13	65.9
scaffold09557	OTU_0005	25.34	588	344	23	18708	17170	204	771	8e-30	  122
scaffold09708	OTU_0020	36.67	90	51	1	4224	3973	7	96	5e-13	64.7
scaffold09992	OTU_0020	35.71	98	58	3	17690	17974	1	96	9e-12	60.8
scaffold10024	OTU_0090	29.08	502	296	15	1397	2749	3	495	3e-41	  158
scaffold10050	OTU_0071	25.42	358	224	9	13296	14267	7	355	9e-17	78.2
scaffold10053	OTU_0001	25.32	470	290	13	12413	11142	120	574	1e-23	  102
scaffold10069	OTU_0062	24.74	570	357	21	13504	15033	3	560	6e-30	  122
scaffold10147	OTU_0023	28.45	355	209	8	15201	16151	4	351	2e-31	  124
scaffold10179	OTU_0001	27.41	467	286	16	5359	4082	120	574	9e-22	96.3
scaffold10303	OTU_0062	27.54	276	163	9	12161	12940	1	255	3e-14	72.0
scaffold10378	OTU_0023	26.90	435	218	19	15291	16559	7	353	5e-20	87.8
scaffold10695	OTU_0001	22.90	690	455	19	10031	8130	130	798	3e-26	  110
scaffold10735	OTU_0068	27.86	481	298	18	1579	2919	1	466	2e-31	  127
scaffold10762	OTU_0001	25.99	558	323	21	5564	4095	115	650	9e-25	  105
scaffold11034	OTU_0090	26.28	506	315	13	6348	4981	19	516	2e-36	  143
scaffold11091	OTU_0068	26.72	509	327	16	6112	4685	1	496	1e-29	  121
scaffold11185	OTU_0062	26.41	621	350	20	15209	13617	4	607	2e-34	  136
scaffold11195	OTU_0071	30.77	260	138	10	3949	4680	5	238	1e-19	87.0
scaffold11286	OTU_0062	26.23	816	480	27	4578	2197	3	718	1e-47	  178
scaffold11320	OTU_0090	24.34	756	478	22	16102	14072	3	743	2e-33	  134
scaffold11434	OTU_0023	24.63	341	204	12	3278	4177	1	329	2e-22	95.9
scaffold11478	OTU_0001	27.50	629	369	21	7905	6208	137	741	1e-37	  147
scaffold11684	OTU_0090	27.15	291	165	9	8385	9224	1	255	5e-15	73.9
scaffold11985	OTU_0064	25.56	536	318	20	15447	14041	2	523	2e-24	  103
scaffold12031	OTU_0005	26.24	686	421	21	5322	7166	132	803	1e-41	  159
scaffold12154	OTU_0005	23.71	603	365	21	15648	14071	219	803	6e-23	99.8
scaffold12181	OTU_0090	27.01	522	308	15	13958	15367	3	503	6e-36	  141
scaffold12263	OTU_0020	35.16	91	54	1	5444	5701	3	93	3e-12	62.4
scaffold12398	OTU_0005	24.01	654	401	20	12051	13769	129	767	5e-37	  145
scaffold12560	OTU_0007	25.85	704	425	25	4585	6489	7	682	3e-32	  129
scaffold12951	OTU_0023	26.39	360	221	9	2153	3118	1	354	1e-24	  102
scaffold12963	OTU_0062	27.14	269	172	8	4067	4843	1	255	1e-13	69.7
scaffold13038	OTU_0020	34.07	91	56	1	11078	11338	1	91	6e-12	61.2
scaffold13063	OTU_0023	27.34	256	149	10	3231	3962	3	233	3e-13	67.0
scaffold13154	OTU_0005	22.89	804	423	29	4442	6409	13	767	1e-27	  115
scaffold13369	OTU_0023	25.65	347	219	8	13361	14296	2	344	7e-22	93.6
scaffold13639	OTU_0023	27.63	304	176	13	7974	8819	1	282	2e-14	70.5
scaffold13659	OTU_0023	31.60	250	153	9	3748	4467	5	246	2e-19	85.5
scaffold13691	OTU_0062	24.62	719	430	24	7188	5296	3	697	1e-29	  121
scaffold13754	OTU_0046	28.12	512	314	19	11171	12595	3	497	3e-25	  107
scaffold13854	OTU_0005	24.62	524	304	20	9923	8529	79	570	3e-17	81.3
scaffold14231	OTU_0023	25.82	364	221	10	4568	5542	1	354	2e-25	  104
scaffold14442	OTU_0090	33.84	263	158	6	5556	6308	2	260	8e-24	  102
scaffold14478	OTU_0020	31.40	121	71	4	8508	8849	11	126	6e-12	60.8
scaffold14505	OTU_0001	26.06	614	366	21	11160	9499	175	760	2e-32	  130
scaffold14595	OTU_0090	26.42	511	332	15	61	1506	2	497	7e-34	  134
scaffold14707	OTU_0090	25.03	735	428	27	7744	5831	1	709	7e-36	  141
scaffold14709	OTU_0007	24.71	599	357	19	8633	10225	6	578	5e-22	96.7
scaffold14919	OTU_0064	30.38	237	115	9	3612	4280	274	474	1e-11	62.8
scaffold15034	OTU_0066	27.37	274	155	9	13101	12358	168	423	1e-19	87.8
scaffold15380	OTU_0001	24.68	705	411	31	12972	11080	120	778	2e-29	  120
scaffold15401	OTU_0006	24.00	275	171	8	4557	5339	3	253	8e-12	63.2
scaffold15600	OTU_0064	22.77	303	190	9	10296	11135	3	284	3e-13	67.4
scaffold15659	OTU_0062	22.50	511	305	17	564	1937	3	475	2e-23	  101
scaffold15821	OTU_0077	32.88	146	85	4	6584	6174	43	184	3e-15	71.2
scaffold15882	OTU_0046	27.80	313	181	11	10422	9526	3	284	9e-17	79.3
scaffold16130	OTU_0020	44.44	90	44	1	10303	10052	7	96	3e-18	80.9
scaffold16229	OTU_0007	27.07	676	386	22	2913	4715	7	650	1e-40	  155
scaffold16242	OTU_0062	24.49	539	330	14	7490	6060	1	524	3e-33	  132
scaffold16321	OTU_0005	26.21	744	421	29	10999	9059	69	781	4e-34	  135
scaffold16334	OTU_0062	26.24	221	152	6	10519	11151	36	255	8e-11	59.7
scaffold16373	OTU_0062	27.33	483	289	17	4575	5867	2	474	6e-33	  131
scaffold16429	OTU_0102	24.59	370	246	11	9445	8366	5	351	2e-13	67.0
scaffold16465	OTU_0005	24.92	630	373	25	9333	7690	163	774	3e-25	  107
scaffold16611	OTU_0031	36.15	130	70	4	4425	4787	7	132	1e-12	65.1
scaffold16694	OTU_0005	26.26	697	375	23	8749	10542	115	771	1e-37	  146
scaffold16799	OTU_0090	25.65	464	290	10	5732	4491	9	467	1e-35	  140
scaffold16896	OTU_0023	25.38	260	137	8	1254	541	3	227	9e-14	68.6
scaffold16982	OTU_0090	27.24	257	152	7	2065	2778	6	246	3e-15	74.3
scaffold17036	OTU_0062	23.61	521	332	15	7146	5761	4	517	2e-21	94.4
scaffold17074	OTU_0023	31.39	223	139	6	298	942	5	221	1e-24	  102
scaffold17104	OTU_0007	25.62	691	419	26	4225	2369	7	674	5e-34	  134
scaffold17321	OTU_0006	26.62	308	188	9	9573	8710	3	292	8e-15	72.8
scaffold17327	OTU_0006	28.78	476	298	16	4952	3615	3	467	2e-27	  114
scaffold17330	OTU_0005	24.79	722	445	24	2621	678	105	802	5e-33	  132
scaffold17394	OTU_0062	28.69	251	169	5	11084	11812	1	249	1e-26	  111
scaffold17466	OTU_0023	25.75	365	217	11	1730	741	1	346	4e-23	97.1
scaffold17627	OTU_0062	26.55	550	308	17	6627	8093	3	517	3e-38	  148
scaffold17787	OTU_0023	32.07	343	185	12	7383	8288	7	342	2e-30	  120
scaffold17792	OTU_0090	24.79	472	303	13	8160	6877	11	474	2e-23	  100
scaffold17923	OTU_0023	25.42	358	226	8	11530	10565	2	354	2e-20	89.0
scaffold18114	OTU_0007	25.42	720	430	23	10342	8360	2	673	7e-38	  146
scaffold18147	OTU_0046	27.52	505	323	14	7392	8819	3	493	4e-35	  138
scaffold18412	OTU_0062	27.27	517	302	17	9677	8310	1	504	4e-34	  135
scaffold18413	OTU_0005	28.93	197	111	7	3328	2822	216	411	2e-16	78.2
scaffold18673	OTU_0062	26.51	479	297	13	7528	6236	3	474	9e-30	  121
scaffold19169	OTU_0005	25.58	731	415	26	3012	4976	115	792	4e-35	  138
scaffold19485	OTU_0062	29.03	527	290	21	2381	3784	3	504	3e-42	  160
scaffold19743	OTU_0001	23.59	674	422	22	4369	2570	120	774	2e-22	97.8
scaffold19847	OTU_0102	26.39	269	176	6	2422	1652	1	259	7e-15	71.6
scaffold19889	OTU_0008	30.14	282	173	9	6973	6182	185	460	7e-21	91.3
scaffold20499	OTU_0003	25.70	323	193	10	3768	2899	116	424	6e-16	75.5
scaffold21305	OTU_0020	36.84	95	54	2	3352	3618	1	95	2e-15	72.0
scaffold21351	OTU_0020	35.79	95	57	2	2663	2935	1	95	1e-11	59.7
scaffold21667	OTU_0064	26.86	510	309	13	8488	7109	8	503	3e-33	  130
scaffold21720	OTU_0005	26.36	755	444	26	3329	1323	89	817	3e-44	  167
scaffold21795	OTU_0007	26.87	536	311	20	8663	7254	1	521	6e-20	89.4
scaffold21871	OTU_0023	26.32	285	173	8	7328	6516	2	263	1e-15	73.6
scaffold22170	OTU_0090	29.81	322	189	8	868	2	1	318	2e-29	  119
scaffold22369	OTU_0062	26.92	535	324	17	3351	4784	1	525	5e-39	  150
scaffold22532	OTU_0023	25.24	412	204	12	7529	8680	10	345	4e-22	94.0
scaffold23104	OTU_0071	23.79	269	182	7	5905	5126	3	257	1e-11	61.6
scaffold23487	OTU_0023	25.00	260	150	10	2269	3000	3	233	1e-11	60.8
scaffold23559	OTU_0058	26.07	211	129	5	1883	2443	1	208	5e-11	57.4
scaffold23778	OTU_0062	24.25	734	428	27	2967	4910	3	694	5e-37	  144
scaffold23964	OTU_0102	30.27	337	166	12	1411	2268	2	320	9e-24	98.6
scaffold23989	OTU_0062	30.26	271	161	6	6718	7485	5	262	4e-21	93.2
scaffold24207	OTU_0090	26.65	514	319	17	8213	6789	3	497	2e-27	  114
scaffold24298	OTU_0071	26.16	367	226	13	8263	7271	2	359	5e-20	87.0
scaffold24625	OTU_0001	24.50	702	431	20	3936	2056	118	795	3e-27	  112
scaffold24823	OTU_0041	36.50	137	80	5	4690	5085	4	138	5e-14	68.6
scaffold25348	OTU_0102	27.07	362	224	9	2794	1805	1	354	4e-24	99.8
scaffold25361	OTU_0001	27.63	666	398	20	2174	366	120	764	8e-44	  166
scaffold25392	OTU_0005	24.05	553	326	19	8505	7048	275	800	4e-21	93.2
scaffold25533	OTU_0005	27.77	713	406	28	3083	1194	115	801	2e-45	  171
scaffold25652	OTU_0023	24.83	298	178	10	5456	6313	3	266	9e-16	73.9
scaffold25713	OTU_0062	23.48	494	316	13	4311	5669	3	475	5e-17	79.7
scaffold25917	OTU_0001	26.70	719	430	22	2277	313	77	762	6e-44	  166
scaffold25923	OTU_0020	32.29	96	61	1	1781	1506	1	96	9e-13	62.8
scaffold25958	OTU_0020	32.97	91	57	1	6321	6581	1	91	8e-11	57.0
scaffold26109	OTU_0068	23.56	713	437	22	6104	8002	8	692	1e-32	  129
scaffold26298	OTU_0064	27.43	514	293	18	4	1380	6	494	4e-28	  114
scaffold26372	OTU_0023	26.02	269	166	7	3148	2384	2	251	8e-16	73.9
scaffold26833	OTU_0023	26.27	335	208	8	5813	4914	2	332	3e-23	97.1
scaffold26856	OTU_0021	32.03	153	89	5	8175	7747	46	193	4e-13	63.5
scaffold27570	OTU_0071	29.55	176	88	4	172	630	183	345	6e-12	62.0
scaffold27595	OTU_0064	25.57	305	184	11	156	1007	2	284	5e-15	72.8
scaffold27609	OTU_0001	26.57	700	408	25	7690	5807	118	783	1e-39	  152
scaffold27832	OTU_0003	26.90	316	175	13	1184	372	119	423	4e-17	79.0
scaffold27854	OTU_0003	27.24	323	181	9	4167	3331	111	423	3e-23	97.4
scaffold27874	OTU_0090	27.31	476	287	14	252	1523	5	473	4e-31	  125
scaffold28016	OTU_0046	22.87	739	457	28	3144	5120	6	711	2e-23	  100
scaffold28223	OTU_0071	22.98	309	195	9	1887	1027	2	289	1e-11	61.2
scaffold28244	OTU_0071	25.00	336	208	10	5510	6475	3	308	7e-18	80.5
scaffold28274	OTU_0058	27.98	218	121	8	4371	4937	1	211	5e-16	72.8
scaffold28425	OTU_0006	24.50	298	193	7	628	1464	3	287	2e-12	64.7
scaffold28531	OTU_0090	23.12	731	465	20	2676	4589	1	727	2e-31	  126
scaffold28949	OTU_0023	24.49	294	191	9	5482	4658	1	282	1e-15	73.2
scaffold29061	OTU_0090	25.98	508	334	16	6129	4699	1	497	5e-26	  108
scaffold29226	OTU_0064	24.95	473	302	11	4890	6182	6	467	8e-20	88.2
scaffold29432	OTU_0062	25.68	514	270	20	6173	4839	5	475	1e-20	91.3
scaffold29452	OTU_0023	25.67	335	206	10	818	1711	4	332	2e-17	79.3
scaffold29531	OTU_0003	26.18	340	194	16	1968	1066	102	423	2e-11	60.5
scaffold30216	OTU_0064	26.32	475	311	14	2418	3755	3	467	1e-30	  122
scaffold30476	OTU_0064	24.74	481	299	12	2703	1408	8	474	5e-25	  104
scaffold30480	OTU_0046	25.49	761	435	22	3455	5368	6	757	7e-53	  193
scaffold30545	OTU_0001	24.40	705	436	22	1567	3471	120	797	1e-35	  139
scaffold30639	OTU_0077	29.28	181	107	5	4527	5042	16	184	3e-16	73.6
scaffold30764	OTU_0001	25.27	732	416	24	2355	4322	120	796	4e-40	  154
scaffold30879	OTU_0005	24.62	727	444	27	3348	5297	105	804	8e-31	  124
scaffold31005	OTU_0023	28.33	240	142	7	1384	2049	4	231	2e-23	97.1
scaffold31099	OTU_0046	26.43	507	332	15	5570	4143	3	499	8e-30	  120
scaffold31629	OTU_0001	23.15	717	439	23	6611	4692	120	801	3e-34	  135
scaffold31847	OTU_0062	37.11	97	55	1	7031	7303	2	98	6e-14	69.3
scaffold31962	OTU_0005	25.07	347	188	14	7241	6285	268	570	5e-14	69.7
scaffold32399	OTU_0071	23.46	260	163	6	5870	6592	75	317	5e-13	65.5
scaffold33711	OTU_0062	26.46	480	289	13	4028	2754	4	474	1e-32	  129
scaffold33831	OTU_0064	23.93	305	184	8	5873	6712	3	284	3e-14	70.1
scaffold33922	OTU_0023	26.04	338	201	11	5955	6848	1	329	2e-24	  100
scaffold34207	OTU_0071	23.96	359	223	10	2682	3659	5	346	8e-21	89.0
scaffold34340	OTU_0023	27.57	243	150	6	2579	1899	7	239	3e-22	93.6
scaffold34479	OTU_0090	28.21	507	320	18	6507	5083	3	497	2e-30	  122
scaffold34623	OTU_0001	23.57	700	434	27	5620	3752	120	795	5e-25	  105
scaffold34895	OTU_0090	26.12	536	319	18	4690	3251	2	516	1e-36	  142
scaffold35134	OTU_0062	28.98	528	319	12	1459	17	5	523	5e-51	  187
scaffold35330	OTU_0020	32.97	91	57	1	4304	4564	1	91	3e-13	63.9
scaffold35492	OTU_0006	23.06	529	329	23	6551	5145	221	731	1e-12	64.7
scaffold35569	OTU_0090	26.48	559	335	17	3455	1902	3	526	2e-34	  135
scaffold35608	OTU_0020	32.33	133	81	3	4492	4863	5	137	1e-11	59.3
scaffold35812	OTU_0031	23.20	487	259	14	3463	4689	6	455	1e-16	77.4
scaffold36133	OTU_0023	26.80	362	226	9	3605	4633	2	343	2e-22	94.0
scaffold36533	OTU_0095	25.97	258	163	8	947	1648	168	421	5e-14	68.6
scaffold37703	OTU_0062	26.50	532	318	17	4765	6186	1	517	4e-34	  134
scaffold37938	OTU_0046	25.09	825	469	34	3402	1090	3	732	2e-32	  129
scaffold38115	OTU_0023	23.84	302	176	11	2595	1738	3	266	3e-13	65.9
scaffold38248	OTU_0007	25.58	649	397	22	3692	5449	23	648	5e-28	  114
scaffold38402	OTU_0023	25.35	359	226	7	1022	57	1	354	6e-23	95.5
scaffold38734	OTU_0071	26.81	332	193	8	2164	3063	5	318	4e-30	  118
scaffold38774	OTU_0020	38.68	106	50	6	5735	6043	1	94	2e-14	67.8
scaffold39229	OTU_0023	30.45	266	161	10	4093	3344	10	267	3e-21	90.1
scaffold39488	OTU_0020	36.46	96	57	1	1081	1356	1	96	6e-16	72.4
scaffold39915	OTU_0062	26.73	793	454	35	1199	3301	1	758	3e-44	  166
scaffold40064	OTU_0008	25.51	294	190	7	6058	5246	176	463	1e-16	77.0
scaffold40108	OTU_0005	27.12	520	298	19	52	1425	269	769	3e-30	  122
scaffold40178	OTU_0008	31.18	170	106	5	5919	5425	310	473	5e-14	68.6
scaffold40798	OTU_0008	25.89	282	177	8	5569	4808	176	453	9e-12	61.6
scaffold41177	OTU_0003	28.70	331	182	11	1209	352	101	422	1e-17	79.7
scaffold41948	OTU_0023	27.58	330	191	10	1	882	36	353	1e-17	79.3
scaffold41998	OTU_0001	24.35	694	412	26	1862	3694	111	774	8e-31	  124
scaffold42054	OTU_0005	27.12	354	186	12	3529	4425	83	419	1e-20	90.9
scaffold42363	OTU_0023	25.26	285	179	10	2228	1410	1	263	4e-15	71.2
scaffold42983	OTU_0064	23.75	299	188	9	1908	2741	3	282	8e-14	68.2
scaffold43417	OTU_0007	25.26	673	414	24	4186	2381	7	661	7e-26	  107
scaffold43611	OTU_0062	22.69	551	335	17	4668	3181	3	517	9e-21	91.3
scaffold43755	OTU_0062	29.69	842	442	32	2952	616	5	759	3e-72	  253
scaffold44094	OTU_0005	23.99	321	201	8	5212	4328	505	808	2e-14	70.5
scaffold44289	OTU_0062	26.50	732	422	25	1926	19	2	713	1e-44	  167
scaffold44448	OTU_0068	25.57	696	422	21	218	2071	8	685	3e-42	  159
scaffold44761	OTU_0090	27.64	521	293	15	3753	5120	2	503	1e-39	  151
scaffold45312	OTU_0090	30.17	484	283	18	2912	1572	2	467	1e-30	  122
scaffold45480	OTU_0006	24.16	538	295	12	1099	2430	6	524	3e-32	  128
scaffold45480	OTU_0006	31.51	146	96	3	2527	2961	616	758	2e-11	60.8
scaffold46584	OTU_0043	25.20	254	157	7	19	699	5	252	4e-15	69.7
scaffold46654	OTU_0023	25.31	324	196	11	4464	3562	1	301	8e-16	73.6
scaffold46711	OTU_0007	24.48	572	359	16	25	1581	96	647	3e-37	  143
scaffold46714	OTU_0102	23.37	338	194	9	2467	3312	6	334	2e-12	63.2
scaffold46778	OTU_0046	25.36	761	456	26	2734	728	6	746	5e-47	  174
scaffold46804	OTU_0062	30.00	260	168	6	2691	3440	4	259	5e-25	  104
scaffold46872	OTU_0023	25.59	254	173	6	2297	1572	7	256	7e-15	70.5
