scaffold00006	OTU_0046	25.42	775	447	31	205017	207032	11	757	1e-27	  119
scaffold00010	OTU_0023	23.51	319	183	12	163094	163984	3	282	3e-11	64.7
scaffold00012	OTU_0062	27.17	530	324	15	108456	107017	3	520	2e-32	  134
scaffold00013	OTU_0064	25.92	598	345	22	11566	9806	6	516	1e-38	  152
scaffold00024	OTU_0071	25.24	309	186	8	157735	156878	2	288	2e-13	70.5
scaffold00025	OTU_0090	26.60	485	297	17	48031	46694	3	467	6e-30	  125
scaffold00032	OTU_0090	28.10	484	291	15	29050	30387	3	467	3e-29	  123
scaffold00039	OTU_0062	25.10	522	313	14	94478	95884	3	499	1e-34	  140
scaffold00100	OTU_0090	25.63	753	433	22	19899	17926	6	726	2e-50	  189
scaffold00111	OTU_0062	22.65	499	305	17	73082	74434	3	468	2e-20	94.0
scaffold00132	OTU_0102	29.69	357	190	13	5415	6347	2	343	2e-27	  113
scaffold00145	OTU_0064	27.49	491	307	14	47989	46640	1	483	1e-35	  140
scaffold00145	OTU_0064	34.98	263	128	13	56623	55886	4	240	5e-17	82.0
scaffold00176	OTU_0062	24.52	620	349	20	14833	16395	10	609	2e-30	  125
scaffold00212	OTU_0044	26.87	428	259	16	33231	32074	6	421	4e-16	78.2
scaffold00262	OTU_0023	24.48	335	214	8	2919	2020	2	332	3e-19	86.7
scaffold00271	OTU_0064	29.31	389	186	13	14267	15247	2	363	6e-22	97.4
scaffold00303	OTU_0023	27.86	262	156	9	2165	2911	1	242	2e-12	65.5
scaffold00313	OTU_0064	29.54	501	306	13	24168	25544	8	503	4e-48	  179
scaffold00437	OTU_0090	25.67	561	323	19	10711	9236	4	539	7e-35	  139
scaffold00439	OTU_0001	26.83	712	413	29	10784	8877	120	799	9e-36	  142
scaffold00514	OTU_0005	23.35	698	433	26	21012	19174	126	806	2e-26	  111
scaffold00752	OTU_0006	26.56	738	430	26	16414	14480	6	724	7e-48	  179
scaffold00796	OTU_0062	25.50	749	438	27	2229	4271	3	699	2e-41	  159
scaffold00997	OTU_0062	26.71	483	292	16	8145	9440	3	474	7e-33	  132
scaffold01028	OTU_0062	26.10	544	320	17	5536	7008	3	517	1e-35	  140
scaffold01030	OTU_0023	31.85	248	156	9	6251	5538	2	246	2e-20	89.4
scaffold01242	OTU_0062	25.40	500	311	16	1485	151	5	497	2e-25	  107
scaffold01249	OTU_0005	25.86	723	434	25	10199	8259	105	801	1e-36	  144
scaffold01511	OTU_0006	27.62	496	285	15	2790	4121	6	479	2e-36	  143
scaffold01900	OTU_0090	27.20	511	328	15	7252	5807	2	497	8e-34	  134
scaffold02131	OTU_0003	26.75	329	180	12	1881	2747	117	424	1e-14	70.9
scaffold02201	OTU_0005	23.33	330	172	12	2248	3033	12	328	9e-11	59.7
scaffold02342	OTU_0023	24.62	260	151	9	8958	9689	3	233	2e-12	64.3
scaffold03380	OTU_0001	25.07	726	456	23	761	2713	83	795	3e-36	  142
scaffold03886	OTU_0023	25.00	324	197	11	2883	3785	1	301	3e-15	72.4
scaffold03919	OTU_0023	26.40	250	139	9	8012	7311	7	227	6e-13	65.1
scaffold03984	OTU_0007	24.84	463	279	18	7936	6698	233	676	6e-17	79.0
scaffold04192	OTU_0023	25.98	254	172	6	1292	2017	7	256	4e-15	72.0
scaffold04591	OTU_0001	25.67	487	287	16	4286	2985	110	574	4e-26	  108
scaffold04901	OTU_0005	26.39	701	421	22	6315	4444	89	771	1e-43	  165
scaffold05019	OTU_0090	28.12	480	298	17	3246	4586	2	467	3e-27	  112
scaffold05426	OTU_0005	25.24	721	437	24	2833	4767	105	799	2e-36	  142
scaffold06757	OTU_0044	30.16	305	157	12	5134	5910	2	296	1e-20	89.4
scaffold07412	OTU_0046	25.00	464	280	18	5961	4729	261	709	2e-17	80.5
scaffold07515	OTU_0005	26.36	736	436	27	3308	1335	105	812	1e-41	  158
scaffold07689	OTU_0008	29.55	264	157	10	5828	5088	1	252	6e-11	58.9
scaffold08557	OTU_0068	24.64	759	459	21	217	2241	1	730	7e-41	  155
scaffold08834	OTU_0041	33.33	102	55	3	4999	5289	3	96	3e-11	59.3
scaffold09517	OTU_0068	26.15	715	421	23	5316	3448	57	756	5e-47	  174
scaffold09871	OTU_0007	24.32	551	337	18	3751	5214	7	540	2e-20	89.4
scaffold10150	OTU_0005	23.46	699	409	28	2101	272	113	774	4e-26	  108
scaffold10192	OTU_0066	25.62	281	178	9	4893	4123	172	445	3e-15	72.0
scaffold10537	OTU_0007	25.49	663	413	23	2074	3876	7	650	2e-38	  147
scaffold10996	OTU_0005	23.55	293	185	9	1105	1941	191	458	1e-11	61.2
scaffold11565	OTU_0104	23.69	249	161	6	4855	4190	47	293	3e-13	64.7
scaffold12373	OTU_0071	31.46	178	116	4	17	538	52	227	1e-17	78.6
scaffold13063	OTU_0031	37.69	130	68	4	129	491	6	131	5e-15	71.6
scaffold13339	OTU_0023	28.12	256	173	4	794	54	1	254	3e-31	  121
scaffold13949	OTU_0022	29.46	241	150	7	122	811	3	234	7e-15	68.6
scaffold13998	OTU_0023	26.06	353	224	11	1301	345	1	350	1e-24	  100
scaffold14058	OTU_0062	28.30	523	320	13	2972	1545	3	517	6e-48	  176
scaffold14827	OTU_0023	25.62	281	162	7	1744	2547	7	253	5e-15	70.9
scaffold15562	OTU_0077	31.54	130	76	4	3553	3191	43	168	2e-14	67.0
scaffold16054	OTU_0005	24.24	330	173	11	2241	1450	10	328	8e-12	61.6
scaffold16685	OTU_0020	31.80	239	134	8	1190	501	6	224	9e-26	  102
scaffold16895	OTU_0023	26.20	355	222	9	1051	92	1	350	6e-26	  104
scaffold17128	OTU_0044	22.94	436	267	13	1188	19	8	420	3e-13	65.1
scaffold17449	OTU_0003	27.10	321	183	7	3150	3986	111	422	3e-20	87.4
scaffold17764	OTU_0023	27.15	361	223	12	2997	3971	7	363	7e-34	  129
scaffold18159	OTU_0005	26.85	473	284	15	2377	3660	115	570	2e-29	  118
scaffold18942	OTU_0071	23.77	324	179	10	2804	1935	2	291	3e-13	64.7
scaffold19025	OTU_0020	28.63	255	158	7	874	125	5	240	4e-24	97.1
scaffold19139	OTU_0005	26.14	440	270	17	55	1251	394	819	8e-19	84.0
scaffold20407	OTU_0077	33.56	146	84	4	2226	2636	43	184	1e-16	73.9
scaffold20881	OTU_0023	23.36	274	171	7	217	987	1	252	3e-13	64.7
scaffold21334	OTU_0071	29.96	267	164	12	2744	3502	1	258	2e-18	80.9
scaffold21964	OTU_0064	24.23	326	204	10	2070	2981	3	307	2e-13	66.2
scaffold22328	OTU_0090	24.81	403	242	10	2	1054	81	474	2e-24	  101
scaffold23121	OTU_0044	27.70	426	266	11	1176	4	7	425	1e-26	  106
scaffold23332	OTU_0001	25.63	476	283	17	2009	732	120	574	2e-20	89.4
scaffold23502	OTU_0005	27.16	696	390	25	882	2720	108	769	2e-41	  156
scaffold24826	OTU_0064	25.52	482	295	14	2436	1135	2	467	6e-23	96.7
scaffold25016	OTU_0001	46.38	677	336	10	3353	1329	156	807	0.0	  573
scaffold25149	OTU_0007	27.27	671	400	22	2944	1130	22	670	4e-42	  157
scaffold25304	OTU_0022	31.58	133	79	4	1703	1320	1	126	5e-12	59.3
scaffold25533	OTU_0062	25.48	785	473	29	3150	1039	4	757	2e-45	  167
scaffold25874	OTU_0090	25.33	529	317	16	3324	1924	11	523	2e-29	  117
scaffold26148	OTU_0005	23.49	711	416	28	3080	1245	100	781	4e-19	84.7
scaffold26236	OTU_0023	24.11	282	177	8	1062	253	3	259	9e-15	69.3
scaffold26680	OTU_0023	28.37	356	193	9	2320	3264	8	342	7e-31	  119
scaffold27163	OTU_0001	24.62	532	319	17	3083	1653	74	578	2e-22	95.9
scaffold27367	OTU_0062	24.10	747	440	25	2188	143	3	687	9e-36	  137
scaffold28203	OTU_0005	23.42	726	446	25	2282	369	101	804	9e-22	93.2
scaffold28277	OTU_0023	27.05	244	162	6	2921	2226	7	246	9e-16	72.4
scaffold28531	OTU_0090	29.59	534	291	18	1041	2447	3	516	1e-37	  144
scaffold29111	OTU_0020	33.33	126	52	4	2634	3005	1	96	5e-16	71.6
scaffold31451	OTU_0005	26.15	260	162	8	3014	2322	535	793	5e-13	64.7
scaffold32347	OTU_0005	23.46	665	404	25	2931	1174	167	805	8e-23	96.7
scaffold33579	OTU_0023	27.68	271	165	9	1303	2088	3	251	2e-15	71.6
scaffold33892	OTU_0062	25.05	535	312	16	1428	2837	7	517	6e-29	  116
scaffold33991	OTU_0005	23.86	352	212	12	2266	1313	113	442	9e-13	63.9
scaffold34665	OTU_0062	25.31	320	201	9	1628	768	4	318	8e-24	99.8
scaffold34754	OTU_0023	23.76	282	178	8	2489	1680	3	259	5e-13	63.5
scaffold36799	OTU_0062	24.24	561	324	15	2123	606	3	517	7e-38	  144
scaffold36865	OTU_0003	28.93	318	170	11	1690	2508	117	423	1e-18	81.3
scaffold37233	OTU_0062	26.07	257	160	9	2048	2782	3	241	8e-13	63.9
scaffold37300	OTU_0068	24.44	450	275	13	2781	1594	78	516	3e-22	94.7
scaffold37334	OTU_0020	37.61	117	55	2	2414	2758	5	105	8e-19	80.1
scaffold39536	OTU_0062	24.55	721	439	25	1979	24	3	687	3e-37	  142
scaffold40094	OTU_0071	30.92	249	152	8	264	995	5	238	1e-22	93.2
scaffold40552	OTU_0008	23.51	485	288	19	1617	337	14	473	3e-13	64.7
scaffold41930	OTU_0068	32.59	135	75	4	2462	2061	397	516	2e-15	72.0
scaffold43010	OTU_0020	39.64	111	54	3	2084	2383	1	109	3e-18	78.2
scaffold43221	OTU_0020	34.34	99	62	2	374	84	3	100	2e-12	60.5
scaffold43528	OTU_0007	23.46	503	326	12	2576	1176	192	671	6e-17	77.0
scaffold43659	OTU_0102	30.18	328	177	6	887	54	29	354	5e-30	  115
scaffold43807	OTU_0062	25.69	545	330	15	1643	168	3	525	2e-40	  152
scaffold46346	OTU_0041	34.07	91	56	1	1337	1077	1	91	2e-11	58.2
scaffold46358	OTU_0001	26.77	310	185	9	1211	393	118	422	5e-16	74.3
scaffold48159	OTU_0007	25.60	500	298	19	1092	2435	5	482	2e-16	75.5
scaffold48613	OTU_0006	25.31	569	327	20	2448	1003	200	757	9e-33	  127
scaffold49099	OTU_0062	26.89	755	428	28	262	2223	1	732	4e-43	  160
scaffold49281	OTU_0090	28.62	269	169	8	1275	2039	2	261	1e-17	79.0
scaffold49985	OTU_0062	24.49	539	281	15	2412	1162	225	759	1e-26	  108
scaffold50109	OTU_0090	26.22	656	375	23	1	1719	57	686	5e-33	  128
scaffold50128	OTU_0020	43.48	69	38	1	2164	2370	1	68	3e-13	62.4
scaffold50620	OTU_0077	30.14	146	89	4	412	2	43	184	3e-14	65.1
scaffold50638	OTU_0003	26.09	322	191	10	1946	1080	116	423	7e-14	66.6
scaffold50856	OTU_0041	38.46	91	52	2	2112	2372	1	91	8e-14	65.9
scaffold51269	OTU_0023	33.09	139	87	4	476	78	1	139	7e-20	84.3
scaffold54655	OTU_0090	25.87	719	415	24	1909	5	2	686	3e-47	  172
scaffold56968	OTU_0090	27.31	465	276	15	2254	1016	19	473	3e-34	  132
scaffold57278	OTU_0064	24.76	420	277	13	1	1170	57	467	8e-20	85.9
scaffold59117	OTU_0090	25.07	383	238	9	2099	1089	137	516	2e-23	97.8
scaffold59480	OTU_0066	24.33	300	197	8	41	868	160	453	7e-17	75.9
scaffold60335	OTU_0064	26.18	489	295	16	185	1504	2	473	3e-23	96.7
scaffold60800	OTU_0031	37.69	130	68	4	1119	757	7	132	2e-15	71.2
scaffold60825	OTU_0102	23.70	405	210	11	1124	3	8	344	1e-17	77.4
scaffold63739	OTU_0071	42.62	61	35	0	1106	1288	5	65	2e-14	57.4
scaffold63739	OTU_0071	30.28	109	67	4	1282	1581	67	175	2e-14	32.0
scaffold63989	OTU_0023	38.82	85	50	2	1886	2137	1	84	7e-16	72.0
scaffold64074	OTU_0090	26.43	719	404	25	1908	31	7	693	4e-53	  188
scaffold64553	OTU_0005	26.20	229	128	8	56	646	200	419	2e-13	65.5
scaffold66457	OTU_0023	23.44	273	164	8	1841	1071	3	246	7e-14	65.9
scaffold66562	OTU_0020	32.04	181	108	6	1534	2043	1	177	4e-23	92.4
scaffold68975	OTU_0102	29.29	239	144	7	2059	1382	15	241	2e-14	67.4
scaffold69398	OTU_0062	26.70	528	317	16	186	1604	5	517	2e-37	  141
scaffold69423	OTU_0023	24.30	284	174	9	496	1305	3	259	2e-15	70.5
scaffold69850	OTU_0007	23.31	532	340	20	181	1620	159	674	1e-23	98.2
scaffold70625	OTU_0023	26.09	253	144	9	325	1038	3	227	2e-13	64.3
scaffold71498	OTU_0044	28.12	256	141	8	67	729	83	330	3e-13	63.9
scaffold72250	OTU_0003	24.32	366	215	13	1587	628	74	423	3e-17	76.3
scaffold72426	OTU_0008	25.30	411	247	13	43	1170	45	430	5e-24	97.8
scaffold72731	OTU_0064	28.52	305	171	11	1983	1204	221	523	8e-21	88.6
scaffold73777	OTU_0023	30.77	273	160	9	1198	1959	7	269	2e-25	  101
scaffold75154	OTU_0001	26.91	301	178	9	1973	1182	121	416	1e-17	79.0
scaffold75529	OTU_0102	24.86	366	230	9	520	1524	4	355	2e-20	85.5
scaffold76395	OTU_0062	27.23	481	284	14	457	1731	4	474	6e-34	  130
scaffold76820	OTU_0062	27.97	522	323	12	128	1555	3	517	2e-48	  173
scaffold77646	OTU_0071	25.82	275	159	11	1223	450	5	251	7e-14	65.5
scaffold79502	OTU_0064	29.92	244	122	6	953	1663	315	516	2e-19	84.3
scaffold79502	OTU_0064	24.51	204	140	5	8	583	54	255	2e-12	62.0
scaffold80214	OTU_0005	26.31	498	281	17	164	1477	101	572	5e-24	99.0
scaffold81625	OTU_0005	25.04	631	380	22	225	1889	115	728	4e-30	  118
scaffold83194	OTU_0062	26.82	619	358	20	1673	63	6	611	3e-42	  155
scaffold83440	OTU_0023	34.95	103	56	3	515	219	3	98	8e-13	62.4
scaffold85411	OTU_0041	34.07	91	56	1	1156	896	1	91	1e-11	58.5
scaffold88511	OTU_0066	26.04	169	119	2	1	495	302	468	5e-17	75.9
scaffold89067	OTU_0020	42.71	96	51	2	293	6	1	92	3e-19	80.1
scaffold89262	OTU_0033	28.29	251	153	8	22	699	1	249	2e-14	66.2
scaffold91837	OTU_0007	25.94	293	182	10	291	1082	402	688	6e-13	63.5
scaffold93757	OTU_0020	37.50	88	43	3	1505	1762	8	85	1e-14	65.9
scaffold93816	OTU_0071	25.27	368	227	9	782	1753	3	366	5e-19	81.3
scaffold93936	OTU_0064	34.78	92	54	1	418	161	6	97	2e-13	64.7
scaffold94632	OTU_0023	27.93	290	178	8	886	1719	1	271	8e-28	  107
scaffold95047	OTU_0008	26.45	363	210	15	1679	726	119	469	2e-14	67.4
scaffold96645	OTU_0023	32.35	102	56	3	1247	1537	3	96	2e-11	58.2
scaffold96679	OTU_0023	26.99	226	152	4	1501	854	5	227	4e-21	87.4
scaffold96999	OTU_0062	29.13	357	219	7	1018	35	3	354	9e-35	  132
scaffold98114	OTU_0003	24.07	324	196	13	23	901	119	423	1e-11	58.5
scaffold99276	OTU_0046	25.14	533	279	22	136	1701	285	708	2e-19	84.3
scaffold99449	OTU_0064	30.09	216	127	6	581	1228	308	499	2e-13	64.7
scaffold100521	OTU_0023	25.48	263	151	8	815	75	3	236	1e-13	64.3
scaffold100541	OTU_0023	32.35	102	56	3	567	277	3	96	1e-11	58.5
scaffold101590	OTU_0005	33.61	122	60	5	460	765	267	387	4e-12	60.8
scaffold103508	OTU_0090	24.64	422	251	14	5	1099	62	473	6e-16	72.8
scaffold105036	OTU_0064	25.19	270	163	5	1	699	206	473	1e-16	74.7
scaffold105117	OTU_0044	25.74	338	195	12	2	895	83	404	6e-15	68.9
scaffold106060	OTU_0020	31.52	92	55	2	3	260	7	96	6e-11	55.1
scaffold107422	OTU_0007	23.53	493	311	14	1400	66	7	481	3e-20	86.3
scaffold107455	OTU_0062	24.87	579	338	21	16	1515	199	759	3e-29	  114
scaffold107534	OTU_0023	26.79	336	205	8	229	1128	2	332	2e-25	  100
scaffold107649	OTU_0023	30.59	255	163	7	1031	282	7	252	7e-25	98.6
scaffold110363	OTU_0090	26.34	429	258	11	1611	472	54	473	3e-24	99.0
scaffold110486	OTU_0090	25.66	530	307	16	1430	3	3	499	2e-35	  133
scaffold110521	OTU_0001	24.18	521	340	16	1589	135	298	799	1e-24	  100
scaffold110825	OTU_0086	34.74	95	45	2	482	249	65	159	6e-13	60.5
scaffold111453	OTU_0001	22.72	603	374	24	3	1595	182	764	2e-19	84.0
scaffold111945	OTU_0020	38.46	91	50	2	1046	1300	6	96	8e-14	63.5
scaffold112961	OTU_0001	26.80	306	174	9	199	993	120	416	3e-17	77.0
scaffold114044	OTU_0023	28.31	219	138	9	618	1	2	214	1e-12	61.2
scaffold114581	OTU_0090	24.16	418	245	16	1594	485	81	474	6e-14	66.2
scaffold115924	OTU_0023	34.23	149	90	3	444	19	1	148	8e-13	62.0
scaffold118978	OTU_0046	24.30	321	197	6	8	847	181	496	7e-20	85.1
scaffold119849	OTU_0020	28.42	95	64	1	1185	1457	1	95	2e-11	56.6
scaffold119979	OTU_0023	32.67	101	57	2	1136	1426	3	96	1e-11	58.5
scaffold119996	OTU_0020	30.80	250	150	6	743	6	6	236	7e-26	99.4
scaffold120671	OTU_0037	30.14	146	89	4	797	387	25	166	6e-15	66.2
scaffold121491	OTU_0005	25.77	260	163	6	1522	830	535	793	2e-15	70.9
scaffold126665	OTU_0023	25.60	250	149	8	1089	376	3	227	8e-12	58.5
scaffold127553	OTU_0023	33.66	101	56	2	397	107	3	96	3e-12	60.1
scaffold129698	OTU_0023	32.35	102	56	3	1005	1295	3	96	1e-11	58.5
scaffold130288	OTU_0008	28.04	296	174	9	1462	653	152	434	7e-19	81.3
scaffold130913	OTU_0020	36.24	149	87	5	1044	1484	1	143	2e-19	80.5
scaffold131249	OTU_0003	30.03	363	191	16	1080	148	72	423	7e-24	95.9
scaffold131848	OTU_0064	24.10	307	213	6	55	927	195	497	5e-14	66.2
scaffold131970	OTU_0064	25.30	253	144	7	2	640	226	473	1e-12	62.0
scaffold133859	OTU_0071	31.93	166	106	5	916	1401	10	172	7e-16	71.2
scaffold134256	OTU_0090	38.30	94	54	3	1125	1400	3	94	1e-13	65.5
scaffold135032	OTU_0007	25.15	493	303	15	1441	107	7	481	2e-23	96.3
scaffold136010	OTU_0023	30.08	123	80	2	478	125	3	124	1e-13	64.3
scaffold136132	OTU_0064	31.06	132	69	5	964	1341	1	116	2e-11	58.2
scaffold137137	OTU_0020	36.67	90	52	3	639	379	3	90	7e-15	66.6
scaffold137722	OTU_0006	28.95	228	154	3	740	81	6	233	1e-23	96.7
scaffold142298	OTU_0020	36.89	103	56	3	203	493	1	100	1e-14	65.9
scaffold142452	OTU_0062	28.02	182	101	5	836	1381	324	475	2e-13	64.3
scaffold144415	OTU_0023	23.77	223	148	8	779	1411	2	214	5e-12	59.3
scaffold147542	OTU_0023	29.91	321	204	10	402	1316	2	317	7e-32	  118
scaffold147644	OTU_0023	31.68	101	58	2	909	1199	3	96	3e-11	57.0
scaffold147872	OTU_0023	30.00	250	142	10	685	1392	1	231	1e-20	85.9
scaffold149505	OTU_0071	25.60	336	207	10	1055	156	1	329	4e-18	77.8
scaffold150439	OTU_0044	24.39	328	178	10	2	886	6	296	2e-11	57.8
scaffold151164	OTU_0023	27.39	314	188	9	842	3	1	308	2e-25	99.8
scaffold151463	OTU_0003	25.14	362	217	12	393	1352	74	423	7e-17	74.7
scaffold151721	OTU_0007	25.15	497	288	20	1294	8	98	578	7e-21	87.8
scaffold152036	OTU_0003	24.23	355	206	12	283	1209	86	423	4e-16	72.0
scaffold152114	OTU_0023	29.71	276	171	11	863	81	2	269	4e-28	  107
scaffold152496	OTU_0023	29.39	313	203	10	978	85	1	310	3e-29	  110
scaffold153190	OTU_0023	24.58	301	188	10	898	56	1	282	8e-13	61.6
scaffold154440	OTU_0102	25.84	356	227	8	1161	190	6	356	4e-24	95.9
scaffold155333	OTU_0003	27.76	263	145	7	761	81	118	371	1e-16	73.6
scaffold156732	OTU_0068	26.42	439	285	13	1355	126	37	466	1e-26	  105
scaffold158416	OTU_0023	22.93	314	191	11	1200	310	3	282	8e-14	64.7
scaffold159238	OTU_0005	33.07	127	78	5	1325	963	294	419	6e-15	68.9
scaffold159746	OTU_0005	26.82	384	216	14	1274	261	206	570	4e-20	85.5
scaffold159772	OTU_0023	26.38	345	203	10	418	1326	1	336	4e-20	84.0
scaffold161267	OTU_0068	28.73	268	174	5	502	1284	1	258	2e-30	  117
scaffold162384	OTU_0104	26.85	298	184	12	1070	255	38	327	1e-17	75.9
scaffold162726	OTU_0023	30.28	327	168	16	858	10	1	311	3e-21	87.0
scaffold163212	OTU_0023	25.97	258	150	9	779	48	3	233	2e-14	66.2
scaffold163399	OTU_0027	32.48	157	77	6	924	1322	81	232	2e-11	56.6
scaffold164451	OTU_0023	30.17	358	204	13	1139	183	1	351	9e-31	  114
scaffold166645	OTU_0062	28.97	321	187	11	46	924	161	468	4e-19	82.0
scaffold167448	OTU_0020	33.08	133	73	5	387	19	3	129	3e-17	73.6
scaffold167567	OTU_0005	26.06	307	191	11	213	1037	505	807	5e-19	81.6
scaffold168094	OTU_0003	27.62	315	174	10	467	1279	119	423	4e-20	84.3
scaffold169632	OTU_0079	35.64	101	59	2	164	451	7	106	2e-11	55.1
scaffold171498	OTU_0062	28.36	268	163	7	755	3	5	260	8e-27	  105
scaffold174085	OTU_0071	26.64	274	161	9	881	102	5	252	7e-14	64.7
scaffold176339	OTU_0062	23.90	410	253	11	36	1106	123	526	2e-25	  100
scaffold177298	OTU_0068	27.94	494	269	15	1242	7	28	516	6e-39	  142
scaffold179109	OTU_0064	27.27	462	273	12	1255	38	62	516	3e-38	  138
scaffold182023	OTU_0062	27.64	246	134	10	551	1249	3	217	4e-20	85.1
scaffold182341	OTU_0008	23.21	280	188	7	106	867	181	459	4e-12	59.7
scaffold182415	OTU_0005	30.63	160	96	6	28	465	261	419	1e-16	73.9
scaffold184096	OTU_0025	29.48	251	141	7	351	1001	32	280	2e-17	74.7
scaffold184350	OTU_0041	37.36	91	53	1	188	448	1	91	4e-14	65.5
scaffold186017	OTU_0001	28.01	282	155	8	749	21	115	387	1e-18	80.5
scaffold186020	OTU_0090	25.00	292	183	7	291	1121	3	273	2e-14	67.0
scaffold188339	OTU_0044	26.24	362	194	13	174	1109	83	421	8e-18	77.0
scaffold189223	OTU_0005	25.72	416	257	14	13	1140	368	771	3e-20	85.1
scaffold189227	OTU_0071	28.12	352	195	11	962	36	8	344	5e-25	97.4
scaffold189605	OTU_0023	29.13	357	229	13	1060	41	2	351	4e-26	  100
scaffold190483	OTU_0022	41.67	120	64	2	1142	798	1	119	2e-23	90.9
scaffold191199	OTU_0023	28.53	382	197	8	1054	35	5	352	3e-33	  121
scaffold192200	OTU_0001	25.26	380	218	13	56	1066	100	456	1e-19	83.2
scaffold192584	OTU_0020	42.00	100	53	3	919	1212	1	97	1e-18	77.4
scaffold193133	OTU_0001	26.85	391	243	14	12	1082	273	654	8e-17	74.7
scaffold193698	OTU_0102	37.62	101	55	5	870	1160	1	97	3e-11	56.6
scaffold194934	OTU_0020	33.68	95	59	1	551	823	1	95	5e-12	57.8
scaffold196221	OTU_0102	33.65	104	64	1	473	769	4	107	5e-16	71.2
scaffold196731	OTU_0071	27.20	250	145	8	405	1118	3	227	8e-14	64.3
scaffold197203	OTU_0062	23.75	341	204	9	986	120	161	497	2e-12	60.5
scaffold197430	OTU_0086	34.00	100	49	2	103	351	65	164	5e-11	54.3
scaffold203518	OTU_0046	27.55	294	172	6	35	802	183	473	8e-20	83.6
scaffold203645	OTU_0003	23.08	351	219	10	1176	244	84	423	5e-12	58.9
scaffold203677	OTU_0023	26.55	354	180	10	234	1169	1	316	1e-28	  107
scaffold204416	OTU_0046	25.00	368	223	10	107	1063	161	524	1e-20	85.9
scaffold204806	OTU_0023	31.68	101	58	2	483	193	3	96	5e-11	55.5
scaffold205175	OTU_0023	22.54	355	180	10	1175	156	90	364	1e-12	60.5
scaffold205311	OTU_0005	27.05	281	170	10	265	1008	493	771	2e-17	76.3
scaffold207897	OTU_0023	30.43	253	160	8	724	5	7	256	3e-33	  121
scaffold208102	OTU_0020	36.26	91	53	1	445	702	3	93	3e-12	58.5
scaffold212028	OTU_0077	29.75	158	96	3	1154	711	15	167	3e-11	55.1
scaffold214456	OTU_0020	31.49	181	105	7	632	129	3	177	2e-23	90.5
scaffold216142	OTU_0025	28.31	219	123	7	439	1002	65	280	2e-13	62.4
scaffold219396	OTU_0007	28.29	410	237	12	4	1095	189	587	8e-38	  137
scaffold219485	OTU_0071	30.53	262	158	9	371	1111	2	254	2e-15	69.3
scaffold220289	OTU_0005	28.97	214	121	9	3	554	207	419	2e-18	79.0
scaffold220691	OTU_0005	31.56	225	121	6	538	1122	131	352	2e-12	60.8
scaffold221564	OTU_0062	43.68	87	44	2	248	3	3	89	6e-13	62.4
scaffold223343	OTU_0023	26.19	252	145	9	316	1029	3	227	7e-14	64.3
scaffold223531	OTU_0015	99.62	262	1	0	339	1124	1	262	0.0	  553
scaffold226465	OTU_0005	42.03	138	63	6	2	370	273	408	8e-16	70.9
scaffold233637	OTU_0008	29.60	250	160	6	1070	351	2	245	1e-13	63.9
scaffold235463	OTU_0023	30.69	101	59	2	498	208	3	96	7e-11	55.1
scaffold236711	OTU_0046	25.66	343	197	11	1	876	422	757	8e-18	77.0
scaffold238195	OTU_0068	26.93	401	233	13	16	1068	52	442	2e-25	  100
scaffold247402	OTU_0044	25.93	297	172	11	977	207	8	296	3e-14	65.5
scaffold248165	OTU_0062	28.30	318	187	9	6	875	164	468	1e-18	79.3
scaffold249697	OTU_0090	26.08	372	214	10	44	1060	3	346	5e-32	  120
scaffold250229	OTU_0071	28.20	344	198	12	1056	142	18	351	6e-21	85.1
scaffold250321	OTU_0068	28.24	340	195	8	993	115	160	497	3e-25	99.4
scaffold250697	OTU_0102	30.17	242	155	8	698	6	1	239	1e-18	78.6
scaffold255897	OTU_0094	31.21	173	82	7	482	51	67	231	1e-11	56.6
scaffold256712	OTU_0023	29.41	221	145	5	930	295	133	351	1e-17	75.1
scaffold257533	OTU_0066	25.27	372	224	15	1018	2	37	387	2e-15	69.3
scaffold261424	OTU_0046	29.11	316	199	11	971	81	3	312	8e-29	  110
scaffold263902	OTU_0071	30.21	192	104	3	263	751	161	351	4e-18	77.0
scaffold265105	OTU_0041	33.33	87	55	2	500	246	8	93	5e-12	58.2
scaffold267491	OTU_0062	28.82	229	120	10	406	1011	5	217	3e-15	68.9
scaffold268203	OTU_0064	23.96	313	190	11	201	1013	161	467	1e-17	75.9
scaffold268624	OTU_0007	25.23	333	208	7	971	45	147	462	6e-21	86.3
scaffold268794	OTU_0005	26.72	131	93	1	40	423	655	785	6e-11	55.5
scaffold270480	OTU_0023	26.58	222	133	8	1009	380	24	227	6e-11	55.1
scaffold273830	OTU_0090	29.65	226	144	6	364	1011	10	230	2e-16	72.4
scaffold275386	OTU_0012	29.65	199	106	7	586	83	66	261	3e-11	55.1
scaffold275661	OTU_0031	35.85	159	84	6	989	564	303	460	4e-18	77.0
scaffold277502	OTU_0008	27.64	351	206	11	44	1003	63	396	2e-24	95.5
scaffold280455	OTU_0008	28.78	344	208	10	47	997	1	334	1e-19	81.6
scaffold282001	OTU_0046	29.06	117	82	1	79	426	641	757	6e-11	55.5
scaffold284442	OTU_0023	25.98	254	172	6	262	987	7	256	1e-17	75.1
scaffold284632	OTU_0046	26.20	355	207	10	75	992	124	472	5e-19	80.1
scaffold285226	OTU_0023	28.79	264	132	9	256	990	1	227	5e-22	87.8
scaffold287673	OTU_0022	33.90	118	72	2	25	363	3	119	7e-13	59.7
scaffold300215	OTU_0091	98.94	188	0	2	566	3	1	186	7e-129	  367
scaffold303429	OTU_0102	37.23	94	54	4	376	645	9	101	2e-13	62.8
scaffold303472	OTU_0041	35.16	91	55	1	375	115	1	91	1e-12	59.7
scaffold306816	OTU_0065	89.32	309	32	1	1	927	24	331	0.0	  588
scaffold306971	OTU_0020	32.63	95	60	1	476	204	1	95	1e-13	62.0
scaffold307848	OTU_0040	35.05	97	62	1	490	780	6	101	6e-17	70.5
scaffold309200	OTU_0071	29.79	235	151	7	263	937	1	231	2e-17	73.9
scaffold309513	OTU_0046	25.55	274	145	10	281	949	418	683	2e-13	62.8
scaffold311874	OTU_0058	35.59	118	52	6	377	664	98	213	1e-13	61.2
scaffold313493	OTU_0023	30.68	251	155	10	749	36	2	246	3e-21	85.1
scaffold314671	OTU_0005	27.39	157	104	3	922	479	630	785	9e-12	57.8
scaffold314770	OTU_0023	26.15	325	203	9	878	6	1	322	3e-24	93.6
scaffold316445	OTU_0001	31.10	164	97	6	795	331	302	458	3e-14	65.5
scaffold317242	OTU_0071	35.48	93	56	4	596	871	2	91	6e-11	54.7
scaffold317281	OTU_0020	36.75	117	51	5	468	124	1	96	3e-18	75.1
scaffold319222	OTU_0023	28.15	341	208	9	5	925	7	344	1e-25	97.4
scaffold319241	OTU_0066	26.17	149	101	2	882	463	275	423	8e-12	57.8
scaffold319586	OTU_0020	28.24	131	87	5	314	694	4	131	4e-11	54.7
scaffold321463	OTU_0080	24.10	332	203	12	5	886	8	328	7e-12	57.8
scaffold322141	OTU_0023	28.24	255	169	7	82	813	1	252	2e-22	88.6
scaffold322800	OTU_0068	29.81	265	164	8	763	11	2	258	4e-29	  110
scaffold325352	OTU_0071	33.56	149	75	3	654	277	199	346	4e-17	73.6
scaffold326445	OTU_0021	30.05	193	103	7	268	753	2	193	7e-17	70.1
scaffold327854	OTU_0044	27.72	202	114	5	163	675	90	290	1e-15	69.3
scaffold328563	OTU_0020	34.04	94	58	1	410	679	3	96	7e-12	56.6
scaffold331905	OTU_0020	30.77	91	59	1	362	622	1	91	1e-12	58.9
scaffold332155	OTU_0001	23.81	315	191	11	1	825	131	436	2e-11	56.2
scaffold332297	OTU_0020	33.68	95	59	1	325	597	1	95	5e-14	62.8
scaffold334330	OTU_0020	32.80	125	80	2	483	118	1	124	8e-17	70.5
scaffold334981	OTU_0020	31.58	95	61	1	181	453	1	95	4e-12	57.4
scaffold337078	OTU_0005	29.33	208	113	7	282	815	130	333	4e-18	76.6
scaffold340951	OTU_0001	26.41	231	136	6	783	184	209	436	3e-13	62.0
scaffold342168	OTU_0008	27.00	237	131	8	653	45	181	409	2e-17	73.9
scaffold344605	OTU_0020	30.00	90	59	1	382	639	2	91	1e-11	55.8
scaffold345026	OTU_0008	26.67	285	162	11	13	765	191	462	9e-11	54.3
scaffold347210	OTU_0001	28.42	190	105	5	7	486	228	416	3e-15	68.2
scaffold350308	OTU_0023	26.98	252	143	8	766	53	3	227	3e-14	64.3
scaffold354244	OTU_0025	25.79	252	151	7	671	21	30	280	2e-14	64.3
scaffold354558	OTU_0020	32.50	160	87	7	526	59	1	143	5e-18	73.9
scaffold355585	OTU_0062	29.11	213	135	7	609	4	5	212	5e-15	67.4
scaffold358819	OTU_0041	36.44	118	48	5	447	794	2	94	5e-15	67.0
scaffold359339	OTU_0020	36.11	108	51	3	359	42	5	96	5e-16	68.2
scaffold361571	OTU_0068	26.25	259	157	5	871	191	61	317	5e-19	79.3
scaffold366207	OTU_0023	33.86	251	152	8	861	136	7	252	2e-31	  114
scaffold366987	OTU_0062	26.46	291	174	6	6	776	70	354	4e-21	85.9
scaffold368761	OTU_0094	28.22	202	115	6	345	863	67	267	2e-12	58.9
scaffold370463	OTU_0031	37.40	131	69	4	503	138	6	132	1e-16	71.6
scaffold371343	OTU_0090	27.74	274	151	12	804	4	323	556	8e-22	87.8
scaffold372356	OTU_0031	36.00	125	67	4	631	284	12	132	2e-14	64.7
scaffold373983	OTU_0062	31.82	264	152	8	769	29	3	255	3e-28	  107
scaffold374341	OTU_0023	27.49	291	178	6	18	797	78	366	2e-24	94.0
scaffold375497	OTU_0003	27.80	259	138	9	727	68	116	364	4e-19	79.0
scaffold377353	OTU_0031	37.69	130	68	4	661	299	7	132	6e-17	72.8
scaffold377839	OTU_0046	28.02	232	143	8	834	199	297	524	2e-11	56.2
scaffold378757	OTU_0044	27.61	297	167	9	45	848	144	421	3e-17	73.6
scaffold378783	OTU_0006	24.51	253	161	5	726	7	3	238	4e-13	61.2
scaffold387093	OTU_0023	29.47	95	61	1	576	842	1	95	3e-11	55.1
scaffold388324	OTU_0005	29.27	205	115	9	559	11	222	418	3e-13	61.6
scaffold393656	OTU_0090	44.09	93	48	4	465	737	2	92	7e-11	54.7
scaffold395467	OTU_0071	24.23	260	178	8	826	80	5	256	3e-11	55.1
scaffold399316	OTU_0020	32.67	101	62	2	489	773	7	107	1e-12	58.5
scaffold399400	OTU_0001	30.21	235	132	8	798	178	192	422	2e-20	83.2
scaffold406409	OTU_0023	26.80	250	146	9	52	765	3	227	1e-14	65.1
scaffold410556	OTU_0016	23.37	184	115	7	253	726	37	220	9e-11	53.1
scaffold410985	OTU_0048	34.40	250	132	7	811	95	7	235	5e-38	  129
scaffold412842	OTU_0062	25.66	265	174	8	34	786	2	257	3e-12	58.5
scaffold413663	OTU_0075	36.99	173	84	6	76	549	6	168	3e-16	67.8
scaffold415063	OTU_0031	43.48	69	38	1	526	732	6	73	2e-12	58.9
scaffold416018	OTU_0023	24.30	251	152	7	811	107	24	252	5e-14	63.5
scaffold416973	OTU_0020	34.07	135	76	4	396	791	3	127	8e-12	56.2
scaffold417075	OTU_0022	32.28	127	80	2	100	465	1	126	7e-13	58.9
scaffold417925	OTU_0020	29.47	95	63	1	427	699	1	95	1e-12	58.2
scaffold422257	OTU_0007	26.17	214	123	8	243	803	397	602	3e-13	61.6
scaffold431412	OTU_0007	26.20	271	161	11	52	780	428	687	4e-16	70.1
scaffold433408	OTU_0041	32.97	91	57	1	327	67	7	97	4e-13	60.5
scaffold435031	OTU_0040	34.07	91	59	1	750	478	13	102	6e-14	61.2
scaffold439739	OTU_0031	29.07	172	104	6	788	303	1	164	2e-14	64.3
scaffold441208	OTU_0020	35.16	91	53	1	538	284	3	93	2e-12	57.4
scaffold442384	OTU_0005	29.05	148	89	5	2	403	274	419	6e-11	54.7
scaffold446830	OTU_0023	24.70	251	143	8	766	74	28	252	4e-11	54.7
scaffold447735	OTU_0001	28.03	239	136	9	754	134	182	416	3e-12	58.2
scaffold447790	OTU_0071	26.16	279	169	7	781	41	78	351	1e-13	62.4
scaffold447814	OTU_0071	23.72	253	163	7	4	726	28	262	2e-11	55.8
scaffold450864	OTU_0020	33.90	118	55	4	757	461	2	115	1e-13	61.2
scaffold451865	OTU_0023	31.69	243	145	9	82	768	2	237	9e-25	94.4
scaffold455032	OTU_0068	26.49	185	104	4	573	115	159	343	1e-14	65.9
scaffold457314	OTU_0062	31.56	244	156	6	68	772	4	245	4e-28	  106
scaffold457426	OTU_0020	40.66	91	50	2	414	674	1	91	1e-11	55.8
scaffold458712	OTU_0020	25.86	174	112	4	158	649	5	171	2e-13	60.1
scaffold462768	OTU_0023	26.90	197	123	5	72	638	75	258	6e-12	57.0
scaffold466137	OTU_0023	30.17	232	135	7	692	15	5	215	4e-27	  100
scaffold466169	OTU_0062	29.54	237	146	9	91	762	2	230	1e-23	93.2
scaffold470699	OTU_0005	30.43	276	134	13	52	753	416	675	9e-15	65.9
scaffold471149	OTU_0023	30.15	262	162	8	756	16	10	265	3e-23	89.7
scaffold472991	OTU_0064	26.45	276	160	6	47	745	160	435	2e-14	64.7
scaffold475221	OTU_0071	25.67	261	157	7	752	18	18	257	1e-11	55.8
scaffold475222	OTU_0071	26.05	261	156	7	752	18	18	257	4e-11	54.3
scaffold480306	OTU_0005	28.29	152	94	5	689	264	267	413	8e-14	62.8
scaffold483635	OTU_0016	26.09	184	110	7	200	673	37	220	2e-11	54.7
scaffold494152	OTU_0020	35.58	104	64	3	369	671	25	128	9e-16	66.6
scaffold495028	OTU_0021	32.52	123	76	3	11	361	74	195	4e-15	64.3
scaffold495832	OTU_0062	23.32	283	171	6	8	733	182	459	3e-15	67.4
scaffold498621	OTU_0005	73.88	245	64	0	737	3	320	564	1e-134	  395
scaffold500598	OTU_0023	33.66	101	56	2	416	706	3	96	2e-11	55.5
scaffold503500	OTU_0020	32.97	91	57	1	272	12	1	91	3e-12	57.0
scaffold505360	OTU_0020	32.43	185	100	10	185	712	2	170	4e-12	56.6
scaffold508764	OTU_0040	33.04	112	59	3	3	335	5	101	5e-12	55.5
scaffold509561	OTU_0068	29.76	252	145	7	713	3	23	257	4e-24	94.4
scaffold511140	OTU_0025	29.77	215	121	6	638	81	67	280	4e-19	76.6
scaffold511446	OTU_0023	33.66	101	56	2	415	125	3	96	5e-12	57.0
scaffold513073	OTU_0016	34.71	170	86	8	510	49	30	190	2e-18	73.9
scaffold513368	OTU_0090	40.43	94	50	1	338	75	4	97	9e-18	74.7
scaffold518302	OTU_0023	31.06	235	121	13	632	3	10	228	4e-13	60.1
scaffold523580	OTU_0041	29.29	140	93	3	499	92	8	145	1e-14	64.3
scaffold524658	OTU_0003	30.24	205	111	5	622	101	219	422	1e-19	79.7
scaffold527310	OTU_0023	26.41	284	147	9	713	3	40	308	4e-18	74.7
scaffold527565	OTU_0068	30.94	223	143	4	3	644	33	253	4e-22	88.2
scaffold529486	OTU_0016	28.05	164	95	5	238	672	32	191	5e-11	53.1
scaffold531746	OTU_0031	31.06	161	91	6	1	450	13	164	2e-11	55.1
scaffold531788	OTU_0003	27.06	218	127	5	638	66	210	422	2e-12	57.8
scaffold533729	OTU_0090	37.17	113	48	4	298	630	6	97	7e-17	72.0
scaffold535091	OTU_0016	30.05	183	99	6	551	87	32	213	2e-13	59.7
scaffold537791	OTU_0020	30.77	91	59	1	414	674	1	91	5e-12	56.2
scaffold537957	OTU_0020	31.87	91	58	1	262	522	1	91	7e-13	58.5
scaffold542631	OTU_0007	27.10	214	125	6	554	3	96	308	7e-11	53.9
scaffold544677	OTU_0068	29.74	232	134	6	704	54	41	258	3e-23	91.7
scaffold547523	OTU_0038	31.63	215	118	5	4	564	67	280	1e-21	83.6
scaffold550442	OTU_0020	31.48	162	81	7	523	50	8	143	2e-16	68.2
scaffold551832	OTU_0008	29.39	245	131	10	669	4	14	239	1e-13	62.0
scaffold553148	OTU_0064	27.10	262	152	7	677	3	200	459	6e-15	65.9
scaffold553966	OTU_0064	32.99	97	59	1	330	602	1	97	6e-12	57.0
scaffold555714	OTU_0090	32.97	91	55	1	315	569	2	92	8e-14	62.4
scaffold557640	OTU_0020	31.94	144	85	6	283	690	1	139	1e-16	68.6
scaffold558385	OTU_0005	27.05	207	121	4	599	66	126	331	2e-14	64.3
scaffold559191	OTU_0086	29.95	197	124	5	688	128	5	197	2e-14	62.4
scaffold561567	OTU_0005	26.75	157	105	3	26	469	630	785	4e-13	60.5
scaffold563166	OTU_0068	27.39	230	120	6	677	15	52	243	1e-17	73.9
scaffold565210	OTU_0023	32.65	147	87	4	414	1	1	144	1e-17	73.2
scaffold565860	OTU_0023	30.35	201	127	9	6	575	53	251	5e-17	71.2
scaffold566797	OTU_0005	29.63	162	99	6	65	508	259	419	8e-16	68.6
scaffold568393	OTU_0023	27.73	238	131	9	683	12	36	246	2e-15	66.6
scaffold569988	OTU_0008	27.90	233	139	10	64	687	169	397	2e-13	60.8
scaffold570725	OTU_0023	34.31	102	56	3	512	219	3	97	1e-12	58.5
scaffold572436	OTU_0062	37.78	90	52	3	136	399	3	90	5e-13	60.1
scaffold575925	OTU_0005	29.41	153	102	4	20	466	651	801	4e-13	60.5
scaffold576775	OTU_0020	37.27	110	64	4	325	648	2	108	1e-16	68.6
scaffold578981	OTU_0071	38.82	85	50	1	594	340	158	240	2e-12	57.8
scaffold579950	OTU_0041	41.11	90	49	2	290	547	2	91	9e-17	70.5
scaffold580981	OTU_0020	32.63	95	55	3	350	90	3	96	6e-11	53.1
scaffold585324	OTU_0102	26.64	244	144	7	653	12	108	346	9e-19	76.3
scaffold586994	OTU_0023	34.31	102	56	2	540	247	3	97	6e-14	62.4
scaffold593140	OTU_0041	39.56	91	50	2	330	73	4	94	2e-14	63.5
scaffold596453	OTU_0026	36.52	115	65	4	221	553	8	118	4e-13	57.8
scaffold601070	OTU_0044	27.88	208	118	5	659	129	90	296	3e-14	63.2
scaffold602798	OTU_0038	28.57	203	117	6	5	532	79	280	8e-14	61.2
scaffold607303	OTU_0071	28.17	213	133	8	652	53	51	256	2e-15	67.0
scaffold612059	OTU_0041	32.09	134	78	4	476	84	1	124	4e-12	57.0
scaffold613513	OTU_0062	48.04	102	45	4	273	575	3	97	4e-18	75.5
scaffold618948	OTU_0064	36.30	146	76	4	634	200	387	516	2e-17	73.6
scaffold619785	OTU_0023	30.67	225	142	7	652	2	18	236	7e-25	93.6
scaffold622787	OTU_0086	30.61	196	102	5	28	522	5	197	1e-16	68.2
scaffold626364	OTU_0031	32.56	129	74	4	645	286	1	125	6e-13	59.3
scaffold626448	OTU_0025	29.21	202	98	8	159	653	67	260	8e-14	61.2
scaffold627661	OTU_0077	31.37	153	94	2	18	443	15	167	7e-16	66.2
scaffold633815	OTU_0005	26.45	121	85	2	484	134	651	771	5e-12	57.0
scaffold635200	OTU_0033	26.24	221	144	6	644	24	1	216	3e-14	62.4
scaffold637435	OTU_0090	29.17	216	136	7	630	19	50	260	1e-19	80.1
scaffold640134	OTU_0020	31.76	85	52	1	353	589	7	91	6e-11	52.8
scaffold642766	OTU_0020	36.94	111	57	3	339	638	1	109	9e-18	71.6
scaffold642889	OTU_0062	41.94	93	48	1	384	644	3	95	5e-18	75.1
scaffold652875	OTU_0022	33.33	138	74	5	436	47	1	128	8e-12	55.1
scaffold655874	OTU_0068	31.71	164	85	3	67	480	200	362	2e-17	73.6
scaffold656171	OTU_0020	37.27	110	64	4	370	47	2	108	2e-17	70.5
scaffold661530	OTU_0016	26.92	182	106	6	157	624	40	220	3e-16	67.0
scaffold664290	OTU_0041	29.17	96	62	1	314	583	1	96	8e-12	55.5
scaffold665984	OTU_0062	35.48	93	57	2	131	403	5	96	4e-14	63.2
scaffold666915	OTU_0031	45.59	68	36	1	215	12	7	73	2e-13	60.8
scaffold667777	OTU_0020	33.70	92	57	3	318	49	2	91	3e-12	56.2
scaffold668470	OTU_0095	23.85	239	150	6	1	630	187	422	1e-13	60.8
scaffold668480	OTU_0046	36.67	90	56	1	491	222	154	242	4e-11	53.9
scaffold672644	OTU_0003	28.10	210	112	9	13	540	219	423	8e-13	58.5
scaffold676552	OTU_0041	41.05	95	54	2	279	560	1	94	4e-18	74.3
scaffold682767	OTU_0041	43.66	71	35	3	287	81	1	68	2e-13	60.8
scaffold686897	OTU_0020	30.43	138	84	4	202	591	1	134	3e-12	56.2
scaffold688297	OTU_0041	35.63	87	53	2	533	279	8	93	5e-14	62.0
scaffold689923	OTU_0041	39.77	88	47	4	262	5	1	84	1e-12	58.2
scaffold694095	OTU_0044	33.76	157	79	9	584	171	146	296	2e-13	60.5
scaffold694154	OTU_0023	30.69	101	59	2	123	413	3	96	4e-12	56.6
scaffold703627	OTU_0037	36.23	138	75	5	577	182	19	149	7e-16	65.5
scaffold706576	OTU_0022	43.00	100	51	2	597	313	21	119	1e-19	77.0
scaffold710715	OTU_0023	25.23	214	135	6	612	10	39	240	4e-14	62.4
scaffold711142	OTU_0023	34.44	90	48	2	611	354	14	96	9e-11	52.4
scaffold711656	OTU_0064	36.69	139	72	5	475	95	340	474	1e-11	55.1
scaffold714047	OTU_0005	37.58	149	74	6	596	198	267	412	3e-21	84.7
scaffold717059	OTU_0020	35.16	91	55	1	464	204	1	91	2e-15	64.7
scaffold721991	OTU_0005	27.41	197	109	8	96	605	200	389	2e-16	70.5
scaffold722025	OTU_0020	34.74	95	58	1	140	412	1	95	5e-14	60.8
scaffold725420	OTU_0041	45.00	60	33	0	211	32	1	60	1e-12	57.8
scaffold725589	OTU_0020	34.07	91	56	1	539	279	1	91	2e-14	61.6
scaffold730408	OTU_0020	31.15	122	75	5	80	424	7	126	7e-13	57.8
scaffold733771	OTU_0037	35.90	117	62	4	597	274	30	142	4e-12	55.1
scaffold735737	OTU_0081	31.72	145	82	4	407	21	118	261	7e-13	58.5
scaffold735900	OTU_0020	31.68	101	56	4	158	445	3	95	4e-11	53.1
scaffold741365	OTU_0006	27.63	228	128	10	598	2	463	682	5e-12	56.2
scaffold744503	OTU_0062	31.18	186	93	8	8	499	3	175	1e-15	67.4
scaffold746241	OTU_0022	41.23	114	61	2	3	329	7	119	4e-23	86.7
scaffold749514	OTU_0016	27.32	205	131	7	12	584	21	221	1e-13	59.7
scaffold751788	OTU_0064	30.52	213	124	9	594	4	299	503	2e-12	57.8
scaffold754817	OTU_0071	30.53	190	103	4	547	62	163	351	4e-18	73.9
scaffold762533	OTU_0064	33.33	99	61	5	321	31	3	98	1e-11	55.1
scaffold765622	OTU_0031	77.44	195	43	1	3	587	25	218	3e-96	  284
scaffold766204	OTU_0046	31.82	88	54	1	343	588	4	91	2e-11	54.3
scaffold769652	OTU_0005	28.04	214	123	8	575	24	207	419	2e-16	70.1
scaffold771432	OTU_0064	32.21	208	117	9	585	10	304	503	1e-16	70.1
scaffold772648	OTU_0090	38.16	76	42	3	288	67	6	78	1e-11	55.1
scaffold777382	OTU_0023	35.25	139	84	4	166	564	1	139	1e-23	89.4
scaffold779110	OTU_0005	30.65	124	64	6	399	76	243	360	2e-11	54.7
scaffold785266	OTU_0020	30.77	91	59	1	422	162	1	91	6e-12	55.1
scaffold788823	OTU_0077	28.25	177	104	5	17	502	10	178	3e-16	66.6
scaffold790015	OTU_0005	26.13	199	117	5	577	68	135	332	2e-12	57.0
scaffold794070	OTU_0020	33.71	89	55	1	261	515	3	91	2e-11	53.5
scaffold794423	OTU_0062	34.41	93	56	1	204	467	6	98	2e-12	57.8
scaffold794475	OTU_0031	34.11	129	78	3	71	439	5	132	4e-18	74.7
scaffold796607	OTU_0023	30.37	214	117	6	575	27	159	371	2e-19	77.8
scaffold797547	OTU_0064	35.87	92	53	1	575	318	6	97	2e-15	66.2
scaffold799713	OTU_0005	31.65	139	67	5	344	9	214	351	2e-13	60.5
scaffold802993	OTU_0005	28.85	156	87	5	554	144	266	416	2e-12	57.4
scaffold811854	OTU_0046	32.56	86	58	0	329	72	641	726	9e-11	52.4
scaffold812000	OTU_0090	37.17	113	48	4	414	82	6	97	7e-17	71.2
scaffold813510	OTU_0020	30.46	174	112	6	47	562	1	167	2e-18	72.8
scaffold814620	OTU_0066	27.69	195	113	7	31	543	160	350	2e-13	60.5
scaffold821307	OTU_0005	27.68	177	94	6	52	504	200	368	7e-15	65.1
scaffold823016	OTU_0020	31.21	141	88	5	529	125	2	139	2e-15	64.3
scaffold824779	OTU_0041	30.83	120	77	2	406	62	6	124	2e-14	63.2
scaffold826904	OTU_0023	35.29	102	55	3	159	452	3	97	3e-14	62.4
scaffold835869	OTU_0068	29.38	194	126	5	557	3	55	246	6e-17	71.2
scaffold841346	OTU_0016	32.73	165	87	7	120	560	31	189	6e-16	65.9
scaffold844291	OTU_0020	38.78	98	51	5	193	471	1	94	2e-15	64.3
scaffold844740	OTU_0071	29.89	174	91	4	437	3	157	328	1e-17	72.4
scaffold845793	OTU_0005	30.11	176	91	5	512	69	162	333	1e-15	67.4
scaffold845834	OTU_0023	30.85	201	113	3	558	28	163	361	5e-26	95.9
scaffold847512	OTU_0068	26.29	194	114	2	515	21	159	352	1e-16	70.1
scaffold849892	OTU_0020	31.68	161	89	6	67	537	5	148	5e-18	71.6
scaffold850961	OTU_0066	30.10	206	115	8	7	555	210	409	2e-17	72.0
scaffold852542	OTU_0064	33.68	95	59	1	358	86	3	97	2e-11	53.9
scaffold852976	OTU_0079	30.84	107	68	2	382	77	1	106	1e-11	53.5
scaffold853266	OTU_0009	31.68	101	65	2	3	293	29	129	4e-14	59.7
scaffold853434	OTU_0038	35.00	180	89	7	94	552	84	262	9e-16	65.9
scaffold855497	OTU_0027	29.56	203	113	7	552	25	32	231	6e-12	55.1
scaffold856328	OTU_0020	29.10	189	114	9	542	9	8	187	2e-18	72.8
scaffold859919	OTU_0064	32.16	171	93	1	523	80	183	353	1e-16	70.1
scaffold862057	OTU_0005	26.87	201	125	5	4	552	552	748	1e-18	76.6
scaffold862514	OTU_0064	46.27	67	36	0	353	553	3	69	3e-17	72.0
scaffold863635	OTU_0064	31.05	190	110	6	547	20	292	474	2e-13	60.5
scaffold863654	OTU_0086	31.47	197	95	4	44	514	18	214	3e-19	75.1
scaffold865218	OTU_0020	37.50	80	44	1	329	550	5	84	3e-14	61.2
scaffold865777	OTU_0010	30.40	125	71	4	115	459	19	137	7e-14	59.3
scaffold867782	OTU_0071	27.12	177	99	3	105	548	161	336	2e-16	68.9
scaffold869010	OTU_0005	24.88	217	123	7	550	2	113	323	6e-12	55.8
scaffold874696	OTU_0064	31.14	167	107	3	548	72	10	176	2e-22	87.4
scaffold876175	OTU_0020	36.05	86	54	1	271	17	3	88	2e-14	61.2
scaffold876673	OTU_0040	37.78	90	53	3	269	3	1	88	1e-12	55.8
scaffold878217	OTU_0044	28.50	207	116	5	548	21	84	289	4e-17	71.2
scaffold879186	OTU_0038	31.25	208	111	7	537	1	58	262	3e-14	61.6
scaffold883430	OTU_0020	37.50	96	52	2	461	192	2	95	9e-18	70.9
scaffold884050	OTU_0071	31.62	136	70	2	3	341	224	359	4e-14	62.0
scaffold888192	OTU_0037	37.14	70	38	1	537	346	74	143	5e-11	51.6
scaffold889502	OTU_0086	33.33	144	73	3	3	365	57	200	4e-14	60.5
scaffold895709	OTU_0020	45.45	88	40	4	379	131	10	94	3e-16	66.6
scaffold896281	OTU_0021	34.21	152	83	5	455	33	49	194	2e-16	66.6
scaffold900676	OTU_0062	30.12	166	109	3	1	483	202	365	7e-11	52.4
scaffold902628	OTU_0005	30.11	176	91	5	505	62	162	333	1e-14	64.3
scaffold910226	OTU_0071	28.14	167	88	4	2	421	184	345	8e-14	60.8
scaffold914997	OTU_0023	31.55	187	115	6	535	5	41	224	6e-17	70.1
scaffold915846	OTU_0090	28.57	189	114	5	5	529	11	192	1e-16	70.5
scaffold916672	OTU_0020	42.70	89	45	4	267	13	10	96	7e-15	62.8
scaffold922490	OTU_0086	27.27	187	109	2	483	4	5	191	5e-18	71.6
scaffold925323	OTU_0090	27.66	188	117	7	527	3	40	221	1e-11	54.7
scaffold927937	OTU_0023	30.64	173	111	6	517	23	75	246	7e-12	55.1
scaffold934680	OTU_0071	29.68	155	86	1	43	438	197	351	3e-14	62.4
scaffold936123	OTU_0023	32.32	99	56	2	6	290	7	98	4e-11	52.8
scaffold939947	OTU_0041	35.23	88	51	1	266	511	1	88	2e-11	53.5
scaffold940801	OTU_0063	100.00	175	0	0	2	526	4	178	1e-131	  365
scaffold952587	OTU_0022	31.15	122	72	4	22	363	2	119	3e-12	55.5
scaffold955093	OTU_0005	28.50	193	106	5	524	39	221	412	2e-12	57.0
scaffold955228	OTU_0044	30.81	198	107	6	507	1	91	287	1e-14	63.5
scaffold959482	OTU_0031	32.43	148	77	6	521	114	29	165	5e-11	52.8
scaffold960366	OTU_0020	37.23	94	46	4	520	260	39	126	7e-12	54.3
scaffold964447	OTU_0079	34.65	101	60	2	483	196	7	106	1e-12	55.8
scaffold972111	OTU_0020	38.95	95	54	3	391	113	1	93	9e-17	67.8
scaffold973406	OTU_0005	27.89	147	79	5	377	15	215	360	4e-11	53.1
scaffold984132	OTU_0058	27.04	196	111	6	514	17	17	210	7e-12	53.9
scaffold987766	OTU_0008	31.82	132	80	4	112	477	283	414	4e-13	58.9
scaffold987833	OTU_0033	30.91	165	88	7	451	35	1	165	5e-15	63.5
scaffold988285	OTU_0097	34.57	81	53	0	383	141	96	176	7e-11	51.2
scaffold990093	OTU_0023	28.00	125	84	2	383	24	1	124	2e-12	56.6
scaffold993390	OTU_0020	32.48	117	54	4	365	21	1	94	2e-15	63.5
scaffold999911	OTU_0102	32.12	165	109	2	3	494	79	241	2e-17	71.2
scaffold1001541	OTU_0023	27.72	101	62	2	356	66	3	96	8e-11	51.6
scaffold1002597	OTU_0086	29.32	133	71	1	1	330	65	197	5e-13	57.0
scaffold1006973	OTU_0090	31.31	99	58	2	440	144	9	97	9e-11	52.0
scaffold1007854	OTU_0016	28.92	166	89	5	1	414	49	213	2e-11	52.8
scaffold1009443	OTU_0102	26.15	130	89	2	106	477	3	131	9e-11	51.6
scaffold1010431	OTU_0071	27.10	155	90	1	37	432	197	351	2e-14	62.8
scaffold1017350	OTU_0023	30.50	141	90	6	506	102	34	172	1e-14	63.2
scaffold1020403	OTU_0090	30.22	182	92	7	500	12	11	176	1e-15	67.0
scaffold1020992	OTU_0023	35.45	110	66	4	181	504	2	108	2e-16	68.2
scaffold1021422	OTU_0021	33.60	125	72	3	133	489	75	194	1e-13	58.5
scaffold1026900	OTU_0090	30.47	128	80	3	80	445	5	129	4e-17	71.2
scaffold1027956	OTU_0071	30.77	143	76	1	34	393	209	351	1e-12	57.0
scaffold1033276	OTU_0057	35.20	125	57	3	500	198	54	178	3e-18	71.2
scaffold1036753	OTU_0005	26.78	183	100	5	27	500	200	373	2e-11	54.3
scaffold1039572	OTU_0064	31.69	142	75	6	47	457	361	485	6e-11	52.4
scaffold1046989	OTU_0064	36.71	79	34	1	235	471	7	69	4e-14	62.4
scaffold1048318	OTU_0020	34.74	95	58	1	209	481	1	95	2e-15	63.9
scaffold1052473	OTU_0005	28.81	177	92	7	6	458	200	368	9e-13	58.2
scaffold1053084	OTU_0020	35.79	95	57	1	405	133	1	95	5e-17	68.6
scaffold1067302	OTU_0055	99.37	158	1	0	492	19	33	190	9e-103	  290
scaffold1081665	OTU_0003	32.28	158	96	5	1	462	273	423	3e-14	62.0
scaffold1081953	OTU_0003	28.00	150	82	4	58	432	216	364	7e-11	52.0
scaffold1087766	OTU_0023	38.38	99	51	4	8	304	8	96	4e-15	64.3
scaffold1094710	OTU_0023	32.67	101	57	2	46	336	3	96	4e-12	55.5
scaffold1100042	OTU_0075	33.67	98	56	2	278	9	6	102	5e-13	56.6
scaffold1103219	OTU_0020	38.89	90	52	2	92	355	3	91	1e-16	67.4
scaffold1113067	OTU_0068	36.99	73	41	1	262	480	1	68	5e-12	55.8
scaffold1115153	OTU_0008	32.32	99	61	1	358	80	312	410	7e-12	55.1
scaffold1119319	OTU_0071	29.75	158	87	3	21	425	198	354	4e-13	58.5
scaffold1119599	OTU_0020	34.95	103	60	3	454	167	7	109	4e-16	65.5
scaffold1122611	OTU_0062	34.26	108	56	6	342	28	3	98	3e-14	62.8
scaffold1125564	OTU_0023	33.81	139	86	4	476	78	1	139	8e-23	85.9
scaffold1128291	OTU_0005	34.97	163	91	5	459	13	251	412	5e-18	73.9
scaffold1129783	OTU_0039	33.88	121	64	5	332	3	24	139	4e-11	50.8
scaffold1131132	OTU_0071	28.68	136	93	3	414	19	133	268	8e-12	54.7
scaffold1134406	OTU_0020	30.77	91	59	1	365	105	1	91	2e-12	55.5
scaffold1134558	OTU_0064	52.27	44	21	0	322	453	3	46	2e-12	56.6
scaffold1138493	OTU_0021	26.90	145	80	4	61	420	3	146	2e-12	54.7
scaffold1140551	OTU_0037	30.56	108	68	2	1	306	33	139	2e-12	55.1
scaffold1147621	OTU_0057	30.53	131	66	3	434	117	48	178	2e-12	54.7
scaffold1148558	OTU_0023	32.67	101	57	2	31	321	3	96	6e-12	55.1
scaffold1150375	OTU_0071	31.18	170	81	3	443	3	183	339	1e-11	53.9
scaffold1151795	OTU_0064	43.64	55	31	0	167	3	9	63	8e-11	52.0
scaffold1151821	OTU_0068	37.68	69	36	2	236	30	3	64	2e-11	53.5
scaffold1152166	OTU_0042	98.54	137	2	0	475	65	18	154	3e-102	  287
scaffold1156686	OTU_0022	33.33	126	78	2	15	377	3	127	1e-14	61.6
scaffold1157562	OTU_0023	36.67	90	46	2	1	258	14	96	2e-12	56.6
scaffold1159795	OTU_0068	35.16	91	54	1	147	404	5	95	9e-16	67.4
scaffold1165208	OTU_0075	32.76	116	70	2	1	333	45	157	6e-13	56.2
scaffold1168943	OTU_0031	50.00	40	20	0	273	392	7	46	7e-11	52.0
scaffold1171287	OTU_0041	37.23	94	56	2	159	434	2	94	1e-12	56.6
scaffold1182040	OTU_0020	33.56	149	92	5	42	467	25	173	5e-20	77.0
scaffold1182688	OTU_0023	31.91	94	54	1	447	196	1	94	2e-14	62.4
scaffold1182826	OTU_0071	37.08	89	50	1	283	35	7	95	3e-15	64.3
scaffold1186298	OTU_0049	30.95	126	65	3	89	427	21	137	2e-13	57.4
scaffold1189399	OTU_0040	35.51	107	66	2	381	67	6	111	7e-19	73.2
scaffold1190200	OTU_0077	35.35	99	55	3	307	23	15	108	4e-12	54.3
scaffold1193936	OTU_0020	34.26	108	65	2	127	435	1	107	7e-13	56.6
scaffold1194465	OTU_0062	39.58	96	53	2	153	425	3	98	6e-15	64.7
scaffold1196316	OTU_0023	36.17	94	49	3	462	193	10	96	5e-13	58.2
scaffold1196536	OTU_0026	30.83	120	78	4	408	58	8	125	4e-11	50.8
scaffold1203352	OTU_0013	32.65	147	87	4	445	26	1	142	4e-19	73.6
scaffold1219366	OTU_0062	31.36	118	57	2	177	461	181	297	6e-14	61.6
scaffold1225495	OTU_0020	35.42	96	53	4	34	300	3	96	1e-11	53.1
scaffold1226466	OTU_0023	31.34	134	86	3	455	66	41	172	2e-11	53.1
scaffold1229385	OTU_0071	33.00	100	50	2	186	434	217	316	2e-11	53.1
scaffold1234657	OTU_0022	34.09	132	74	3	381	1	1	124	5e-15	62.4
scaffold1235958	OTU_0064	36.44	118	52	1	335	51	201	318	1e-17	72.4
scaffold1237165	OTU_0041	36.56	93	56	1	299	30	3	95	4e-15	63.9
scaffold1249443	OTU_0062	34.88	86	56	0	103	360	642	727	2e-12	57.0
scaffold1251452	OTU_0066	31.37	153	78	7	440	51	201	349	4e-11	52.4
scaffold1261575	OTU_0023	29.75	158	98	6	7	453	74	227	5e-11	52.0
scaffold1267069	OTU_0020	37.89	95	41	3	281	3	5	83	3e-15	63.2
scaffold1268809	OTU_0037	28.00	125	83	2	372	16	27	150	2e-11	52.0
scaffold1268867	OTU_0005	37.38	107	57	4	101	394	267	372	4e-15	65.1
scaffold1271614	OTU_0020	36.08	97	60	2	108	392	2	98	6e-19	73.6
scaffold1273486	OTU_0090	41.46	82	45	1	1	246	19	97	2e-14	62.8
scaffold1275778	OTU_0010	41.32	121	65	2	7	354	19	138	7e-25	89.4
scaffold1284464	OTU_0071	32.72	162	85	3	442	26	197	357	5e-14	60.8
scaffold1289235	OTU_0020	44.44	90	42	4	325	71	10	96	8e-17	67.4
scaffold1291137	OTU_0020	38.10	126	68	6	391	26	1	120	7e-19	73.2
scaffold1299548	OTU_0005	38.95	95	49	2	176	436	267	360	4e-14	62.0
scaffold1305514	OTU_0022	33.93	112	68	2	445	125	15	125	4e-13	57.0
scaffold1307430	OTU_0068	28.19	149	97	5	3	434	33	176	2e-11	53.5
scaffold1308195	OTU_0005	29.91	117	78	3	106	444	651	767	2e-12	56.6
scaffold1328253	OTU_0086	32.03	153	73	5	395	24	9	159	5e-18	70.9
scaffold1330232	OTU_0023	35.42	96	60	1	91	378	143	236	3e-12	55.5
scaffold1332252	OTU_0068	36.49	74	47	0	211	432	180	253	3e-11	52.8
scaffold1333422	OTU_0020	35.29	102	53	3	414	127	1	95	9e-16	64.3
scaffold1347495	OTU_0021	32.88	146	83	3	435	40	49	193	5e-17	67.4
scaffold1350892	OTU_0023	29.70	101	60	2	142	432	3	96	4e-11	52.0
scaffold1354112	OTU_0037	33.67	98	58	2	426	151	53	149	8e-11	50.1
scaffold1354334	OTU_0020	38.04	92	53	1	173	436	1	92	2e-16	66.6
scaffold1356314	OTU_0102	32.26	93	62	1	431	153	19	110	6e-12	54.7
scaffold1356947	OTU_0020	37.16	148	80	7	2	433	1	139	3e-21	80.1
scaffold1362960	OTU_0003	31.21	157	85	6	435	19	271	422	4e-15	64.3
scaffold1363022	OTU_0023	28.95	152	99	6	1	432	35	185	2e-12	56.2
scaffold1379659	OTU_0058	28.83	111	58	3	362	93	101	211	9e-12	52.8
scaffold1380149	OTU_0062	38.36	73	41	3	194	409	1	70	2e-11	53.9
scaffold1385085	OTU_0022	39.56	91	49	2	301	44	1	90	3e-17	68.6
scaffold1397635	OTU_0090	38.46	91	52	2	268	2	3	91	4e-14	61.6
scaffold1399343	OTU_0047	38.24	68	41	1	333	130	12	78	3e-11	50.8
scaffold1401197	OTU_0041	33.98	103	55	3	327	46	1	99	4e-12	55.1
scaffold1410997	OTU_0005	33.33	120	53	3	319	41	214	333	9e-13	57.8
scaffold1421036	OTU_0075	34.04	141	79	5	421	32	32	169	1e-15	63.5
scaffold1433417	OTU_0098	29.22	154	89	7	13	423	5	155	1e-11	51.6
scaffold1439267	OTU_0077	31.62	117	65	3	91	399	16	131	8e-14	58.5
scaffold1444074	OTU_0062	38.46	91	54	2	320	48	5	93	5e-14	61.6
scaffold1446106	OTU_0040	32.81	128	72	5	420	76	19	145	1e-12	55.1
scaffold1453960	OTU_0098	28.93	159	89	8	1	417	9	163	7e-15	60.8
scaffold1453988	OTU_0020	31.33	150	86	7	415	2	22	166	7e-18	70.1
scaffold1457972	OTU_0086	44.83	58	31	1	185	12	36	92	2e-13	57.8
scaffold1468125	OTU_0020	41.11	90	45	4	90	344	10	96	4e-15	62.4
scaffold1469090	OTU_0041	39.18	97	52	6	311	30	2	94	1e-13	59.3
scaffold1473776	OTU_0077	35.16	128	66	4	13	366	48	168	3e-15	62.4
scaffold1475659	OTU_0071	31.16	138	72	2	1	345	222	359	2e-14	62.0
scaffold1496254	OTU_0021	32.88	146	83	4	6	413	49	189	8e-17	67.0
scaffold1498358	OTU_0077	32.48	117	66	4	414	91	48	160	8e-12	53.1
scaffold1499336	OTU_0023	35.62	73	43	1	14	220	24	96	5e-11	51.6
scaffold1502054	OTU_0005	27.27	165	86	6	4	411	197	356	4e-13	58.5
scaffold1508283	OTU_0020	35.64	101	56	4	13	300	35	131	4e-14	59.3
scaffold1516776	OTU_0020	35.25	139	71	7	4	381	44	176	4e-16	65.1
scaffold1523495	OTU_0020	33.94	109	57	5	15	311	74	177	4e-11	51.2
scaffold1525159	OTU_0023	35.51	138	68	1	353	3	190	327	3e-21	80.9
scaffold1532992	OTU_0020	30.93	97	59	2	319	47	2	96	6e-15	61.6
scaffold1535909	OTU_0005	33.61	122	60	5	71	376	267	387	1e-13	60.5
scaffold1536976	OTU_0020	31.46	89	57	1	125	379	3	91	2e-12	54.7
scaffold1552005	OTU_0023	40.86	93	44	3	124	390	3	88	4e-14	60.8
scaffold1553506	OTU_0023	33.33	135	66	2	3	338	182	315	7e-16	65.9
scaffold1553898	OTU_0023	37.82	119	68	4	1	342	22	139	3e-23	86.3
scaffold1562012	OTU_0023	33.09	136	67	2	372	34	182	316	4e-14	60.8
scaffold1570767	OTU_0022	33.05	118	73	3	362	24	3	119	8e-12	53.1
scaffold1570820	OTU_0086	28.38	148	83	1	392	18	44	191	1e-13	57.8
scaffold1574047	OTU_0071	36.59	82	50	2	161	400	11	92	2e-11	53.1
scaffold1583849	OTU_0086	32.03	153	79	3	392	3	25	175	7e-19	72.8
scaffold1589663	OTU_0020	38.95	95	52	1	74	340	1	95	7e-15	61.6
scaffold1591264	OTU_0102	33.33	96	58	1	293	24	2	97	3e-11	52.4
scaffold1592460	OTU_0077	32.37	139	81	4	4	393	50	184	2e-16	65.9
scaffold1592679	OTU_0023	34.07	135	65	2	37	372	182	315	3e-16	67.0
scaffold1612416	OTU_0098	100.00	132	0	0	2	397	1	132	2e-96	  271
scaffold1615064	OTU_0020	31.82	88	56	1	143	394	1	88	1e-11	52.8
scaffold1622523	OTU_0005	27.27	132	92	2	12	395	654	785	2e-12	56.6
scaffold1623964	OTU_0023	28.80	125	82	2	392	36	1	124	2e-13	58.5
scaffold1628763	OTU_0068	28.69	122	80	2	348	1	136	256	3e-12	56.2
scaffold1632359	OTU_0041	37.23	94	51	3	395	129	7	97	2e-12	55.5
scaffold1632917	OTU_0062	36.56	93	53	4	270	1	4	93	3e-12	56.2
scaffold1635642	OTU_0021	33.03	109	63	3	21	323	40	146	5e-14	58.5
scaffold1646140	OTU_0035	35.19	108	65	3	30	341	129	235	5e-11	51.2
scaffold1654773	OTU_0020	36.19	105	62	4	393	85	7	108	2e-14	60.5
scaffold1655918	OTU_0009	31.91	94	59	2	274	5	14	106	5e-12	52.8
scaffold1672094	OTU_0020	33.08	133	73	5	387	19	3	129	3e-19	73.6
scaffold1675167	OTU_0023	32.97	91	57	2	23	283	1	91	4e-12	55.1
scaffold1677524	OTU_0064	42.86	63	36	0	193	381	3	65	6e-15	63.9
scaffold1679177	OTU_0020	40.00	100	45	6	3	284	17	107	3e-12	54.3
scaffold1683419	OTU_0005	43.40	106	58	1	383	66	643	746	2e-25	94.7
scaffold1687636	OTU_0062	32.23	121	59	1	362	69	196	316	6e-15	63.9
scaffold1695129	OTU_0066	26.23	122	86	1	356	3	302	423	6e-12	54.7
scaffold1696818	OTU_0020	37.62	101	61	2	374	78	28	128	1e-12	55.1
scaffold1701162	OTU_0046	33.72	86	57	0	47	304	641	726	1e-11	54.3
scaffold1710617	OTU_0086	32.00	150	79	1	386	6	48	197	1e-17	69.3
scaffold1712265	OTU_0039	34.65	101	57	2	293	15	32	131	3e-11	50.4
scaffold1719825	OTU_0068	38.10	84	49	2	18	263	8	90	3e-14	62.0
scaffold1721051	OTU_0031	37.21	129	66	5	28	384	7	130	1e-11	53.9
scaffold1725135	OTU_0020	37.50	80	44	1	372	151	5	84	8e-15	61.2
scaffold1732968	OTU_0008	32.99	97	61	1	96	374	307	403	2e-14	62.4
scaffold1735217	OTU_0068	27.19	114	77	1	55	378	159	272	1e-12	57.4
scaffold1749820	OTU_0005	34.46	148	70	5	16	381	215	361	3e-17	70.9
scaffold1753443	OTU_0023	33.33	114	51	3	109	381	179	290	6e-11	51.2
scaffold1762351	OTU_0041	30.91	110	66	2	352	26	1	101	2e-11	52.8
scaffold1763028	OTU_0057	28.00	150	83	3	380	3	20	168	6e-15	60.8
scaffold1763662	OTU_0005	26.05	119	85	1	1	348	667	785	8e-11	51.2
scaffold1767010	OTU_0097	38.75	80	47	1	378	145	89	168	2e-11	51.2
scaffold1768940	OTU_0031	48.33	60	30	1	65	244	5	63	2e-13	58.5
scaffold1770167	OTU_0031	35.54	121	71	4	375	31	12	131	2e-12	56.2
scaffold1770309	OTU_0037	34.23	111	66	2	379	65	33	142	4e-12	53.1
scaffold1770652	OTU_0062	30.61	98	62	1	306	31	162	259	6e-13	57.8
scaffold1776617	OTU_0068	32.63	95	58	1	373	107	165	259	7e-14	60.8
scaffold1779031	OTU_0062	29.03	124	81	2	367	14	138	260	6e-11	52.0
scaffold1794791	OTU_0020	31.00	100	56	3	292	8	4	95	2e-11	52.0
scaffold1800411	OTU_0041	34.15	123	66	4	371	33	7	124	1e-11	53.5
scaffold1815169	OTU_0061	91.94	124	9	1	2	373	26	148	2e-82	  235
scaffold1833094	OTU_0040	36.19	105	58	6	19	318	8	108	9e-13	54.7
scaffold1835595	OTU_0020	34.38	96	54	3	86	361	5	95	1e-13	57.8
scaffold1843219	OTU_0020	32.81	128	70	5	1	354	8	129	4e-17	67.4
scaffold1862588	OTU_0086	35.61	132	62	3	369	43	69	200	5e-15	61.2
scaffold1874716	OTU_0005	25.83	120	86	1	368	18	666	785	2e-11	52.8
scaffold1879520	OTU_0024	31.36	118	68	3	356	18	3	112	9e-13	54.7
scaffold1882088	OTU_0005	34.02	97	55	2	1	267	272	367	2e-14	62.0
scaffold1882256	OTU_0075	41.43	70	40	1	30	239	39	107	2e-12	53.5
scaffold1882531	OTU_0039	38.10	84	44	1	256	29	31	114	6e-15	60.8
scaffold1892584	OTU_0010	29.75	121	69	4	8	340	23	137	8e-13	54.7
scaffold1893422	OTU_0010	32.46	114	71	2	365	39	33	145	1e-12	54.3
scaffold1895151	OTU_0041	40.85	71	37	3	41	247	1	68	6e-13	57.0
scaffold1899665	OTU_0005	28.46	130	62	4	340	35	206	332	2e-11	53.5
scaffold1917605	OTU_0071	30.71	140	73	3	1	351	222	360	1e-13	58.9
scaffold1933872	OTU_0039	39.29	84	43	1	119	346	31	114	2e-12	53.5
scaffold1938088	OTU_0064	35.51	107	51	2	5	271	15	121	2e-15	65.1
scaffold1938825	OTU_0077	38.66	119	56	4	340	29	15	131	7e-17	66.6
scaffold1963992	OTU_0020	38.36	73	39	1	4	204	12	84	4e-13	56.2
scaffold1972147	OTU_0020	43.86	57	32	0	215	45	1	57	2e-12	54.3
scaffold1972380	OTU_0023	36.67	90	43	3	348	121	2	91	4e-11	51.6
scaffold1978808	OTU_0077	33.66	101	58	2	3	281	16	115	4e-12	53.5
scaffold1981423	OTU_0020	33.33	84	50	1	353	120	12	95	2e-13	57.4
scaffold1984392	OTU_0022	33.91	115	70	2	357	28	15	128	9e-14	58.2
scaffold1986876	OTU_0008	35.96	89	51	1	2	250	153	241	3e-11	52.0
scaffold1991957	OTU_0071	54.10	61	26	1	42	224	37	95	3e-15	63.5
scaffold2015439	OTU_0020	32.61	92	58	1	86	349	1	92	5e-14	58.5
scaffold2025131	OTU_0022	35.64	101	59	2	317	30	27	126	7e-11	50.1
scaffold2028668	OTU_0020	36.84	95	56	1	81	353	1	95	2e-16	65.1
scaffold2028875	OTU_0047	43.86	57	32	0	326	156	22	78	2e-11	50.4
scaffold2029011	OTU_0018	31.11	135	68	4	19	351	39	172	6e-13	55.1
scaffold2037587	OTU_0071	28.06	139	77	1	1	348	213	351	1e-12	56.2
scaffold2037723	OTU_0005	32.39	142	70	5	351	1	212	352	4e-14	61.2
scaffold2047001	OTU_0041	43.55	62	34	1	166	348	1	62	7e-11	50.8
scaffold2050005	OTU_0023	38.89	108	58	4	2	313	35	138	2e-18	72.8
scaffold2070536	OTU_0023	30.60	134	68	3	337	5	182	313	5e-11	51.2
scaffold2072536	OTU_0086	30.43	138	73	1	345	1	63	200	8e-12	52.4
scaffold2085339	OTU_0071	29.00	100	68	1	6	296	157	256	4e-12	54.7
scaffold2091151	OTU_0008	37.25	102	59	2	15	308	310	410	1e-14	62.4
scaffold2091643	OTU_0020	37.65	85	50	2	16	264	25	108	6e-13	55.8
scaffold2094942	OTU_0064	34.07	135	66	3	9	344	183	317	7e-16	66.2
scaffold2126956	OTU_0044	40.00	95	48	2	25	285	144	237	3e-13	57.8
scaffold2128702	OTU_0086	30.16	126	64	2	311	3	37	161	4e-14	58.5
scaffold2131606	OTU_0071	31.03	116	75	2	7	339	134	249	1e-13	58.5
scaffold2137651	OTU_0090	39.53	86	49	2	10	261	9	93	3e-15	64.3
scaffold2140181	OTU_0021	32.04	103	61	2	40	336	48	145	5e-12	52.4
scaffold2151867	OTU_0077	35.59	118	61	3	17	328	15	131	1e-17	68.2
scaffold2167188	OTU_0090	40.96	83	47	1	243	1	8	90	1e-17	71.6
scaffold2167840	OTU_0064	40.37	109	62	3	14	331	31	139	1e-16	68.2
scaffold2168747	OTU_0039	46.43	112	52	3	338	3	65	168	2e-29	99.8
scaffold2173259	OTU_0064	32.26	93	59	3	316	44	2	92	2e-12	55.8
scaffold2197517	OTU_0047	40.85	71	41	1	105	317	13	82	4e-11	49.3
scaffold2201577	OTU_0064	37.97	79	47	2	236	6	3	81	4e-12	55.1
scaffold2202415	OTU_0020	32.98	94	54	3	272	3	5	93	5e-14	58.5
