scaffold00018	OTU_0102	35.00	100	59	1	15056	14775	8	107	2e-12	66.6
scaffold00026	OTU_0090	27.55	265	164	8	31912	31148	2	248	7e-12	65.9
scaffold00060	OTU_0005	26.87	294	183	9	3473	4264	494	785	5e-12	65.9
scaffold00074	OTU_0044	26.03	292	169	9	13509	12745	8	289	1e-16	79.3
scaffold00089	OTU_0062	27.24	514	310	15	32881	34266	3	504	1e-36	  145
scaffold00098	OTU_0005	25.00	732	428	29	10894	12813	115	817	5e-27	  114
scaffold00640	OTU_0001	23.92	740	461	27	4457	2484	76	795	4e-30	  122
scaffold00735	OTU_0005	25.14	708	431	25	6064	7953	115	801	9e-36	  140
scaffold00808	OTU_0005	26.39	648	334	22	4059	5711	170	771	3e-38	  148
scaffold00808	OTU_0005	26.23	671	410	25	23	1822	115	771	1e-35	  140
scaffold00877	OTU_0064	23.74	577	331	13	1666	3126	6	563	6e-30	  120
scaffold01403	OTU_0062	24.55	501	305	15	4060	2711	5	483	2e-20	90.9
scaffold01624	OTU_0005	26.07	725	432	24	264	2207	103	800	6e-40	  153
scaffold01974	OTU_0003	33.33	126	77	2	5249	5608	299	423	8e-13	64.7
scaffold02140	OTU_0005	26.28	681	402	27	1766	3571	115	774	3e-40	  154
scaffold02393	OTU_0001	23.11	610	377	21	198	1823	175	760	2e-17	80.1
scaffold02685	OTU_0062	26.03	534	318	18	4195	2771	2	517	3e-35	  137
scaffold03056	OTU_0044	27.36	435	256	13	1846	3015	2	421	6e-25	  101
scaffold03354	OTU_0041	22.87	411	228	11	3566	4720	7	354	7e-15	70.5
scaffold03803	OTU_0023	27.83	327	192	6	3310	4164	5	329	2e-27	  108
scaffold03873	OTU_0062	26.45	620	366	20	4255	2639	3	613	4e-38	  146
scaffold03990	OTU_0005	23.90	707	423	28	4342	2489	125	805	3e-26	  108
scaffold04711	OTU_0008	23.62	470	296	17	107	1378	14	466	2e-13	66.2
scaffold05379	OTU_0008	25.16	477	282	19	3564	2290	14	467	7e-20	86.7
scaffold05495	OTU_0006	25.67	522	283	13	1740	3053	3	503	1e-30	  122
scaffold05495	OTU_0006	36.05	86	55	0	3366	3623	641	726	8e-11	58.2
scaffold05640	OTU_0005	26.77	493	300	18	22	1362	294	771	2e-26	  108
scaffold05924	OTU_0031	23.67	469	291	13	132	1376	5	460	5e-21	89.7
scaffold06228	OTU_0046	25.85	472	296	16	3354	2074	6	468	1e-19	86.7
scaffold07021	OTU_0005	24.77	654	412	19	43	1803	162	802	7e-28	  113
scaffold07396	OTU_0064	24.92	301	186	9	2783	1944	3	284	8e-15	70.5
scaffold07613	OTU_0001	27.48	313	178	8	1154	339	119	423	5e-20	87.8
scaffold08339	OTU_0005	26.08	694	392	29	2982	1186	114	781	4e-28	  113
scaffold08886	OTU_0005	24.62	666	405	21	472	2250	130	771	1e-27	  112
scaffold08970	OTU_0001	26.14	528	323	19	722	2158	65	574	3e-26	  107
scaffold09421	OTU_0007	27.09	454	278	13	1289	54	20	462	3e-29	  116
scaffold10358	OTU_0023	29.33	358	230	15	1658	2683	1	351	1e-28	  112
scaffold10429	OTU_0005	27.62	572	334	18	294	1811	214	771	2e-38	  146
scaffold11537	OTU_0023	26.67	165	99	3	30	458	190	354	5e-12	60.5
scaffold11842	OTU_0020	32.52	206	113	9	685	98	1	190	1e-22	91.7
scaffold12460	OTU_0102	24.63	410	216	13	1164	19	8	352	3e-18	80.1
scaffold13036	OTU_0046	25.19	516	326	12	1445	66	2	513	6e-26	  106
scaffold14876	OTU_0046	23.09	472	277	15	51	1232	223	686	3e-17	77.8
scaffold15029	OTU_0023	30.20	245	149	7	1724	2422	5	239	1e-21	89.7
scaffold15287	OTU_0102	33.33	129	76	5	458	78	2	122	6e-12	60.1
scaffold16940	OTU_0102	28.90	301	170	12	175	1011	3	281	2e-14	67.8
scaffold18794	OTU_0071	38.71	93	50	2	401	141	6	97	7e-14	65.9
scaffold19008	OTU_0023	30.37	270	159	10	792	28	4	259	4e-22	90.9
scaffold20365	OTU_0023	25.74	338	202	11	1475	582	1	329	8e-23	93.2
scaffold21675	OTU_0023	28.40	243	144	5	629	1297	7	239	4e-22	90.9
scaffold22224	OTU_0023	30.48	210	129	9	595	2	7	211	6e-15	68.9
scaffold22961	OTU_0003	28.00	350	193	14	909	1835	93	424	6e-19	82.0
scaffold24270	OTU_0090	26.31	593	325	23	474	2009	6	567	2e-28	  113
scaffold25495	OTU_0064	29.54	474	297	14	1640	303	3	467	3e-33	  127
scaffold25783	OTU_0020	34.11	129	74	6	613	248	1	125	2e-15	68.9
scaffold27898	OTU_0020	37.40	131	77	3	1331	1720	3	129	2e-18	77.8
scaffold28469	OTU_0008	24.11	419	255	14	17	1144	55	453	1e-17	78.2
scaffold28925	OTU_0003	26.58	316	181	8	858	1679	116	422	1e-18	80.9
scaffold30825	OTU_0062	26.92	338	202	12	870	1817	4	318	2e-18	80.9
scaffold30971	OTU_0077	27.78	144	89	3	1817	1428	15	157	1e-15	68.9
scaffold31551	OTU_0062	26.52	264	176	7	948	1709	2	257	1e-18	82.0
scaffold31716	OTU_0023	32.84	271	166	8	855	76	2	267	4e-30	  115
scaffold32165	OTU_0090	26.42	458	297	13	28	1323	24	467	9e-29	  113
scaffold36650	OTU_0020	29.61	233	151	3	660	1	5	237	1e-28	  107
scaffold37210	OTU_0001	26.86	577	361	14	1664	69	182	742	7e-37	  138
scaffold37329	OTU_0020	38.00	100	53	3	1078	1365	1	95	3e-15	68.2
scaffold38729	OTU_0003	27.71	415	242	14	328	1410	13	423	8e-23	93.2
scaffold38916	OTU_0086	36.00	100	47	2	278	30	63	162	3e-12	58.5
scaffold39209	OTU_0020	36.26	91	54	2	1194	1454	1	91	1e-13	62.8
scaffold39883	OTU_0044	26.42	352	197	12	243	1166	92	425	7e-22	90.5
scaffold41113	OTU_0005	26.89	502	268	22	1497	211	125	600	6e-23	95.1
scaffold44139	OTU_0046	22.30	269	141	7	1585	971	494	758	6e-13	63.2
scaffold44162	OTU_0023	27.84	194	103	7	3	524	76	252	2e-13	63.9
scaffold44592	OTU_0023	27.27	341	203	10	1046	135	10	342	6e-25	98.6
scaffold45774	OTU_0008	28.67	286	169	12	1369	593	176	453	1e-19	84.0
scaffold46498	OTU_0008	27.84	273	174	7	1494	730	159	426	1e-19	84.0
scaffold46811	OTU_0064	25.33	454	288	12	1	1245	32	473	2e-21	89.7
scaffold47532	OTU_0001	25.97	489	299	18	1532	174	298	759	9e-29	  112
scaffold47631	OTU_0007	23.20	582	362	22	1541	3	111	676	2e-21	90.1
scaffold48115	OTU_0064	29.26	270	137	9	1528	860	213	475	4e-18	79.3
scaffold48448	OTU_0008	30.71	140	93	1	82	489	310	449	1e-16	74.3
scaffold48945	OTU_0005	25.80	283	178	7	765	1523	88	368	3e-14	67.4
scaffold50739	OTU_0037	38.58	127	58	6	1489	1136	46	161	4e-13	60.8
scaffold52218	OTU_0062	27.55	490	282	16	18	1340	3	468	1e-35	  133
scaffold52512	OTU_0020	35.96	114	55	3	1098	1433	5	102	2e-16	71.2
scaffold53418	OTU_0008	27.52	258	154	9	737	15	4	245	1e-14	68.2
scaffold53587	OTU_0023	23.45	290	175	10	508	1326	3	262	2e-14	66.6
scaffold55149	OTU_0005	24.83	439	282	10	20	1228	144	570	2e-25	  102
scaffold55733	OTU_0064	24.52	465	275	9	1449	271	57	517	1e-31	  120
scaffold56522	OTU_0001	23.33	480	307	15	1438	131	302	764	9e-20	84.7
scaffold57010	OTU_0090	25.00	512	283	18	63	1337	29	526	1e-24	99.8
scaffold58788	OTU_0044	26.32	437	245	14	1397	249	8	421	1e-23	95.1
scaffold60711	OTU_0041	34.88	172	101	8	499	2	1	167	3e-17	75.5
scaffold61214	OTU_0046	24.95	513	290	21	1396	23	226	698	8e-17	75.1
scaffold61360	OTU_0102	28.26	230	133	9	517	1137	4	224	9e-11	55.1
scaffold61515	OTU_0008	29.74	269	170	6	1150	401	163	431	4e-26	  103
scaffold62212	OTU_0008	25.40	315	190	10	13	864	176	476	2e-19	82.8
scaffold64493	OTU_0046	22.25	445	278	10	1316	24	146	536	4e-17	75.9
scaffold65754	OTU_0090	26.15	260	181	4	512	1264	2	259	7e-25	  100
scaffold65989	OTU_0026	27.89	147	92	4	707	306	24	169	3e-11	54.7
scaffold66159	OTU_0022	27.57	243	146	6	656	1309	1	238	3e-14	64.3
scaffold66666	OTU_0102	28.41	271	172	7	1148	372	2	262	2e-19	81.6
scaffold66680	OTU_0090	24.35	271	159	5	66	809	1	248	4e-15	69.3
scaffold66813	OTU_0023	27.51	349	206	11	1238	306	2	341	2e-23	94.0
scaffold67734	OTU_0005	26.64	473	280	19	79	1338	267	725	6e-29	  112
scaffold67873	OTU_0023	30.75	322	202	11	945	28	1	317	6e-33	  121
scaffold68867	OTU_0006	27.09	491	282	10	23	1321	6	478	1e-38	  141
scaffold69395	OTU_0062	28.06	253	167	7	943	212	3	249	5e-19	81.6
scaffold70957	OTU_0003	26.20	313	168	9	805	11	119	416	2e-17	76.3
scaffold71945	OTU_0064	35.58	104	56	2	295	14	6	108	2e-15	70.1
scaffold72863	OTU_0023	32.80	125	78	2	490	131	1	124	5e-16	71.2
scaffold75684	OTU_0023	28.76	299	175	9	357	1226	2	271	4e-30	  112
scaffold76332	OTU_0020	37.14	105	58	3	679	389	3	107	2e-12	58.9
scaffold77680	OTU_0005	39.66	116	55	5	789	475	249	360	1e-13	64.7
scaffold79910	OTU_0020	30.00	170	115	2	10	507	67	236	5e-12	57.8
scaffold80229	OTU_0064	26.45	344	221	5	98	1036	5	347	3e-27	  106
scaffold80569	OTU_0102	23.72	371	248	11	7	1086	5	351	2e-22	90.5
scaffold81155	OTU_0062	32.62	141	89	2	129	536	619	758	5e-13	62.8
scaffold82453	OTU_0023	27.27	176	99	4	1122	682	154	329	1e-15	70.5
scaffold82499	OTU_0020	35.24	105	60	2	753	1043	3	107	3e-14	64.3
scaffold86574	OTU_0031	22.54	426	212	14	151	1203	3	385	2e-14	66.6
scaffold90580	OTU_0025	27.65	217	123	6	1010	453	67	280	8e-14	63.5
scaffold91056	OTU_0046	24.73	283	165	9	1187	468	239	516	4e-12	59.7
scaffold92478	OTU_0020	36.17	94	59	1	525	244	1	93	2e-15	67.8
scaffold92585	OTU_0008	25.70	249	146	10	689	15	176	409	9e-13	61.2
scaffold94018	OTU_0064	26.10	295	189	10	22	837	269	557	2e-13	63.5
scaffold94821	OTU_0066	24.43	307	203	6	921	70	168	468	9e-22	89.0
scaffold96584	OTU_0066	24.25	268	175	7	253	984	160	423	1e-16	73.6
scaffold97635	OTU_0020	38.04	92	52	1	1122	862	1	92	2e-13	61.6
scaffold98184	OTU_0001	25.78	322	191	11	1111	233	272	574	3e-17	75.9
scaffold99055	OTU_0023	30.26	228	149	3	660	7	5	232	2e-27	  103
scaffold100355	OTU_0023	30.14	292	188	10	278	1111	2	291	4e-27	  103
scaffold102575	OTU_0001	28.31	332	186	12	94	1017	273	576	9e-23	92.4
scaffold104621	OTU_0062	24.62	394	240	12	1100	63	115	499	3e-20	84.3
scaffold104828	OTU_0023	24.60	248	157	6	2	709	30	259	2e-13	63.2
scaffold106821	OTU_0020	39.56	91	51	2	670	930	1	91	1e-14	65.5
scaffold108329	OTU_0071	28.53	354	209	11	94	1050	10	354	3e-22	89.0
scaffold108990	OTU_0058	27.65	217	123	9	358	924	1	211	2e-14	64.3
scaffold110140	OTU_0007	25.39	382	239	13	1098	1	271	622	1e-18	79.3
scaffold111582	OTU_0020	31.25	144	93	4	668	1090	1	141	9e-15	65.5
scaffold111766	OTU_0003	29.62	314	170	9	98	913	119	423	2e-23	93.2
scaffold112548	OTU_0001	27.10	310	184	8	923	105	118	422	2e-19	82.0
scaffold115961	OTU_0005	25.89	309	174	11	13	819	120	413	9e-16	70.9
scaffold117615	OTU_0062	36.80	125	73	3	491	850	3	126	5e-15	68.6
scaffold117894	OTU_0066	27.65	264	144	8	176	877	177	423	2e-18	78.6
scaffold119270	OTU_0062	25.43	405	233	12	1067	18	84	474	2e-21	87.4
scaffold119373	OTU_0008	25.96	312	192	9	988	110	176	467	6e-21	85.9
scaffold119456	OTU_0003	29.87	318	172	10	235	1062	116	424	1e-22	90.5
scaffold120831	OTU_0062	26.35	406	228	13	7	1050	63	455	2e-26	  103
scaffold121951	OTU_0046	24.86	362	193	11	4	1044	219	516	1e-18	79.3
scaffold122075	OTU_0023	35.64	101	54	2	313	23	3	96	8e-14	63.9
scaffold122673	OTU_0023	30.04	263	169	7	151	918	4	258	5e-26	99.4
scaffold123662	OTU_0064	30.86	175	107	4	465	959	6	176	1e-20	85.5
scaffold125107	OTU_0102	30.99	242	143	8	1040	354	11	241	1e-19	81.3
scaffold126896	OTU_0007	22.74	299	180	8	1019	267	387	682	1e-11	57.8
scaffold127865	OTU_0020	29.32	133	86	2	549	923	3	135	2e-11	55.5
scaffold130832	OTU_0023	25.33	304	188	8	993	187	33	332	7e-22	87.4
scaffold131240	OTU_0064	28.57	287	173	7	13	807	191	467	8e-18	76.6
scaffold132190	OTU_0102	40.70	86	49	2	572	823	11	96	4e-13	62.0
scaffold133053	OTU_0023	28.75	240	147	7	223	891	5	237	3e-20	82.8
scaffold136867	OTU_0071	29.71	175	116	4	515	3	1	172	1e-14	66.2
scaffold137225	OTU_0006	38.55	83	51	0	1	249	644	726	5e-12	58.9
scaffold137599	OTU_0005	28.16	277	164	10	736	5	493	767	1e-14	67.0
scaffold138694	OTU_0031	33.33	255	143	8	231	914	206	460	1e-20	84.7
scaffold140399	OTU_0023	26.07	257	166	8	117	845	10	256	6e-15	67.0
scaffold143682	OTU_0023	24.21	347	209	11	51	986	1	328	2e-16	71.6
scaffold144726	OTU_0071	36.84	95	53	2	972	706	159	252	2e-11	56.6
scaffold148258	OTU_0022	38.89	126	71	2	605	243	2	126	3e-18	75.1
scaffold148748	OTU_0040	34.83	89	53	3	527	273	12	99	7e-11	53.1
scaffold149646	OTU_0023	24.67	304	156	9	13	912	117	351	4e-12	58.5
scaffold157869	OTU_0071	25.61	289	175	8	934	164	75	355	2e-12	58.9
scaffold159783	OTU_0062	26.42	265	165	9	768	10	5	251	2e-14	65.9
scaffold161745	OTU_0023	26.85	324	185	12	19	864	33	346	4e-26	99.4
scaffold164968	OTU_0008	31.82	154	95	5	3	446	316	465	1e-13	62.8
scaffold166419	OTU_0066	27.22	158	109	2	8	469	302	457	1e-14	66.2
scaffold167669	OTU_0005	30.16	305	158	13	58	840	115	408	1e-23	94.0
scaffold167706	OTU_0003	28.73	268	146	9	736	41	107	365	1e-20	84.0
scaffold167983	OTU_0066	26.51	215	131	6	6	581	213	423	1e-16	72.0
scaffold168395	OTU_0023	27.01	274	185	9	845	57	1	270	5e-17	72.8
scaffold172320	OTU_0046	28.19	298	168	9	812	39	182	473	2e-21	87.4
scaffold173958	OTU_0023	27.98	336	195	11	19	912	10	336	3e-26	99.4
scaffold174133	OTU_0023	29.39	262	169	8	7	774	7	258	1e-18	77.4
scaffold174627	OTU_0020	28.75	160	107	4	467	3	1	158	5e-13	59.7
scaffold174661	OTU_0062	28.46	246	155	8	716	3	1	233	9e-19	79.0
scaffold175503	OTU_0046	26.25	259	162	6	810	73	6	248	3e-16	71.2
scaffold176018	OTU_0010	30.95	126	65	5	659	321	21	137	1e-11	54.7
scaffold180138	OTU_0071	24.63	268	171	6	53	817	2	251	7e-14	63.5
scaffold181712	OTU_0008	26.59	331	187	12	891	13	45	357	8e-17	72.4
scaffold182661	OTU_0023	27.48	302	167	9	7	792	55	344	1e-21	85.9
scaffold183670	OTU_0020	44.19	86	44	2	638	889	2	85	4e-15	65.9
scaffold186848	OTU_0020	38.46	91	52	2	473	213	1	91	2e-14	63.9
scaffold188549	OTU_0068	26.92	208	141	4	277	882	1	203	4e-22	89.0
scaffold191463	OTU_0041	36.84	95	50	5	751	482	5	94	7e-11	54.3
scaffold191584	OTU_0020	31.43	210	119	5	662	51	5	195	1e-27	  101
scaffold192234	OTU_0025	27.71	166	94	5	390	818	67	229	7e-11	53.9
scaffold192811	OTU_0003	29.49	312	180	10	24	854	110	416	4e-23	90.9
scaffold193792	OTU_0066	24.30	251	163	5	695	12	168	414	6e-17	72.8
scaffold193925	OTU_0008	25.80	314	198	12	874	26	55	364	1e-11	56.6
scaffold195740	OTU_0023	30.19	212	127	6	593	6	5	211	1e-23	91.7
scaffold195795	OTU_0008	25.08	307	192	9	864	31	3	300	5e-11	55.1
scaffold195821	OTU_0020	31.87	91	57	1	598	855	3	93	1e-11	55.8
scaffold197359	OTU_0062	31.82	264	152	8	767	27	3	255	2e-28	  108
scaffold198855	OTU_0066	25.00	160	114	2	110	577	302	459	2e-12	59.3
scaffold200405	OTU_0071	26.83	287	159	8	842	123	75	357	6e-21	84.0
scaffold200489	OTU_0062	39.56	91	52	2	595	861	1	90	6e-15	67.0
scaffold203147	OTU_0020	35.43	127	67	4	614	261	7	127	4e-17	70.9
scaffold206468	OTU_0001	27.73	220	131	6	16	633	211	416	1e-13	63.2
scaffold206703	OTU_0023	27.20	261	156	6	852	115	10	251	8e-16	68.9
scaffold207647	OTU_0041	36.78	87	51	3	595	849	1	85	5e-11	54.7
scaffold208783	OTU_0023	36.78	174	104	3	584	75	1	172	4e-29	  107
scaffold209993	OTU_0041	40.43	94	53	2	426	151	3	95	3e-16	70.5
scaffold211595	OTU_0068	26.13	287	176	6	4	768	61	343	1e-19	80.9
scaffold218342	OTU_0068	32.02	228	127	8	830	204	22	240	2e-20	83.6
scaffold218960	OTU_0064	34.09	88	54	1	446	195	6	93	2e-12	58.9
scaffold220060	OTU_0044	30.00	150	77	5	164	535	92	239	3e-11	55.1
scaffold222571	OTU_0008	26.87	294	186	9	8	820	176	463	4e-20	82.0
scaffold223081	OTU_0020	42.53	87	46	2	565	825	1	83	2e-16	68.9
scaffold224419	OTU_0023	25.58	258	154	8	22	690	99	353	2e-14	64.7
scaffold225670	OTU_0066	25.00	264	151	6	36	737	177	423	4e-18	75.9
scaffold227521	OTU_0008	29.63	216	116	9	655	86	155	360	3e-11	55.5
scaffold229562	OTU_0008	29.13	254	156	8	101	808	162	409	1e-20	83.6
scaffold230877	OTU_0008	26.27	217	144	6	769	149	267	477	2e-12	58.5
scaffold232608	OTU_0020	33.00	100	58	3	509	222	1	95	1e-11	55.5
scaffold235432	OTU_0020	35.19	108	64	2	498	806	1	107	2e-13	60.8
scaffold237079	OTU_0044	27.24	268	160	6	779	33	170	421	8e-19	77.8
scaffold238189	OTU_0005	28.42	292	161	11	23	775	129	413	2e-17	74.3
scaffold238521	OTU_0020	35.79	95	56	3	437	162	3	95	3e-15	65.5
scaffold238928	OTU_0090	30.85	201	122	8	609	40	11	205	1e-18	78.2
scaffold239066	OTU_0086	25.26	190	99	3	184	732	44	197	1e-12	57.8
scaffold240902	OTU_0003	26.95	256	138	8	704	51	111	355	3e-15	67.0
scaffold241006	OTU_0062	32.34	201	124	6	219	794	5	202	4e-21	85.5
scaffold241079	OTU_0090	32.54	169	104	6	587	96	8	171	1e-20	84.0
scaffold243868	OTU_0102	28.38	303	164	11	793	8	37	327	7e-19	77.4
scaffold244150	OTU_0020	32.97	91	57	1	405	145	1	91	4e-13	59.7
scaffold245841	OTU_0008	24.10	249	156	7	787	128	209	453	2e-12	58.5
scaffold247641	OTU_0023	24.42	258	157	8	752	27	24	259	6e-13	60.1
scaffold248077	OTU_0005	26.92	260	158	8	690	4	505	763	5e-16	69.7
scaffold248343	OTU_0031	37.12	132	74	4	24	398	5	134	5e-20	81.6
scaffold249742	OTU_0005	32.58	178	94	6	755	270	267	434	3e-19	79.7
scaffold254442	OTU_0020	33.33	96	58	4	629	351	1	93	1e-11	55.5
scaffold256721	OTU_0005	28.41	271	145	9	700	8	90	351	3e-18	76.6
scaffold256962	OTU_0020	34.69	98	58	2	397	672	2	99	2e-15	66.2
scaffold260094	OTU_0062	25.36	276	149	7	768	106	201	474	1e-18	77.8
scaffold262943	OTU_0021	31.37	153	89	4	743	327	43	193	1e-15	65.9
scaffold263142	OTU_0071	27.80	223	144	7	738	109	133	351	1e-14	65.1
scaffold263653	OTU_0020	46.43	84	44	1	253	5	1	84	3e-19	76.6
scaffold265929	OTU_0051	29.80	198	107	7	762	250	44	236	4e-12	56.6
scaffold268239	OTU_0068	28.50	214	139	5	750	127	42	247	1e-16	71.6
scaffold268920	OTU_0046	31.82	110	75	0	2	331	616	725	9e-15	65.9
scaffold269962	OTU_0008	26.70	176	111	5	38	550	310	472	6e-11	53.9
scaffold270145	OTU_0001	27.44	266	148	11	757	65	124	379	4e-11	55.1
scaffold270378	OTU_0001	26.36	220	123	9	8	556	219	436	1e-11	56.6
scaffold271213	OTU_0020	33.12	154	95	4	148	597	2	151	5e-16	67.4
scaffold271348	OTU_0020	33.04	115	58	4	349	56	2	114	9e-13	58.5
scaffold272796	OTU_0062	27.00	237	151	6	671	3	1	229	7e-23	90.5
scaffold274841	OTU_0023	26.23	183	104	5	27	488	136	316	2e-12	58.5
scaffold276650	OTU_0023	33.59	131	63	2	306	626	199	329	3e-15	66.6
scaffold278792	OTU_0035	27.31	216	128	4	635	72	67	281	4e-12	57.0
scaffold279242	OTU_0044	27.68	224	130	4	13	615	83	297	2e-12	58.5
scaffold281986	OTU_0005	31.43	175	88	5	458	18	163	333	1e-16	71.2
scaffold286700	OTU_0045	25.94	239	150	7	743	105	96	333	2e-13	61.2
scaffold286958	OTU_0023	30.40	273	145	6	743	54	82	352	4e-23	89.4
scaffold290234	OTU_0005	34.97	143	75	6	1	405	302	434	5e-15	66.6
scaffold290711	OTU_0040	36.56	93	56	3	334	609	12	102	6e-14	60.8
scaffold295203	OTU_0044	33.56	149	73	5	523	152	92	239	6e-14	62.8
scaffold298213	OTU_0090	31.71	123	77	4	10	363	631	751	6e-12	57.0
scaffold299111	OTU_0037	31.47	143	83	3	678	292	2	143	5e-16	66.6
scaffold306113	OTU_0075	32.62	141	87	3	689	288	36	175	5e-13	58.2
scaffold309707	OTU_0022	29.85	134	72	4	1	363	2	126	5e-15	64.3
scaffold311962	OTU_0006	26.32	247	161	5	717	1	35	268	2e-16	70.5
scaffold314068	OTU_0041	26.26	179	104	6	183	674	6	171	1e-11	55.8
scaffold322373	OTU_0020	30.38	158	91	7	200	661	1	143	8e-16	66.6
scaffold327466	OTU_0023	33.33	186	113	7	563	36	133	317	3e-16	69.3
scaffold328781	OTU_0062	24.89	229	141	4	630	31	138	364	7e-15	65.5
scaffold330551	OTU_0023	25.63	199	126	7	7	561	78	268	7e-12	56.2
scaffold331946	OTU_0023	33.33	102	55	3	183	473	3	96	5e-14	62.8
scaffold333974	OTU_0075	28.78	139	86	3	5	406	39	169	3e-11	53.5
scaffold334982	OTU_0020	29.41	238	139	8	3	695	7	222	9e-16	66.2
scaffold338282	OTU_0064	30.43	184	104	2	176	658	181	363	3e-18	76.3
scaffold338837	OTU_0020	30.87	149	80	4	91	522	3	133	1e-12	57.8
scaffold345992	OTU_0020	35.45	110	66	3	329	6	2	108	2e-15	65.5
scaffold354153	OTU_0077	28.28	145	84	4	8	415	45	178	5e-11	52.8
scaffold356050	OTU_0023	46.55	58	31	0	258	85	5	62	3e-15	66.2
scaffold362013	OTU_0086	34.02	97	47	2	525	286	63	159	2e-11	53.9
scaffold362046	OTU_0020	31.96	194	119	7	579	28	1	191	4e-22	84.7
scaffold364505	OTU_0041	28.03	132	86	4	383	6	2	130	4e-11	53.9
scaffold366621	OTU_0102	36.04	111	68	3	49	375	1	110	5e-15	65.5
scaffold369292	OTU_0041	35.48	93	56	2	353	87	4	96	1e-15	67.4
scaffold369539	OTU_0023	32.61	92	58	2	270	1	2	91	1e-12	58.2
scaffold369547	OTU_0031	27.14	210	114	7	65	586	247	453	8e-12	56.2
scaffold374610	OTU_0044	28.32	226	129	10	76	663	8	230	5e-11	53.5
scaffold379006	OTU_0104	28.57	238	128	9	647	36	64	293	7e-15	64.7
scaffold380224	OTU_0041	32.22	90	57	1	459	202	7	96	1e-11	55.1
scaffold381440	OTU_0020	29.29	99	64	3	206	496	1	95	2e-11	53.9
scaffold382699	OTU_0077	30.72	153	93	4	657	229	18	167	1e-16	68.6
scaffold383328	OTU_0040	40.19	107	59	4	331	642	7	111	5e-18	72.0
scaffold383971	OTU_0040	38.89	90	54	1	301	570	13	101	2e-14	61.6
scaffold385008	OTU_0001	25.12	211	124	6	556	17	209	416	9e-11	53.1
scaffold389803	OTU_0023	25.74	202	120	5	654	136	151	351	2e-15	66.2
scaffold390042	OTU_0005	27.07	229	125	8	624	22	114	328	5e-12	56.6
scaffold392547	OTU_0021	32.89	149	79	5	409	14	49	193	2e-16	67.4
scaffold397210	OTU_0021	35.56	180	85	7	12	470	18	193	4e-19	75.1
scaffold398636	OTU_0031	34.68	124	74	4	648	295	9	131	3e-15	66.2
scaffold403685	OTU_0071	37.50	88	53	1	299	42	9	96	8e-14	61.6
scaffold405823	OTU_0043	32.20	118	74	3	358	17	111	226	2e-13	59.7
scaffold408717	OTU_0046	36.05	86	55	0	343	600	641	726	6e-12	56.6
scaffold411326	OTU_0020	37.35	83	46	4	248	9	2	81	2e-11	54.3
scaffold413339	OTU_0010	34.96	123	74	2	217	570	20	141	2e-20	78.6
scaffold415026	OTU_0020	32.26	186	107	4	559	11	5	174	2e-22	85.5
scaffold420651	OTU_0031	32.88	222	109	7	617	66	242	461	4e-24	92.0
scaffold421023	OTU_0066	30.41	171	91	7	19	450	181	350	2e-11	54.3
scaffold422988	OTU_0023	38.30	94	54	1	114	383	3	96	6e-15	65.1
scaffold424295	OTU_0041	46.43	56	30	0	185	18	2	57	3e-12	57.0
scaffold430832	OTU_0081	30.69	189	95	8	467	3	118	304	2e-11	54.7
scaffold433099	OTU_0001	32.68	153	87	5	524	108	273	423	1e-16	70.9
scaffold438691	OTU_0025	26.87	227	122	6	20	592	62	280	3e-17	70.5
scaffold444677	OTU_0023	38.75	80	43	1	335	556	5	84	3e-16	68.6
scaffold445021	OTU_0046	40.70	86	45	1	256	17	7	92	5e-15	65.9
scaffold445927	OTU_0022	42.50	120	63	2	94	438	1	119	1e-24	91.3
scaffold446490	OTU_0020	36.25	80	35	1	240	1	5	68	6e-13	58.2
scaffold447552	OTU_0064	30.71	140	81	5	137	520	413	548	2e-11	54.7
scaffold447648	OTU_0062	39.02	82	47	3	241	2	2	82	1e-11	55.5
scaffold450548	OTU_0023	31.64	177	101	3	95	571	199	373	3e-19	77.4
scaffold454526	OTU_0005	26.87	201	118	7	591	67	163	360	4e-13	59.7
scaffold460404	OTU_0005	29.07	227	127	8	5	589	547	771	4e-18	75.5
scaffold463864	OTU_0022	29.77	131	76	3	453	76	8	127	1e-11	54.3
scaffold466012	OTU_0071	34.40	125	77	1	7	366	193	317	3e-13	59.7
scaffold473799	OTU_0008	31.58	95	61	2	186	458	320	414	3e-11	53.9
scaffold475819	OTU_0023	27.10	214	135	6	597	1	39	246	3e-16	68.6
scaffold476890	OTU_0023	30.06	173	97	6	600	133	59	224	2e-11	54.3
scaffold479409	OTU_0037	36.46	96	52	2	115	378	1	95	2e-12	55.8
scaffold479609	OTU_0020	29.89	174	110	4	506	18	5	177	1e-22	85.5
scaffold482331	OTU_0020	32.28	127	69	3	16	381	3	117	1e-12	57.4
scaffold484454	OTU_0023	32.85	207	126	6	3	593	44	247	1e-23	89.7
scaffold485097	OTU_0064	33.33	90	56	1	135	392	6	95	3e-11	53.9
scaffold485589	OTU_0005	31.10	209	111	6	50	592	164	367	4e-20	81.3
scaffold492364	OTU_0040	34.62	104	65	2	55	360	1	103	1e-15	64.7
scaffold492436	OTU_0068	31.36	118	80	1	94	444	640	757	2e-13	60.5
scaffold493664	OTU_0055	28.49	186	105	6	82	558	5	189	2e-11	52.8
scaffold495643	OTU_0023	32.45	151	67	3	9	356	196	346	9e-18	72.8
scaffold495986	OTU_0045	28.12	192	114	6	588	76	144	332	3e-16	68.9
scaffold496399	OTU_0023	26.57	207	131	6	582	7	57	257	1e-15	67.0
scaffold500434	OTU_0027	28.41	176	87	7	143	580	65	231	5e-11	52.4
scaffold504258	OTU_0020	34.52	84	50	1	45	281	3	86	3e-11	53.1
scaffold504815	OTU_0016	27.87	183	103	6	485	21	32	213	6e-12	55.1
scaffold513427	OTU_0062	36.14	83	47	2	566	336	9	91	2e-11	54.7
scaffold514463	OTU_0041	34.07	91	54	4	324	61	2	89	9e-11	52.0
scaffold515605	OTU_0005	28.28	198	108	5	516	22	214	410	6e-16	68.6
scaffold518060	OTU_0026	41.27	63	37	0	545	357	49	111	7e-12	53.9
scaffold518777	OTU_0020	39.78	93	52	2	291	563	2	92	1e-15	65.1
scaffold520403	OTU_0071	34.43	122	63	3	1	351	6	115	4e-14	62.0
scaffold521012	OTU_0005	28.92	204	110	7	557	33	164	361	4e-16	69.3
scaffold522246	OTU_0102	29.01	131	86	2	165	539	2	131	2e-12	57.0
scaffold522485	OTU_0064	46.15	91	47	2	304	570	6	96	6e-22	86.3
scaffold523939	OTU_0068	29.19	161	77	5	193	570	314	472	2e-11	54.7
scaffold525132	OTU_0008	28.10	153	104	3	540	97	310	461	3e-14	62.8
scaffold529532	OTU_0020	33.73	83	48	2	36	266	1	82	1e-11	53.9
scaffold529742	OTU_0041	33.33	105	63	2	227	520	5	109	4e-17	70.9
scaffold530428	OTU_0005	28.10	210	115	6	543	10	134	339	5e-16	68.9
scaffold531145	OTU_0005	27.80	205	119	6	1	537	167	368	6e-16	68.6
scaffold532357	OTU_0020	27.98	193	99	6	561	31	6	174	8e-18	71.2
scaffold536548	OTU_0046	34.69	98	64	0	352	59	627	724	4e-11	53.5
scaffold536646	OTU_0025	32.20	177	92	6	111	560	83	258	2e-13	59.3
scaffold537154	OTU_0022	34.17	120	71	3	569	225	10	126	1e-12	56.6
scaffold539086	OTU_0008	29.08	196	110	7	569	33	152	335	5e-12	55.8
scaffold545195	OTU_0086	30.22	139	74	3	6	353	59	197	8e-13	57.0
scaffold547284	OTU_0022	38.89	126	71	2	18	380	2	126	2e-21	82.0
scaffold548476	OTU_0090	28.87	194	125	5	14	565	69	259	3e-19	78.2
scaffold548629	OTU_0075	30.32	155	88	5	53	469	7	157	8e-17	68.2
scaffold552572	OTU_0005	29.13	206	113	6	539	6	162	362	6e-18	74.3
scaffold557901	OTU_0001	34.88	129	76	2	6	377	298	423	1e-14	64.3
scaffold558847	OTU_0062	37.98	129	64	5	416	69	4	129	2e-16	69.7
scaffold559406	OTU_0020	34.00	100	60	5	178	465	2	99	1e-11	53.9
scaffold567039	OTU_0068	28.28	198	123	6	1	555	36	227	2e-17	73.2
scaffold567278	OTU_0090	42.27	97	51	3	283	2	1	95	1e-17	73.6
scaffold571377	OTU_0086	32.00	100	45	1	534	304	63	162	1e-11	53.5
scaffold578812	OTU_0064	34.29	140	68	2	551	201	205	343	1e-17	72.8
scaffold581774	OTU_0102	25.73	171	99	3	118	546	163	333	5e-11	52.8
scaffold583835	OTU_0008	28.57	126	85	2	175	537	310	435	4e-11	53.1
scaffold584217	OTU_0037	35.48	93	53	2	548	288	51	142	6e-11	51.2
scaffold585591	OTU_0102	32.95	88	58	1	277	540	8	94	1e-14	63.5
scaffold585703	OTU_0041	25.16	159	106	6	90	545	2	154	9e-12	54.7
scaffold591037	OTU_0020	29.82	171	107	4	478	5	5	175	5e-18	71.6
scaffold593652	OTU_0094	29.81	208	102	7	521	6	61	260	1e-16	68.2
scaffold595434	OTU_0071	37.41	139	61	3	175	519	193	329	2e-16	68.6
scaffold598215	OTU_0005	33.68	190	100	9	1	516	272	453	2e-15	66.6
scaffold598907	OTU_0041	36.67	90	45	5	174	431	1	82	5e-11	52.4
scaffold600865	OTU_0026	35.48	93	55	2	422	156	25	116	9e-13	55.8
scaffold601435	OTU_0020	32.73	110	69	4	334	11	2	108	6e-14	60.1
scaffold602722	OTU_0022	30.83	133	80	4	91	474	1	126	2e-12	55.8
scaffold612034	OTU_0020	33.33	117	67	3	479	147	2	113	2e-15	63.9
scaffold612976	OTU_0020	29.83	181	105	6	6	530	10	174	6e-20	77.0
scaffold615358	OTU_0001	29.74	195	103	6	489	1	219	411	3e-17	72.0
scaffold623575	OTU_0044	32.91	158	76	5	140	532	83	237	1e-14	63.5
scaffold632333	OTU_0023	34.31	102	56	3	172	465	3	97	5e-14	61.6
scaffold634822	OTU_0086	35.19	108	65	1	511	203	54	161	5e-13	57.4
scaffold635710	OTU_0064	39.68	63	38	0	325	513	3	65	4e-14	62.4
scaffold640909	OTU_0064	46.15	52	28	0	156	1	6	57	3e-12	56.6
scaffold643055	OTU_0023	29.51	183	98	5	480	19	136	316	3e-15	65.1
scaffold644699	OTU_0023	28.80	184	116	5	2	526	67	244	1e-14	63.5
scaffold649958	OTU_0005	29.24	171	83	8	441	13	200	360	9e-14	61.6
scaffold655724	OTU_0031	34.51	113	65	4	2	319	10	120	6e-15	64.7
scaffold657855	OTU_0023	28.15	135	87	4	82	462	136	268	5e-11	52.4
scaffold663275	OTU_0005	33.68	95	54	2	361	101	267	360	8e-13	58.5
scaffold663465	OTU_0005	27.97	143	72	4	122	475	200	336	5e-12	55.8
scaffold663577	OTU_0020	43.86	57	30	2	85	249	28	84	1e-11	53.5
scaffold663936	OTU_0064	43.48	92	49	3	120	389	5	95	7e-17	70.9
scaffold672588	OTU_0062	45.00	100	51	2	197	496	3	98	4e-21	83.6
scaffold673806	OTU_0064	34.23	149	74	2	133	510	201	348	1e-18	75.9
scaffold675214	OTU_0020	29.63	135	84	4	485	102	1	131	5e-13	57.4
scaffold676650	OTU_0023	31.68	101	58	2	151	441	3	96	2e-12	56.6
scaffold676717	OTU_0023	26.74	187	100	6	514	14	67	236	2e-12	57.0
scaffold678367	OTU_0064	29.77	131	69	2	347	24	201	331	4e-12	56.2
scaffold680904	OTU_0064	33.70	92	57	3	451	182	3	92	4e-13	59.3
scaffold682663	OTU_0041	38.00	100	58	3	152	445	2	99	8e-17	69.7
scaffold686785	OTU_0102	47.33	131	62	4	122	499	3	131	1e-32	  114
scaffold689659	OTU_0023	30.49	164	105	7	511	44	23	185	3e-14	62.0
scaffold693521	OTU_0058	27.41	197	113	7	1	504	18	213	2e-12	55.5
scaffold695687	OTU_0059	99.41	169	0	1	509	3	14	181	3e-125	  347
scaffold700705	OTU_0033	26.88	186	117	7	4	504	12	197	4e-14	60.8
scaffold702453	OTU_0087	29.66	145	92	4	33	443	16	158	3e-12	53.9
scaffold707251	OTU_0097	30.00	100	68	1	168	467	82	179	5e-12	54.3
scaffold708616	OTU_0020	37.96	108	53	5	173	490	1	96	6e-18	71.2
scaffold709549	OTU_0097	36.71	79	50	0	259	23	83	161	3e-13	57.4
scaffold714201	OTU_0023	38.27	81	48	1	438	196	158	236	2e-11	53.5
scaffold720446	OTU_0001	35.37	164	83	7	45	494	272	426	1e-15	67.0
scaffold725368	OTU_0005	28.57	161	106	4	464	6	615	774	1e-12	57.8
scaffold726737	OTU_0005	28.95	114	78	1	500	168	658	771	3e-13	59.7
scaffold729733	OTU_0104	31.45	124	81	1	80	439	170	293	1e-12	57.4
scaffold738124	OTU_0023	31.29	147	90	7	452	33	1	143	5e-17	70.1
scaffold738725	OTU_0046	33.61	119	78	1	485	132	639	757	2e-14	63.5
scaffold741025	OTU_0071	24.87	189	113	4	3	485	145	332	3e-12	55.8
scaffold741346	OTU_0064	38.14	97	54	1	314	42	6	102	5e-21	82.4
scaffold742677	OTU_0008	27.39	157	96	5	32	487	310	453	4e-11	52.8
scaffold745256	OTU_0005	32.17	143	82	3	101	487	267	408	2e-19	78.6
scaffold745704	OTU_0005	33.33	96	55	3	463	200	268	362	5e-11	52.8
scaffold746768	OTU_0021	32.67	150	86	5	46	465	49	193	2e-14	60.5
scaffold754625	OTU_0005	32.26	186	94	7	8	484	176	356	4e-12	56.2
scaffold764271	OTU_0023	33.66	101	56	2	109	399	3	96	1e-13	60.5
scaffold765206	OTU_0041	31.11	90	58	1	22	279	7	96	7e-12	54.7
scaffold770667	OTU_0077	28.95	152	93	3	37	462	15	161	5e-14	59.7
scaffold771071	OTU_0075	31.21	157	84	4	431	15	7	157	7e-15	61.6
scaffold771174	OTU_0086	34.40	125	59	5	330	13	65	185	2e-11	52.4
scaffold773632	OTU_0062	38.95	95	55	2	324	46	3	96	2e-11	54.3
scaffold775593	OTU_0102	35.45	110	68	3	104	427	2	110	5e-13	58.2
scaffold779295	OTU_0023	34.95	103	56	3	184	480	2	97	1e-13	60.1
scaffold786221	OTU_0040	37.50	96	58	2	43	330	12	105	3e-16	65.9
scaffold788456	OTU_0020	38.27	81	44	1	258	482	1	81	3e-14	60.5
scaffold792703	OTU_0005	30.83	120	77	3	401	57	651	769	7e-12	55.1
scaffold796075	OTU_0023	30.17	179	93	5	476	33	165	342	2e-16	67.8
scaffold796286	OTU_0020	32.29	96	64	1	469	185	1	96	6e-12	53.9
scaffold803263	OTU_0062	42.59	108	57	3	120	434	3	108	5e-17	70.9
scaffold805185	OTU_0001	34.18	158	89	6	452	18	261	416	5e-17	70.9
scaffold808267	OTU_0023	32.99	97	56	2	473	195	5	96	1e-11	53.9
scaffold812357	OTU_0020	31.18	93	46	3	22	294	5	81	1e-11	53.1
scaffold817166	OTU_0031	30.97	113	71	2	109	426	349	461	5e-12	55.5
scaffold818360	OTU_0031	36.76	136	77	4	406	20	1	134	8e-22	84.3
scaffold822078	OTU_0020	40.00	100	51	5	458	174	1	96	5e-17	68.2
scaffold831003	OTU_0010	34.03	144	89	2	41	457	2	144	1e-20	78.2
scaffold833478	OTU_0041	41.67	96	51	3	116	394	1	94	3e-13	58.9
scaffold835949	OTU_0005	30.43	184	90	6	458	9	204	383	5e-19	77.0
scaffold839119	OTU_0022	37.98	129	70	3	380	15	1	126	2e-21	80.9
scaffold843016	OTU_0008	36.36	99	59	3	449	165	310	408	1e-13	60.1
scaffold843523	OTU_0023	39.13	115	61	2	458	135	198	310	6e-16	66.6
scaffold849771	OTU_0075	35.10	151	84	3	8	421	8	157	9e-22	81.3
scaffold855110	OTU_0020	30.61	98	61	1	159	452	1	91	2e-16	66.2
scaffold856178	OTU_0064	40.30	67	40	0	264	464	1	67	7e-15	64.3
scaffold856290	OTU_0023	31.29	163	101	4	1	462	86	246	5e-11	52.0
scaffold858742	OTU_0023	29.31	174	92	5	463	29	145	316	3e-13	58.9
scaffold863671	OTU_0020	29.46	129	79	4	29	391	35	159	1e-12	55.8
scaffold865730	OTU_0041	40.38	104	46	4	157	462	1	90	3e-18	73.2
scaffold872557	OTU_0020	39.80	98	52	4	406	125	2	96	5e-18	70.9
scaffold874313	OTU_0102	28.35	127	82	3	459	100	7	131	4e-11	52.4
scaffold877454	OTU_0039	37.17	113	58	3	85	396	31	139	2e-15	63.2
scaffold879258	OTU_0086	30.61	147	93	3	27	446	53	197	3e-13	57.0
scaffold886744	OTU_0040	35.56	90	57	1	456	187	14	102	1e-12	55.1
scaffold886763	OTU_0005	32.14	140	77	5	3	398	305	434	5e-13	58.9
scaffold892336	OTU_0040	33.94	109	67	3	4	315	39	147	5e-12	53.5
scaffold894930	OTU_0031	36.71	79	47	1	227	454	377	455	3e-11	52.8
scaffold899093	OTU_0005	35.16	91	48	3	290	51	243	333	3e-12	56.6
scaffold900177	OTU_0077	28.66	157	97	3	22	450	15	170	2e-19	75.1
scaffold901583	OTU_0090	26.15	130	87	3	18	389	3	129	4e-12	55.8
scaffold904606	OTU_0064	34.16	161	85	6	443	9	23	178	1e-18	75.5
scaffold906236	OTU_0041	32.58	89	57	2	12	272	3	90	4e-14	61.2
scaffold908065	OTU_0062	24.56	171	100	2	447	22	148	318	3e-12	56.2
scaffold908846	OTU_0086	33.14	169	87	3	444	10	33	199	1e-17	69.3
scaffold930115	OTU_0044	32.26	124	75	3	96	446	170	291	4e-12	55.5
scaffold931200	OTU_0064	35.29	68	44	0	238	35	184	251	5e-11	52.0
scaffold931215	OTU_0041	37.89	95	55	1	135	407	1	95	2e-15	64.7
scaffold933827	OTU_0062	34.43	122	71	3	68	409	1	121	8e-15	64.3
scaffold935212	OTU_0005	31.41	156	92	3	1	426	268	422	6e-19	76.6
scaffold939855	OTU_0102	32.56	86	57	1	142	399	8	92	3e-14	61.6
scaffold941010	OTU_0018	27.22	158	90	3	431	30	32	188	1e-14	60.8
scaffold944473	OTU_0041	32.63	95	53	2	445	173	10	97	2e-11	53.5
scaffold947035	OTU_0020	38.18	110	63	4	102	425	2	108	2e-17	69.3
scaffold950628	OTU_0021	37.24	145	76	3	444	52	50	193	1e-24	89.0
scaffold951298	OTU_0102	33.33	129	76	4	38	418	2	122	7e-13	57.4
scaffold954861	OTU_0090	39.78	93	52	3	139	411	3	93	2e-15	66.2
scaffold955948	OTU_0020	34.55	110	67	3	119	442	2	108	3e-17	68.9
scaffold960551	OTU_0023	32.26	124	78	2	70	426	2	124	9e-16	65.9
scaffold962318	OTU_0021	34.31	102	58	2	333	52	50	150	7e-14	58.5
scaffold968111	OTU_0041	37.11	97	59	1	132	416	2	98	5e-18	72.4
scaffold974267	OTU_0006	28.97	145	80	1	64	429	174	318	2e-13	59.7
scaffold979965	OTU_0068	29.17	120	78	2	363	22	136	254	3e-12	56.2
scaffold980882	OTU_0005	31.93	119	74	4	86	421	630	748	4e-13	58.9
scaffold981144	OTU_0064	29.10	134	82	5	18	392	1	130	3e-11	52.8
scaffold982506	OTU_0005	33.10	145	71	4	4	363	217	360	7e-16	67.4
scaffold982897	OTU_0021	30.00	100	61	2	12	287	48	146	7e-11	50.1
scaffold1000117	OTU_0047	36.25	80	50	1	275	36	18	96	4e-12	53.1
scaffold1000986	OTU_0064	34.69	98	54	2	79	372	387	474	1e-11	54.3
scaffold1001135	OTU_0047	30.88	136	71	4	46	393	7	139	1e-11	52.0
scaffold1004235	OTU_0047	29.85	134	74	5	4	351	22	153	4e-11	50.4
scaffold1010218	OTU_0058	34.23	111	44	5	170	421	103	211	6e-12	53.5
scaffold1014867	OTU_0086	27.39	157	87	3	407	18	5	161	1e-14	60.8
scaffold1016408	OTU_0041	32.22	90	57	1	1	258	7	96	8e-13	57.0
scaffold1020539	OTU_0020	36.84	95	54	1	276	10	1	95	1e-12	55.8
scaffold1021199	OTU_0005	33.61	119	62	4	101	430	268	378	5e-11	52.4
scaffold1024663	OTU_0018	28.80	125	67	3	8	316	66	190	5e-13	55.8
scaffold1025259	OTU_0031	37.61	109	59	4	429	124	18	124	1e-17	72.0
scaffold1026057	OTU_0023	34.65	101	55	2	420	130	3	96	7e-14	60.5
scaffold1032483	OTU_0102	37.74	106	55	2	290	3	2	106	2e-17	70.5
scaffold1032605	OTU_0020	44.57	92	49	2	296	27	5	96	6e-23	84.7
scaffold1038174	OTU_0031	35.80	81	51	1	324	82	1	80	6e-13	57.8
scaffold1042504	OTU_0023	28.86	149	82	3	36	413	182	329	3e-12	55.5
scaffold1047008	OTU_0009	29.63	108	69	4	320	9	16	120	2e-13	57.0
scaffold1047286	OTU_0020	34.07	91	54	1	425	171	7	97	2e-13	57.8
scaffold1047654	OTU_0064	29.08	141	84	3	37	423	329	465	7e-11	51.6
scaffold1051996	OTU_0047	32.23	121	64	4	314	3	18	137	1e-10	49.3
scaffold1053114	OTU_0005	30.50	141	72	6	419	72	213	352	1e-11	54.3
scaffold1057807	OTU_0013	30.51	118	74	3	4	348	36	148	5e-12	52.8
scaffold1063342	OTU_0062	25.00	128	89	2	418	53	133	259	2e-13	59.7
scaffold1063585	OTU_0040	36.26	91	57	1	98	370	13	102	1e-14	60.5
scaffold1067876	OTU_0022	29.55	132	81	3	39	419	1	125	2e-12	54.7
scaffold1071421	OTU_0064	34.09	88	52	1	318	73	8	95	3e-11	52.8
scaffold1077242	OTU_0010	30.83	133	73	4	41	406	20	144	1e-14	60.5
scaffold1077483	OTU_0020	30.89	123	78	3	386	33	38	158	5e-12	53.9
scaffold1086178	OTU_0090	30.86	162	89	2	1	417	185	346	1e-16	69.7
scaffold1094013	OTU_0041	34.04	94	56	4	290	18	1	91	1e-11	53.5
scaffold1094759	OTU_0020	33.70	92	53	3	413	144	44	129	6e-11	50.8
scaffold1097844	OTU_0086	31.67	120	59	2	28	318	59	178	5e-11	50.8
scaffold1097971	OTU_0102	34.62	78	45	1	413	198	8	85	8e-11	51.2
scaffold1100241	OTU_0020	37.14	105	57	3	61	348	3	107	6e-14	59.3
scaffold1102469	OTU_0041	31.52	92	57	1	119	376	3	94	3e-12	55.5
scaffold1105793	OTU_0020	35.56	90	54	2	299	42	1	90	1e-13	58.2
scaffold1106357	OTU_0062	28.81	118	78	1	414	79	143	260	4e-13	58.5
scaffold1108020	OTU_0064	39.76	83	44	1	182	412	1	83	7e-17	69.7
scaffold1112399	OTU_0023	31.48	162	86	2	3	413	209	370	2e-15	65.1
scaffold1122126	OTU_0010	34.88	129	68	4	411	52	24	145	3e-15	62.0
scaffold1128266	OTU_0031	30.16	126	81	4	2	361	7	131	3e-14	61.6
scaffold1130109	OTU_0041	34.69	98	51	3	409	131	7	96	1e-12	56.2
scaffold1131335	OTU_0086	30.22	139	90	3	404	3	59	195	2e-11	51.6
scaffold1135143	OTU_0102	31.25	128	79	3	407	42	7	131	4e-12	55.1
scaffold1139088	OTU_0005	29.19	161	85	7	3	404	214	372	5e-11	52.4
scaffold1146737	OTU_0037	34.75	118	70	3	7	342	23	139	8e-12	52.4
scaffold1147275	OTU_0023	30.83	133	84	5	1	381	42	172	2e-13	58.9
scaffold1148830	OTU_0005	31.67	120	77	2	57	404	651	769	9e-14	60.8
scaffold1152512	OTU_0020	33.64	110	68	4	401	78	2	108	3e-15	62.8
scaffold1157957	OTU_0005	36.13	119	51	3	330	49	216	334	1e-14	63.5
scaffold1161961	OTU_0023	40.00	65	35	2	404	222	33	97	1e-10	50.8
scaffold1162098	OTU_0007	32.24	152	81	6	3	398	20	169	8e-12	54.7
scaffold1166329	OTU_0023	31.07	103	66	3	101	403	1	100	2e-13	58.5
scaffold1184461	OTU_0020	30.30	132	86	4	23	400	28	159	3e-13	57.4
scaffold1185353	OTU_0064	43.48	46	26	0	265	402	1	46	2e-11	53.1
scaffold1194810	OTU_0040	39.47	76	38	2	191	397	3	77	2e-13	56.6
scaffold1195078	OTU_0064	43.75	80	41	1	230	3	6	85	2e-15	65.5
scaffold1195732	OTU_0020	35.96	89	51	1	108	356	7	95	9e-14	58.5
scaffold1199850	OTU_0102	36.52	115	68	3	338	6	2	115	3e-12	55.1
scaffold1203965	OTU_0007	31.31	99	64	1	287	3	531	629	5e-13	58.2
scaffold1207728	OTU_0023	35.85	106	63	4	2	313	6	108	5e-15	63.5
scaffold1213606	OTU_0010	35.83	120	71	2	398	54	28	146	3e-11	50.4
scaffold1236300	OTU_0041	38.74	111	62	4	9	335	33	139	2e-16	67.4
scaffold1240340	OTU_0041	36.04	111	63	3	34	345	3	112	2e-17	70.1
scaffold1241214	OTU_0039	34.75	118	61	3	366	52	43	157	4e-17	67.4
scaffold1241466	OTU_0020	34.78	92	55	1	132	392	1	92	1e-11	52.4
scaffold1243778	OTU_0023	32.06	131	79	3	11	382	134	261	1e-14	62.4
scaffold1244114	OTU_0090	37.35	83	50	1	388	146	9	91	2e-14	62.0
scaffold1244834	OTU_0020	36.47	85	49	1	297	58	7	91	2e-15	63.2
scaffold1246380	OTU_0008	34.92	126	62	6	16	354	314	432	4e-14	61.2
scaffold1252242	OTU_0031	37.63	93	56	2	286	8	5	95	5e-16	66.6
scaffold1258765	OTU_0023	40.74	54	32	0	162	1	7	60	6e-13	57.4
scaffold1262217	OTU_0031	32.89	76	50	1	131	358	6	80	2e-11	52.8
scaffold1267529	OTU_0023	33.00	100	56	2	2	289	4	96	1e-12	56.2
scaffold1270864	OTU_0090	36.59	123	62	4	383	18	410	517	5e-21	82.0
scaffold1273791	OTU_0020	40.79	76	43	1	351	130	10	85	1e-15	63.5
scaffold1273810	OTU_0005	28.67	143	72	5	388	41	221	360	8e-11	51.6
scaffold1273884	OTU_0099	32.94	85	55	2	329	78	23	106	2e-11	50.8
scaffold1274144	OTU_0026	28.70	115	71	3	34	357	7	117	1e-13	57.0
scaffold1289882	OTU_0041	31.62	117	64	5	28	366	7	111	1e-10	50.8
scaffold1290333	OTU_0041	28.12	128	78	3	22	378	2	124	2e-11	52.4
scaffold1291447	OTU_0022	31.93	119	75	2	387	46	10	127	4e-14	59.3
scaffold1305785	OTU_0062	31.71	123	77	2	368	18	140	261	2e-13	59.7
scaffold1307847	OTU_0020	47.06	85	39	1	104	340	7	91	6e-23	84.0
scaffold1307998	OTU_0020	37.68	69	41	1	382	182	23	91	2e-13	57.4
scaffold1316635	OTU_0064	37.11	97	48	4	91	366	1	89	2e-12	56.2
scaffold1323070	OTU_0005	34.29	105	60	2	380	90	258	361	1e-15	65.9
scaffold1328954	OTU_0037	34.34	99	56	2	323	51	2	99	7e-12	52.4
scaffold1366416	OTU_0020	38.98	59	36	0	216	40	1	59	3e-13	57.0
scaffold1367169	OTU_0071	36.46	96	59	2	22	306	266	360	4e-12	54.7
scaffold1370278	OTU_0090	38.55	83	49	1	272	30	9	91	3e-15	64.7
scaffold1384812	OTU_0086	36.36	121	54	2	51	344	45	165	1e-17	68.9
scaffold1388775	OTU_0031	36.08	97	53	4	1	270	30	124	2e-12	56.2
scaffold1392935	OTU_0020	39.80	98	46	5	81	368	1	87	1e-16	66.2
scaffold1393007	OTU_0005	30.77	130	65	4	37	351	207	336	2e-12	56.2
scaffold1394361	OTU_0071	32.86	140	70	3	356	6	184	322	3e-18	72.4
scaffold1396209	OTU_0023	32.26	93	52	2	43	309	3	88	2e-11	52.8
scaffold1420918	OTU_0005	37.88	66	40	1	216	19	297	361	4e-11	52.4
scaffold1422892	OTU_0020	36.90	84	51	1	93	338	10	93	6e-16	64.3
scaffold1432585	OTU_0005	37.11	97	52	2	329	63	267	362	6e-17	69.7
scaffold1435282	OTU_0041	31.71	123	76	4	358	5	28	147	2e-11	52.4
scaffold1440037	OTU_0005	39.06	64	31	1	281	114	268	331	2e-11	53.5
scaffold1441459	OTU_0020	34.40	125	79	1	368	3	2	126	2e-24	88.2
scaffold1441666	OTU_0077	33.33	99	57	2	94	366	15	112	3e-13	56.2
scaffold1442905	OTU_0020	32.56	86	56	2	5	262	27	110	8e-12	52.8
scaffold1445798	OTU_0041	39.73	73	40	1	2	208	25	97	1e-12	56.2
scaffold1446976	OTU_0047	34.29	140	72	5	2	367	28	165	4e-13	55.5
scaffold1483744	OTU_0001	37.86	103	44	4	34	282	268	370	5e-15	63.9
scaffold1492259	OTU_0020	34.41	93	57	3	356	84	1	91	5e-15	61.6
scaffold1494771	OTU_0064	32.63	95	48	2	86	361	387	468	7e-11	51.2
scaffold1497729	OTU_0020	41.67	84	48	1	249	1	3	86	5e-18	70.1
scaffold1510951	OTU_0071	33.08	130	62	3	329	9	217	344	7e-11	50.8
scaffold1512775	OTU_0086	33.06	124	53	7	351	46	39	154	7e-11	50.1
scaffold1513417	OTU_0102	37.84	111	64	4	3	332	46	152	8e-13	56.6
scaffold1514834	OTU_0022	31.93	119	69	4	335	3	3	117	2e-11	51.6
scaffold1518325	OTU_0020	29.47	95	56	2	85	357	3	90	4e-11	50.8
scaffold1524795	OTU_0090	31.87	91	58	1	282	22	5	95	8e-11	51.2
scaffold1527405	OTU_0086	35.43	127	71	1	356	9	42	168	7e-17	66.6
scaffold1537478	OTU_0039	38.46	65	32	1	79	249	44	108	4e-13	55.5
scaffold1548666	OTU_0058	34.21	114	52	3	37	309	100	213	5e-16	63.9
scaffold1549376	OTU_0037	32.79	122	75	2	1	348	30	150	3e-15	61.6
scaffold1555975	OTU_0005	36.00	125	69	3	354	10	258	381	2e-15	65.1
scaffold1564863	OTU_0020	32.20	118	61	3	2	349	5	105	6e-18	69.7
scaffold1567975	OTU_0037	34.34	99	56	2	63	335	2	99	8e-12	52.0
scaffold1569156	OTU_0021	33.98	103	59	2	59	343	49	150	6e-12	52.4
scaffold1575070	OTU_0011	93.16	117	8	0	353	3	71	187	5e-81	  233
scaffold1580396	OTU_0020	50.00	44	22	0	132	1	2	45	6e-11	50.4
scaffold1587007	OTU_0022	41.88	117	62	2	15	350	2	117	4e-16	64.7
scaffold1596722	OTU_0040	46.27	67	30	2	25	222	41	102	1e-12	53.9
scaffold1601383	OTU_0020	31.45	124	69	5	9	350	7	124	6e-13	55.8
scaffold1603893	OTU_0005	39.39	66	32	1	1	174	270	335	6e-12	54.7
scaffold1627087	OTU_0064	38.54	96	41	2	67	348	3	82	2e-15	65.1
scaffold1637682	OTU_0005	37.88	66	33	1	209	36	268	333	4e-11	52.0
scaffold1637845	OTU_0031	48.65	74	37	1	47	268	1	73	4e-20	77.8
scaffold1639898	OTU_0046	38.16	76	47	0	316	89	641	716	4e-12	55.1
scaffold1640442	OTU_0079	38.46	91	48	2	3	251	16	106	3e-11	50.4
scaffold1642190	OTU_0023	33.90	118	55	1	4	288	202	319	2e-17	70.1
scaffold1647039	OTU_0089	98.26	115	1	1	345	1	27	140	4e-80	  229
scaffold1647226	OTU_0023	34.88	86	45	3	101	346	3	81	1e-12	55.8
scaffold1647900	OTU_0049	36.75	117	68	2	3	338	22	137	2e-19	73.6
scaffold1648197	OTU_0064	36.75	117	51	1	295	14	201	317	5e-20	78.2
scaffold1651694	OTU_0020	36.08	97	54	2	269	3	3	99	5e-13	55.8
scaffold1652120	OTU_0005	30.37	135	62	5	339	22	206	337	8e-12	54.3
scaffold1655626	OTU_0090	41.46	82	45	2	241	2	2	82	9e-14	60.1
scaffold1659355	OTU_0021	42.86	98	47	4	344	75	50	146	2e-16	65.5
scaffold1659597	OTU_0094	83.33	114	19	0	2	343	30	143	7e-68	  202
scaffold1667922	OTU_0005	41.38	58	26	1	192	341	267	324	4e-11	52.0
scaffold1673038	OTU_0031	41.00	100	46	5	338	66	25	120	1e-14	62.0
scaffold1675743	OTU_0041	31.76	85	54	1	93	335	7	91	3e-12	55.1
scaffold1679350	OTU_0022	35.05	97	51	3	331	56	1	90	5e-12	53.1
scaffold1680708	OTU_0041	43.90	82	40	1	333	106	14	95	2e-17	70.1
scaffold1685291	OTU_0041	33.75	80	37	1	103	342	5	68	9e-11	50.4
scaffold1696223	OTU_0041	40.00	70	40	2	214	5	1	68	8e-11	50.4
scaffold1699349	OTU_0077	37.82	119	57	5	4	315	15	131	6e-14	58.2
scaffold1701664	OTU_0020	34.83	89	56	1	335	75	8	96	3e-16	64.7
scaffold1701886	OTU_0068	31.62	136	69	2	1	339	179	313	3e-16	67.4
scaffold1702383	OTU_0079	33.98	103	56	4	12	296	1	99	2e-11	50.4
scaffold1706592	OTU_0041	34.74	95	60	2	294	13	1	94	7e-17	68.2
scaffold1710753	OTU_0008	39.29	84	45	2	88	324	313	395	8e-13	56.6
scaffold1725464	OTU_0031	36.13	119	67	4	338	3	15	131	2e-12	55.5
scaffold1736399	OTU_0023	37.84	111	67	2	333	4	10	119	4e-23	85.1
scaffold1736599	OTU_0005	34.74	95	53	2	10	270	267	360	5e-11	52.0
scaffold1736789	OTU_0005	36.36	99	54	2	1	273	270	367	4e-15	64.3
scaffold1738493	OTU_0046	40.62	64	38	0	15	206	663	726	2e-11	53.1
scaffold1738670	OTU_0039	30.95	126	68	5	1	336	43	163	2e-11	50.8
scaffold1738831	OTU_0020	37.61	109	63	4	16	336	2	107	5e-17	67.0
scaffold1763923	OTU_0058	34.26	108	46	2	308	60	103	210	3e-12	53.5
scaffold1771844	OTU_0023	37.23	94	55	1	330	61	3	96	2e-14	61.2
scaffold1775506	OTU_0020	30.10	103	61	2	49	324	5	107	4e-11	50.4
scaffold1779317	OTU_0020	34.74	95	44	2	36	314	6	84	4e-14	58.5
scaffold1782537	OTU_0040	37.36	91	52	3	299	39	12	101	1e-15	62.4
scaffold1791390	OTU_0102	38.71	93	52	4	15	290	52	140	3e-11	51.6
scaffold1797320	OTU_0023	37.21	86	49	2	329	72	158	238	3e-11	51.6
scaffold1800457	OTU_0041	38.95	95	45	5	16	288	28	113	2e-13	58.5
scaffold1800997	OTU_0086	37.21	86	52	1	270	13	3	86	2e-12	53.9
scaffold1805730	OTU_0077	36.46	96	52	2	39	302	15	109	2e-12	53.9
scaffold1807715	OTU_0058	32.79	122	51	4	50	331	89	207	5e-11	49.7
scaffold1824080	OTU_0062	50.00	46	23	0	6	143	24	69	6e-11	51.2
scaffold1839291	OTU_0039	38.05	113	56	3	1	306	43	152	1e-16	65.5
scaffold1843170	OTU_0086	37.01	127	55	4	314	9	52	178	4e-12	53.1
scaffold1845794	OTU_0023	33.87	124	56	3	314	15	187	308	1e-14	61.6
scaffold1860185	OTU_0031	34.65	101	57	2	287	3	363	460	9e-14	59.3
scaffold1874438	OTU_0023	43.10	58	33	0	210	37	7	64	2e-13	58.2
scaffold1891548	OTU_0023	38.24	102	52	3	21	314	3	97	9e-15	62.0
scaffold1900658	OTU_0023	37.35	83	50	1	74	322	151	231	7e-13	56.2
