scaffold00008	OTU_0062	25.58	735	434	28	541567	539573	3	694	4e-38	  154
scaffold00009	OTU_0023	26.94	271	167	8	651600	650815	3	251	2e-15	79.0
scaffold00013	OTU_0023	23.40	282	179	8	159677	158868	3	259	4e-12	68.6
scaffold00018	OTU_0005	23.40	517	319	17	317893	316499	79	570	4e-13	73.2
scaffold00025	OTU_0062	27.42	507	301	12	53919	52570	4	500	2e-37	  151
scaffold00031	OTU_0090	26.32	494	299	19	111430	112782	3	474	4e-22	  101
scaffold00035	OTU_0062	24.62	528	263	12	119720	120907	1	525	2e-23	  106
scaffold00035	OTU_0062	24.85	487	304	15	208104	206797	2	477	6e-19	91.3
scaffold00038	OTU_0005	24.55	330	172	12	136336	137127	10	328	2e-11	67.4
scaffold00042	OTU_0062	23.08	507	306	16	99105	100475	3	475	2e-18	89.4
scaffold00044	OTU_0102	31.32	364	178	15	330482	329541	2	343	3e-27	  115
scaffold00051	OTU_0064	27.83	521	275	19	165135	166430	2	510	4e-31	  129
scaffold00052	OTU_0062	26.07	514	312	15	130700	132067	1	504	2e-30	  128
scaffold00063	OTU_0005	23.46	665	411	25	248559	250304	125	774	2e-23	  105
scaffold00071	OTU_0007	25.85	650	396	19	93304	91535	24	647	1e-30	  128
scaffold00077	OTU_0071	22.97	283	183	8	208239	207424	3	261	4e-11	64.3
scaffold00079	OTU_0062	25.53	795	452	31	236299	238377	3	759	1e-42	  166
scaffold00084	OTU_0062	26.61	545	334	17	203246	204712	3	537	2e-33	  137
scaffold00089	OTU_0062	24.13	717	432	21	74393	76282	3	694	1e-31	  132
scaffold00094	OTU_0001	24.36	743	467	22	80756	82768	80	799	2e-39	  156
scaffold00095	OTU_0005	25.34	738	437	27	44027	42060	103	808	6e-36	  145
scaffold00114	OTU_0023	29.41	357	193	14	68703	67747	7	342	7e-24	  103
scaffold00123	OTU_0071	25.38	260	163	8	159681	160421	5	246	2e-11	65.1
scaffold00124	OTU_0090	26.07	514	322	18	207316	205892	3	497	2e-26	  115
scaffold00136	OTU_0005	26.22	347	198	15	58583	57687	83	419	1e-19	92.8
scaffold00138	OTU_0046	27.42	507	327	16	66895	68325	2	497	5e-27	  116
scaffold00138	OTU_0046	24.95	485	290	18	98767	97493	3	473	4e-15	77.8
scaffold00142	OTU_0023	23.76	282	178	8	160622	159813	3	259	6e-13	69.7
scaffold00170	OTU_0023	25.84	356	216	9	11343	12314	5	344	2e-22	99.0
scaffold00171	OTU_0023	26.77	254	141	10	55301	54588	3	227	3e-11	64.3
scaffold00175	OTU_0007	24.18	670	395	21	44329	46083	7	648	2e-26	  114
scaffold00185	OTU_0023	28.09	267	153	11	17162	16398	3	242	4e-13	70.1
scaffold00193	OTU_0023	32.60	227	140	9	4817	4170	1	225	1e-25	  108
scaffold00194	OTU_0023	26.27	255	141	10	13680	14393	3	227	1e-11	65.1
scaffold00208	OTU_0001	23.44	674	383	23	61350	59611	98	732	3e-20	94.4
scaffold00224	OTU_0023	24.44	315	185	9	86215	85352	1	289	2e-12	67.4
scaffold00236	OTU_0001	24.66	726	438	27	64425	66371	76	769	8e-28	  119
scaffold00241	OTU_0071	25.21	353	213	9	50664	49720	7	346	1e-15	77.4
scaffold00279	OTU_0001	26.97	712	396	29	86791	88653	116	794	2e-38	  152
scaffold00324	OTU_0102	29.37	269	171	7	69289	68513	7	266	1e-14	73.9
scaffold00336	OTU_0005	26.05	741	444	27	71239	69248	105	818	4e-40	  157
scaffold00342	OTU_0090	27.48	524	314	16	1715	3124	5	516	5e-36	  144
scaffold00348	OTU_0007	25.75	699	429	22	45518	43638	5	685	8e-35	  140
scaffold00363	OTU_0090	23.43	717	435	23	57909	59864	19	686	4e-30	  125
scaffold00372	OTU_0020	31.96	97	62	1	6794	6516	1	97	9e-11	60.1
scaffold00384	OTU_0090	26.67	525	312	16	273	1670	6	516	5e-33	  134
scaffold00391	OTU_0007	23.01	717	460	22	31815	29872	3	696	3e-24	  106
scaffold00397	OTU_0068	25.30	253	158	7	20824	21534	5	242	3e-11	64.7
scaffold00403	OTU_0023	27.34	256	149	10	73163	72432	3	233	2e-12	67.0
scaffold00425	OTU_0044	24.32	440	266	12	62754	61570	8	425	4e-20	91.3
scaffold00448	OTU_0071	24.90	241	159	6	67395	68057	2	240	1e-14	73.6
scaffold00450	OTU_0071	25.54	278	156	9	61017	61781	2	251	2e-11	63.9
scaffold00453	OTU_0064	27.29	491	308	13	34402	33053	1	483	2e-36	  144
scaffold00453	OTU_0064	31.91	257	146	10	40264	39524	3	240	2e-16	80.5
scaffold00456	OTU_0006	26.40	303	179	9	58115	57276	3	284	3e-12	67.4
scaffold00486	OTU_0003	26.63	323	186	11	14623	13760	117	423	4e-13	69.3
scaffold00510	OTU_0031	37.12	132	62	5	28121	28477	9	132	7e-13	68.6
scaffold00559	OTU_0020	30.53	190	125	3	19950	19402	7	196	3e-15	73.9
scaffold00593	OTU_0062	27.76	526	319	13	27593	29020	3	517	2e-44	  170
scaffold00614	OTU_0064	28.90	519	285	20	15658	17043	3	494	1e-30	  125
scaffold00685	OTU_0001	29.80	302	174	8	28996	28196	120	418	1e-23	  103
scaffold00709	OTU_0023	25.59	254	144	9	25758	26471	3	227	1e-12	67.4
scaffold00715	OTU_0062	26.83	492	280	17	50956	49661	3	474	3e-30	  125
scaffold00731	OTU_0001	26.02	661	411	23	45584	47395	120	759	5e-32	  131
scaffold00737	OTU_0071	24.94	421	251	10	8604	9836	7	372	2e-19	88.2
scaffold00783	OTU_0044	23.65	444	264	13	29916	28732	8	425	8e-17	80.5
scaffold00789	OTU_0062	28.55	550	307	23	45372	43879	2	517	5e-41	  159
scaffold00797	OTU_0071	26.97	241	154	6	44391	45053	2	240	3e-16	78.2
scaffold00799	OTU_0008	25.59	469	270	20	25165	26403	14	459	2e-15	76.3
scaffold00801	OTU_0001	25.41	673	405	21	38882	37062	119	760	4e-31	  128
scaffold00827	OTU_0090	28.71	526	306	18	32167	33573	3	516	2e-36	  145
scaffold00844	OTU_0064	29.20	476	274	17	4127	5398	9	473	3e-37	  145
scaffold00857	OTU_0005	22.67	688	437	22	23039	21219	129	802	2e-21	97.1
scaffold00872	OTU_0090	23.40	782	474	26	49156	51252	19	758	5e-33	  134
scaffold00884	OTU_0001	22.58	766	496	22	7467	5389	58	799	5e-32	  131
scaffold00893	OTU_0071	26.22	267	174	9	12176	12949	5	257	2e-12	66.2
scaffold00989	OTU_0003	26.18	317	197	10	22726	23592	116	423	2e-13	69.7
scaffold00991	OTU_0005	27.30	707	413	25	19535	21418	115	799	3e-40	  157
scaffold01025	OTU_0005	22.41	647	358	24	33737	35329	130	748	5e-14	72.4
scaffold01031	OTU_0003	32.28	254	138	7	3520	4191	174	423	4e-18	84.3
scaffold01170	OTU_0023	26.84	354	218	10	25647	26600	2	350	3e-23	99.4
scaffold01177	OTU_0102	26.12	291	169	8	33400	32591	52	317	2e-15	75.1
scaffold01201	OTU_0046	24.23	549	340	19	40035	38569	161	693	2e-18	86.3
scaffold01422	OTU_0005	22.70	696	435	21	17620	19452	126	803	4e-19	88.6
scaffold01544	OTU_0023	27.54	276	159	9	31651	30866	3	251	3e-16	77.4
scaffold02158	OTU_0007	26.67	705	401	27	12847	14700	7	682	3e-31	  127
scaffold02201	OTU_0071	23.59	284	182	8	2239	1421	3	262	1e-12	66.2
scaffold02235	OTU_0090	25.64	312	182	10	20045	19188	3	290	2e-11	63.2
scaffold02259	OTU_0008	24.11	419	247	16	22625	21516	63	459	1e-12	66.2
scaffold02431	OTU_0064	27.74	483	272	17	10458	9187	9	473	3e-32	  129
scaffold02443	OTU_0001	26.20	706	425	26	6295	8202	120	799	2e-40	  157
scaffold02526	OTU_0005	23.64	330	175	10	12099	12890	10	328	1e-12	66.6
scaffold02553	OTU_0001	25.16	767	485	25	18213	16117	49	794	1e-39	  154
scaffold02586	OTU_0007	21.64	707	421	28	4388	2556	7	676	8e-14	70.5
scaffold03071	OTU_0102	32.39	176	105	7	17774	18277	1	170	4e-12	63.9
scaffold03101	OTU_0044	23.87	444	253	14	6692	5523	8	420	1e-16	78.2
scaffold03106	OTU_0005	23.67	693	424	22	11742	9922	130	803	6e-23	  100
scaffold03221	OTU_0102	23.98	367	233	9	3713	2706	4	355	3e-20	89.0
scaffold03637	OTU_0062	27.39	522	326	11	14340	12913	3	517	1e-45	  172
scaffold03703	OTU_0064	24.90	526	336	13	4059	2614	6	516	4e-26	  109
scaffold03717	OTU_0005	23.56	713	403	28	2534	4354	105	781	4e-17	80.9
scaffold03788	OTU_0005	25.11	697	394	26	7066	5255	108	769	5e-33	  132
scaffold03795	OTU_0090	29.55	264	169	7	5303	6058	2	260	2e-24	  104
scaffold04009	OTU_0001	25.22	674	410	26	1792	8	83	741	4e-34	  135
scaffold04026	OTU_0007	25.95	655	384	22	2102	3850	7	632	2e-41	  158
scaffold04119	OTU_0090	27.14	490	279	18	5249	3957	3	473	6e-32	  128
scaffold04298	OTU_0062	26.72	348	222	6	6607	5657	3	348	2e-29	  120
scaffold04338	OTU_0023	26.07	280	169	9	6585	5794	2	259	2e-12	64.7
scaffold04869	OTU_0064	27.55	588	326	18	9999	8443	6	562	9e-44	  164
scaffold04998	OTU_0090	25.47	479	295	15	10661	9387	3	473	7e-26	  108
scaffold05248	OTU_0064	28.66	492	279	18	3771	5093	2	472	2e-29	  119
scaffold05396	OTU_0020	30.26	195	120	8	596	45	1	190	2e-12	62.4
scaffold05551	OTU_0023	24.04	287	171	10	5333	6142	3	259	1e-13	67.8
scaffold05866	OTU_0062	24.62	731	449	23	2050	3996	2	712	1e-37	  146
scaffold05941	OTU_0102	45.26	95	46	3	410	126	8	96	3e-16	75.9
scaffold06068	OTU_0062	24.85	495	279	17	1391	105	7	474	5e-19	86.3
scaffold06298	OTU_0020	36.45	107	53	4	9693	10007	1	94	5e-15	70.1
scaffold06595	OTU_0023	26.36	330	205	9	4327	3434	7	330	1e-23	98.2
scaffold06752	OTU_0003	26.47	340	196	13	2522	3403	82	413	2e-17	80.1
scaffold06820	OTU_0005	23.24	723	440	27	7775	5865	78	771	3e-24	  103
scaffold06876	OTU_0007	25.62	687	359	29	7606	9360	16	652	3e-27	  112
scaffold07090	OTU_0071	23.64	275	173	8	4408	5196	3	252	2e-12	63.9
scaffold07258	OTU_0005	25.67	705	416	26	5730	3880	115	799	7e-32	  127
scaffold07405	OTU_0077	31.51	146	87	4	6415	6005	43	184	1e-14	68.6
scaffold07454	OTU_0001	23.87	687	400	26	6106	7923	120	764	1e-23	  101
scaffold07494	OTU_0005	27.87	610	348	24	6248	7858	214	804	5e-37	  144
scaffold07523	OTU_0062	23.18	453	252	14	2084	3376	3	381	6e-16	76.3
scaffold07784	OTU_0062	25.63	554	310	20	2372	900	3	517	4e-37	  144
scaffold07910	OTU_0023	30.43	253	163	8	2851	3576	1	251	3e-29	  116
scaffold07921	OTU_0066	25.88	255	159	9	8027	7335	211	459	4e-15	72.4
scaffold08204	OTU_0005	25.29	344	205	12	1179	283	83	419	2e-21	94.0
scaffold08639	OTU_0020	31.58	95	61	1	1225	953	1	95	6e-12	60.5
scaffold08664	OTU_0062	28.89	270	164	10	874	98	3	255	3e-20	90.1
scaffold08746	OTU_0062	27.80	482	290	16	2724	1426	2	474	1e-33	  133
scaffold08902	OTU_0020	33.83	133	80	3	7285	7665	1	131	2e-12	61.6
scaffold08939	OTU_0007	24.38	685	437	18	3447	5318	7	671	1e-34	  135
scaffold09030	OTU_0062	28.38	525	317	14	818	2245	3	517	2e-46	  173
scaffold09519	OTU_0071	22.46	285	184	8	2767	3585	3	262	4e-11	59.3
scaffold09861	OTU_0077	28.89	180	106	4	1529	2050	15	178	1e-14	68.2
scaffold10060	OTU_0001	26.47	695	430	24	4362	6248	117	796	1e-31	  127
scaffold10323	OTU_0071	32.70	159	99	3	13	465	159	317	3e-13	65.9
scaffold10396	OTU_0001	24.84	475	288	15	1325	48	120	574	3e-18	83.2
scaffold10854	OTU_0062	25.88	483	285	15	4638	3364	1	468	1e-34	  135
scaffold10925	OTU_0007	23.63	728	412	23	2501	453	7	635	6e-26	  107
scaffold11449	OTU_0046	25.00	524	298	14	1	1332	201	709	2e-26	  109
scaffold11536	OTU_0102	29.12	364	205	11	1156	185	2	352	8e-32	  123
scaffold11653	OTU_0064	23.45	550	324	20	6337	4862	6	516	6e-23	97.8
scaffold11894	OTU_0020	35.45	110	66	4	5862	6185	2	108	2e-14	67.8
scaffold12086	OTU_0046	25.45	495	272	21	6199	4967	223	704	1e-16	78.2
scaffold12318	OTU_0023	33.87	248	151	6	6119	5409	1	246	4e-33	  127
scaffold12390	OTU_0007	24.96	637	388	18	528	2249	62	671	6e-36	  139
scaffold12895	OTU_0005	28.77	146	87	5	55	447	268	411	4e-11	59.7
scaffold13188	OTU_0023	27.65	264	180	6	1705	938	4	264	4e-18	80.5
scaffold13502	OTU_0071	27.24	323	198	10	3158	2292	25	344	6e-24	98.6
scaffold14157	OTU_0044	26.35	444	257	14	4241	5422	2	425	8e-20	86.3
scaffold15137	OTU_0090	29.33	358	212	9	1057	89	2	353	7e-29	  117
scaffold15664	OTU_0058	28.24	216	121	9	1487	924	1	210	3e-12	60.5
scaffold15765	OTU_0023	24.59	366	228	10	1180	179	1	350	1e-19	85.1
scaffold15894	OTU_0062	33.33	96	59	1	4890	5162	3	98	3e-11	59.7
scaffold16432	OTU_0023	26.64	244	163	6	3756	4451	7	246	3e-17	77.8
scaffold16708	OTU_0068	25.28	704	426	25	1943	90	1	690	4e-30	  120
scaffold16728	OTU_0102	28.40	257	148	9	3371	4084	2	241	5e-17	77.0
scaffold17440	OTU_0023	31.98	247	155	6	4	711	7	251	6e-31	  120
scaffold18480	OTU_0046	24.17	451	307	12	3258	1993	1	445	5e-21	91.7
scaffold19100	OTU_0023	26.64	274	160	9	1837	1070	1	251	8e-15	70.1
scaffold19357	OTU_0090	24.13	746	445	22	1444	3405	3	719	6e-37	  142
scaffold19961	OTU_0062	26.93	531	319	18	1040	2464	3	520	7e-34	  132
scaffold20882	OTU_0006	27.82	532	335	16	4031	2559	3	526	9e-29	  116
scaffold20925	OTU_0046	25.67	674	344	33	281	1954	2	634	1e-23	  100
scaffold21528	OTU_0006	22.22	315	192	8	3641	2778	3	291	5e-11	58.9
scaffold21992	OTU_0022	30.37	135	68	4	97	456	3	126	2e-11	57.4
scaffold22502	OTU_0064	27.31	542	308	18	2640	4070	6	526	1e-38	  146
scaffold23205	OTU_0062	36.05	172	95	5	3473	3961	9	174	3e-14	68.9
scaffold23369	OTU_0071	31.41	191	90	5	4001	3498	179	351	3e-12	61.6
scaffold23652	OTU_0006	26.62	263	162	8	381	1127	3	248	4e-12	62.4
scaffold23905	OTU_0062	24.75	792	461	26	399	2468	1	759	7e-38	  145
scaffold24846	OTU_0008	31.25	128	81	3	101	463	303	430	4e-11	58.5
scaffold25379	OTU_0044	24.14	435	264	13	975	2144	8	421	8e-18	79.7
scaffold25934	OTU_0068	25.10	725	447	23	2184	256	18	728	4e-40	  152
scaffold26071	OTU_0075	34.48	145	80	5	1606	2025	58	192	4e-13	62.4
scaffold26172	OTU_0020	30.08	246	162	7	1440	2168	1	239	4e-14	65.9
scaffold26791	OTU_0023	25.22	341	205	11	2523	1615	1	329	2e-24	99.4
scaffold27148	OTU_0005	22.83	692	445	22	85	1926	115	795	1e-24	  103
scaffold28022	OTU_0021	30.87	149	82	5	187	582	49	193	1e-13	63.9
scaffold28330	OTU_0023	27.69	260	170	5	2118	2867	7	258	3e-15	70.9
scaffold29983	OTU_0003	25.48	361	199	17	1861	2799	86	424	2e-13	65.9
scaffold30878	OTU_0090	24.46	511	329	11	2804	1413	3	503	4e-29	  117
scaffold34381	OTU_0062	37.36	91	51	1	2884	3138	5	95	7e-13	64.3
scaffold34686	OTU_0023	26.30	308	185	10	1993	2808	7	308	6e-13	63.5
scaffold34735	OTU_0064	29.96	227	122	5	3152	2475	327	517	7e-21	89.7
scaffold34856	OTU_0001	24.94	822	469	30	379	2499	21	809	5e-33	  129
scaffold35751	OTU_0020	44.94	89	43	1	2007	1759	7	95	2e-18	79.3
scaffold36560	OTU_0008	28.29	152	102	3	76	516	310	459	1e-11	59.7
scaffold38174	OTU_0102	36.26	91	57	1	2707	2979	5	94	9e-15	69.3
scaffold39562	OTU_0007	23.70	540	328	20	2850	1411	159	674	6e-22	93.6
scaffold40515	OTU_0001	23.09	589	334	23	3	1502	224	782	2e-15	72.4
scaffold41166	OTU_0021	33.33	150	85	4	498	917	49	193	4e-16	71.2
scaffold41749	OTU_0046	27.46	335	174	11	2345	1536	428	758	2e-22	95.5
scaffold41847	OTU_0005	23.71	464	313	10	1496	204	115	570	9e-24	99.4
scaffold42892	OTU_0001	26.48	623	345	25	1019	2701	120	691	1e-27	  111
scaffold43528	OTU_0062	24.38	480	305	11	2126	843	1	474	7e-29	  115
scaffold43760	OTU_0071	23.51	285	181	8	1684	866	3	262	2e-12	62.0
scaffold44013	OTU_0003	27.56	312	185	7	1238	414	116	423	7e-19	82.4
scaffold44235	OTU_0007	26.45	484	305	15	1565	234	7	479	1e-24	  102
scaffold44674	OTU_0071	25.45	275	168	8	1686	2474	3	252	2e-15	71.2
scaffold45471	OTU_0062	31.10	283	170	8	2198	1380	3	270	5e-25	  103
scaffold46153	OTU_0005	30.02	593	318	22	2468	918	214	785	6e-44	  163
scaffold46224	OTU_0001	25.20	492	302	14	1212	2543	102	575	3e-22	94.7
scaffold47110	OTU_0005	26.90	197	115	6	1370	1876	216	411	2e-15	72.0
scaffold48554	OTU_0044	24.77	436	261	12	1748	576	8	421	5e-20	85.9
scaffold48606	OTU_0003	32.32	297	155	10	1582	2358	135	423	5e-25	  100
scaffold49323	OTU_0023	23.79	311	197	9	846	4	7	307	1e-11	58.9
scaffold50817	OTU_0062	27.71	249	153	8	1463	777	2	243	1e-14	69.3
scaffold52042	OTU_0071	25.09	275	167	9	1692	2477	3	251	1e-14	68.2
scaffold53016	OTU_0062	26.22	225	150	7	1697	2335	3	223	1e-15	72.8
scaffold55079	OTU_0064	26.44	348	204	9	2248	1349	160	503	2e-19	85.1
scaffold56996	OTU_0023	25.00	308	192	10	1445	582	1	289	6e-15	69.3
scaffold57190	OTU_0090	22.66	653	411	20	3	1760	69	694	6e-22	93.2
scaffold57348	OTU_0007	24.96	633	397	17	1884	169	6	621	1e-34	  133
scaffold58031	OTU_0020	49.04	104	43	4	1934	2239	1	96	1e-18	79.0
scaffold58416	OTU_0064	25.66	304	186	8	1905	1057	3	287	6e-18	79.7
scaffold60519	OTU_0046	25.84	267	169	6	2174	1413	3	253	3e-15	71.6
scaffold62528	OTU_0090	29.34	484	278	13	2001	712	2	475	7e-37	  140
scaffold63205	OTU_0023	32.39	247	154	6	868	1575	7	251	7e-32	  120
scaffold64128	OTU_0085	29.19	161	96	4	542	90	1	153	2e-11	55.8
scaffold64951	OTU_0062	33.33	93	57	1	657	394	6	98	4e-11	58.2
scaffold65525	OTU_0023	25.53	333	211	9	1151	2050	7	335	8e-21	87.0
scaffold65987	OTU_0008	25.85	294	191	6	2086	1265	164	450	2e-20	87.4
scaffold66129	OTU_0068	23.90	272	173	6	1376	2146	1	253	4e-11	58.2
scaffold67894	OTU_0020	34.02	97	56	2	766	494	1	95	2e-12	60.1
scaffold68554	OTU_0001	25.84	476	283	13	826	2103	111	566	4e-26	  105
scaffold69106	OTU_0071	24.13	286	179	8	1288	2103	2	263	4e-11	57.0
scaffold69732	OTU_0023	27.25	356	239	10	911	1933	1	351	1e-29	  114
scaffold71749	OTU_0020	35.42	96	54	2	680	411	2	95	1e-14	66.6
scaffold72084	OTU_0005	24.18	517	320	16	1591	221	267	771	7e-28	  111
scaffold74389	OTU_0008	24.25	433	257	17	1899	748	50	460	2e-12	61.6
scaffold74556	OTU_0058	29.63	216	122	7	693	127	1	213	5e-17	73.6
scaffold76480	OTU_0023	27.50	360	190	13	842	1879	7	309	2e-23	94.7
scaffold79171	OTU_0090	27.98	511	318	16	1485	58	2	497	8e-38	  142
scaffold80329	OTU_0007	23.62	724	423	28	1914	13	15	698	3e-22	93.2
scaffold81422	OTU_0005	28.38	592	340	23	1785	190	214	781	2e-33	  128
scaffold83819	OTU_0008	23.43	414	244	17	4	1095	69	459	4e-12	60.5
scaffold85661	OTU_0008	22.49	289	193	7	1633	851	181	466	3e-14	67.0
scaffold87533	OTU_0102	34.35	131	72	5	1373	1753	2	122	7e-12	59.3
scaffold90489	OTU_0020	29.89	184	91	6	1309	1797	1	167	1e-16	72.4
scaffold93013	OTU_0090	27.80	259	177	4	831	1583	3	259	1e-25	  103
scaffold93099	OTU_0008	26.85	406	225	18	11	1081	59	441	2e-13	64.7
scaffold93435	OTU_0023	26.59	361	211	11	1223	246	5	346	3e-23	94.0
scaffold95814	OTU_0020	33.68	95	59	1	475	203	1	95	1e-13	63.2
scaffold97381	OTU_0090	25.31	561	322	20	69	1577	3	524	4e-35	  132
scaffold98331	OTU_0005	22.95	645	371	21	1700	51	163	776	4e-28	  111
scaffold100535	OTU_0066	23.78	307	202	10	273	1118	160	459	2e-15	70.5
scaffold100836	OTU_0090	31.00	271	153	9	759	7	3	259	3e-28	  112
scaffold102331	OTU_0038	31.08	251	136	8	848	201	32	280	1e-18	78.6
scaffold102513	OTU_0062	28.76	372	218	11	1155	148	4	364	1e-26	  106
scaffold103409	OTU_0062	37.63	93	55	3	308	36	5	96	5e-14	66.6
scaffold103563	OTU_0064	27.38	336	200	8	1669	785	184	516	6e-20	85.1
scaffold106727	OTU_0046	26.60	485	311	14	1484	126	3	474	2e-34	  130
scaffold107414	OTU_0064	24.43	479	272	17	1632	445	39	510	2e-22	93.2
scaffold107573	OTU_0005	28.79	264	156	7	464	1162	509	771	2e-21	90.1
scaffold108428	OTU_0007	23.09	485	308	10	1625	288	189	647	9e-24	97.4
scaffold109200	OTU_0023	26.20	332	194	11	46	942	33	346	1e-16	73.9
scaffold109293	OTU_0023	31.05	248	158	8	756	1469	2	246	5e-28	  107
scaffold109788	OTU_0031	29.37	269	164	9	8	769	25	282	5e-13	62.8
scaffold110096	OTU_0064	25.72	416	232	17	1612	554	74	475	1e-13	65.5
scaffold111035	OTU_0005	20.63	543	348	17	1584	178	206	739	7e-11	56.6
scaffold111225	OTU_0008	32.45	151	92	3	1560	1120	311	455	8e-15	68.6
scaffold111955	OTU_0064	28.66	321	185	12	741	1595	3	315	3e-26	  105
scaffold112090	OTU_0080	25.95	393	234	14	1596	535	60	434	2e-18	79.7
scaffold114611	OTU_0044	23.95	309	182	8	935	93	142	425	2e-12	60.8
scaffold114843	OTU_0062	40.22	92	51	3	462	193	7	96	7e-14	66.2
scaffold115257	OTU_0046	24.50	302	188	8	247	1089	2	284	3e-15	70.5
scaffold116033	OTU_0023	30.86	256	150	9	734	1450	1	246	2e-26	  103
scaffold116681	OTU_0006	26.49	302	174	10	729	1559	3	281	1e-15	71.2
scaffold117473	OTU_0023	27.71	231	152	6	827	1492	7	231	2e-20	85.5
scaffold117873	OTU_0031	42.19	128	61	4	1532	1176	9	132	2e-19	83.2
scaffold121162	OTU_0090	27.44	266	176	8	754	1518	1	260	2e-20	86.7
scaffold122798	OTU_0038	30.88	204	112	5	989	1516	67	269	2e-15	68.6
scaffold123352	OTU_0071	31.51	238	144	4	808	113	16	240	1e-27	  106
scaffold124106	OTU_0020	34.74	95	58	1	598	870	1	95	2e-14	65.5
scaffold128102	OTU_0062	30.57	229	138	7	644	3	3	225	4e-14	66.6
scaffold128830	OTU_0005	25.42	472	290	17	1377	100	349	804	1e-18	80.9
scaffold130254	OTU_0023	26.47	340	209	10	502	1413	1	335	3e-27	  105
scaffold130894	OTU_0046	26.82	537	310	14	30	1397	192	726	1e-33	  127
scaffold130954	OTU_0008	27.70	278	184	6	1204	416	175	450	8e-23	93.6
scaffold131228	OTU_0023	30.23	258	164	8	998	252	1	251	5e-21	87.0
scaffold132253	OTU_0044	24.51	306	166	10	932	162	7	296	6e-11	55.8
scaffold132528	OTU_0020	34.29	105	61	3	133	423	3	107	5e-11	55.1
scaffold132838	OTU_0001	27.31	476	277	15	160	1446	118	571	7e-28	  109
scaffold133200	OTU_0005	28.07	481	257	20	1238	6	214	675	8e-28	  109
scaffold133380	OTU_0005	27.78	252	149	9	723	49	115	360	7e-18	78.6
scaffold136457	OTU_0008	26.42	299	172	10	88	870	176	464	3e-17	75.9
scaffold136592	OTU_0023	25.99	227	157	7	660	4	1	224	7e-14	65.1
scaffold137796	OTU_0062	25.86	290	183	8	1014	199	3	278	8e-16	72.0
scaffold139509	OTU_0090	24.55	220	149	8	775	1401	3	216	1e-12	62.0
scaffold140988	OTU_0031	35.62	146	78	6	1296	907	303	448	5e-17	75.1
scaffold147050	OTU_0023	25.07	335	217	9	1191	280	1	332	1e-23	94.0
scaffold147549	OTU_0040	31.73	104	63	3	1255	956	2	101	1e-11	55.8
scaffold147634	OTU_0023	26.85	257	166	7	635	1363	4	252	8e-14	64.7
scaffold147669	OTU_0064	31.88	138	78	3	1360	950	398	520	9e-15	68.2
scaffold150787	OTU_0008	25.58	344	199	15	124	1008	127	462	1e-12	61.2
scaffold153298	OTU_0020	40.66	91	50	2	1250	990	1	91	7e-12	57.4
scaffold153711	OTU_0044	25.28	352	207	10	1208	267	92	425	2e-18	79.3
scaffold156868	OTU_0001	31.23	317	166	13	848	18	119	423	4e-24	97.4
scaffold158846	OTU_0001	27.09	406	245	13	1156	53	182	574	6e-22	90.9
scaffold159611	OTU_0090	26.92	483	283	15	1307	24	6	473	2e-37	  138
scaffold160059	OTU_0007	27.67	459	248	16	1231	56	98	539	2e-27	  107
scaffold160259	OTU_0001	27.91	326	186	12	336	1214	273	582	2e-18	79.7
scaffold161426	OTU_0077	31.13	151	89	3	500	78	15	160	8e-13	60.1
scaffold162059	OTU_0001	29.79	423	230	15	1288	152	175	574	3e-29	  113
scaffold163978	OTU_0038	26.89	212	118	7	744	1283	65	271	1e-11	57.0
scaffold165311	OTU_0008	29.36	218	125	6	741	163	186	399	1e-13	64.7
scaffold166106	OTU_0104	21.83	284	195	8	1254	481	43	325	7e-14	64.3
scaffold166700	OTU_0023	25.63	355	221	9	1035	82	5	353	2e-23	93.6
scaffold166987	OTU_0025	31.02	216	116	7	661	1215	67	280	1e-15	68.9
scaffold168820	OTU_0008	22.56	461	302	15	2	1258	15	462	1e-15	70.9
scaffold168872	OTU_0090	26.14	241	147	8	681	4	2	226	5e-18	78.6
scaffold171381	OTU_0005	27.91	258	134	10	14	667	163	408	8e-13	62.0
scaffold171856	OTU_0005	25.55	458	278	15	1253	6	314	750	6e-20	84.3
scaffold172204	OTU_0005	25.00	352	202	13	285	1205	79	413	2e-18	80.1
scaffold173132	OTU_0005	27.64	369	221	10	225	1229	214	570	2e-26	  103
scaffold173913	OTU_0071	25.09	275	169	8	1056	289	61	317	1e-15	70.1
scaffold174419	OTU_0008	25.09	287	195	5	1241	423	180	460	6e-18	77.8
scaffold175311	OTU_0062	24.14	464	283	14	5	1216	63	517	3e-27	  106
scaffold176547	OTU_0023	37.39	115	70	2	895	1233	2	116	9e-21	85.5
scaffold177981	OTU_0023	27.61	268	172	8	404	1171	1	258	2e-23	93.2
scaffold178003	OTU_0023	32.60	227	140	6	579	1226	1	225	1e-30	  114
scaffold178221	OTU_0023	30.47	279	175	9	7	795	42	317	3e-21	86.7
scaffold179630	OTU_0046	27.78	288	163	6	1188	445	191	473	1e-21	89.4
scaffold180339	OTU_0090	25.16	314	202	8	1215	346	163	467	3e-15	69.3
scaffold180808	OTU_0064	26.23	244	120	5	8	697	323	520	3e-14	66.2
scaffold181200	OTU_0062	30.42	240	146	9	520	1215	3	229	1e-23	95.5
scaffold181298	OTU_0045	25.70	284	170	11	761	12	97	373	1e-12	60.8
scaffold184392	OTU_0005	27.04	429	238	15	91	1203	269	680	3e-24	97.4
scaffold184915	OTU_0062	31.75	252	136	12	495	1202	3	234	9e-25	98.6
scaffold185212	OTU_0023	25.75	365	209	10	1188	121	1	312	1e-29	  110
scaffold187537	OTU_0062	30.45	381	202	15	23	1054	2	356	5e-36	  133
scaffold190427	OTU_0005	23.98	246	146	6	2	619	541	785	4e-12	59.7
scaffold193314	OTU_0005	25.53	380	214	12	1074	70	215	570	1e-14	67.8
scaffold195192	OTU_0006	30.99	171	106	3	483	1	6	174	3e-20	84.7
scaffold195422	OTU_0062	34.07	91	55	1	755	1012	6	96	3e-12	60.1
scaffold197160	OTU_0005	26.84	272	155	10	1146	424	550	808	7e-13	62.0
scaffold197177	OTU_0044	25.25	301	167	9	1160	357	150	425	2e-13	63.5
scaffold197656	OTU_0023	30.34	234	145	7	669	1	5	231	2e-21	87.0
scaffold199017	OTU_0062	29.39	262	169	7	782	30	4	260	3e-20	85.1
scaffold200296	OTU_0020	34.07	91	56	1	47	307	1	91	5e-15	66.2
scaffold201785	OTU_0046	27.48	353	195	12	13	918	183	525	1e-21	88.6
scaffold202775	OTU_0064	26.77	198	124	6	1139	588	284	474	3e-11	56.6
scaffold203239	OTU_0020	31.87	91	58	1	625	885	1	91	6e-11	54.3
scaffold203337	OTU_0046	26.91	327	197	7	1	861	192	516	7e-26	  101
scaffold203507	OTU_0003	24.59	366	213	12	19	975	74	423	6e-20	83.2
scaffold204928	OTU_0020	34.12	85	52	1	245	3	1	85	6e-13	60.1
scaffold205920	OTU_0064	25.24	424	255	12	28	1131	133	550	1e-27	  107
scaffold205936	OTU_0044	99.73	377	0	1	1133	3	23	398	0.0	  742
scaffold207090	OTU_0044	24.78	347	206	10	1052	126	92	421	2e-17	75.9
scaffold207114	OTU_0023	25.00	336	174	12	1122	148	78	346	3e-14	65.5
scaffold208105	OTU_0008	24.39	410	245	15	6	1103	65	453	2e-19	81.6
scaffold210405	OTU_0022	33.33	102	62	2	647	937	27	127	8e-11	53.9
scaffold213323	OTU_0046	25.58	258	149	6	1111	431	228	473	3e-15	69.3
scaffold218492	OTU_0090	31.27	259	162	6	344	1087	6	259	3e-27	  105
scaffold220842	OTU_0062	43.16	95	49	4	345	67	7	98	1e-14	67.0
scaffold220929	OTU_0023	24.53	265	165	8	965	216	2	246	2e-12	59.7
scaffold221882	OTU_0102	37.08	89	49	2	487	735	8	95	1e-13	63.2
scaffold222342	OTU_0020	31.38	188	106	7	573	28	1	171	9e-13	59.7
scaffold224835	OTU_0066	25.64	390	237	14	1074	7	44	414	4e-19	80.5
scaffold226006	OTU_0021	30.73	192	101	5	986	504	3	193	9e-17	70.5
scaffold226758	OTU_0021	29.95	197	106	6	237	746	2	193	2e-15	66.2
scaffold228244	OTU_0020	41.10	73	38	3	849	1061	1	70	1e-11	56.2
scaffold230564	OTU_0005	26.63	368	221	9	75	1064	214	570	7e-26	  101
scaffold234582	OTU_0005	25.85	325	194	11	941	42	268	570	2e-12	60.1
scaffold236600	OTU_0008	28.78	139	90	3	80	472	313	450	2e-12	59.7
scaffold241939	OTU_0044	25.17	302	177	8	1035	208	142	420	6e-16	70.9
scaffold244294	OTU_0046	26.45	344	192	11	81	959	183	516	5e-20	83.6
scaffold245539	OTU_0023	31.91	304	189	9	153	1019	2	302	2e-26	  100
scaffold247074	OTU_0046	27.24	257	177	4	50	796	6	260	5e-21	86.3
scaffold247612	OTU_0026	29.29	140	96	3	357	776	23	159	6e-14	62.0
scaffold248901	OTU_0020	28.42	183	115	8	481	1017	1	171	4e-16	69.3
scaffold251685	OTU_0023	30.75	335	164	16	123	986	10	323	4e-18	77.0
scaffold257608	OTU_0008	27.59	261	147	7	984	280	165	409	4e-18	77.0
scaffold259560	OTU_0003	26.98	315	176	10	991	179	119	423	7e-24	93.6
scaffold261950	OTU_0090	26.82	261	150	10	256	984	2	239	1e-14	67.0
scaffold270673	OTU_0023	25.40	311	185	10	906	46	1	288	3e-15	67.8
scaffold275781	OTU_0005	27.30	359	203	15	954	1	317	658	2e-17	74.7
scaffold276144	OTU_0008	27.86	140	92	3	764	369	312	450	3e-11	55.8
scaffold277344	OTU_0022	26.88	253	134	9	35	682	1	239	9e-13	59.3
scaffold277556	OTU_0074	27.75	191	116	7	114	623	96	285	3e-12	58.2
scaffold277970	OTU_0010	38.82	85	46	2	7	246	54	137	3e-12	57.0
scaffold280243	OTU_0021	29.81	161	91	7	608	177	38	193	3e-13	60.1
scaffold280331	OTU_0090	38.71	93	53	3	472	744	3	93	4e-14	65.1
scaffold286405	OTU_0062	27.99	343	194	10	941	54	138	474	7e-26	  100
scaffold290886	OTU_0064	30.58	242	126	7	120	827	315	520	7e-19	79.3
scaffold291090	OTU_0045	21.68	286	199	6	841	56	97	381	7e-11	54.3
scaffold294640	OTU_0044	25.36	276	153	7	880	131	172	420	5e-13	61.2
scaffold295657	OTU_0040	39.08	87	45	3	823	569	33	113	4e-11	53.5
scaffold295702	OTU_0064	30.04	283	155	8	926	195	195	473	6e-25	97.4
scaffold296511	OTU_0062	29.76	289	162	9	924	160	82	363	1e-19	81.6
scaffold297283	OTU_0040	32.09	134	69	4	563	183	12	130	8e-13	58.5
scaffold304087	OTU_0086	28.43	197	114	3	134	643	5	201	3e-17	71.2
scaffold306548	OTU_0023	28.51	249	143	9	734	21	3	227	5e-17	73.2
scaffold309213	OTU_0020	37.93	87	49	1	402	157	7	93	4e-16	68.6
scaffold312848	OTU_0038	30.56	216	121	5	652	89	66	280	5e-24	91.7
scaffold314421	OTU_0064	27.39	241	152	7	890	228	261	498	1e-13	63.2
scaffold317382	OTU_0020	34.74	95	58	1	396	668	1	95	6e-17	70.9
scaffold319995	OTU_0064	40.86	93	49	1	478	738	5	97	6e-18	75.9
scaffold320594	OTU_0008	25.27	281	185	8	82	858	153	430	3e-15	67.8
scaffold320847	OTU_0020	36.84	95	57	2	319	41	3	96	8e-13	59.3
scaffold324465	OTU_0020	34.88	86	49	2	246	7	7	91	5e-12	57.0
scaffold324607	OTU_0005	26.28	293	173	11	815	33	79	360	5e-16	70.5
scaffold324730	OTU_0008	29.15	271	166	9	793	44	165	430	1e-12	59.7
scaffold325639	OTU_0007	23.18	289	191	7	878	63	204	478	1e-11	57.0
scaffold326677	OTU_0023	28.15	270	178	6	815	36	6	269	2e-24	93.6
scaffold329605	OTU_0031	34.34	99	61	2	170	454	363	461	2e-12	59.3
scaffold330586	OTU_0020	33.71	89	55	1	507	761	3	91	5e-11	53.9
scaffold333926	OTU_0005	24.82	274	158	8	12	758	320	570	7e-15	67.0
scaffold335782	OTU_0023	31.53	222	120	4	166	744	133	351	5e-21	84.0
scaffold335904	OTU_0020	34.59	159	94	6	482	15	1	152	6e-17	70.9
scaffold337221	OTU_0062	29.30	256	159	9	812	87	1	248	2e-21	87.0
scaffold339224	OTU_0071	27.68	224	138	7	636	10	10	224	1e-13	62.4
scaffold344133	OTU_0104	100.00	283	0	0	851	3	29	311	0.0	  593
scaffold346621	OTU_0102	28.76	226	150	6	190	843	9	231	4e-23	89.7
scaffold349035	OTU_0023	25.71	319	188	10	2	841	6	314	5e-23	89.4
scaffold352917	OTU_0023	31.67	180	110	9	320	832	1	176	3e-18	75.9
scaffold353007	OTU_0023	26.89	212	128	3	203	838	166	350	1e-12	59.3
scaffold355844	OTU_0064	26.71	277	157	6	130	825	160	435	1e-17	75.1
scaffold356097	OTU_0064	32.18	87	49	2	401	171	6	92	4e-11	55.1
scaffold356335	OTU_0041	34.78	92	55	1	303	43	1	92	4e-13	60.8
scaffold359540	OTU_0068	25.91	193	114	2	120	611	160	352	1e-15	68.6
scaffold359564	OTU_0062	25.97	258	151	6	1	672	81	332	1e-19	81.3
scaffold363036	OTU_0104	21.76	262	170	9	16	711	68	324	2e-11	55.8
scaffold363915	OTU_0008	27.44	266	146	9	88	771	176	432	3e-17	73.2
scaffold364425	OTU_0008	29.46	129	82	2	3	377	324	447	4e-12	57.8
scaffold364495	OTU_0020	32.98	94	59	1	208	477	2	95	5e-14	62.4
scaffold364740	OTU_0062	31.03	145	92	4	527	105	1	141	9e-16	69.3
scaffold365469	OTU_0041	38.74	111	57	8	451	768	2	106	7e-11	54.3
scaffold365646	OTU_0001	26.06	284	179	7	822	19	306	574	2e-15	68.2
scaffold367102	OTU_0064	30.53	190	102	4	230	799	315	474	2e-15	67.8
scaffold367177	OTU_0023	31.68	101	58	2	563	273	3	96	2e-11	55.8
scaffold374129	OTU_0102	29.10	268	161	10	793	23	4	253	9e-19	77.4
scaffold376147	OTU_0020	35.85	106	50	3	341	30	5	94	3e-16	68.2
scaffold376827	OTU_0020	38.46	78	43	1	508	726	4	81	2e-16	68.9
scaffold379710	OTU_0062	27.31	260	167	10	738	1	4	255	6e-17	72.8
scaffold383582	OTU_0007	28.87	194	96	7	763	266	406	585	6e-16	58.9
scaffold383582	OTU_0007	27.78	72	47	1	224	9	600	666	6e-16	33.9
scaffold385571	OTU_0020	30.48	187	121	6	259	798	1	185	1e-18	75.1
scaffold386260	OTU_0046	29.95	207	118	10	6	563	303	503	6e-12	57.4
scaffold392145	OTU_0047	30.67	150	84	5	422	27	13	160	2e-13	59.7
scaffold393550	OTU_0023	26.12	268	160	8	12	767	14	259	1e-13	62.4
scaffold396959	OTU_0016	32.95	176	87	9	298	744	19	190	2e-13	60.5
scaffold399866	OTU_0047	32.26	124	67	3	262	585	7	129	2e-11	53.1
scaffold402761	OTU_0102	24.72	267	178	8	779	3	4	255	1e-16	70.9
scaffold403232	OTU_0020	40.23	87	46	4	477	725	10	94	3e-13	60.1
scaffold404800	OTU_0078	78.15	119	25	1	422	778	1	118	4e-65	  199
scaffold411526	OTU_0075	26.20	187	114	6	617	120	5	188	4e-11	53.5
scaffold413654	OTU_0062	33.33	258	133	12	704	3	4	246	1e-14	65.1
scaffold414878	OTU_0090	35.11	94	57	3	407	132	3	94	4e-13	60.8
scaffold415039	OTU_0044	29.75	158	84	5	455	42	146	296	1e-11	56.2
scaffold418192	OTU_0005	31.87	160	94	6	749	312	261	419	8e-17	72.0
scaffold422956	OTU_0020	29.38	194	105	9	185	751	1	167	4e-16	67.8
scaffold426750	OTU_0062	35.48	93	57	2	117	389	1	92	8e-14	62.8
scaffold428764	OTU_0007	27.56	254	157	8	58	750	401	650	7e-21	84.7
scaffold428853	OTU_0043	25.71	140	98	3	752	345	123	260	3e-12	57.4
scaffold429135	OTU_0079	38.24	102	55	3	311	24	7	106	4e-12	55.8
scaffold434122	OTU_0001	29.67	273	149	11	28	732	120	387	4e-18	75.9
scaffold435277	OTU_0044	27.75	209	117	6	85	615	90	296	2e-14	64.7
scaffold435290	OTU_0090	28.75	240	154	8	62	748	3	236	1e-22	89.7
scaffold440934	OTU_0090	27.31	249	139	9	658	23	403	646	9e-13	59.7
scaffold441792	OTU_0023	33.94	165	102	3	724	245	190	352	1e-13	62.0
scaffold444637	OTU_0064	27.32	194	112	2	25	519	160	353	3e-14	63.9
scaffold446031	OTU_0013	27.97	143	91	4	1	408	9	146	1e-12	57.0
scaffold448905	OTU_0005	36.21	116	67	5	731	402	305	419	3e-13	61.2
scaffold451932	OTU_0041	41.49	94	52	2	154	429	2	94	3e-18	75.1
scaffold453707	OTU_0021	31.61	193	100	5	536	51	3	194	2e-22	84.7
scaffold454650	OTU_0001	25.55	227	151	6	5	637	535	759	2e-13	62.0
scaffold456002	OTU_0038	31.35	252	129	9	632	3	24	273	2e-20	80.1
scaffold461682	OTU_0071	35.79	95	56	2	357	626	1	95	6e-14	62.8
scaffold463022	OTU_0005	28.64	220	120	9	134	703	200	412	1e-18	77.4
scaffold463799	OTU_0064	31.82	132	74	3	717	325	400	516	4e-12	57.4
scaffold466119	OTU_0020	32.65	98	63	2	138	425	2	98	4e-13	59.3
scaffold473233	OTU_0001	24.51	257	154	8	5	679	117	365	2e-16	70.9
scaffold474278	OTU_0068	26.34	224	152	6	65	709	1	220	4e-16	69.7
scaffold474693	OTU_0005	27.45	204	116	6	10	540	215	413	7e-13	59.7
scaffold480358	OTU_0046	38.82	85	52	0	20	274	641	725	1e-13	62.0
scaffold488982	OTU_0068	27.13	188	99	4	23	487	148	330	6e-13	60.1
scaffold493322	OTU_0006	31.33	166	91	1	2	430	188	353	6e-19	78.6
scaffold496215	OTU_0052	28.35	254	155	8	695	12	156	408	2e-18	75.9
scaffold499722	OTU_0031	32.53	166	94	5	592	125	7	164	2e-13	61.2
scaffold499750	OTU_0022	36.36	121	71	2	188	535	1	120	5e-19	75.5
scaffold504935	OTU_0071	27.59	261	145	12	676	5	57	310	6e-18	74.3
scaffold505405	OTU_0064	33.65	104	62	3	303	7	4	105	6e-11	53.5
scaffold512216	OTU_0020	32.63	95	55	3	307	567	3	96	2e-11	54.3
scaffold514293	OTU_0071	28.57	245	155	5	2	682	44	286	9e-24	90.5
scaffold514872	OTU_0020	39.77	88	49	3	411	668	2	87	8e-14	60.8
scaffold516621	OTU_0020	34.55	110	65	4	350	667	1	107	3e-15	64.7
scaffold528544	OTU_0102	32.64	239	132	9	16	672	12	241	2e-19	78.6
scaffold531908	OTU_0020	37.00	100	55	2	124	399	1	100	3e-17	70.5
scaffold539277	OTU_0016	29.11	158	90	5	410	3	32	189	3e-12	56.2
scaffold545326	OTU_0086	31.16	138	71	3	617	267	63	197	9e-11	52.0
scaffold545689	OTU_0040	33.68	95	62	1	203	487	2	95	4e-12	55.5
scaffold546106	OTU_0022	34.13	126	66	5	182	535	10	126	5e-14	61.2
scaffold551660	OTU_0068	33.81	139	68	2	89	436	200	337	1e-16	70.9
scaffold551877	OTU_0005	25.69	218	131	6	28	594	145	360	2e-13	60.8
scaffold561727	OTU_0021	30.77	195	103	7	145	648	2	191	6e-14	60.1
scaffold564878	OTU_0062	26.72	247	145	7	642	1	54	297	5e-16	68.9
scaffold565710	OTU_0022	31.45	124	73	3	179	535	10	126	8e-11	52.4
scaffold565898	OTU_0074	30.04	223	114	10	35	601	71	285	3e-15	65.5
scaffold566992	OTU_0020	38.10	147	80	5	536	111	1	141	7e-24	89.4
scaffold571907	OTU_0041	28.37	141	85	4	397	14	7	144	2e-12	57.4
scaffold572200	OTU_0005	27.85	158	108	2	28	492	649	803	7e-11	53.5
scaffold574199	OTU_0023	33.64	214	131	8	632	21	34	246	1e-26	98.2
scaffold576675	OTU_0023	29.65	226	135	7	1	636	14	229	6e-18	73.9
scaffold578100	OTU_0023	29.60	125	81	2	57	413	1	124	2e-13	60.1
scaffold579548	OTU_0071	31.89	185	117	4	612	85	133	317	2e-17	72.0
scaffold582256	OTU_0033	25.31	162	113	4	11	481	120	278	6e-11	53.1
