scaffold00015	OTU_0053	25.52	286	197	7	125566	124721	29	302	2e-22	99.4
scaffold00015	OTU_0053	24.83	286	201	7	124563	123718	29	304	4e-20	92.0
scaffold00506	OTU_0013	41.46	164	69	6	9907	9443	1	146	4e-23	95.9
scaffold00745	OTU_0022	37.01	154	89	3	10425	9964	20	165	3e-17	78.2
scaffold04017	OTU_0228	42.72	316	174	2	2804	1857	1	309	2e-89	  291
scaffold05979	OTU_0102	37.74	159	83	4	1102	1566	5	151	8e-20	83.6
scaffold09240	OTU_0040	28.82	288	148	9	3313	2498	3	249	9e-14	67.0
scaffold13592	OTU_0265	37.18	156	79	5	1562	1110	2	143	4e-21	89.4
scaffold16497	OTU_0179	35.62	160	91	4	1047	1514	4	155	3e-19	81.3
scaffold17641	OTU_0076	56.23	313	136	1	2864	3802	1	312	5e-125	  386
scaffold22593	OTU_0238	32.93	164	91	5	85	552	3	155	8e-11	55.5
scaffold25883	OTU_0032	98.80	166	2	0	2014	1517	1	166	1e-92	  289
scaffold25883	OTU_0032	37.76	143	75	3	1054	665	3	144	7e-16	71.2
scaffold32604	OTU_0229	28.42	285	179	11	2106	1288	31	302	9e-20	84.3
scaffold33226	OTU_0216	88.60	307	35	0	1745	2665	1	307	0.0	  551
scaffold40901	OTU_0189	89.16	203	22	0	1	609	85	287	5e-129	  386
scaffold41217	OTU_0211	42.77	318	173	3	971	1921	1	310	6e-92	  290
scaffold44807	OTU_0228	43.35	316	172	2	1977	1030	1	309	7e-94	  294
scaffold45184	OTU_0251	31.25	128	80	3	2152	2529	17	138	8e-13	61.2
scaffold50497	OTU_0228	45.57	316	165	2	1323	376	1	309	4e-94	  293
scaffold56896	OTU_0145	31.08	148	92	4	785	351	3	143	2e-13	62.8
scaffold62939	OTU_0082	31.29	163	99	4	716	228	2	151	1e-11	58.2
scaffold64515	OTU_0076	42.27	317	176	2	1166	216	1	310	4e-93	  289
scaffold70668	OTU_0249	42.57	101	50	5	329	36	6	101	3e-15	68.2
scaffold72190	OTU_0216	88.60	307	35	0	1032	1952	1	307	0.0	  549
scaffold73441	OTU_0053	40.37	270	149	3	1221	1994	29	298	2e-56	  189
scaffold76553	OTU_0137	55.92	211	93	0	1954	1322	98	308	3e-83	  261
scaffold79799	OTU_0079	99.68	313	1	0	199	1137	1	313	0.0	  637
scaffold80403	OTU_0206	100.00	151	0	0	918	1370	5	155	2e-104	  310
scaffold80794	OTU_0228	43.67	316	171	2	816	1763	1	309	3e-95	  292
scaffold81957	OTU_0216	89.43	265	28	0	800	6	1	265	2e-170	  486
scaffold90184	OTU_0265	56.31	103	45	0	1794	1486	201	303	4e-34	  125
scaffold92978	OTU_0228	45.04	282	149	1	927	1772	1	276	3e-78	  246
scaffold98212	OTU_0228	43.35	316	172	2	613	1560	1	309	1e-95	  292
scaffold102765	OTU_0184	43.40	159	76	5	1109	1576	4	151	1e-21	86.3
scaffold104498	OTU_0024	39.33	150	77	5	447	4	15	152	1e-25	97.8
scaffold113999	OTU_0192	34.62	156	93	3	23	490	4	150	4e-20	81.6
scaffold123823	OTU_0160	98.24	170	3	0	533	24	1	170	2e-110	  323
scaffold127493	OTU_0079	30.80	250	137	8	3	701	19	249	1e-16	73.6
scaffold129949	OTU_0040	55.00	120	48	2	1134	1493	1	114	5e-37	  133
scaffold130106	OTU_0086	100.00	151	0	0	1324	872	1	151	4e-106	  310
scaffold138160	OTU_0179	46.62	148	73	1	555	998	1	142	3e-45	  151
scaffold142584	OTU_0114	90.91	154	14	0	76	537	1	154	2e-89	  266
scaffold144993	OTU_0067	33.54	161	86	5	354	824	3	146	2e-13	62.0
scaffold146312	OTU_0179	54.43	79	30	1	242	6	2	74	2e-23	90.5
scaffold146314	OTU_0261	28.57	161	100	5	605	1069	4	155	3e-12	58.2
scaffold147737	OTU_0228	42.62	305	168	2	1	915	12	309	6e-91	  276
scaffold154196	OTU_0170	58.57	210	86	1	232	861	1	209	1e-89	  269
scaffold155143	OTU_0082	27.85	237	162	4	518	1216	14	245	6e-24	94.0
scaffold161343	OTU_0170	57.14	210	89	1	49	678	1	209	1e-87	  263
scaffold162322	OTU_0211	80.56	288	56	0	50	913	24	311	7e-169	  475
scaffold167282	OTU_0261	42.75	131	60	4	167	520	30	158	4e-20	81.3
scaffold167814	OTU_0179	69.57	46	14	0	1170	1307	1	46	2e-17	73.2
scaffold174515	OTU_0261	38.69	137	70	4	790	386	32	156	5e-20	80.9
scaffold180619	OTU_0228	27.97	261	175	5	471	1241	15	266	2e-26	  101
scaffold182105	OTU_0228	42.23	296	164	2	1253	366	21	309	3e-87	  265
scaffold184829	OTU_0179	46.63	163	81	1	667	1155	2	158	4e-55	  176
scaffold184867	OTU_0258	26.57	207	122	6	2	562	29	225	9e-11	54.3
scaffold185223	OTU_0053	64.29	210	75	0	1242	613	94	303	1e-98	  294
scaffold188010	OTU_0107	57.29	295	126	0	888	4	1	295	1e-110	  325
scaffold188366	OTU_0228	44.30	316	169	2	954	7	1	309	6e-100	  297
scaffold190457	OTU_0158	54.10	61	26	1	193	11	4	62	2e-13	63.2
scaffold198501	OTU_0041	87.01	77	10	0	967	1197	2	78	3e-37	  128
scaffold204782	OTU_0192	35.90	156	91	3	1059	592	4	150	1e-23	90.1
scaffold207289	OTU_0216	88.10	252	30	0	1	756	56	307	2e-169	  474
scaffold210796	OTU_0189	77.05	61	14	0	1	183	227	287	7e-29	  107
scaffold215556	OTU_0152	35.83	187	79	8	649	104	4	154	9e-22	85.1
scaffold219347	OTU_0053	28.43	204	134	6	1043	459	102	302	2e-14	66.2
scaffold222220	OTU_0149	43.75	176	89	2	555	34	1	168	8e-54	  172
scaffold226860	OTU_0144	88.89	108	10	1	1117	794	69	174	4e-63	  196
scaffold240340	OTU_0211	81.23	277	51	1	2	832	36	311	8e-159	  446
scaffold241104	OTU_0126	30.56	144	89	4	3	422	12	148	7e-12	56.6
scaffold250421	OTU_0179	44.17	163	85	1	523	35	2	158	1e-54	  173
scaffold252348	OTU_0252	99.24	262	2	0	270	1055	1	262	0.0	  509
scaffold258051	OTU_0215	98.62	145	0	1	435	1	1	143	4e-96	  280
