scaffold00148	OTU_0228	43.04	316	173	2	7789	8736	1	309	4e-85	  282
scaffold00201	OTU_0144	82.83	99	15	1	34709	34413	78	174	2e-43	  156
scaffold00269	OTU_0050	34.44	151	90	4	25134	24688	6	149	8e-13	65.5
scaffold00495	OTU_0145	100.00	166	0	0	18511	19008	1	166	2e-90	  290
scaffold03730	OTU_0228	43.95	314	165	3	2133	3068	5	309	5e-85	  279
scaffold05334	OTU_0273	100.00	155	0	0	3142	2678	1	155	2e-101	  319
scaffold16242	OTU_0223	100.00	167	0	0	4055	3555	1	167	4e-111	  343
scaffold16242	OTU_0223	38.51	148	79	3	3101	2694	3	150	6e-24	95.5
scaffold20455	OTU_0228	45.57	316	165	2	1972	1025	1	309	1e-91	  293
scaffold35885	OTU_0228	44.44	315	169	1	3068	2124	1	309	7e-96	  302
scaffold40336	OTU_0117	32.90	155	93	3	1837	2289	3	150	4e-12	59.3
scaffold47403	OTU_0173	32.28	158	92	4	2250	1789	1	147	3e-13	62.8
scaffold47949	OTU_0200	41.73	127	68	3	419	42	31	152	2e-15	69.3
scaffold54072	OTU_0228	42.53	308	171	1	1590	2513	1	302	3e-91	  286
scaffold66280	OTU_0170	99.52	209	1	0	1404	2030	1	209	5e-147	  426
scaffold78890	OTU_0228	44.62	316	168	2	1300	353	1	309	1e-95	  295
scaffold82473	OTU_0033	58.41	113	46	1	1	339	99	210	1e-39	  139
scaffold87862	OTU_0079	26.59	252	137	6	855	217	5	247	4e-15	69.3
scaffold93726	OTU_0173	32.03	153	94	4	1321	869	7	151	4e-11	55.5
scaffold99039	OTU_0082	34.97	163	93	4	1500	1018	1	152	2e-16	72.8
scaffold113324	OTU_0273	37.50	160	87	4	1087	1560	7	155	6e-25	95.9
scaffold118304	OTU_0053	28.68	265	160	8	897	148	34	284	2e-15	70.1
scaffold118834	OTU_0228	44.09	279	150	1	857	1693	1	273	2e-85	  265
scaffold122007	OTU_0106	30.87	230	138	7	679	26	31	251	2e-21	88.6
scaffold147603	OTU_0260	61.97	142	52	1	283	708	1	140	3e-53	  173
scaffold158603	OTU_0033	60.68	117	45	1	2	352	95	210	1e-45	  154
scaffold160680	OTU_0076	26.42	212	138	5	3	602	105	310	6e-14	65.5
scaffold162453	OTU_0179	47.78	90	41	1	274	5	2	85	4e-21	84.3
scaffold167582	OTU_0058	98.83	171	0	1	750	1262	1	169	2e-117	  339
scaffold201501	OTU_0078	52.09	311	148	1	73	1002	2	312	1e-90	  275
scaffold206595	OTU_0149	48.39	93	42	1	284	6	1	87	9e-25	94.0
scaffold227448	OTU_0265	39.88	163	91	4	3	476	143	303	2e-37	  133
scaffold234594	OTU_0025	72.22	36	10	0	1092	1199	1	36	6e-12	57.0
