scaffold00551	OTU_0265	47.06	306	154	4	18648	17746	1	303	1e-79	  265
scaffold00617	OTU_0039	98.83	171	0	1	29151	28639	1	169	3e-108	  342
scaffold00617	OTU_0039	35.00	140	79	3	28146	27763	18	157	1e-12	64.7
scaffold01948	OTU_0092	32.88	222	136	5	18119	17475	31	246	5e-20	87.8
scaffold03263	OTU_0030	100.00	308	0	0	10176	11099	1	308	0.0	  600
scaffold05124	OTU_0038	100.00	152	0	0	17	472	1	152	2e-91	  291
scaffold06179	OTU_0014	69.59	171	52	0	567	55	1	171	2e-73	  240
scaffold06557	OTU_0076	54.63	313	141	1	2496	1558	1	312	2e-121	  384
scaffold06785	OTU_0008	38.55	166	86	5	9403	8918	3	156	1e-24	99.0
scaffold06785	OTU_0008	30.61	147	84	5	8323	7883	19	147	2e-11	58.9
scaffold09764	OTU_0079	25.76	295	209	5	4607	5488	21	306	2e-24	  100
scaffold09764	OTU_0079	26.42	299	184	9	5639	6490	28	305	9e-20	85.9
scaffold09986	OTU_0019	99.40	167	1	0	3298	2798	1	167	2e-96	  305
scaffold09986	OTU_0019	33.62	116	65	2	2263	1952	29	144	8e-12	60.1
scaffold10403	OTU_0024	32.92	161	81	7	6564	7016	1	144	6e-15	69.7
scaffold10474	OTU_0179	40.74	162	82	5	1347	871	3	153	5e-24	96.3
scaffold11454	OTU_0229	28.67	286	191	6	6755	5910	26	302	1e-22	94.7
scaffold12821	OTU_0273	37.50	160	87	4	3879	4352	7	155	1e-23	95.5
scaffold13648	OTU_0189	87.76	196	24	0	3	590	92	287	9e-116	  365
scaffold15057	OTU_0014	90.64	171	16	0	1275	763	1	171	1e-97	  308
scaffold19617	OTU_0265	55.92	304	133	1	2778	1867	1	303	1e-99	  318
scaffold20511	OTU_0082	32.89	225	129	9	1857	2498	32	245	8e-18	79.0
scaffold24959	OTU_0228	42.41	316	175	2	1621	674	1	309	6e-89	  287
scaffold28277	OTU_0079	83.65	312	51	0	524	1459	2	313	0.0	  555
scaffold38402	OTU_0118	100.00	151	0	0	2767	2315	1	151	1e-85	  269
scaffold41188	OTU_0213	26.67	225	140	6	3176	2541	35	247	4e-13	63.5
scaffold48317	OTU_0149	98.59	142	2	0	426	1	1	142	4e-85	  268
scaffold49943	OTU_0076	58.79	313	128	1	921	1859	1	312	2e-122	  373
scaffold49973	OTU_0211	83.39	295	48	1	2137	3021	1	294	5e-153	  453
scaffold56095	OTU_0024	32.77	119	74	2	356	3	18	131	4e-13	62.4
scaffold56927	OTU_0265	27.38	252	164	6	2787	2065	59	302	2e-14	67.8
scaffold59326	OTU_0003	98.99	99	1	0	2434	2730	1	99	2e-53	  177
scaffold60667	OTU_0106	25.63	277	169	8	2259	1456	3	251	8e-19	81.3
scaffold66475	OTU_0137	54.19	310	140	2	1213	2142	1	308	9e-115	  349
scaffold68459	OTU_0073	34.11	129	78	2	2160	1795	31	159	1e-16	72.8
scaffold71510	OTU_0040	40.36	223	122	2	2446	1802	98	317	3e-50	  174
scaffold73707	OTU_0111	44.32	88	44	2	2127	2390	1	83	1e-14	66.6
scaffold79724	OTU_0053	26.37	182	126	5	1	534	125	302	7e-11	56.6
scaffold80468	OTU_0228	43.67	316	171	2	471	1418	1	309	1e-95	  296
scaffold83389	OTU_0053	27.08	288	192	7	1737	889	29	303	1e-26	  104
scaffold83389	OTU_0053	26.40	250	170	6	742	5	30	269	4e-18	79.0
scaffold86565	OTU_0133	70.92	141	41	0	1694	2116	20	160	2e-63	  204
scaffold87002	OTU_0252	43.01	93	49	1	2180	1902	218	306	3e-20	85.1
scaffold94620	OTU_0053	27.72	285	185	8	1274	450	30	303	7e-21	87.0
scaffold95393	OTU_0228	51.61	310	147	2	74	1000	2	309	5e-103	  314
scaffold96561	OTU_0225	100.00	245	0	0	1	735	67	311	5e-179	  509
scaffold98830	OTU_0216	87.30	307	39	0	952	32	1	307	0.0	  547
scaffold102550	OTU_0134	100.00	151	0	0	584	132	1	151	5e-94	  284
scaffold104982	OTU_0216	88.60	307	35	0	995	75	1	307	0.0	  529
scaffold107437	OTU_0158	71.90	306	86	0	1343	426	5	310	1e-148	  431
scaffold107792	OTU_0148	100.00	153	0	0	505	963	1	153	3e-94	  284
scaffold108427	OTU_0216	41.43	280	156	2	1176	349	31	306	6e-56	  187
scaffold109673	OTU_0069	100.00	164	0	0	618	1109	1	164	1e-94	  285
scaffold126800	OTU_0097	37.40	131	69	4	401	12	33	151	1e-13	63.2
scaffold130880	OTU_0189	82.86	70	12	0	1	210	218	287	4e-35	  127
scaffold131494	OTU_0216	88.93	307	34	0	88	1008	1	307	0.0	  555
scaffold137654	OTU_0158	41.10	163	80	4	836	1315	7	156	8e-17	74.3
scaffold143018	OTU_0213	43.01	193	104	1	1050	1628	2	188	4e-56	  184
scaffold144426	OTU_0053	25.77	291	194	8	149	1000	29	304	4e-22	90.1
scaffold144426	OTU_0053	30.20	149	96	5	1149	1589	29	171	2e-14	67.0
scaffold145933	OTU_0078	75.00	40	10	0	1608	1489	272	311	2e-13	63.9
scaffold151213	OTU_0085	100.00	300	0	0	675	1574	1	300	0.0	  572
scaffold154707	OTU_0216	89.71	243	25	0	731	3	1	243	6e-152	  434
scaffold164535	OTU_0158	33.99	253	143	6	1107	388	7	248	6e-23	92.4
scaffold170031	OTU_0228	37.88	198	118	2	3	584	112	308	6e-38	  135
scaffold179375	OTU_0082	100.00	222	0	0	63	728	26	247	6e-140	  400
scaffold183890	OTU_0144	27.45	153	93	6	426	875	24	161	1e-10	53.5
scaffold185141	OTU_0202	100.00	160	0	0	337	816	1	160	1e-113	  329
scaffold186368	OTU_0189	85.31	177	26	0	1389	859	111	287	3e-108	  320
scaffold187888	OTU_0214	100.00	152	0	0	659	1114	1	152	1e-99	  292
scaffold191270	OTU_0229	38.50	226	138	1	4	678	61	286	1e-37	  134
scaffold197919	OTU_0184	33.74	163	96	3	627	142	1	152	3e-14	64.3
scaffold220008	OTU_0137	42.98	235	125	5	2	691	78	308	2e-59	  192
scaffold221225	OTU_0037	37.42	163	80	5	1021	554	2	149	2e-26	98.6
scaffold236359	OTU_0046	38.46	52	32	0	773	618	107	158	2e-13	51.2
scaffold236359	OTU_0046	39.58	48	26	2	1020	877	33	77	2e-13	34.7
scaffold240235	OTU_0189	87.31	197	25	0	1	591	91	287	2e-116	  338
scaffold247798	OTU_0228	44.05	311	167	2	1	933	6	309	1e-93	  281
scaffold258607	OTU_0187	34.31	137	77	3	98	472	11	146	5e-14	62.8
scaffold260276	OTU_0189	88.42	95	11	0	3	287	193	287	2e-56	  183
scaffold262797	OTU_0079	88.52	209	24	0	628	2	6	214	1e-137	  393
scaffold270253	OTU_0173	32.68	153	93	5	465	917	7	151	4e-11	54.3
scaffold271934	OTU_0216	85.67	307	44	0	1070	150	1	307	0.0	  542
scaffold275546	OTU_0170	48.33	60	30	1	1104	925	151	209	1e-14	65.1
scaffold279357	OTU_0192	36.43	140	83	3	309	728	16	149	2e-18	75.5
scaffold292350	OTU_0137	41.55	219	119	5	3	644	94	308	2e-50	  167
scaffold299410	OTU_0108	37.89	161	88	6	156	608	3	161	1e-13	61.6
scaffold301144	OTU_0108	100.00	161	0	0	836	354	1	161	1e-105	  304
scaffold307142	OTU_0033	100.00	215	0	0	749	105	1	215	1e-159	  444
scaffold308916	OTU_0229	29.47	285	173	11	992	186	31	303	1e-20	84.0
scaffold310338	OTU_0213	42.92	226	123	1	353	1030	2	221	2e-67	  209
scaffold341371	OTU_0189	82.50	120	21	0	976	617	168	287	3e-68	  212
scaffold348539	OTU_0251	36.28	113	65	2	410	748	39	144	3e-17	71.2
scaffold360117	OTU_0170	54.97	171	77	0	1	513	38	208	7e-67	  205
scaffold390845	OTU_0211	46.10	282	146	1	848	3	1	276	8e-97	  285
scaffold398495	OTU_0106	49.74	189	85	4	569	15	1	183	1e-56	  182
scaffold411701	OTU_0092	29.95	217	134	7	874	248	40	246	8e-15	65.5
scaffold412295	OTU_0171	36.64	131	70	4	178	567	33	151	7e-16	67.0
scaffold422142	OTU_0273	82.61	46	8	0	721	858	4	49	9e-20	77.8
scaffold427087	OTU_0013	43.97	141	62	5	143	559	31	156	3e-22	85.1
scaffold445710	OTU_0223	36.99	146	77	3	54	446	15	160	3e-20	79.3
scaffold447998	OTU_0053	37.30	126	68	3	388	17	30	146	2e-20	81.6
scaffold456038	OTU_0033	57.67	189	79	1	821	255	23	210	2e-77	  231
