scaffold01364	OTU_0560	97.25	109	3	0	7078	7404	1	109	5e-66	  216
scaffold02165	OTU_0310	50.00	108	54	0	3182	2859	1	108	7e-28	  106
scaffold04347	OTU_0310	56.48	108	47	0	626	303	1	108	3e-30	  112
scaffold16768	OTU_0859	43.75	112	60	2	2181	1849	4	113	2e-21	85.9
scaffold64909	OTU_0672	42.11	114	64	2	526	864	2	114	3e-21	84.0
scaffold69774	OTU_0035	39.82	113	67	1	308	643	2	114	2e-20	81.6
scaffold77976	OTU_0310	56.48	108	47	0	884	561	1	108	1e-32	  114
scaffold86906	OTU_0436	33.01	103	64	3	848	549	1	101	3e-11	54.7
scaffold94330	OTU_0045	45.71	105	56	1	1132	821	2	106	1e-26	97.4
scaffold96534	OTU_0752	38.05	113	69	1	832	497	1	113	2e-21	83.6
scaffold114680	OTU_0929	100.00	113	0	0	361	699	1	113	4e-76	  228
scaffold167483	OTU_0465	100.00	107	0	0	125	445	1	107	2e-72	  217
scaffold187258	OTU_0592	55.77	104	45	1	577	885	2	105	3e-35	  120
scaffold211228	OTU_0310	50.00	108	54	0	494	817	1	108	8e-31	  107
scaffold218645	OTU_0310	47.37	95	49	1	549	830	5	99	1e-20	79.3
scaffold264749	OTU_0227	39.74	78	46	1	1	231	1	78	2e-17	69.3
scaffold322202	OTU_0574	68.66	67	20	1	708	508	41	106	7e-23	85.5
scaffold322581	OTU_0178	31.03	116	76	3	361	702	1	114	5e-11	52.4
scaffold325194	OTU_0310	58.62	58	24	0	339	166	51	108	6e-27	72.0
scaffold325194	OTU_0310	56.41	39	17	0	488	372	1	39	6e-27	58.2
scaffold366343	OTU_0645	33.01	103	67	1	359	661	2	104	4e-14	60.8
scaffold388951	OTU_0307	45.83	72	39	0	3	218	39	110	3e-16	66.6
scaffold400413	OTU_0778	30.56	108	72	2	614	297	2	108	8e-12	54.3
scaffold508920	OTU_0576	100.00	86	0	0	304	561	1	86	6e-55	  167
scaffold516905	OTU_0574	33.01	103	60	3	411	121	2	101	6e-14	59.7
scaffold604239	OTU_0645	27.10	107	77	1	183	500	2	108	5e-13	57.0
scaffold658616	OTU_0618	100.00	84	0	0	520	269	4	87	6e-56	  169
scaffold684668	OTU_0310	71.93	57	16	0	6	176	52	108	1e-24	89.0
scaffold703249	OTU_0310	54.63	108	49	0	109	432	1	108	5e-35	  115
scaffold767069	OTU_0645	33.33	99	65	1	488	195	10	108	1e-14	61.2
scaffold772677	OTU_0310	50.00	80	40	0	246	485	1	80	7e-21	78.2
scaffold773746	OTU_0227	50.00	70	35	0	2	211	10	79	6e-21	77.8
scaffold779350	OTU_0574	34.41	93	52	3	271	11	12	101	3e-11	51.6
scaffold846789	OTU_0320	39.02	82	50	0	466	221	5	86	2e-14	59.7
scaffold859207	OTU_0310	64.49	107	38	0	55	375	2	108	2e-42	  134
scaffold885353	OTU_0574	61.97	71	26	1	214	2	1	70	5e-24	86.7
scaffold897363	OTU_0213	47.17	53	28	0	160	2	1	53	3e-14	60.1
scaffold921645	OTU_0045	41.59	113	66	0	76	414	2	114	2e-28	98.6
scaffold924248	OTU_0262	32.61	92	58	2	156	425	12	101	2e-11	51.6
scaffold963295	OTU_0310	34.95	103	59	2	87	380	3	102	1e-12	55.5
scaffold993442	OTU_0045	47.25	91	47	1	7	276	20	110	1e-22	83.2
scaffold995196	OTU_0516	47.92	48	25	0	290	433	1	48	2e-14	59.7
scaffold1011250	OTU_0848	100.00	102	0	0	430	125	1	102	8e-70	  203
scaffold1032042	OTU_0227	68.75	32	10	0	428	333	48	79	2e-12	53.9
scaffold1079255	OTU_0359	100.00	76	0	0	229	2	1	76	2e-51	  156
scaffold1109516	OTU_0109	61.90	42	16	0	128	3	1	42	5e-15	60.8
scaffold1119024	OTU_0478	75.00	44	11	0	412	281	19	62	8e-17	65.9
scaffold1145229	OTU_0184	34.95	103	67	0	33	341	2	104	7e-16	64.3
scaffold1146407	OTU_0035	37.66	77	47	1	177	404	1	77	1e-14	60.5
scaffold1181511	OTU_0641	100.00	113	0	0	402	64	1	113	4e-80	  229
scaffold1201965	OTU_1019	100.00	59	0	0	397	221	13	71	1e-23	83.6
scaffold1233166	OTU_0310	47.47	99	52	0	97	393	1	99	6e-26	90.9
scaffold1267635	OTU_0574	80.39	51	10	0	3	155	61	111	4e-15	62.0
scaffold1276006	OTU_0310	83.93	56	9	0	168	1	1	56	4e-23	83.2
scaffold1283934	OTU_0262	33.33	93	53	3	91	351	12	101	3e-11	50.8
scaffold1304935	OTU_0293	42.34	111	63	1	1	333	5	114	8e-30	  100
scaffold1371665	OTU_0310	50.00	56	28	0	208	375	1	56	6e-13	55.5
scaffold1397651	OTU_0455	61.36	44	17	0	362	231	11	54	9e-15	59.7
scaffold1408715	OTU_0119	95.83	24	1	0	74	3	1	24	8e-12	52.0
scaffold1415195	OTU_0227	49.32	73	32	2	60	263	1	73	2e-17	67.4
scaffold1444705	OTU_1009	100.00	93	0	0	88	366	1	93	7e-65	  190
scaffold1515493	OTU_0078	83.33	48	8	0	134	277	67	114	9e-29	82.8
scaffold1515493	OTU_0078	76.19	42	10	0	3	128	24	65	9e-29	52.4
scaffold1558996	OTU_0310	48.15	108	56	0	8	331	1	108	7e-31	  103
scaffold1678299	OTU_0455	58.18	55	22	1	236	72	1	54	2e-16	63.9
scaffold1820372	OTU_0597	52.81	89	41	1	329	66	26	114	1e-25	89.4
scaffold1858433	OTU_0455	52.00	50	23	1	327	178	6	54	4e-11	49.3
scaffold1875050	OTU_0731	67.90	81	25	1	1	243	4	83	1e-28	96.3
scaffold1893456	OTU_0436	31.96	97	62	2	10	294	7	101	6e-11	49.7
scaffold1944099	OTU_0398	91.04	67	6	0	2	202	8	74	4e-41	  127
scaffold1951327	OTU_0494	59.38	96	37	2	287	3	3	97	6e-33	  108
scaffold2042409	OTU_0310	52.22	90	43	0	311	42	19	108	8e-21	76.3
scaffold2068234	OTU_0353	100.00	98	0	0	311	18	5	102	5e-67	  194
scaffold2068531	OTU_0310	63.74	91	33	0	275	3	1	91	2e-32	  106
scaffold2085082	OTU_0244	94.12	102	6	0	308	3	3	104	2e-68	  198
scaffold2085400	OTU_0583	88.24	34	4	0	207	308	1	34	1e-17	66.6
scaffold2186070	OTU_0909	88.00	100	12	0	3	302	2	101	4e-60	  177
scaffold2308879	OTU_0494	43.59	78	42	2	234	4	3	79	7e-16	63.2
scaffold2436905	OTU_0680	67.50	80	26	0	286	47	33	112	5e-23	82.0
scaffold2475595	OTU_0227	51.95	77	37	0	285	55	3	79	1e-24	85.5
scaffold2476817	OTU_0436	36.08	97	57	3	1	282	7	101	1e-13	57.0
scaffold2487362	OTU_0227	48.10	79	41	0	265	29	1	79	4e-16	62.8
scaffold2503539	OTU_0307	54.55	88	40	0	266	3	1	88	2e-28	95.9
