scaffold00006	OTU_0070	50.00	108	54	0	202570	202893	1	108	8e-31	  117
scaffold00047	OTU_0091	42.73	110	56	4	8123	7797	6	109	2e-15	71.2
scaffold00060	OTU_0037	51.72	58	27	1	96696	96869	1	57	9e-14	64.7
scaffold00177	OTU_0091	39.45	109	61	3	51445	51119	6	109	1e-16	73.9
scaffold00282	OTU_0091	38.53	109	62	3	28216	28542	6	109	3e-14	66.6
scaffold00468	OTU_0070	42.28	123	65	1	28941	29309	1	117	9e-30	  111
scaffold00468	OTU_0070	42.16	102	59	0	28507	28812	1	102	5e-21	86.3
scaffold00619	OTU_0047	36.70	109	60	4	1747	1427	1	102	2e-11	57.0
scaffold00731	OTU_0091	46.97	132	64	1	3827	4222	3	128	1e-28	  107
scaffold00994	OTU_0096	36.59	123	73	3	17129	17485	4	125	2e-18	78.6
scaffold01373	OTU_0091	35.71	126	75	4	4843	4478	5	128	3e-17	74.3
scaffold01493	OTU_0091	37.12	132	68	4	7699	7304	6	122	3e-18	77.0
scaffold01747	OTU_0091	39.09	110	60	4	2041	2367	6	109	1e-15	69.3
scaffold02247	OTU_0096	42.34	137	70	4	7042	7452	3	130	5e-26	  100
scaffold02312	OTU_0008	40.38	104	52	4	8807	9097	1	101	3e-14	64.3
scaffold02495	OTU_0035	41.00	100	55	2	2407	2117	1	99	2e-14	64.7
scaffold02931	OTU_0091	35.94	128	70	5	11026	11391	6	127	2e-14	65.5
scaffold03529	OTU_0091	41.28	109	59	3	7607	7281	6	109	1e-17	74.7
scaffold03553	OTU_0032	59.57	47	18	1	187	327	1	46	6e-11	53.1
scaffold03654	OTU_0091	41.28	109	59	3	1815	1489	6	109	3e-16	70.9
scaffold04637	OTU_0091	39.62	106	59	3	8835	9152	6	106	7e-15	66.2
scaffold05606	OTU_0091	40.00	110	59	4	1107	1433	6	109	1e-15	68.6
scaffold05729	OTU_0091	35.07	134	76	4	3684	4085	6	128	7e-17	72.0
scaffold05973	OTU_0091	44.86	107	54	3	3602	3922	6	107	3e-20	82.0
scaffold06410	OTU_0091	41.28	109	59	3	4738	5064	6	109	1e-15	68.2
scaffold06791	OTU_0091	51.49	101	49	0	2042	2344	6	106	3e-29	  108
scaffold07043	OTU_0057	49.09	55	28	0	3225	3389	1	55	1e-18	58.5
scaffold07043	OTU_0057	36.21	58	31	1	3437	3610	72	123	1e-18	43.1
scaffold07258	OTU_0043	57.41	54	22	1	2792	2953	1	53	2e-13	60.1
scaffold07443	OTU_0096	44.12	136	70	1	4985	5392	1	130	3e-33	  120
scaffold07746	OTU_0091	39.10	133	75	2	5341	4943	2	128	3e-24	93.6
scaffold08269	OTU_0091	38.94	113	56	4	6006	5680	6	109	3e-16	70.1
scaffold08526	OTU_0091	43.93	107	55	3	189	509	6	107	1e-19	80.1
scaffold08526	OTU_0091	40.91	110	52	4	1097	1414	6	106	2e-16	70.9
scaffold10277	OTU_0096	36.22	127	77	3	4885	4511	4	128	2e-15	67.8
scaffold10577	OTU_0008	37.50	104	55	4	2499	2789	1	101	2e-12	57.8
scaffold12302	OTU_0091	38.94	113	56	4	2819	2493	6	109	4e-16	69.3
scaffold12766	OTU_0091	42.20	109	58	3	2838	3164	6	109	2e-16	70.1
scaffold13391	OTU_0091	43.40	106	53	4	4340	4026	8	107	1e-16	70.9
scaffold13547	OTU_0091	39.82	113	55	4	4866	4540	6	109	2e-16	70.1
scaffold15682	OTU_0091	35.96	114	60	4	2694	3023	6	110	9e-13	58.9
scaffold15749	OTU_0091	37.50	136	72	5	3920	3513	6	128	2e-17	72.8
scaffold18727	OTU_0091	40.35	114	61	4	1620	1282	2	109	3e-18	75.1
scaffold19372	OTU_0091	35.51	138	70	5	584	183	6	128	8e-18	73.9
scaffold19484	OTU_0096	49.24	132	61	1	1974	1579	1	126	1e-37	  131
scaffold22546	OTU_0096	35.29	136	71	5	514	116	6	127	2e-12	57.8
scaffold22886	OTU_0096	27.27	121	84	3	1989	2342	6	125	8e-11	52.8
scaffold25162	OTU_0091	40.91	110	58	4	1505	1179	6	109	4e-16	68.9
scaffold26688	OTU_0008	39.22	102	58	2	2866	3162	1	101	7e-16	67.4
scaffold30873	OTU_0091	38.71	124	70	4	3148	2789	5	126	2e-13	60.5
scaffold31750	OTU_0057	40.16	122	67	4	242	595	1	120	3e-17	71.6
scaffold32920	OTU_0091	42.34	111	57	4	937	1266	6	110	1e-18	75.9
scaffold33361	OTU_0091	40.21	97	45	4	1794	2072	6	93	1e-13	60.8
scaffold33540	OTU_0047	38.68	106	56	3	1277	966	1	99	5e-12	55.8
scaffold36355	OTU_0058	47.37	57	24	1	3060	2890	10	60	2e-11	53.1
scaffold37397	OTU_0091	44.14	111	55	4	2105	2434	6	110	6e-19	76.6
scaffold37453	OTU_0028	63.16	38	14	0	122	9	1	38	1e-11	53.5
scaffold37671	OTU_0091	40.54	111	59	4	110	439	6	110	6e-18	73.6
scaffold40193	OTU_0091	41.28	109	59	3	1332	1006	6	109	3e-17	71.6
scaffold47398	OTU_0047	35.00	100	62	2	914	621	1	99	9e-12	54.7
scaffold48044	OTU_0096	31.25	128	85	2	620	243	3	129	5e-12	55.8
scaffold50553	OTU_0074	77.36	53	11	1	1321	1163	1	52	3e-23	86.7
scaffold52753	OTU_0008	41.90	105	50	3	2071	1778	1	101	2e-19	77.4
scaffold54128	OTU_0070	35.00	140	70	6	1544	1134	1	122	4e-13	58.9
scaffold58980	OTU_0091	35.07	134	76	4	1537	1938	6	128	1e-18	75.1
scaffold61490	OTU_0091	36.57	134	74	4	860	459	6	128	3e-15	65.1
scaffold63548	OTU_0091	41.18	102	53	4	1881	1579	6	101	4e-14	61.6
scaffold68200	OTU_0070	45.04	131	59	4	1668	1282	1	120	2e-29	  105
scaffold68924	OTU_0061	54.90	51	23	0	1772	1620	1	51	8e-15	62.4
scaffold68961	OTU_0070	35.94	128	76	2	1072	1455	2	123	1e-19	77.8
scaffold71712	OTU_0099	30.95	126	83	3	24	392	1	125	2e-12	56.6
scaffold73438	OTU_0096	35.29	136	71	5	901	1299	6	127	1e-12	57.4
scaffold76051	OTU_0091	37.60	125	72	4	1190	828	4	126	5e-19	76.3
scaffold77991	OTU_0091	38.18	110	63	3	375	46	6	110	2e-17	71.2
scaffold79476	OTU_0070	37.40	123	71	4	499	134	1	118	1e-15	66.2
scaffold83353	OTU_0091	42.20	109	58	3	650	976	6	109	4e-18	73.6
scaffold84197	OTU_0091	39.82	113	55	4	1317	991	6	109	1e-16	69.3
scaffold86104	OTU_0057	44.19	129	66	1	1325	939	1	123	3e-33	  116
scaffold86167	OTU_0091	56.90	58	25	0	1191	1364	1	58	1e-21	61.6
scaffold86167	OTU_0091	33.33	78	46	1	1355	1588	57	128	1e-21	48.5
scaffold90286	OTU_0091	40.30	134	74	1	939	538	1	128	4e-24	90.5
scaffold92185	OTU_0091	36.27	102	60	3	1927	1622	13	109	6e-14	60.8
scaffold92513	OTU_0096	28.24	131	87	4	444	824	4	131	2e-13	59.7
scaffold93287	OTU_0091	33.58	137	69	3	427	38	6	127	2e-13	59.3
scaffold96773	OTU_0007	38.32	107	59	4	742	1059	2	102	5e-15	63.5
scaffold98263	OTU_0008	32.14	112	64	2	1145	1480	1	100	3e-11	52.4
scaffold98782	OTU_0008	36.11	108	53	3	1574	1278	1	101	7e-15	63.2
scaffold100480	OTU_0091	39.45	109	61	3	84	410	6	109	3e-18	73.6
scaffold100949	OTU_0091	47.06	136	62	2	1589	1188	1	128	8e-32	  112
scaffold103920	OTU_0091	42.64	129	65	4	346	732	6	125	9e-28	  100
scaffold104988	OTU_0091	39.50	119	58	4	964	1314	1	107	7e-17	69.7
scaffold105965	OTU_0057	38.76	129	73	2	911	1297	1	123	2e-27	99.8
scaffold106746	OTU_0091	47.56	82	41	2	247	2	6	85	6e-16	66.6
scaffold109113	OTU_0096	29.60	125	87	1	893	1267	3	126	3e-13	58.5
scaffold113173	OTU_0091	39.47	114	61	5	480	818	1	107	1e-15	65.9
scaffold114455	OTU_0036	40.54	111	63	3	373	41	2	109	3e-24	90.1
scaffold117662	OTU_0096	46.04	139	62	4	1026	616	3	130	6e-32	  112
scaffold119375	OTU_0091	38.68	106	58	4	317	3	6	105	2e-15	65.5
scaffold121129	OTU_0091	34.81	135	75	6	479	78	6	128	2e-13	58.9
scaffold122614	OTU_0096	31.25	112	74	3	423	91	1	110	3e-13	58.5
scaffold122789	OTU_0091	38.71	124	70	4	1064	1423	4	125	3e-19	76.3
scaffold122975	OTU_0034	42.50	80	46	0	266	27	2	81	3e-14	60.8
scaffold124654	OTU_0091	44.26	61	33	1	373	555	6	65	7e-16	53.1
scaffold124654	OTU_0091	41.18	34	19	1	588	689	74	106	7e-16	37.4
scaffold127775	OTU_0091	47.33	131	63	1	1043	651	1	125	2e-33	  115
scaffold129170	OTU_0091	38.94	113	56	4	896	1222	6	109	9e-17	68.9
scaffold130793	OTU_0091	40.74	108	57	4	162	482	6	107	1e-17	71.2
scaffold133788	OTU_0091	41.44	111	52	4	813	493	6	107	1e-19	77.0
scaffold133844	OTU_0091	40.60	133	73	1	608	210	2	128	3e-23	87.4
scaffold135335	OTU_0096	34.15	123	76	2	1266	910	4	125	3e-17	70.1
scaffold137976	OTU_0091	51.20	125	55	1	808	434	3	121	2e-30	  107
scaffold138966	OTU_0057	31.85	135	79	5	651	250	1	123	2e-15	64.7
scaffold139917	OTU_0035	48.10	79	40	1	496	732	1	78	4e-15	63.5
scaffold145732	OTU_0091	38.74	111	61	4	1297	968	6	110	4e-17	69.7
scaffold147275	OTU_0047	39.25	107	56	4	1323	1009	1	100	4e-13	57.4
scaffold149003	OTU_0096	42.42	132	70	2	1514	1119	3	128	6e-30	  105
scaffold153272	OTU_0057	49.22	128	59	1	1202	819	1	122	3e-39	  131
scaffold158851	OTU_0096	44.44	135	69	1	1419	1015	1	129	6e-33	  114
scaffold159286	OTU_0091	35.29	136	75	3	692	1090	3	128	1e-14	62.0
scaffold159337	OTU_0035	36.79	106	62	3	678	995	1	101	2e-12	55.1
scaffold161393	OTU_0091	34.88	129	76	3	1359	973	6	126	2e-13	58.5
scaffold162801	OTU_0096	31.25	128	79	3	1363	998	4	128	4e-18	72.4
scaffold163942	OTU_0091	49.59	123	55	2	370	5	3	119	3e-28	  100
scaffold166422	OTU_0047	39.25	107	56	4	1396	1082	1	100	6e-13	57.0
scaffold166652	OTU_0047	40.62	64	33	3	116	295	37	99	4e-12	49.3
scaffold166652	OTU_0047	50.00	26	13	0	4	81	1	26	4e-12	28.1
scaffold169097	OTU_0034	51.90	79	38	0	1183	1419	2	80	2e-21	80.5
scaffold171651	OTU_0070	36.00	125	71	5	602	234	1	118	5e-15	63.5
scaffold174422	OTU_0091	48.51	134	63	1	961	560	1	128	3e-33	  114
scaffold176257	OTU_0099	29.37	126	83	2	1005	1367	1	125	8e-15	62.8
scaffold180445	OTU_0096	36.76	136	75	4	362	766	3	128	2e-25	92.8
scaffold180916	OTU_0047	38.68	106	56	4	761	450	1	99	6e-13	57.0
scaffold181835	OTU_0057	30.40	125	82	3	603	238	1	123	9e-12	53.5
scaffold183359	OTU_0091	41.59	113	53	4	344	670	6	109	1e-17	70.9
scaffold183724	OTU_0091	48.15	81	42	0	243	1	6	86	7e-20	77.4
scaffold184331	OTU_0091	41.28	109	59	3	590	916	6	109	8e-17	68.6
scaffold189597	OTU_0047	37.74	106	57	3	1232	921	1	99	6e-12	53.5
scaffold191242	OTU_0091	41.67	108	45	5	312	1	2	95	5e-15	63.2
scaffold191861	OTU_0091	50.00	104	46	1	1325	1014	31	128	3e-28	  100
scaffold191931	OTU_0091	36.94	111	63	4	930	1259	6	110	3e-16	67.0
scaffold192975	OTU_0057	29.84	124	82	3	880	521	1	123	1e-15	65.1
scaffold193937	OTU_0032	49.06	53	26	1	223	65	1	52	6e-12	52.8
scaffold194968	OTU_0068	39.02	123	67	5	365	718	5	124	4e-20	78.2
scaffold202458	OTU_0008	40.00	110	59	4	147	473	1	104	7e-17	67.8
scaffold208580	OTU_0057	49.61	129	59	1	413	799	1	123	2e-36	  122
scaffold208614	OTU_0091	42.34	111	57	4	1021	692	6	110	6e-15	62.8
scaffold216157	OTU_0049	50.91	55	27	0	293	129	1	55	3e-12	53.9
scaffold218459	OTU_0091	49.24	132	61	1	601	996	3	128	3e-33	  114
scaffold227455	OTU_0096	45.80	131	65	1	21	413	3	127	1e-37	  126
scaffold229783	OTU_0091	35.43	127	75	3	1047	676	5	127	8e-24	87.8
scaffold230525	OTU_0091	35.25	122	72	4	962	612	6	125	3e-16	66.6
scaffold231917	OTU_0014	57.14	56	23	1	575	408	1	55	2e-17	68.2
scaffold236031	OTU_0099	34.13	126	77	4	1063	698	3	126	1e-18	73.2
scaffold241402	OTU_0049	51.02	49	23	1	997	1143	1	48	7e-12	52.4
scaffold243337	OTU_0091	40.34	119	64	4	572	219	6	118	3e-19	75.1
scaffold250999	OTU_0091	40.74	108	57	4	663	983	6	107	2e-18	72.4
scaffold251059	OTU_0070	33.06	121	70	4	1159	797	14	123	2e-11	52.0
scaffold254586	OTU_0099	29.13	127	86	3	104	478	3	127	1e-14	62.0
scaffold263029	OTU_0091	47.41	135	64	2	443	847	1	128	2e-31	  108
scaffold263202	OTU_0091	40.00	110	59	4	850	524	6	109	4e-17	68.9
scaffold274265	OTU_0047	37.38	107	58	4	940	626	1	100	1e-12	55.1
scaffold276980	OTU_0091	44.66	103	55	2	1019	714	6	107	7e-23	84.3
scaffold279880	OTU_0091	40.51	79	42	3	1097	873	51	128	2e-13	57.8
scaffold282415	OTU_0049	56.60	53	23	0	428	270	3	55	4e-15	61.6
scaffold290834	OTU_0091	41.67	108	56	4	666	986	6	107	3e-17	68.9
scaffold292158	OTU_0091	40.00	110	57	5	597	923	6	107	2e-17	69.3
scaffold295103	OTU_0091	39.85	133	74	1	813	415	2	128	1e-24	89.4
scaffold295877	OTU_0091	39.09	110	60	4	368	42	6	109	1e-16	67.0
scaffold302723	OTU_0086	41.38	58	30	1	645	472	1	54	3e-11	50.4
scaffold305414	OTU_0091	39.37	127	71	4	458	826	2	126	3e-23	85.1
scaffold306436	OTU_0049	66.67	42	14	0	918	1043	1	42	1e-14	60.1
scaffold306523	OTU_0091	41.67	108	56	4	8	328	6	107	7e-17	67.8
scaffold306718	OTU_0096	33.59	128	78	5	603	232	4	128	1e-19	75.5
scaffold308338	OTU_0096	36.89	103	50	4	442	750	6	93	2e-12	54.7
scaffold308648	OTU_0091	41.28	109	59	3	576	902	6	109	1e-20	78.2
scaffold309949	OTU_0008	41.90	105	58	2	196	510	1	102	3e-22	81.6
scaffold319055	OTU_0049	58.00	50	21	0	847	996	6	55	1e-15	62.4
scaffold326337	OTU_0008	33.33	102	67	1	692	387	1	101	2e-14	60.5
scaffold332837	OTU_0099	31.45	124	79	4	557	201	3	125	5e-13	56.6
scaffold332927	OTU_0035	39.47	76	44	2	778	1005	1	74	1e-11	52.0
scaffold334205	OTU_0091	52.38	105	50	0	689	1003	3	107	8e-32	  108
scaffold334205	OTU_0091	50.93	108	52	1	252	575	3	109	3e-31	  107
scaffold335953	OTU_0091	40.16	127	70	4	897	529	4	128	1e-21	80.9
scaffold342229	OTU_0091	35.82	134	75	4	782	381	6	128	3e-19	73.9
scaffold344459	OTU_0008	42.50	80	45	1	733	972	1	79	1e-16	65.9
scaffold345036	OTU_0047	39.22	102	55	5	586	293	1	99	1e-17	68.9
scaffold349909	OTU_0091	37.01	127	73	5	895	527	5	128	1e-15	64.3
scaffold352950	OTU_0070	43.09	123	62	1	460	116	1	123	5e-31	  106
scaffold353962	OTU_0034	42.50	80	46	0	392	153	2	81	9e-15	60.5
scaffold357290	OTU_0091	39.23	130	70	3	577	966	6	126	3e-25	90.5
scaffold359128	OTU_0091	36.72	128	69	5	88	453	6	127	5e-18	70.5
scaffold360087	OTU_0091	39.55	134	70	4	482	883	6	128	1e-15	64.3
scaffold374380	OTU_0091	37.50	144	69	1	471	40	6	128	2e-25	90.9
scaffold386336	OTU_0057	46.77	124	60	1	927	556	3	120	3e-34	  115
scaffold388372	OTU_0028	50.94	53	25	1	217	59	1	52	5e-15	60.5
scaffold390737	OTU_0091	42.75	131	65	2	532	918	6	128	3e-27	96.3
scaffold391901	OTU_0091	41.82	110	57	4	872	546	6	109	7e-21	77.8
scaffold406069	OTU_0091	40.87	115	61	4	360	701	1	109	3e-18	70.9
scaffold410348	OTU_0091	48.62	109	51	3	380	706	6	109	9e-27	94.7
scaffold412949	OTU_0038	60.00	45	18	0	763	897	1	45	1e-14	58.9
scaffold414200	OTU_0091	45.37	108	52	4	850	530	6	107	6e-23	83.6
scaffold414231	OTU_0007	38.89	108	59	4	444	764	2	103	2e-17	67.8
scaffold418123	OTU_0096	45.87	109	44	5	893	576	30	126	2e-21	79.3
scaffold436613	OTU_0091	39.45	109	61	3	329	3	6	109	8e-15	61.2
scaffold436811	OTU_0091	37.74	106	59	4	1	315	10	109	4e-16	64.7
scaffold437284	OTU_0070	42.64	129	68	1	380	766	1	123	4e-32	  108
scaffold441285	OTU_0091	39.68	126	64	5	867	508	8	127	2e-20	76.6
scaffold461303	OTU_0096	48.61	72	32	2	631	846	4	70	5e-16	64.3
scaffold466796	OTU_0049	75.00	28	7	0	758	841	1	28	2e-11	50.4
scaffold466969	OTU_0091	49.50	101	51	0	3	305	9	109	1e-27	96.7
