scaffold00103	OTU_0045	42.45	106	59	2	16816	17130	2	106	2e-18	82.8
scaffold00109	OTU_0794	73.68	114	30	0	70517	70176	1	114	9e-47	  165
scaffold00135	OTU_0917	98.23	113	2	0	61941	61603	1	113	5e-58	  197
scaffold00245	OTU_0385	99.11	112	1	0	48955	48620	1	112	5e-66	  219
scaffold00323	OTU_0801	100.00	114	0	0	19769	19428	1	114	1e-68	  227
scaffold00346	OTU_0694	100.00	114	0	0	9509	9168	1	114	2e-70	  232
scaffold00413	OTU_0550	100.00	114	0	0	39037	39378	1	114	5e-69	  228
scaffold00488	OTU_0005	57.02	114	49	0	25361	25702	1	114	1e-31	  120
scaffold02037	OTU_0223	100.00	113	0	0	12746	12408	1	113	5e-71	  232
scaffold08299	OTU_0310	44.44	108	59	1	1743	1423	1	108	9e-20	83.6
scaffold09152	OTU_0310	50.00	104	51	1	5073	4765	1	104	8e-24	95.1
scaffold11816	OTU_0664	73.86	88	23	0	6074	5811	1	88	3e-40	  141
scaffold16887	OTU_0310	38.00	100	60	1	3140	2847	3	102	6e-12	59.7
scaffold17029	OTU_0184	30.97	113	77	1	3395	3730	1	113	5e-11	57.0
scaffold22285	OTU_1016	47.32	112	55	2	795	463	4	112	7e-24	94.7
scaffold37606	OTU_0436	35.71	98	59	2	1267	1554	6	101	1e-12	60.8
scaffold37960	OTU_0223	36.84	95	58	1	919	1197	1	95	4e-11	56.6
scaffold60816	OTU_0794	98.88	89	1	0	1	267	26	114	5e-38	  133
scaffold73345	OTU_0794	98.55	69	1	0	208	2	1	69	2e-42	  145
scaffold79578	OTU_0667	87.06	85	11	0	2041	2295	1	85	9e-45	  152
scaffold80771	OTU_0389	100.00	91	0	0	766	1038	1	91	8e-56	  181
scaffold88884	OTU_0982	100.00	114	0	0	411	70	1	114	2e-72	  228
scaffold91111	OTU_0310	36.89	103	57	2	1965	1672	3	102	6e-11	55.1
scaffold94616	OTU_0342	100.00	45	0	0	135	1	1	45	6e-25	94.0
scaffold99825	OTU_0310	55.29	85	38	0	2	256	22	106	7e-11	54.7
scaffold104290	OTU_0597	58.77	114	46	1	1743	1405	1	114	2e-31	  114
scaffold109281	OTU_0196	47.37	114	57	2	1275	1613	1	112	2e-25	97.1
scaffold127889	OTU_0310	47.71	109	55	2	886	1209	1	108	2e-22	88.2
scaffold137108	OTU_0262	46.30	108	52	2	616	939	1	102	5e-23	89.7
scaffold148486	OTU_0178	35.85	106	66	1	278	595	1	104	4e-15	67.0
scaffold150903	OTU_0883	94.74	114	6	0	1152	811	1	114	2e-58	  186
scaffold155609	OTU_0179	87.72	57	7	0	1294	1464	30	86	1e-27	  101
scaffold165907	OTU_0549	100.00	109	0	0	690	364	1	109	6e-72	  221
scaffold168721	OTU_0724	38.53	109	67	0	1136	810	2	110	4e-19	78.2
scaffold175195	OTU_0958	63.00	100	37	0	300	1	1	100	3e-37	  128
scaffold210116	OTU_0447	100.00	62	0	0	2	187	2	63	2e-36	  124
scaffold241009	OTU_0178	35.14	111	70	1	688	356	2	110	1e-15	67.8
scaffold243221	OTU_0664	82.50	40	7	0	120	1	1	40	2e-18	74.7
scaffold244923	OTU_0909	79.82	109	22	0	976	650	1	109	1e-56	  178
scaffold258433	OTU_0310	50.00	108	50	1	723	1034	1	108	2e-20	80.5
scaffold280731	OTU_0958	100.00	113	0	0	256	594	1	113	2e-63	  195
scaffold299536	OTU_0213	99.09	110	1	0	257	586	1	110	8e-64	  196
scaffold307555	OTU_0174	100.00	104	0	0	312	1	1	104	9e-72	  216
scaffold344358	OTU_0028	100.00	114	0	0	577	918	1	114	5e-77	  229
scaffold394036	OTU_0317	100.00	114	0	0	597	256	1	114	4e-77	  228
scaffold406129	OTU_0652	55.26	76	33	1	881	654	36	110	3e-13	59.3
