scaffold00006	OTU_0091	39.82	113	55	4	93131	93457	6	109	3e-14	70.1
scaffold00031	OTU_0091	37.01	127	72	5	133030	132662	6	128	9e-15	70.5
scaffold00032	OTU_0034	43.75	80	45	0	150695	150456	2	81	5e-11	58.2
scaffold00054	OTU_0091	38.68	106	60	3	91753	92070	6	106	2e-15	72.4
scaffold00089	OTU_0068	37.61	117	69	3	114491	114832	5	120	3e-13	65.5
scaffold00101	OTU_0091	50.00	122	55	1	142565	142200	6	121	3e-27	  106
scaffold00101	OTU_0091	41.67	108	63	0	143579	143256	3	110	1e-18	81.6
scaffold00141	OTU_0070	43.09	123	62	1	80651	80995	1	123	2e-27	  106
scaffold00176	OTU_0091	45.37	108	52	4	1141	1461	6	107	1e-19	84.0
scaffold00220	OTU_0047	44.95	109	53	4	41983	41657	1	102	3e-17	75.9
scaffold00254	OTU_0034	40.79	76	42	1	13135	12908	2	74	6e-11	56.6
scaffold00301	OTU_0096	41.01	139	73	3	69004	69420	1	130	4e-28	  108
scaffold00332	OTU_0091	41.05	95	46	2	24161	24445	4	88	4e-14	67.0
scaffold00373	OTU_0070	41.80	122	65	4	35255	35608	1	120	2e-22	91.3
scaffold00434	OTU_0091	40.19	107	59	3	54328	54008	6	107	7e-14	65.9
scaffold00588	OTU_0091	38.89	126	71	4	34129	34494	3	126	8e-19	80.1
scaffold00611	OTU_0035	40.59	101	54	4	23690	23980	1	99	5e-15	68.2
scaffold00640	OTU_0091	39.45	109	61	3	27169	26843	6	109	9e-15	68.2
scaffold00803	OTU_0047	39.22	102	55	5	18060	17767	1	99	1e-12	60.8
scaffold00880	OTU_0091	36.29	124	74	3	18494	18853	6	128	2e-17	75.5
scaffold00907	OTU_0091	43.10	116	54	6	5409	5747	1	107	2e-17	75.9
scaffold01070	OTU_0091	38.52	135	70	5	21936	21535	6	128	3e-17	75.1
scaffold01314	OTU_0096	35.83	120	72	3	16882	16535	3	121	1e-15	70.1
scaffold01449	OTU_0091	42.73	110	58	3	1144	815	6	110	7e-19	79.7
scaffold01485	OTU_0036	45.37	108	56	2	6861	7184	2	106	1e-26	  102
scaffold01490	OTU_0008	44.34	106	57	2	21992	22309	1	104	8e-24	93.2
scaffold01547	OTU_0091	37.78	135	71	5	8144	8545	6	128	3e-17	74.7
scaffold01643	OTU_0091	41.80	122	65	4	8176	8529	6	125	5e-18	77.0
scaffold01691	OTU_0091	46.51	129	63	1	20020	20406	6	128	2e-27	  104
scaffold01968	OTU_0047	35.78	109	61	3	2390	2070	1	102	4e-11	55.8
scaffold02637	OTU_0034	41.46	82	43	2	11159	11404	2	78	2e-13	61.6
scaffold02673	OTU_0091	39.81	108	58	4	12315	12635	6	107	2e-17	74.7
scaffold03207	OTU_0091	43.65	126	65	4	12159	11794	3	126	8e-22	87.4
scaffold03392	OTU_0091	41.88	117	55	4	13651	13989	6	113	2e-17	74.7
scaffold04048	OTU_0057	37.21	129	75	2	2053	2439	1	123	5e-28	  105
scaffold04113	OTU_0091	38.66	119	59	5	12028	11684	1	109	3e-13	62.0
scaffold05101	OTU_0096	34.09	132	82	4	3127	3516	1	129	1e-16	72.0
scaffold06753	OTU_0096	36.72	128	75	4	5518	5889	3	128	1e-19	80.9
scaffold07130	OTU_0091	41.13	124	69	3	708	1070	6	128	4e-21	84.7
scaffold07518	OTU_0091	32.85	137	70	3	3587	3198	6	127	6e-13	60.1
scaffold08011	OTU_0049	61.82	55	21	0	7960	8124	1	55	1e-17	72.4
scaffold09025	OTU_0091	44.55	110	54	4	1817	1491	6	109	8e-18	74.7
scaffold09526	OTU_0008	38.24	102	57	2	3643	3933	1	101	2e-14	64.3
scaffold10368	OTU_0091	39.68	126	69	5	1648	1283	6	128	1e-16	70.9
scaffold11277	OTU_0091	40.54	111	53	4	3357	3037	6	107	5e-16	69.3
scaffold11335	OTU_0096	35.56	135	78	4	4949	4545	3	128	2e-22	87.8
scaffold11951	OTU_0091	40.00	115	62	4	437	96	2	110	1e-16	71.2
scaffold12239	OTU_0091	37.90	124	72	3	4888	4529	6	128	4e-18	75.5
scaffold14031	OTU_0047	38.32	107	57	4	4535	4221	1	100	8e-12	55.8
scaffold14407	OTU_0057	45.45	132	63	4	4187	3792	1	123	7e-28	  103
scaffold15273	OTU_0096	37.70	122	59	4	3508	3837	4	120	5e-15	66.2
scaffold15291	OTU_0070	36.51	126	74	1	4519	4896	1	120	2e-21	84.7
scaffold15928	OTU_0096	36.50	137	70	5	3331	3720	2	128	1e-19	79.7
scaffold18811	OTU_0036	49.54	109	47	3	1809	2126	3	106	3e-27	  100
scaffold19090	OTU_0091	37.04	135	72	5	2015	2416	6	128	2e-18	75.5
scaffold20500	OTU_0091	39.09	110	60	4	2578	2904	6	109	6e-17	71.6
scaffold21568	OTU_0008	36.89	103	57	3	1593	1303	1	101	3e-12	57.0
scaffold22822	OTU_0091	44.04	109	56	3	3058	3384	6	109	4e-18	74.7
scaffold23410	OTU_0091	48.41	126	58	2	1405	1028	1	119	4e-30	  109
scaffold26233	OTU_0008	48.54	103	53	0	3468	3160	1	103	1e-26	98.6
scaffold29224	OTU_0091	40.00	110	59	4	459	133	6	109	1e-15	67.4
scaffold29411	OTU_0091	53.73	134	56	1	714	313	1	128	3e-41	  141
scaffold29613	OTU_0091	40.00	110	59	4	462	136	6	109	4e-15	65.5
scaffold29811	OTU_0091	36.28	113	59	4	3093	2767	6	109	3e-15	66.2
scaffold31007	OTU_0091	34.48	116	62	5	2475	2140	2	107	4e-11	53.5
scaffold32997	OTU_0096	35.29	136	71	5	2818	2420	6	127	3e-12	57.0
scaffold33278	OTU_0091	40.91	110	58	4	3472	3146	6	109	2e-18	75.1
scaffold33751	OTU_0091	43.69	103	57	1	2185	1877	6	107	5e-23	89.0
scaffold34834	OTU_0091	39.09	110	60	4	3054	3380	6	109	5e-17	71.2
scaffold38712	OTU_0091	34.43	122	74	1	2828	3193	4	119	2e-17	72.4
scaffold38896	OTU_0096	43.07	137	65	5	711	1115	3	128	1e-26	99.4
scaffold43033	OTU_0091	44.04	109	56	3	2664	2338	6	109	9e-19	76.3
scaffold43948	OTU_0091	39.39	132	71	4	73	468	6	128	8e-20	79.0
scaffold44051	OTU_0091	38.18	110	61	4	998	1324	6	109	5e-15	65.1
scaffold50091	OTU_0091	42.86	105	59	1	2165	1851	6	109	3e-23	89.0
scaffold50247	OTU_0091	34.38	128	76	3	1949	1566	6	125	5e-13	58.9
scaffold52745	OTU_0091	41.23	114	60	4	821	483	2	109	1e-18	75.5
scaffold53983	OTU_0091	49.04	104	51	2	1117	806	6	107	4e-23	88.6
scaffold53983	OTU_0091	43.27	104	59	0	1623	1934	6	109	3e-22	86.3
scaffold58818	OTU_0091	42.73	110	56	4	1000	674	6	109	1e-18	75.9
scaffold59099	OTU_0091	38.83	103	56	4	2237	2542	6	102	1e-14	63.2
scaffold59526	OTU_0007	33.93	112	59	5	1452	1132	2	103	3e-12	55.8
scaffold59655	OTU_0091	39.34	122	68	4	2186	1833	6	125	5e-17	70.9
scaffold59709	OTU_0068	31.50	127	84	2	1472	1852	5	128	6e-12	55.5
scaffold60455	OTU_0035	33.64	107	51	4	1470	1754	1	99	2e-13	59.3
scaffold62744	OTU_0091	48.08	104	54	0	2154	2465	6	109	4e-27	99.8
scaffold64463	OTU_0091	38.18	110	61	4	131	457	6	109	9e-13	57.8
scaffold73172	OTU_0091	40.62	128	64	5	708	343	6	127	5e-18	73.6
scaffold74020	OTU_0090	51.79	56	26	1	1606	1439	1	55	8e-13	56.2
scaffold74925	OTU_0099	25.50	149	89	3	79	525	1	127	2e-13	59.7
scaffold79674	OTU_0034	43.90	82	41	2	580	825	2	78	4e-17	69.3
scaffold82068	OTU_0034	41.76	91	38	3	866	594	2	77	3e-15	63.9
scaffold82127	OTU_0091	40.30	134	74	1	751	350	1	128	5e-24	90.5
scaffold82825	OTU_0074	62.00	50	19	0	263	114	1	50	6e-16	65.1
scaffold84937	OTU_0091	38.68	106	58	4	5	319	8	107	2e-15	65.5
scaffold86999	OTU_0091	41.07	112	60	4	3	326	17	126	2e-18	73.9
scaffold88616	OTU_0091	38.32	107	59	4	323	6	2	102	3e-14	62.0
scaffold90243	OTU_0091	39.82	113	55	4	801	1127	6	109	5e-16	67.4
scaffold91372	OTU_0057	61.40	57	22	0	446	276	1	57	4e-26	75.5
scaffold91372	OTU_0057	43.10	58	27	2	234	61	72	123	4e-26	49.7
scaffold92004	OTU_0091	43.64	110	55	4	190	516	6	109	2e-19	77.4
scaffold92506	OTU_0057	37.98	129	71	4	995	1381	1	120	8e-21	81.3
scaffold97679	OTU_0096	31.75	126	83	2	1564	1193	6	130	2e-15	65.5
scaffold97806	OTU_0091	35.48	124	75	3	1085	1444	6	128	1e-12	57.4
scaffold98278	OTU_0096	33.06	121	72	3	1743	1399	4	121	1e-15	65.9
scaffold101412	OTU_0091	44.04	109	56	3	1334	1008	6	109	7e-22	84.0
scaffold102682	OTU_0091	40.71	113	60	4	621	956	6	112	3e-16	67.8
scaffold104985	OTU_0099	38.76	129	63	6	946	590	3	125	3e-18	73.6
scaffold107268	OTU_0091	44.71	85	45	2	256	2	3	85	1e-16	68.9
scaffold110641	OTU_0091	39.29	112	63	3	291	626	6	112	5e-19	75.9
scaffold111451	OTU_0091	47.29	129	62	1	1643	1257	6	128	1e-30	  108
scaffold116774	OTU_0091	37.10	124	71	5	58	417	8	128	6e-19	75.5
scaffold119168	OTU_0091	35.56	135	74	5	664	1065	6	128	1e-16	68.9
scaffold125363	OTU_0068	40.44	136	68	4	297	698	2	126	4e-26	95.9
scaffold128355	OTU_0096	45.76	59	26	1	1659	1483	76	128	3e-13	58.5
scaffold130393	OTU_0096	35.00	120	71	3	703	359	4	121	1e-16	68.6
scaffold133838	OTU_0091	41.82	110	59	3	399	728	6	110	3e-20	79.0
scaffold135565	OTU_0070	35.48	124	72	5	883	1248	1	118	5e-15	63.9
scaffold142756	OTU_0091	37.60	125	72	4	1077	715	6	128	1e-20	79.7
scaffold161508	OTU_0096	32.80	125	77	4	519	881	4	125	7e-18	72.0
scaffold168296	OTU_0091	47.29	129	62	1	1056	670	6	128	8e-33	  113
scaffold171837	OTU_0091	40.91	110	58	4	869	1195	6	109	7e-18	71.6
scaffold172614	OTU_0091	38.89	126	71	4	536	171	3	126	1e-18	73.6
scaffold173478	OTU_0099	36.92	130	75	5	451	74	1	127	1e-20	79.7
scaffold180777	OTU_0008	44.30	79	43	1	514	278	1	78	2e-15	64.3
scaffold181731	OTU_0099	33.33	96	58	4	1	276	32	125	1e-13	59.3
scaffold196995	OTU_0091	38.05	113	57	4	749	423	6	109	3e-15	63.9
scaffold197813	OTU_0047	40.20	102	54	5	1223	930	1	99	6e-16	65.5
scaffold199089	OTU_0008	40.40	99	53	4	348	52	1	93	7e-14	59.3
scaffold207159	OTU_0091	37.27	110	62	4	410	736	6	109	3e-16	67.0
scaffold211677	OTU_0047	36.19	105	54	3	379	672	1	99	1e-15	64.3
scaffold212099	OTU_0091	48.87	133	61	1	503	901	3	128	3e-32	  111
scaffold212376	OTU_0091	38.32	107	61	3	498	178	6	107	2e-16	67.4
scaffold213922	OTU_0091	43.01	93	48	3	296	18	6	93	3e-16	66.6
scaffold214653	OTU_0091	45.45	121	60	4	105	455	4	122	3e-25	91.7
scaffold223227	OTU_0091	34.88	86	49	4	1238	984	31	110	2e-11	52.4
scaffold233293	OTU_0091	36.92	130	76	4	389	766	1	128	2e-19	75.9
scaffold234860	OTU_0099	30.00	130	84	4	761	1138	1	127	3e-15	63.5
scaffold235042	OTU_0091	42.50	120	55	5	1012	665	1	110	4e-22	83.2
scaffold239123	OTU_0091	35.51	138	70	5	1024	623	6	128	5e-19	74.3
scaffold241566	OTU_0057	34.82	112	71	2	1197	865	10	120	4e-15	63.2
scaffold246653	OTU_0099	31.97	122	75	4	555	208	3	122	3e-12	54.7
scaffold254070	OTU_0091	38.52	122	68	4	750	1100	6	125	1e-20	78.6
scaffold261384	OTU_0096	28.24	131	87	4	593	973	4	131	8e-14	59.3
scaffold265893	OTU_0091	43.90	123	64	1	804	436	8	125	2e-30	  105
scaffold271568	OTU_0096	35.11	131	76	3	785	408	3	129	8e-16	65.1
scaffold273138	OTU_0057	39.53	129	69	3	661	1047	1	120	2e-27	96.7
scaffold274929	OTU_0091	49.25	134	62	1	590	991	1	128	6e-35	  118
scaffold277034	OTU_0008	39.22	102	58	2	508	804	1	101	9e-17	67.0
scaffold278331	OTU_0091	44.23	104	58	0	780	1091	3	106	3e-27	96.7
scaffold283695	OTU_0091	34.91	106	62	3	459	151	6	107	2e-12	55.1
scaffold287550	OTU_0091	40.54	74	39	3	1091	882	56	128	7e-11	50.4
scaffold299530	OTU_0008	36.27	102	59	2	435	725	1	101	3e-16	65.5
scaffold301374	OTU_0091	41.12	107	58	3	440	760	6	107	1e-19	75.5
scaffold301685	OTU_0099	37.88	132	75	5	609	998	1	127	5e-21	79.3
scaffold301760	OTU_0008	37.97	79	48	1	1040	804	27	104	4e-13	56.6
scaffold301811	OTU_0034	41.18	85	41	2	551	297	2	77	1e-13	57.8
scaffold312984	OTU_0091	36.43	129	78	3	1036	659	1	128	5e-19	73.6
scaffold313194	OTU_0098	61.11	36	14	0	121	14	1	36	4e-12	52.8
scaffold314405	OTU_0096	42.55	94	51	2	747	1028	3	93	9e-20	75.9
scaffold314749	OTU_0036	38.32	107	59	3	660	349	3	105	3e-18	70.9
scaffold317261	OTU_0096	32.06	131	80	3	495	118	3	129	3e-16	66.2
scaffold320944	OTU_0096	35.29	136	71	5	511	909	5	126	1e-13	58.5
scaffold331750	OTU_0008	56.90	58	24	1	192	19	1	57	1e-16	66.6
scaffold332835	OTU_0091	50.00	132	60	1	496	101	3	128	8e-38	  125
scaffold344534	OTU_0007	39.81	108	58	4	693	373	2	103	2e-17	68.6
scaffold347391	OTU_0057	42.25	71	35	1	983	771	53	117	5e-13	56.2
scaffold350586	OTU_0091	41.28	109	59	3	513	187	6	109	3e-20	76.6
scaffold361189	OTU_0047	39.60	101	56	5	759	466	1	99	9e-15	60.8
scaffold362062	OTU_0049	65.45	55	19	0	183	19	1	55	8e-22	79.0
scaffold363275	OTU_0091	40.59	101	55	3	305	3	6	101	2e-15	63.2
scaffold365961	OTU_0091	43.40	106	54	4	476	171	4	107	4e-19	73.6
scaffold375059	OTU_0091	38.94	113	56	4	1	327	6	109	4e-17	68.2
scaffold379418	OTU_0070	41.73	127	65	3	383	3	1	118	1e-28	99.8
scaffold382344	OTU_0020	40.74	81	43	3	629	387	4	79	4e-14	58.9
scaffold385920	OTU_0091	42.06	126	65	5	460	98	4	126	2e-22	82.4
scaffold388160	OTU_0070	41.67	120	64	1	566	925	1	114	3e-28	98.6
scaffold393082	OTU_0091	39.09	110	60	4	880	554	6	109	3e-17	67.8
scaffold400350	OTU_0096	41.22	131	70	2	581	192	6	130	3e-30	  104
scaffold404889	OTU_0091	43.96	91	45	1	2	274	44	128	4e-20	75.9
scaffold404889	OTU_0091	31.25	112	70	2	403	738	22	126	1e-17	58.2
scaffold404889	OTU_0091	68.00	25	8	0	356	430	6	30	1e-17	37.4
scaffold409649	OTU_0096	39.26	135	71	4	389	790	3	127	5e-26	92.4
scaffold420043	OTU_0008	38.89	108	50	3	514	218	1	101	9e-19	71.2
scaffold420049	OTU_0091	42.20	109	58	3	435	761	6	109	2e-17	68.6
scaffold421506	OTU_0091	39.25	107	60	3	346	666	6	107	7e-19	72.4
scaffold428942	OTU_0096	29.69	128	84	2	313	681	4	130	4e-14	59.3
scaffold446080	OTU_0047	36.45	107	59	3	71	385	1	100	3e-13	56.2
scaffold462908	OTU_0091	44.86	107	54	3	778	458	6	107	5e-23	83.6
scaffold489577	OTU_0070	42.05	88	46	2	488	228	1	84	5e-14	58.5
scaffold492290	OTU_0091	42.06	107	57	3	163	483	8	109	4e-20	75.5
scaffold499391	OTU_0091	37.84	111	62	4	534	205	6	110	5e-18	69.3
scaffold509938	OTU_0057	31.11	135	81	4	42	446	1	123	1e-13	57.4
scaffold516112	OTU_0091	43.12	109	57	3	439	113	6	109	4e-22	80.9
scaffold519355	OTU_0091	43.12	109	57	3	714	388	6	109	4e-19	72.4
scaffold520297	OTU_0091	44.25	113	52	5	4	333	6	110	8e-23	83.2
scaffold522628	OTU_0096	41.54	65	32	1	783	589	71	129	1e-13	57.0
scaffold525598	OTU_0028	49.06	53	26	1	613	771	1	52	8e-13	53.5
scaffold526667	OTU_0068	36.71	79	49	1	241	5	3	80	4e-12	53.1
scaffold529250	OTU_0036	47.17	106	53	2	783	466	4	106	3e-30	  103
scaffold533493	OTU_0047	33.66	101	64	2	509	210	1	99	3e-13	55.8
scaffold535340	OTU_0036	40.00	90	49	2	300	566	3	88	2e-13	56.6
scaffold543009	OTU_0008	38.24	102	57	2	449	739	1	101	1e-17	67.8
scaffold548874	OTU_0091	43.24	111	56	4	365	694	6	110	2e-19	73.2
scaffold552764	OTU_0091	40.71	113	54	4	507	181	6	109	2e-20	76.3
scaffold565757	OTU_0028	56.60	53	22	1	176	18	1	52	2e-15	60.5
scaffold565816	OTU_0091	35.71	126	74	2	380	3	3	121	3e-19	72.8
scaffold566169	OTU_0091	42.86	105	60	0	410	724	2	106	4e-24	86.7
scaffold569106	OTU_0057	44.96	129	65	1	333	719	1	123	5e-36	  118
scaffold570920	OTU_0047	42.16	102	50	5	658	374	1	100	7e-12	51.6
scaffold574903	OTU_0099	38.89	126	69	5	377	736	2	125	4e-23	84.0
scaffold577336	OTU_0091	35.45	110	66	3	474	145	6	110	1e-11	51.6
scaffold588017	OTU_0034	34.94	83	47	2	291	43	2	77	7e-14	57.0
scaffold597908	OTU_0091	38.53	109	62	3	407	733	6	109	2e-17	67.8
scaffold605217	OTU_0068	37.86	103	57	4	425	727	5	102	2e-16	64.3
scaffold614107	OTU_0047	39.05	105	57	4	367	675	1	100	9e-16	62.4
scaffold627768	OTU_0091	39.17	120	59	5	320	667	1	110	2e-20	75.9
scaffold634191	OTU_0091	42.06	126	65	5	146	508	4	126	1e-23	85.1
scaffold640523	OTU_0068	31.40	121	81	2	344	703	5	124	6e-16	63.2
scaffold673785	OTU_0034	50.82	61	29	1	500	682	2	61	7e-15	59.3
scaffold684825	OTU_0099	33.09	136	76	6	585	196	1	127	1e-20	76.6
scaffold691574	OTU_0091	41.35	104	59	2	365	676	2	103	2e-22	81.3
scaffold702331	OTU_0091	42.27	97	47	4	383	667	6	95	2e-16	64.7
scaffold710786	OTU_0091	40.71	113	54	4	150	476	6	109	8e-18	68.2
scaffold712568	OTU_0047	39.25	107	56	4	83	397	1	100	1e-13	55.8
scaffold722134	OTU_0099	37.50	96	54	4	661	386	33	126	6e-16	62.8
scaffold723033	OTU_0091	45.19	135	64	2	105	503	2	128	7e-29	99.0
scaffold723773	OTU_0091	36.15	130	72	4	1	390	10	128	7e-20	74.3
scaffold726019	OTU_0008	44.30	79	43	1	239	3	1	78	7e-16	62.0
scaffold731534	OTU_0091	35.82	134	75	4	12	413	6	128	4e-18	68.9
scaffold742400	OTU_0008	46.15	104	50	4	248	547	1	102	5e-23	82.4
scaffold749705	OTU_0074	81.40	43	7	1	132	4	1	42	1e-21	77.4
scaffold758410	OTU_0047	39.22	102	55	5	304	11	1	99	5e-15	59.7
scaffold769473	OTU_0036	36.47	85	47	3	59	313	4	81	2e-11	49.7
scaffold772162	OTU_0091	37.98	129	72	5	167	538	3	128	7e-20	73.9
scaffold774092	OTU_0033	46.55	58	30	1	447	620	1	57	2e-14	57.0
scaffold775197	OTU_0049	49.09	55	28	0	609	445	1	55	3e-14	56.6
scaffold781542	OTU_0091	48.08	104	54	0	311	622	3	106	2e-31	  105
scaffold782431	OTU_0099	33.06	124	77	3	377	21	3	125	8e-20	73.9
scaffold789770	OTU_0057	34.96	123	73	4	603	241	1	118	4e-22	80.1
scaffold789852	OTU_0019	51.85	54	26	0	250	89	1	54	7e-17	63.9
scaffold793771	OTU_0057	44.96	129	65	1	496	110	1	123	4e-35	  114
scaffold803189	OTU_0049	54.72	53	23	1	130	288	1	52	3e-14	56.6
scaffold811977	OTU_0034	44.05	84	42	2	261	13	2	81	2e-14	57.8
scaffold833703	OTU_0091	45.90	61	32	1	429	611	2	61	6e-12	51.2
scaffold839202	OTU_0057	61.36	88	34	0	283	20	1	88	8e-36	  116
scaffold841278	OTU_0091	40.35	114	55	4	570	241	6	110	3e-18	69.3
scaffold847580	OTU_0057	33.61	122	75	4	511	158	1	120	4e-19	71.6
scaffold854364	OTU_0091	39.82	113	63	3	200	538	2	109	7e-20	73.9
scaffold854795	OTU_0091	46.32	95	46	1	291	7	6	95	8e-22	79.3
scaffold861213	OTU_0091	37.19	121	71	3	493	143	6	125	1e-15	61.6
scaffold876005	OTU_0070	46.08	102	55	0	273	578	1	102	2e-29	99.8
scaffold877468	OTU_0091	36.36	121	75	2	117	476	6	125	2e-17	67.4
scaffold887248	OTU_0091	31.25	144	77	4	472	41	6	127	2e-12	52.8
scaffold892250	OTU_0099	29.37	143	79	4	9	437	5	125	4e-14	57.4
scaffold900711	OTU_0047	40.62	96	50	4	581	300	9	99	1e-13	55.5
scaffold907320	OTU_0034	43.75	80	45	0	60	299	2	81	6e-16	61.6
scaffold908125	OTU_0091	42.11	76	41	2	337	558	2	76	1e-12	53.1
scaffold918469	OTU_0091	44.35	124	63	1	514	143	11	128	5e-30	  101
scaffold927471	OTU_0031	50.91	55	26	1	385	549	1	54	1e-15	60.1
scaffold933089	OTU_0091	41.30	92	49	3	290	24	4	93	7e-16	62.4
scaffold982528	OTU_0070	31.75	126	61	4	119	496	1	101	2e-16	63.5
scaffold986063	OTU_0057	31.20	125	77	5	176	529	1	123	2e-11	49.7
scaffold1005130	OTU_0034	42.50	80	46	0	321	82	2	81	6e-16	61.6
scaffold1020288	OTU_0057	39.53	86	49	2	536	285	39	123	2e-18	69.3
scaffold1045946	OTU_0008	35.64	101	64	1	237	539	1	100	2e-15	60.5
scaffold1074584	OTU_0057	37.84	111	62	4	97	426	1	105	2e-18	69.3
scaffold1074676	OTU_0091	41.09	129	70	4	2	376	2	128	1e-24	86.7
scaffold1076287	OTU_0049	62.75	51	19	0	377	529	1	51	9e-19	68.6
scaffold1089861	OTU_0049	67.27	55	18	0	173	9	1	55	6e-23	80.1
scaffold1090099	OTU_0036	45.37	108	56	3	146	469	2	106	6e-29	97.4
scaffold1095490	OTU_0091	45.19	104	57	0	526	215	4	107	6e-26	89.7
scaffold1115112	OTU_0074	64.15	53	19	0	361	519	1	53	2e-19	70.5
scaffold1115959	OTU_0049	76.32	38	9	0	123	10	1	38	6e-17	63.5
scaffold1140710	OTU_0091	38.78	98	49	5	3	287	20	109	6e-14	56.2
scaffold1146864	OTU_0091	45.52	134	58	5	54	443	6	128	3e-32	  106
scaffold1154128	OTU_0068	37.04	135	68	5	21	416	5	125	3e-15	60.1
scaffold1158368	OTU_0091	48.84	129	60	1	6	392	6	128	2e-39	  124
scaffold1159888	OTU_0091	43.93	107	55	3	55	375	6	107	3e-22	79.7
scaffold1163432	OTU_0091	38.10	105	65	0	193	507	2	106	1e-21	78.6
scaffold1165891	OTU_0091	49.04	104	53	0	198	509	6	109	6e-32	  105
scaffold1174420	OTU_0098	50.91	55	26	1	363	199	1	54	4e-15	58.2
scaffold1220356	OTU_0036	26.42	106	77	1	322	5	1	105	3e-13	54.3
scaffold1230167	OTU_0096	38.14	118	67	4	342	1	6	121	7e-21	75.9
scaffold1237295	OTU_0091	37.50	104	60	3	490	179	11	109	2e-11	49.3
scaffold1242243	OTU_0091	39.29	84	47	2	234	485	6	85	2e-13	54.7
scaffold1247223	OTU_0096	39.66	116	61	4	3	350	19	125	1e-19	72.4
scaffold1248563	OTU_0070	39.23	130	72	2	36	425	1	123	1e-29	99.0
scaffold1273761	OTU_0091	44.64	112	59	3	448	113	2	110	2e-24	85.5
scaffold1278434	OTU_0096	32.76	116	62	5	383	36	2	101	7e-14	56.2
scaffold1303081	OTU_0096	30.00	80	53	2	2	235	50	128	3e-11	48.5
scaffold1317699	OTU_0099	28.21	117	78	2	474	139	10	125	2e-12	52.0
scaffold1332153	OTU_0091	46.60	103	54	1	319	11	6	107	1e-27	94.0
