scaffold00040	OTU_0099	28.89	135	87	3	30328	30729	1	127	8e-12	60.8
scaffold00046	OTU_0091	42.20	109	58	3	47490	47816	6	109	4e-16	73.6
scaffold00065	OTU_0091	40.91	110	58	4	61578	61904	6	109	3e-15	70.9
scaffold00200	OTU_0091	40.37	109	60	3	11735	11409	6	109	4e-14	66.2
scaffold00204	OTU_0091	38.94	113	56	4	33231	33557	6	109	7e-16	71.6
scaffold00215	OTU_0091	46.03	126	62	1	4133	4510	6	125	5e-28	  107
scaffold00252	OTU_0091	47.33	131	62	3	19245	19631	3	128	4e-25	98.6
scaffold00426	OTU_0091	48.48	132	62	1	22201	21806	3	128	5e-34	  124
scaffold00430	OTU_0068	34.11	129	78	3	9846	9469	5	129	1e-16	73.2
scaffold00451	OTU_0047	47.50	80	36	2	16052	15813	1	74	2e-15	68.9
scaffold00779	OTU_0070	40.16	122	67	4	7968	7615	1	120	5e-19	79.7
scaffold00847	OTU_0091	44.04	109	56	3	3263	2937	6	109	2e-17	74.7
scaffold01383	OTU_0091	39.17	120	59	5	2871	3218	1	110	2e-17	74.7
scaffold01503	OTU_0091	34.96	123	77	3	20	385	8	128	2e-17	74.3
scaffold01803	OTU_0096	39.42	137	70	5	7345	6941	1	126	1e-23	92.4
scaffold02491	OTU_0091	31.01	129	87	2	4553	4170	1	128	1e-19	80.5
scaffold02809	OTU_0032	63.83	47	16	1	7116	7256	1	46	2e-12	57.8
scaffold03045	OTU_0091	41.28	109	59	3	4971	4645	6	109	5e-17	72.8
scaffold03420	OTU_0091	38.74	111	61	4	4865	4533	6	109	4e-14	63.9
scaffold05036	OTU_0091	34.88	129	76	3	4951	4565	6	126	2e-12	58.5
scaffold05220	OTU_0047	43.24	74	31	1	6931	6743	1	74	4e-13	60.1
scaffold05964	OTU_0091	43.08	130	66	3	1019	1405	6	128	2e-23	90.9
scaffold06333	OTU_0091	38.18	110	61	4	808	1134	6	109	1e-13	62.0
scaffold06536	OTU_0047	44.09	93	47	3	3066	3344	1	88	2e-14	63.5
scaffold07819	OTU_0091	39.06	128	66	5	3960	3595	6	127	5e-17	72.0
scaffold08620	OTU_0091	39.20	125	70	4	3824	4186	6	128	8e-20	80.5
scaffold09626	OTU_0008	35.29	102	60	2	3737	3447	1	101	4e-15	65.9
scaffold10301	OTU_0091	34.15	123	75	4	2732	2376	8	128	2e-16	70.1
scaffold12213	OTU_0057	35.04	117	74	2	2750	3097	1	116	8e-18	73.9
scaffold12303	OTU_0091	42.75	131	67	3	3980	3588	6	128	5e-22	86.3
scaffold12808	OTU_0049	50.91	55	27	0	4084	3920	1	55	7e-13	57.8
scaffold13745	OTU_0091	48.12	133	63	1	2564	2166	2	128	2e-32	  116
scaffold14045	OTU_0091	44.95	109	55	3	3368	3042	6	109	2e-14	63.9
scaffold15103	OTU_0091	53.73	134	56	1	2156	2557	1	128	4e-41	  141
scaffold16161	OTU_0091	44.87	78	43	0	4165	3932	32	109	1e-18	75.9
scaffold16321	OTU_0091	53.41	88	41	0	275	12	6	93	2e-24	93.2
scaffold16928	OTU_0037	48.28	58	29	1	2411	2584	1	57	9e-12	54.3
scaffold17606	OTU_0091	47.71	109	52	3	3553	3227	6	109	2e-22	87.4
scaffold17606	OTU_0091	40.37	109	60	3	2987	2661	6	109	1e-13	61.6
scaffold17839	OTU_0091	50.39	129	58	1	2307	1921	3	125	2e-37	  130
scaffold18077	OTU_0091	45.56	90	44	3	3578	3318	6	93	5e-15	65.5
scaffold18315	OTU_0091	41.82	110	57	4	2193	1867	6	109	6e-17	71.2
scaffold21628	OTU_0091	40.30	134	74	1	528	127	1	128	2e-23	90.1
scaffold21987	OTU_0035	48.08	104	49	3	390	82	1	100	1e-24	92.4
scaffold22434	OTU_0091	35.82	134	75	4	1979	2380	6	128	9e-17	70.5
scaffold23550	OTU_0091	42.19	128	66	5	570	938	4	128	2e-20	81.6
scaffold24622	OTU_0053	50.91	55	27	0	3218	3382	1	55	3e-11	52.8
scaffold25666	OTU_0099	34.38	128	79	3	2288	2659	1	127	2e-15	66.6
scaffold25922	OTU_0091	37.04	135	72	5	412	813	6	128	1e-16	70.1
scaffold28617	OTU_0091	37.96	108	60	4	1956	1636	6	107	2e-16	69.3
scaffold29746	OTU_0008	37.14	105	55	3	337	630	1	101	9e-15	63.9
scaffold30502	OTU_0091	48.46	130	61	1	333	722	3	126	8e-28	  102
scaffold30869	OTU_0091	37.38	107	62	3	349	657	6	111	3e-14	62.8
scaffold31504	OTU_0091	43.27	104	59	0	265	576	6	109	3e-21	83.6
scaffold31854	OTU_0091	35.51	138	70	5	1952	2353	6	128	4e-18	74.3
scaffold40458	OTU_0070	49.14	116	57	1	851	510	1	116	2e-34	  120
scaffold42348	OTU_0091	43.86	114	56	5	2234	2572	1	107	2e-20	80.9
scaffold43804	OTU_0096	37.01	127	76	3	2041	1667	4	128	7e-16	67.4
scaffold44392	OTU_0091	40.94	127	67	5	1429	1064	3	126	6e-20	79.3
scaffold49751	OTU_0091	44.34	106	54	3	652	335	6	106	1e-20	81.3
scaffold53685	OTU_0091	35.44	79	49	2	969	1205	5	81	1e-10	51.6
scaffold57426	OTU_0091	43.93	107	55	3	1374	1694	6	107	5e-21	82.0
scaffold58660	OTU_0091	41.38	116	60	5	1530	1186	1	109	2e-17	71.2
scaffold63427	OTU_0091	38.21	123	70	4	103	459	6	126	6e-18	73.2
scaffold66482	OTU_0091	38.53	109	62	3	1175	1501	6	109	4e-16	67.8
scaffold66735	OTU_0091	45.19	104	51	4	1178	1477	6	107	2e-18	73.9
scaffold80408	OTU_0008	37.04	108	52	3	1629	1333	1	101	4e-16	67.0
scaffold82146	OTU_0091	42.86	105	59	1	1327	1013	6	109	2e-22	85.5
scaffold84323	OTU_0070	41.09	129	70	1	1328	942	1	123	6e-29	  103
scaffold89066	OTU_0096	51.54	130	57	1	1383	1772	3	126	2e-38	  130
scaffold94865	OTU_0099	37.10	124	72	3	492	848	3	125	1e-18	74.7
scaffold96511	OTU_0047	39.60	101	52	5	1355	1074	1	99	2e-13	58.5
scaffold96621	OTU_0091	47.29	129	59	4	1354	1731	3	125	3e-29	  104
scaffold103226	OTU_0096	37.21	129	75	4	1305	1679	2	128	1e-16	68.6
scaffold104452	OTU_0091	36.29	124	74	3	1401	1042	6	128	2e-17	71.2
scaffold105294	OTU_0091	38.21	123	70	4	1021	1377	6	126	8e-19	74.7
scaffold106431	OTU_0091	43.36	113	51	4	917	591	6	109	8e-19	74.7
scaffold114877	OTU_0068	32.31	130	78	3	1117	1503	5	125	2e-13	58.5
scaffold116353	OTU_0091	49.62	133	61	1	627	1025	1	127	4e-32	  112
scaffold120641	OTU_0091	42.34	111	57	4	1321	992	6	110	1e-17	71.6
scaffold121414	OTU_0091	37.12	132	68	4	1285	890	6	122	3e-19	75.9
scaffold121635	OTU_0057	49.61	129	59	1	992	1378	1	123	1e-37	  127
scaffold122913	OTU_0091	39.10	133	75	2	1073	675	2	128	2e-25	93.6
scaffold125078	OTU_0057	31.62	117	69	3	1181	1513	1	112	4e-12	54.7
scaffold127516	OTU_0091	34.81	135	75	5	94	495	6	128	2e-17	70.5
scaffold129636	OTU_0036	38.55	83	50	1	321	73	1	82	4e-16	66.2
scaffold140640	OTU_0091	39.81	108	58	4	228	548	6	107	9e-17	68.6
scaffold146616	OTU_0091	37.50	128	68	5	809	444	6	127	2e-16	67.8
scaffold149284	OTU_0091	46.15	104	56	0	139	450	6	109	7e-26	94.0
scaffold149284	OTU_0091	39.20	125	70	4	809	1171	4	126	2e-21	82.0
scaffold149704	OTU_0091	39.45	109	61	3	414	88	6	109	5e-18	72.0
scaffold150278	OTU_0034	45.16	62	34	0	616	431	2	63	2e-12	54.7
scaffold152742	OTU_0091	41.88	117	61	2	1375	1025	19	128	2e-21	81.6
scaffold153697	OTU_0070	45.74	129	64	1	793	407	1	123	1e-34	  117
scaffold154401	OTU_0091	38.18	110	61	4	711	1037	6	109	8e-15	62.8
scaffold162773	OTU_0099	32.26	124	75	5	445	95	4	125	3e-13	57.8
scaffold165399	OTU_0049	49.09	55	28	0	276	440	1	55	8e-13	55.5
scaffold171751	OTU_0091	39.32	117	63	5	303	650	1	110	3e-18	72.4
scaffold171763	OTU_0096	37.70	122	59	4	204	533	4	120	2e-16	67.4
scaffold172269	OTU_0096	30.53	131	88	2	1192	800	2	129	3e-13	58.2
scaffold183881	OTU_0091	40.66	91	47	4	270	1	6	90	5e-13	57.0
scaffold185242	OTU_0070	41.74	115	65	2	683	1027	1	113	2e-25	92.4
scaffold191548	OTU_0091	36.59	123	71	5	95	451	6	125	2e-16	67.0
scaffold199035	OTU_0036	38.27	81	46	3	335	96	3	80	4e-11	51.2
scaffold215194	OTU_0091	42.20	109	58	3	180	506	6	109	1e-18	73.2
scaffold215872	OTU_0091	39.64	111	60	4	344	15	6	110	1e-17	70.1
scaffold227025	OTU_0047	34.65	101	64	2	6	308	1	99	2e-11	52.0
scaffold229990	OTU_0036	47.66	107	56	0	355	35	2	108	1e-31	  108
scaffold232090	OTU_0091	52.29	109	52	0	329	3	1	109	1e-35	  119
scaffold236575	OTU_0099	36.05	86	50	3	1079	834	41	125	3e-13	57.4
scaffold239421	OTU_0070	30.60	134	82	4	186	587	1	123	5e-13	56.6
scaffold242097	OTU_0091	41.82	110	57	4	1034	708	6	109	7e-18	70.9
scaffold245924	OTU_0099	36.36	121	72	2	689	1039	3	122	4e-20	76.6
scaffold254715	OTU_0091	41.12	107	58	3	525	205	6	107	1e-13	58.2
scaffold255112	OTU_0008	37.08	89	48	3	887	621	1	81	2e-12	54.7
scaffold255259	OTU_0057	48.84	129	57	1	626	240	1	120	2e-39	  129
scaffold255259	OTU_0057	51.79	56	26	1	173	6	1	55	6e-13	56.2
scaffold257474	OTU_0070	42.06	126	59	6	809	456	1	120	2e-23	85.5
scaffold258955	OTU_0091	47.71	109	55	2	874	548	6	112	3e-25	90.9
scaffold268348	OTU_0091	40.00	110	59	4	789	463	6	109	5e-16	65.1
scaffold268999	OTU_0091	39.83	118	64	3	411	746	3	119	2e-21	80.1
scaffold271343	OTU_0091	48.46	130	61	1	474	863	3	126	3e-35	  118
scaffold271605	OTU_0049	80.00	55	11	0	226	62	1	55	4e-27	94.0
scaffold271628	OTU_0091	42.72	103	58	1	447	139	6	107	4e-21	79.3
scaffold273198	OTU_0091	37.50	128	68	5	872	507	6	127	3e-16	65.9
scaffold275103	OTU_0091	41.28	109	59	3	644	318	6	109	1e-17	69.7
scaffold282279	OTU_0091	42.99	107	55	4	229	537	3	107	6e-20	75.9
scaffold283781	OTU_0096	31.20	125	77	5	634	987	6	128	3e-14	60.1
scaffold284922	OTU_0028	52.83	53	24	1	190	32	1	52	7e-15	60.1
scaffold290773	OTU_0099	30.00	130	84	4	2	379	1	127	1e-16	66.6
scaffold291442	OTU_0035	41.46	82	39	4	253	11	13	86	2e-11	51.6
scaffold291465	OTU_0091	44.26	61	33	1	192	374	9	68	3e-11	51.2
scaffold293313	OTU_0091	42.20	109	58	3	702	376	6	109	2e-21	80.1
scaffold303776	OTU_0091	35.51	138	70	5	152	553	6	128	2e-20	76.6
scaffold317626	OTU_0091	40.60	133	73	1	418	816	2	128	1e-25	91.7
scaffold322739	OTU_0091	41.59	113	53	4	288	614	6	109	1e-17	69.3
scaffold332773	OTU_0096	33.33	132	82	1	818	423	3	128	4e-17	67.8
scaffold339613	OTU_0007	38.82	85	37	1	648	902	2	71	1e-16	65.9
scaffold341364	OTU_0091	46.83	126	61	1	900	523	9	128	2e-33	  113
scaffold344206	OTU_0091	35.82	134	75	4	342	743	6	128	3e-19	73.6
scaffold344486	OTU_0091	58.00	100	42	0	596	895	1	100	1e-36	  121
scaffold355437	OTU_0036	35.19	108	63	4	206	517	1	105	3e-16	65.1
scaffold357450	OTU_0091	42.34	111	57	4	417	88	6	110	2e-19	73.9
scaffold363829	OTU_0091	49.04	104	53	0	548	859	6	109	1e-29	  102
scaffold364524	OTU_0091	38.94	113	56	4	413	739	6	109	2e-17	68.2
scaffold368292	OTU_0091	46.67	105	55	1	591	277	6	109	2e-25	90.5
scaffold369522	OTU_0091	47.66	107	50	3	531	848	6	107	2e-27	96.3
scaffold369522	OTU_0091	36.84	95	54	1	2	286	38	126	4e-18	70.1
scaffold370655	OTU_0091	41.28	109	59	3	132	458	6	109	5e-19	72.4
scaffold373316	OTU_0091	41.28	109	59	3	371	45	6	109	2e-18	70.9
scaffold374958	OTU_0091	39.34	122	68	4	230	583	6	125	1e-21	80.1
scaffold378433	OTU_0096	34.65	127	79	3	478	852	1	125	2e-18	70.9
scaffold381110	OTU_0091	42.73	110	56	4	212	538	6	109	2e-19	73.6
scaffold402371	OTU_0091	37.14	105	59	4	314	3	6	104	4e-14	58.9
scaffold404115	OTU_0096	35.88	131	78	4	725	345	2	130	7e-23	83.6
scaffold406388	OTU_0091	51.38	109	53	0	539	213	1	109	4e-32	  108
scaffold407340	OTU_0047	37.38	107	58	4	231	545	1	100	6e-13	55.1
scaffold409903	OTU_0091	41.51	106	57	3	447	764	6	106	2e-18	70.9
scaffold411436	OTU_0099	41.35	104	59	2	310	2	1	103	1e-20	77.0
scaffold411600	OTU_0091	41.23	114	62	3	395	736	2	110	7e-20	74.7
scaffold414086	OTU_0096	38.17	131	68	4	238	606	3	128	4e-21	78.2
scaffold414757	OTU_0099	30.71	127	83	3	423	794	3	127	9e-15	60.5
scaffold446040	OTU_0036	42.71	96	55	0	494	781	1	96	1e-23	84.7
scaffold458407	OTU_0049	49.02	51	25	1	200	48	1	50	3e-12	52.4
scaffold462942	OTU_0091	36.29	124	74	3	290	649	6	128	1e-19	73.9
scaffold464946	OTU_0070	32.50	120	76	3	415	765	1	118	6e-13	55.1
scaffold465861	OTU_0070	41.28	109	55	3	760	434	21	120	3e-20	75.5
scaffold471384	OTU_0008	63.64	55	20	0	4	168	31	85	1e-18	70.5
scaffold496786	OTU_0096	51.38	109	53	0	326	652	1	109	7e-38	  123
scaffold496787	OTU_0091	42.31	104	45	4	84	365	6	104	6e-15	60.5
scaffold497860	OTU_0070	40.77	130	66	4	214	600	1	120	3e-31	  105
scaffold525197	OTU_0091	52.29	109	52	0	285	611	1	109	4e-34	  113
scaffold534264	OTU_0099	36.22	127	70	4	140	505	2	122	3e-24	86.7
scaffold542784	OTU_0091	39.45	109	61	3	377	703	6	109	3e-19	72.4
scaffold551639	OTU_0034	44.44	81	43	2	625	386	2	81	1e-14	58.5
scaffold556852	OTU_0070	37.30	126	73	1	544	167	1	120	7e-25	88.2
scaffold571231	OTU_0091	40.00	125	67	5	452	93	4	125	3e-17	66.6
scaffold572351	OTU_0096	37.37	99	49	3	2	277	36	128	1e-15	62.0
scaffold576511	OTU_0091	49.41	85	43	0	257	3	1	85	6e-21	77.4
scaffold577863	OTU_0091	40.71	113	54	4	234	560	6	109	1e-19	73.9
scaffold578851	OTU_0091	38.30	94	51	4	397	675	6	93	2e-12	53.1
scaffold587735	OTU_0091	43.18	132	71	1	136	531	1	128	1e-31	  106
scaffold590776	OTU_0091	40.37	109	60	3	289	615	6	109	3e-18	69.3
scaffold612553	OTU_0091	39.53	129	42	2	293	589	6	128	3e-24	86.3
scaffold612869	OTU_0036	26.61	124	65	2	391	20	1	98	7e-12	51.2
scaffold621257	OTU_0091	40.74	81	44	2	245	3	6	82	4e-11	49.7
scaffold626803	OTU_0096	36.14	83	47	1	1	249	54	130	2e-11	50.8
scaffold634884	OTU_0091	44.44	90	45	3	287	27	6	93	3e-19	72.4
scaffold636342	OTU_0091	48.09	131	59	3	33	422	6	128	1e-34	  113
scaffold643267	OTU_0091	53.19	94	44	0	282	1	6	99	3e-27	94.7
scaffold655730	OTU_0091	37.38	107	52	5	328	636	6	101	2e-15	61.2
scaffold656751	OTU_0049	70.91	55	16	0	420	584	1	55	8e-26	88.6
scaffold658935	OTU_0099	34.68	124	76	2	86	445	3	125	4e-20	74.7
scaffold661838	OTU_0091	43.01	93	48	3	337	615	6	93	6e-16	62.8
scaffold672484	OTU_0036	39.02	82	48	2	383	628	4	83	9e-16	62.0
scaffold677479	OTU_0091	39.53	86	47	3	611	366	44	128	8e-15	59.7
scaffold682241	OTU_0091	35.85	106	61	4	317	3	6	105	6e-13	54.3
scaffold682423	OTU_0091	39.68	126	64	5	438	67	6	121	2e-19	72.8
scaffold686726	OTU_0091	44.86	107	53	1	14	334	28	128	6e-22	79.7
scaffold687971	OTU_0036	41.67	108	55	5	521	213	2	106	1e-15	61.6
scaffold690283	OTU_0091	44.44	108	53	4	388	68	6	107	3e-21	78.2
scaffold693065	OTU_0096	44.78	134	68	1	72	473	1	128	3e-29	99.4
scaffold699392	OTU_0091	39.09	110	60	4	362	36	6	109	4e-18	68.9
scaffold706539	OTU_0091	40.91	110	58	4	280	606	6	109	2e-17	67.4
scaffold707931	OTU_0091	43.12	109	56	3	6	329	6	109	4e-19	72.0
scaffold727061	OTU_0070	35.88	131	75	4	501	112	1	123	3e-18	69.3
scaffold732831	OTU_0091	40.00	110	59	4	101	427	6	109	2e-16	63.9
scaffold733291	OTU_0091	37.50	112	63	4	380	48	2	107	2e-17	67.0
scaffold742425	OTU_0091	39.81	103	57	3	598	290	12	109	7e-14	57.0
scaffold742982	OTU_0049	46.43	56	29	1	418	585	1	55	2e-13	53.9
scaffold762368	OTU_0070	40.54	111	64	2	3	335	5	113	2e-22	80.9
scaffold770462	OTU_0091	49.18	61	30	1	346	528	6	65	2e-14	58.2
scaffold781733	OTU_0091	37.25	102	57	4	279	581	6	101	8e-13	53.5
scaffold784456	OTU_0091	41.41	128	69	4	67	438	3	128	1e-24	87.0
scaffold802678	OTU_0091	33.33	102	56	5	574	287	32	127	4e-11	48.9
scaffold803391	OTU_0036	29.89	87	53	2	486	226	2	80	3e-11	49.3
scaffold804889	OTU_0091	37.84	111	56	4	382	62	6	107	7e-17	65.1
scaffold815558	OTU_0091	36.76	136	75	4	62	466	3	128	4e-27	93.2
scaffold824625	OTU_0091	52.27	88	42	0	300	563	6	93	7e-24	84.7
scaffold827734	OTU_0091	50.78	128	57	1	465	82	6	127	3e-37	  119
scaffold833938	OTU_0049	70.21	47	14	0	143	3	1	47	2e-21	76.3
scaffold835639	OTU_0034	34.52	84	42	3	1	243	4	77	3e-11	48.5
scaffold843827	OTU_0091	57.78	45	18	1	136	2	6	49	5e-11	48.9
scaffold845179	OTU_0057	37.80	127	69	6	382	20	1	123	6e-22	79.3
scaffold846089	OTU_0035	46.75	77	40	1	296	526	1	76	5e-16	62.4
scaffold847346	OTU_0091	38.30	94	51	4	286	8	6	93	5e-12	51.2
scaffold870501	OTU_0047	34.65	101	62	3	297	1	1	99	3e-13	54.3
scaffold872657	OTU_0049	64.29	42	15	0	332	457	1	42	2e-14	56.6
scaffold873655	OTU_0034	47.62	63	33	0	223	35	2	64	2e-15	60.1
scaffold874180	OTU_0091	43.96	91	51	0	276	548	1	91	9e-24	84.3
scaffold881569	OTU_0008	38.27	81	42	3	114	347	1	76	9e-11	47.4
scaffold889094	OTU_0091	44.86	107	54	3	139	459	6	107	9e-24	84.3
scaffold911911	OTU_0091	55.00	60	27	0	185	6	8	67	4e-18	68.6
scaffold921095	OTU_0091	38.71	124	70	4	362	3	3	124	3e-21	77.4
scaffold931443	OTU_0091	40.38	104	55	4	1	309	10	107	3e-16	63.5
scaffold933374	OTU_0091	39.86	138	71	5	78	485	1	128	7e-28	95.1
scaffold977343	OTU_0091	53.12	96	45	0	230	517	1	96	1e-31	  104
scaffold977922	OTU_0096	31.01	129	87	2	387	4	3	130	4e-20	73.9
scaffold978057	OTU_0091	51.40	107	52	0	165	485	1	107	3e-39	  124
scaffold984562	OTU_0032	70.21	47	14	0	283	143	1	47	1e-19	70.9
scaffold988755	OTU_0091	43.16	95	49	3	221	505	6	95	2e-17	66.2
scaffold1000372	OTU_0057	38.27	81	45	4	194	436	1	76	9e-12	50.1
scaffold1001217	OTU_0047	40.70	86	45	4	253	5	1	83	2e-13	54.7
scaffold1010951	OTU_0036	40.91	88	47	3	192	452	5	88	6e-13	53.1
scaffold1023661	OTU_0047	48.91	92	42	3	278	3	1	87	4e-21	76.3
scaffold1043027	OTU_0036	43.64	110	55	4	134	457	2	106	5e-29	97.4
scaffold1046024	OTU_0008	37.04	81	43	3	433	200	1	76	5e-11	47.8
scaffold1047375	OTU_0091	39.20	125	69	3	114	470	3	126	3e-22	79.7
scaffold1049447	OTU_0091	37.72	114	65	4	494	168	16	128	2e-13	54.7
scaffold1053688	OTU_0047	38.67	75	45	1	266	490	1	74	4e-14	56.6
scaffold1053885	OTU_0091	38.52	122	69	4	455	102	6	125	2e-20	74.7
scaffold1090427	OTU_0036	41.86	86	45	2	365	111	3	84	2e-14	57.4
scaffold1090983	OTU_0049	75.68	37	9	0	377	487	1	37	4e-16	61.2
scaffold1096204	OTU_0068	48.28	58	29	1	310	483	3	59	5e-15	59.3
scaffold1121617	OTU_0070	31.30	115	74	3	1	333	10	123	1e-15	61.2
scaffold1126082	OTU_0035	41.58	101	53	4	385	95	1	99	2e-18	68.2
scaffold1137165	OTU_0091	41.75	103	54	4	21	317	28	128	3e-18	68.6
scaffold1138077	OTU_0091	41.82	110	57	4	373	47	6	109	8e-22	78.6
scaffold1138106	OTU_0091	37.80	82	46	3	3	236	41	121	3e-12	51.6
scaffold1142142	OTU_0091	35.96	114	63	3	6	329	16	125	4e-13	53.9
scaffold1149440	OTU_0057	32.35	136	77	6	466	65	1	123	1e-13	55.5
scaffold1149911	OTU_0047	40.00	75	44	1	245	469	1	74	4e-12	50.8
scaffold1155769	OTU_0036	41.30	92	49	2	16	288	1	88	1e-14	58.2
scaffold1166006	OTU_0091	55.45	101	45	0	1	303	10	110	1e-34	  112
scaffold1171590	OTU_0063	45.16	62	34	0	26	211	1	62	1e-16	62.8
scaffold1179114	OTU_0096	47.20	125	60	1	446	72	3	121	8e-40	  125
scaffold1186173	OTU_0091	38.83	103	56	4	306	1	6	102	7e-15	58.9
scaffold1190720	OTU_0091	36.90	84	48	3	3	254	31	109	4e-12	50.8
scaffold1210064	OTU_0047	37.61	109	59	4	2	322	1	102	2e-14	57.0
scaffold1212508	OTU_0032	46.94	49	25	1	315	461	1	48	8e-11	46.2
scaffold1223057	OTU_0068	32.26	124	82	2	36	404	5	127	2e-18	68.9
scaffold1230376	OTU_0008	42.55	94	49	3	174	455	1	89	6e-12	50.1
scaffold1232609	OTU_0091	39.47	114	61	5	129	455	3	113	1e-18	69.7
scaffold1239922	OTU_0091	39.25	107	60	2	12	332	6	107	1e-19	72.0
scaffold1243394	OTU_0099	35.16	91	54	3	441	181	38	127	3e-11	48.5
scaffold1254072	OTU_0091	49.18	122	56	1	452	87	13	128	5e-34	  110
scaffold1259223	OTU_0070	40.80	125	68	4	61	423	1	123	6e-27	91.7
scaffold1267201	OTU_0047	43.37	83	40	3	187	429	1	78	8e-13	52.4
scaffold1271125	OTU_0049	50.00	50	25	0	1	150	6	55	3e-13	52.8
scaffold1271749	OTU_0096	40.62	64	32	1	10	201	73	130	5e-15	59.3
scaffold1276910	OTU_0034	50.82	61	29	1	185	3	2	61	3e-17	64.7
scaffold1292913	OTU_0091	37.60	125	72	4	447	85	4	126	8e-21	75.5
scaffold1314572	OTU_0091	41.82	110	57	4	10	336	6	109	1e-20	74.7
scaffold1327711	OTU_0091	55.88	102	45	0	348	43	6	107	3e-35	  113
scaffold1328526	OTU_0047	38.64	88	49	3	271	17	1	86	4e-16	61.6
scaffold1331464	OTU_0028	58.54	41	17	0	125	3	1	41	9e-14	54.3
scaffold1347240	OTU_0091	39.53	129	71	5	47	421	1	126	9e-23	80.5
scaffold1348818	OTU_0008	36.14	83	46	3	339	91	1	76	3e-11	48.1
scaffold1372048	OTU_0057	43.20	125	65	1	1	375	5	123	3e-33	  107
scaffold1378039	OTU_0057	39.33	89	49	3	415	161	36	123	1e-15	60.8
scaffold1382087	OTU_0036	46.75	77	39	1	157	381	2	78	2e-18	68.2
scaffold1405527	OTU_0091	50.00	54	26	1	259	420	2	54	1e-11	49.3
scaffold1416141	OTU_0037	56.41	39	17	0	143	27	1	39	1e-12	50.8
scaffold1439713	OTU_0091	40.78	103	56	3	32	340	8	105	2e-14	57.4
scaffold1446572	OTU_0049	62.50	40	15	0	142	23	16	55	2e-13	53.5
scaffold1459210	OTU_0034	54.55	77	35	0	178	408	2	78	2e-25	86.3
scaffold1466851	OTU_0091	45.59	68	36	1	216	13	2	68	3e-11	48.1
scaffold1474175	OTU_0091	36.96	92	52	1	7	282	43	128	7e-19	69.7
scaffold1490371	OTU_0084	65.38	52	18	0	193	38	2	53	2e-22	77.4
scaffold1493150	OTU_0091	46.53	101	48	1	1	303	34	128	6e-27	91.3
scaffold1517069	OTU_0091	45.90	61	32	1	193	375	6	65	8e-11	47.0
scaffold1519064	OTU_0020	42.22	90	47	3	261	1	1	88	2e-19	70.9
scaffold1531389	OTU_0091	41.03	78	44	1	3	236	32	107	6e-19	70.1
