scaffold00002	OTU_0091	42.20	109	58	3	302731	302405	6	109	1e-15	73.9
scaffold00015	OTU_0096	30.23	129	87	2	179624	179244	2	129	9e-11	58.2
scaffold00056	OTU_0091	40.91	110	60	3	60326	59997	6	110	6e-16	73.2
scaffold00092	OTU_0091	40.00	120	58	5	34739	35086	1	110	1e-11	60.1
scaffold00117	OTU_0091	42.34	111	57	4	42513	42842	6	110	9e-17	75.1
scaffold00176	OTU_0091	38.18	110	61	4	8554	8880	6	109	1e-13	65.5
scaffold00295	OTU_0091	38.05	113	57	4	48716	49042	6	109	8e-12	59.7
scaffold00417	OTU_0049	50.91	55	27	0	39718	39554	1	55	6e-12	58.2
scaffold00596	OTU_0057	38.52	122	69	4	9058	9411	1	120	1e-19	82.0
scaffold00617	OTU_0096	49.59	123	56	1	31260	30892	5	121	1e-33	  123
scaffold00640	OTU_0047	41.58	101	58	1	33189	33491	1	100	2e-13	63.5
scaffold00799	OTU_0096	41.22	131	71	1	22105	21713	4	128	1e-27	  105
scaffold00828	OTU_0091	42.20	109	58	3	18074	18400	6	109	3e-16	72.0
scaffold01324	OTU_0091	39.26	135	69	5	12930	12529	6	128	2e-18	78.2
scaffold01416	OTU_0096	42.45	139	70	3	15571	15155	2	130	2e-26	  101
scaffold01957	OTU_0091	42.73	110	56	4	10327	10653	6	109	7e-16	70.5
scaffold02139	OTU_0091	37.61	117	65	5	11172	10825	1	110	2e-13	62.8
scaffold02206	OTU_0091	37.80	127	73	4	7173	6805	2	126	1e-18	78.2
scaffold02751	OTU_0091	44.70	132	67	1	11739	11344	1	126	1e-30	  113
scaffold03146	OTU_0096	48.03	127	60	1	3805	3425	1	121	5e-35	  126
scaffold03146	OTU_0096	34.40	125	75	5	5910	6272	4	125	6e-14	64.3
scaffold03353	OTU_0091	50.96	104	51	0	7103	7414	6	109	3e-29	  108
scaffold03599	OTU_0047	37.74	106	57	4	12430	12741	1	99	9e-12	57.0
scaffold03702	OTU_0034	41.25	80	47	0	6912	6673	2	81	9e-12	56.6
scaffold04262	OTU_0008	33.65	104	67	1	1024	1335	1	102	1e-12	59.3
scaffold05328	OTU_0091	40.31	129	71	4	1226	1600	2	128	9e-23	89.7
scaffold05368	OTU_0091	49.61	127	54	3	8414	8782	6	126	6e-26	99.4
scaffold05835	OTU_0091	47.06	102	54	0	6928	7233	6	107	7e-15	66.6
scaffold06028	OTU_0091	37.31	134	73	4	8821	9222	6	128	7e-18	75.5
scaffold08033	OTU_0096	30.47	128	86	2	5993	5616	3	129	1e-12	59.7
scaffold08746	OTU_0091	45.45	66	30	1	2	199	62	121	5e-13	60.5
scaffold08838	OTU_0091	29.69	128	83	4	3828	3463	2	128	7e-11	53.9
scaffold10230	OTU_0091	38.46	117	59	4	682	1020	2	109	1e-15	68.2
scaffold11139	OTU_0091	45.93	135	66	2	1077	673	1	128	9e-28	  103
scaffold11986	OTU_0034	39.76	83	41	4	5615	5373	1	76	3e-11	54.3
scaffold14175	OTU_0091	51.91	131	57	1	723	1115	3	127	2e-38	  134
scaffold15380	OTU_0091	38.05	113	57	4	451	777	6	109	4e-15	66.2
scaffold15526	OTU_0035	44.12	102	50	5	38	331	1	99	8e-19	76.6
scaffold16358	OTU_0091	43.24	111	56	4	1987	1658	6	110	2e-20	82.0
scaffold16511	OTU_0091	41.51	106	61	1	5061	5378	6	110	2e-20	81.6
scaffold16524	OTU_0091	43.93	107	55	3	255	575	6	107	8e-20	80.5
scaffold17338	OTU_0091	48.48	132	62	1	2554	2949	1	126	6e-38	  132
scaffold18022	OTU_0091	39.81	103	56	4	3754	4050	6	106	3e-14	63.5
scaffold18779	OTU_0091	42.48	113	58	4	1768	1433	6	112	1e-18	77.0
scaffold21159	OTU_0091	44.12	102	56	1	4436	4131	6	106	7e-21	83.2
scaffold22069	OTU_0091	35.16	128	78	4	1476	1853	2	126	3e-12	57.8
scaffold22566	OTU_0091	40.71	113	54	4	2053	2379	6	109	3e-18	75.5
scaffold24429	OTU_0091	50.00	126	57	1	1947	2324	6	125	9e-34	  120
scaffold24518	OTU_0091	48.39	124	57	2	1215	844	3	119	9e-31	  111
scaffold25389	OTU_0070	48.41	126	59	1	1574	1197	1	120	9e-36	  125
scaffold26055	OTU_0096	31.01	129	86	2	1632	1252	3	130	6e-14	62.4
scaffold26901	OTU_0057	40.77	130	70	2	4027	3638	1	123	6e-26	97.4
scaffold26983	OTU_0091	51.56	128	56	1	360	743	6	127	1e-35	  125
scaffold28292	OTU_0091	42.86	105	59	1	1591	1277	6	109	9e-19	76.6
scaffold30156	OTU_0091	48.84	129	60	1	2534	2920	6	128	2e-33	  119
scaffold30222	OTU_0091	48.46	130	61	1	2177	2566	2	125	9e-34	  120
scaffold32640	OTU_0096	38.10	126	70	5	19	381	6	128	7e-23	88.6
scaffold34295	OTU_0057	35.20	125	75	4	175	537	1	123	4e-18	74.3
scaffold36189	OTU_0091	33.03	109	68	3	2400	2726	6	109	1e-13	61.2
scaffold37716	OTU_0091	52.71	129	55	1	2803	3189	6	128	4e-39	  135
scaffold39313	OTU_0091	46.51	129	63	1	3234	2848	3	125	4e-33	  117
scaffold39344	OTU_0091	45.68	81	39	2	887	645	6	81	3e-14	62.8
scaffold44021	OTU_0099	33.33	123	75	5	703	347	3	122	9e-17	70.5
scaffold44092	OTU_0091	41.27	126	68	4	2620	2255	3	126	3e-21	83.6
scaffold46943	OTU_0091	37.12	132	70	5	799	1191	6	125	4e-11	53.1
scaffold47438	OTU_0096	32.03	128	84	2	165	542	3	129	2e-14	63.2
scaffold49700	OTU_0057	45.04	131	64	3	1090	1482	1	123	1e-31	  113
scaffold49700	OTU_0057	41.18	102	60	0	579	884	1	102	2e-23	89.4
scaffold53159	OTU_0091	45.80	131	65	1	402	794	3	127	2e-31	  112
scaffold54159	OTU_0091	42.40	125	66	4	2011	2373	6	128	5e-20	79.7
scaffold55008	OTU_0096	32.81	128	83	2	713	336	3	129	1e-13	60.8
scaffold59176	OTU_0068	43.08	130	66	5	618	992	1	127	5e-26	97.1
scaffold59342	OTU_0096	34.03	144	76	4	915	484	4	128	1e-16	70.1
scaffold71819	OTU_0091	54.55	77	35	0	2204	2434	6	82	4e-21	82.8
scaffold72940	OTU_0091	40.48	126	69	4	1972	1607	3	126	5e-22	85.1
scaffold76640	OTU_0091	33.86	127	74	4	231	596	6	127	3e-13	59.3
scaffold76641	OTU_0047	42.72	103	50	6	669	962	1	99	7e-13	57.8
scaffold77728	OTU_0091	45.87	109	54	3	1028	702	6	109	7e-23	87.4
scaffold82515	OTU_0068	29.46	129	87	3	1810	2190	1	127	8e-13	57.8
scaffold84372	OTU_0091	40.57	106	62	1	1880	1563	6	110	9e-20	78.6
scaffold84962	OTU_0091	39.09	110	60	4	1321	995	6	109	1e-16	68.9
scaffold86933	OTU_0091	49.51	103	52	0	1647	1339	5	107	2e-27	  100
scaffold93291	OTU_0091	41.27	126	68	1	1434	1057	6	125	1e-22	86.7
scaffold94738	OTU_0008	46.15	104	50	4	1835	1536	1	102	1e-20	80.1
scaffold95675	OTU_0091	33.61	119	72	5	31	375	6	121	4e-11	52.8
scaffold99128	OTU_0091	43.64	110	57	3	180	509	6	110	1e-19	77.8
scaffold103169	OTU_0091	47.62	126	60	1	1743	1366	6	125	9e-34	  117
scaffold103405	OTU_0091	46.15	104	56	0	1207	896	6	109	2e-25	94.4
scaffold104346	OTU_0091	42.19	128	68	4	1180	809	1	126	2e-23	88.6
scaffold112405	OTU_0091	40.00	90	53	1	1513	1782	22	110	2e-20	70.1
scaffold112405	OTU_0091	64.00	25	9	0	1463	1537	4	28	2e-20	35.8
scaffold112653	OTU_0091	41.54	130	68	5	568	194	2	128	3e-23	87.8
scaffold115140	OTU_0091	41.44	111	58	4	447	776	6	110	2e-19	77.0
scaffold115171	OTU_0008	44.57	92	44	2	1590	1847	1	91	5e-17	69.3
scaffold119848	OTU_0008	35.29	102	60	2	1494	1784	1	101	3e-15	64.3
scaffold123186	OTU_0091	39.84	128	65	5	1502	1137	6	127	1e-18	74.7
scaffold125294	OTU_0047	36.71	79	44	2	1515	1279	2	74	8e-11	51.2
scaffold126172	OTU_0091	40.80	125	68	4	970	1332	6	128	3e-24	90.5
scaffold129816	OTU_0091	37.10	124	71	4	831	1187	5	126	2e-18	73.6
scaffold131447	OTU_0091	50.65	77	38	0	1468	1698	6	82	3e-20	79.3
scaffold134700	OTU_0091	52.42	124	53	1	1188	1559	8	125	1e-35	  122
scaffold138507	OTU_0047	40.95	105	53	4	1654	1346	3	100	7e-14	60.1
scaffold140611	OTU_0007	42.31	104	54	4	737	438	2	103	2e-19	75.9
scaffold143713	OTU_0057	41.09	129	67	4	1409	1023	1	120	1e-25	94.0
scaffold146851	OTU_0008	41.35	104	52	3	198	491	1	101	2e-17	70.1
scaffold147555	OTU_0091	40.00	120	66	4	1237	890	4	121	3e-18	73.2
scaffold149872	OTU_0099	31.01	129	84	3	267	644	1	127	1e-14	62.4
scaffold150752	OTU_0032	50.98	51	24	1	1416	1568	1	50	9e-12	52.8
scaffold156478	OTU_0091	45.04	131	63	3	1135	1524	6	128	2e-32	  112
scaffold158848	OTU_0099	30.16	126	85	2	1029	1400	3	127	4e-15	63.9
scaffold158864	OTU_0091	45.24	126	63	1	1252	875	6	125	1e-31	  110
scaffold159263	OTU_0099	36.22	127	75	4	1226	858	1	125	2e-19	76.3
scaffold159754	OTU_0091	42.06	107	54	5	924	1238	6	106	1e-15	65.5
scaffold159809	OTU_0035	40.20	102	54	5	1429	1136	1	99	1e-16	67.8
scaffold161462	OTU_0099	34.13	126	78	2	40	405	1	125	1e-18	73.9
scaffold163559	OTU_0057	31.54	130	81	2	1075	1464	1	122	1e-14	62.4
scaffold165388	OTU_0091	38.68	106	52	4	1054	1359	6	102	1e-15	65.1
scaffold168336	OTU_0091	43.52	108	59	2	865	542	2	107	9e-23	85.9
scaffold178125	OTU_0096	41.86	129	74	1	26	412	4	131	5e-30	  105
scaffold188439	OTU_0091	48.39	124	57	2	1378	1007	3	119	6e-31	  107
scaffold191516	OTU_0091	39.45	109	61	3	33	359	6	109	3e-18	72.8
scaffold201014	OTU_0070	52.27	132	54	2	420	815	1	123	2e-41	  137
scaffold201114	OTU_0074	50.00	52	25	1	1146	1301	2	52	1e-10	49.3
scaffold208643	OTU_0091	49.23	130	60	1	384	773	3	126	1e-36	  123
scaffold211957	OTU_0096	29.60	125	87	1	665	1039	3	126	2e-13	58.5
scaffold215815	OTU_0057	38.89	108	57	4	3	326	25	123	5e-19	74.7
scaffold217102	OTU_0091	38.18	110	61	4	869	543	6	109	7e-15	62.8
scaffold221987	OTU_0070	47.29	129	62	1	768	1154	1	123	7e-36	  120
scaffold225403	OTU_0099	41.13	124	65	5	668	312	3	123	4e-23	85.9
scaffold226281	OTU_0091	34.07	135	76	5	67	468	6	128	3e-16	66.6
scaffold226368	OTU_0091	39.25	107	55	6	602	303	6	109	4e-14	60.5
scaffold229372	OTU_0040	56.25	48	21	0	1087	1230	1	48	8e-14	57.8
scaffold229386	OTU_0091	37.70	122	70	4	1204	851	6	125	1e-20	79.0
scaffold230539	OTU_0068	33.08	130	84	2	617	1000	1	129	1e-16	67.8
scaffold233526	OTU_0091	58.16	98	41	0	296	3	6	103	3e-34	  116
scaffold239996	OTU_0057	32.12	137	74	4	730	1140	1	118	2e-17	69.7
scaffold240947	OTU_0096	41.18	119	62	5	346	5	6	121	2e-23	86.7
scaffold245105	OTU_0091	49.21	126	58	1	260	637	6	125	2e-33	  114
scaffold260901	OTU_0091	50.37	135	57	2	132	530	1	127	7e-33	  112
scaffold261066	OTU_0047	41.67	108	50	6	764	453	1	99	8e-14	58.9
scaffold268565	OTU_0091	43.36	113	57	4	357	692	6	112	7e-20	76.3
scaffold281666	OTU_0091	40.54	111	59	4	865	533	6	109	2e-18	72.4
scaffold285618	OTU_0096	42.37	59	28	1	6	182	78	130	5e-12	53.9
scaffold299060	OTU_0091	37.30	126	72	4	454	89	6	128	1e-16	67.0
scaffold305513	OTU_0057	32.00	125	80	3	950	585	1	123	5e-17	67.8
scaffold312448	OTU_0091	35.94	128	77	4	1026	649	2	126	1e-13	58.5
scaffold313251	OTU_0091	46.97	132	64	1	809	414	3	128	2e-35	  119
scaffold319295	OTU_0091	39.81	108	58	4	693	1013	6	107	3e-16	65.5
scaffold321047	OTU_0057	32.54	126	78	5	808	443	1	123	5e-18	70.5
scaffold322233	OTU_0096	60.00	40	16	0	890	1009	1	40	1e-13	58.5
scaffold329846	OTU_0035	40.59	101	54	4	23	313	1	99	6e-18	69.7
scaffold345571	OTU_0091	33.66	101	60	4	2	301	13	107	2e-11	51.6
scaffold351011	OTU_0091	36.59	123	72	4	694	338	6	126	4e-20	76.3
scaffold357644	OTU_0091	33.88	121	73	5	517	867	8	125	4e-16	65.1
scaffold384224	OTU_0091	39.34	122	68	4	96	449	6	125	4e-21	78.6
