scaffold00011	OTU_0070	49.17	120	55	2	67324	67683	1	114	6e-30	  114
scaffold00039	OTU_0046	59.62	52	20	1	81902	82057	1	51	6e-14	65.9
scaffold00156	OTU_0096	38.17	131	70	4	31185	30796	1	121	3e-21	88.2
scaffold00172	OTU_0091	40.62	128	64	5	11170	11535	6	127	5e-16	72.4
scaffold00417	OTU_0035	44.87	78	42	1	37576	37343	1	77	2e-14	66.6
scaffold00594	OTU_0091	41.82	110	57	4	14669	14343	6	109	2e-17	75.9
scaffold01235	OTU_0091	36.70	109	62	4	21964	21641	8	110	7e-14	64.7
scaffold01563	OTU_0091	38.05	113	57	4	1636	1310	6	109	2e-15	69.3
scaffold01847	OTU_0091	44.14	111	55	4	16071	16400	6	110	3e-17	74.3
scaffold02094	OTU_0091	37.69	130	66	5	15979	15608	6	126	4e-15	68.2
scaffold02127	OTU_0091	53.27	107	49	1	1581	1901	4	109	1e-28	  107
scaffold02400	OTU_0008	46.75	77	40	1	12198	11968	1	76	2e-16	71.6
scaffold02551	OTU_0091	41.28	109	59	3	1742	2068	6	109	4e-17	73.9
scaffold03407	OTU_0091	42.48	113	52	4	10907	11233	6	109	4e-18	76.6
scaffold03630	OTU_0091	41.27	126	68	2	9264	9641	6	125	5e-17	73.2
scaffold04152	OTU_0091	42.06	126	67	4	12142	11777	3	126	2e-21	85.9
scaffold04439	OTU_0035	42.71	96	54	1	8644	8928	2	97	5e-14	63.5
scaffold04603	OTU_0047	37.96	108	58	4	1363	1680	1	101	2e-12	58.9
scaffold04904	OTU_0012	53.57	56	25	1	5259	5426	1	55	1e-12	58.5
scaffold05038	OTU_0091	46.03	126	62	1	2154	2531	6	125	4e-29	  108
scaffold05060	OTU_0091	40.00	110	59	4	5826	6152	6	109	7e-16	69.7
scaffold07142	OTU_0096	33.02	106	67	2	8611	8919	2	106	5e-12	57.8
scaffold07258	OTU_0096	34.85	132	81	4	4496	4885	1	129	9e-17	72.0
scaffold08610	OTU_0091	40.19	107	57	4	373	56	6	106	4e-15	67.0
scaffold08844	OTU_0091	35.51	138	70	5	7321	6920	6	128	1e-17	73.9
scaffold09517	OTU_0078	51.85	54	25	1	3774	3935	1	53	3e-11	53.5
scaffold09911	OTU_0091	53.60	125	52	1	3711	3337	6	124	1e-34	  124
scaffold10011	OTU_0091	40.19	107	59	3	4780	5100	6	107	3e-12	58.2
scaffold10082	OTU_0070	45.74	129	64	1	5568	5954	1	123	2e-34	  122
scaffold10082	OTU_0070	40.31	129	71	2	3562	3948	1	123	5e-27	  101
scaffold10904	OTU_0091	41.23	114	60	4	707	1045	2	109	1e-16	70.9
scaffold11041	OTU_0091	37.40	123	69	5	3027	3380	6	125	2e-16	70.5
scaffold12748	OTU_0091	40.48	84	46	2	6081	6332	6	85	9e-11	53.1
scaffold14534	OTU_0091	40.15	132	70	3	1193	798	6	128	4e-29	  107
scaffold16724	OTU_0057	45.74	129	64	1	1380	1766	1	123	1e-31	  114
scaffold17366	OTU_0049	47.27	55	29	0	1272	1436	1	55	8e-12	55.1
scaffold17598	OTU_0091	42.34	111	57	4	4995	4666	6	110	7e-20	80.5
scaffold18868	OTU_0008	34.31	102	64	2	190	489	1	101	6e-13	59.3
scaffold18997	OTU_0047	37.38	107	58	3	3872	3558	1	100	2e-11	54.7
scaffold19131	OTU_0099	36.67	120	70	3	3365	3712	1	118	6e-16	68.6
scaffold22282	OTU_0091	37.04	135	72	5	4025	4426	6	128	2e-16	70.1
scaffold22632	OTU_0091	43.12	109	57	3	1788	2114	6	109	9e-21	82.8
scaffold22694	OTU_0091	37.39	115	66	4	1802	1458	2	110	1e-15	67.4
scaffold22993	OTU_0091	44.96	129	65	4	3661	4035	2	128	9e-22	85.5
scaffold26051	OTU_0091	39.84	123	68	4	1850	2206	1	121	1e-18	76.6
scaffold29033	OTU_0091	40.35	114	61	4	2551	2889	6	113	1e-17	73.6
scaffold32364	OTU_0091	49.25	134	62	1	2859	2458	1	128	4e-37	  129
scaffold33179	OTU_0091	42.24	116	59	5	1086	1430	1	109	6e-17	71.2
scaffold34597	OTU_0091	38.46	117	57	4	3450	3100	6	107	4e-17	71.2
scaffold34871	OTU_0091	37.84	111	56	4	2426	2106	6	107	2e-16	69.3
scaffold35830	OTU_0034	44.44	81	40	2	2152	1910	2	77	8e-17	69.3
scaffold36100	OTU_0096	35.61	132	74	4	1423	1803	3	128	9e-17	70.5
scaffold36656	OTU_0035	37.62	101	58	3	820	527	1	99	3e-15	65.1
scaffold38100	OTU_0091	48.84	129	60	1	1673	2059	3	125	2e-35	  124
scaffold38870	OTU_0091	41.12	107	58	3	610	930	6	107	4e-18	74.3
scaffold39389	OTU_0091	31.45	124	83	2	1510	1142	6	128	4e-20	80.5
scaffold40553	OTU_0099	32.80	125	80	2	2345	2710	3	126	7e-15	64.7
scaffold43183	OTU_0091	37.12	132	71	5	2978	2601	2	127	2e-17	72.4
scaffold43730	OTU_0091	41.82	110	57	4	2937	2611	6	109	6e-18	73.6
scaffold45403	OTU_0091	53.49	129	54	1	538	152	6	128	2e-39	  135
scaffold49629	OTU_0036	44.83	87	46	2	714	968	3	89	7e-16	67.0
scaffold51551	OTU_0091	38.39	112	63	2	2719	2384	20	125	3e-19	77.4
scaffold52330	OTU_0091	36.09	133	70	4	696	1094	6	123	2e-18	74.7
scaffold53219	OTU_0074	46.30	54	28	1	2472	2633	1	53	2e-11	52.8
scaffold55381	OTU_0091	40.91	110	58	4	1449	1775	6	109	2e-16	69.3
scaffold57062	OTU_0091	41.28	109	59	3	1605	1931	6	109	2e-17	72.0
scaffold57408	OTU_0096	33.59	128	78	5	1165	1536	4	128	4e-17	71.2
scaffold60961	OTU_0091	47.62	126	62	1	973	1350	6	127	7e-33	  116
scaffold63803	OTU_0034	41.25	80	47	0	1050	811	2	81	2e-13	58.9
scaffold64384	OTU_0057	44.19	129	66	1	1775	1389	1	123	2e-30	  109
scaffold64559	OTU_0091	37.78	135	71	5	1646	1245	6	128	9e-20	78.6
scaffold67514	OTU_0091	43.08	130	69	1	857	1246	2	126	1e-30	  109
scaffold68444	OTU_0057	41.60	125	67	4	2246	1884	1	123	1e-24	92.4
scaffold68751	OTU_0091	37.10	124	71	5	2265	1906	5	125	7e-18	72.8
scaffold71711	OTU_0091	35.34	133	79	2	1467	1069	3	128	2e-17	71.6
scaffold72392	OTU_0091	31.45	124	80	3	1439	1080	6	128	7e-15	63.9
scaffold72674	OTU_0091	41.86	129	66	4	1838	1452	6	125	5e-27	99.4
scaffold74890	OTU_0091	38.52	122	69	4	695	342	6	125	3e-18	73.9
scaffold75929	OTU_0091	49.19	124	57	1	819	1190	4	121	2e-34	  120
scaffold76687	OTU_0091	31.39	137	72	3	1123	734	6	127	7e-13	58.2
scaffold80246	OTU_0091	47.73	132	63	1	1140	1535	3	128	4e-36	  124
scaffold80904	OTU_0036	41.67	84	43	3	128	379	3	80	3e-11	52.4
scaffold80959	OTU_0091	43.36	113	53	5	1130	1459	6	110	9e-21	81.3
scaffold85359	OTU_0091	45.67	127	63	2	442	822	6	126	1e-29	  106
scaffold86896	OTU_0047	47.06	102	48	4	1166	873	1	100	2e-20	79.7
scaffold88354	OTU_0057	35.83	120	70	3	708	367	1	119	2e-20	79.7
scaffold94351	OTU_0007	32.69	104	63	3	305	3	2	101	1e-16	68.6
scaffold95211	OTU_0091	50.77	130	60	1	538	927	3	128	8e-35	  120
scaffold95969	OTU_0008	40.78	103	55	4	1453	1157	1	101	8e-18	71.6
scaffold96395	OTU_0091	40.19	107	59	3	1087	767	8	109	3e-17	70.5
scaffold98970	OTU_0057	44.19	129	66	1	515	129	1	123	2e-32	  113
scaffold101562	OTU_0047	33.98	103	64	2	1486	1794	1	99	9e-12	53.9
scaffold101629	OTU_0091	36.29	124	72	5	70	429	6	126	4e-18	73.2
scaffold102018	OTU_0036	40.54	111	59	4	348	19	5	109	3e-13	58.5
scaffold104701	OTU_0091	41.51	106	55	4	1595	1281	8	107	8e-17	69.3
scaffold105997	OTU_0047	39.25	107	56	4	1308	994	1	100	2e-13	58.5
scaffold108963	OTU_0008	41.41	99	49	3	1460	1738	1	96	1e-16	68.2
scaffold109134	OTU_0057	54.26	129	53	1	349	735	1	123	1e-41	  138
scaffold109657	OTU_0091	37.62	101	58	3	1428	1730	6	101	1e-13	59.7
scaffold112147	OTU_0096	38.66	119	68	2	1257	1601	4	121	2e-18	74.3
scaffold113195	OTU_0091	37.38	107	60	4	1398	1081	6	106	6e-13	57.4
scaffold113731	OTU_0091	48.51	134	63	1	529	930	1	128	1e-32	  113
scaffold115601	OTU_0091	44.09	127	65	1	1152	1532	6	126	6e-32	  112
scaffold118248	OTU_0049	50.00	56	27	1	1429	1596	1	55	1e-14	60.8
scaffold120108	OTU_0091	40.35	114	55	4	968	639	6	110	2e-20	79.3
scaffold121340	OTU_0096	40.65	123	72	1	713	345	4	125	1e-24	91.7
scaffold121959	OTU_0036	36.59	82	51	1	265	20	2	82	5e-14	60.5
scaffold122509	OTU_0091	37.38	107	59	5	1116	811	4	107	2e-11	52.8
scaffold123464	OTU_0091	35.56	135	74	5	1254	853	6	128	2e-17	71.2
scaffold125821	OTU_0057	44.96	129	65	1	1046	660	1	123	2e-32	  113
scaffold139386	OTU_0008	49.38	81	39	2	562	323	1	80	2e-18	72.8
scaffold143240	OTU_0096	33.33	129	77	3	173	541	3	128	3e-18	73.2
scaffold143405	OTU_0091	39.64	111	58	5	1164	838	6	109	8e-16	65.9
scaffold147799	OTU_0091	46.23	106	56	1	1105	1422	6	110	5e-26	94.7
scaffold149401	OTU_0091	37.12	132	74	4	1163	768	6	128	1e-19	76.6
scaffold152339	OTU_0091	37.50	72	39	1	1427	1212	63	128	9e-12	53.5
scaffold165283	OTU_0091	39.20	125	70	4	1005	1367	3	125	2e-18	73.2
scaffold171536	OTU_0068	38.58	127	77	1	620	1000	2	127	2e-27	97.8
scaffold171997	OTU_0091	40.00	110	57	5	462	785	6	108	1e-12	56.6
scaffold175104	OTU_0091	37.69	130	75	3	532	909	1	128	2e-17	70.1
scaffold177218	OTU_0091	33.06	124	76	3	539	177	6	125	6e-16	65.9
scaffold178510	OTU_0096	35.43	127	77	3	1057	689	3	128	3e-16	67.0
scaffold182372	OTU_0091	40.19	107	59	3	668	988	6	107	2e-18	72.8
scaffold184038	OTU_0036	36.04	111	64	4	474	145	5	109	2e-11	52.8
scaffold185184	OTU_0091	41.67	84	47	2	1026	1277	2	83	8e-15	62.4
scaffold202410	OTU_0099	39.50	119	66	4	6	350	2	118	2e-13	58.5
