scaffold00001	OTU_0070	50.39	129	58	1	473152	473538	1	123	1e-34	  130
scaffold00004	OTU_0091	38.21	123	69	4	758628	758996	6	121	2e-13	68.2
scaffold00017	OTU_0091	40.54	111	61	3	7616	7948	2	107	5e-15	72.0
scaffold00019	OTU_0091	40.91	110	58	4	45447	45121	6	109	2e-15	73.6
scaffold00045	OTU_0091	38.68	106	60	3	123551	123868	6	106	8e-12	62.0
scaffold00050	OTU_0035	44.00	100	47	3	194021	193740	3	99	9e-13	64.3
scaffold00056	OTU_0091	38.94	113	56	4	313865	314191	6	109	2e-13	67.0
scaffold00081	OTU_0091	47.37	133	64	1	91077	91475	2	128	1e-29	  114
scaffold00089	OTU_0047	39.25	107	56	4	110565	110879	1	100	5e-11	58.5
scaffold00100	OTU_0034	41.77	79	43	1	114455	114691	2	77	6e-12	60.8
scaffold00115	OTU_0008	40.38	104	53	4	122902	122609	1	101	9e-12	60.8
scaffold00128	OTU_0091	40.00	115	62	4	123476	123135	1	109	6e-16	73.6
scaffold00130	OTU_0057	51.18	127	58	1	205786	205406	1	123	9e-35	  128
scaffold00225	OTU_0091	41.28	109	59	3	128218	128544	6	109	4e-13	64.7
scaffold00329	OTU_0091	43.94	132	68	2	102919	102524	3	128	1e-26	  103
scaffold00329	OTU_0091	48.18	110	57	0	97584	97255	1	110	1e-24	98.6
scaffold00329	OTU_0091	37.74	106	63	3	102449	102135	6	109	3e-12	61.6
scaffold00338	OTU_0096	34.40	125	76	4	1045	683	6	128	3e-16	73.6
scaffold00393	OTU_0091	43.52	108	54	4	6051	5731	8	109	4e-17	76.3
scaffold00438	OTU_0047	39.25	107	56	4	79651	79965	1	100	5e-11	57.4
scaffold00525	OTU_0057	46.51	129	63	1	55509	55895	1	123	2e-32	  120
scaffold00545	OTU_0096	38.66	119	66	5	15412	15756	5	120	4e-12	60.8
scaffold00570	OTU_0099	32.52	123	78	2	41982	42338	1	122	3e-13	64.3
scaffold00729	OTU_0091	40.35	114	55	4	49974	49645	6	110	2e-15	70.5
scaffold00808	OTU_0091	41.12	107	58	3	52205	51885	6	107	4e-17	75.5
scaffold00818	OTU_0091	41.44	111	58	4	7239	6910	6	110	1e-17	77.0
scaffold00831	OTU_0091	43.36	113	51	4	36977	36651	6	109	1e-18	80.1
scaffold00871	OTU_0091	44.78	134	62	4	43111	43509	6	128	6e-28	  107
scaffold01182	OTU_0047	39.81	103	56	3	28263	28565	1	99	3e-12	60.1
scaffold01228	OTU_0091	42.34	111	57	4	37938	37609	6	110	7e-19	80.1
scaffold01536	OTU_0091	36.29	124	74	2	14514	14155	6	128	1e-14	67.8
scaffold01580	OTU_0099	32.81	128	79	5	28255	27884	1	125	4e-16	72.0
scaffold01695	OTU_0091	32.52	123	77	4	27327	27683	8	128	4e-16	71.6
scaffold01712	OTU_0091	38.52	135	70	5	21936	21535	6	128	3e-17	75.1
scaffold02056	OTU_0068	36.07	122	71	3	24499	24149	5	124	5e-17	74.3
scaffold02454	OTU_0091	41.82	110	57	4	8469	8795	6	109	1e-18	79.0
scaffold02532	OTU_0091	45.80	131	59	4	6414	6803	6	125	2e-28	  107
scaffold02532	OTU_0091	47.12	104	54	1	5135	5446	6	108	4e-23	92.0
scaffold02691	OTU_0036	42.72	103	49	3	9401	9709	3	95	4e-16	70.5
scaffold02788	OTU_0035	41.18	102	53	5	15111	14818	1	99	7e-16	69.7
scaffold03110	OTU_0070	51.94	129	56	1	16834	17220	1	123	1e-39	  139
scaffold03494	OTU_0091	47.01	134	65	1	2411	2812	1	128	2e-32	  118
scaffold04326	OTU_0091	38.21	123	73	3	9023	9385	6	127	2e-18	77.0
scaffold04462	OTU_0091	40.71	113	54	4	939	613	6	109	2e-17	74.3
scaffold05093	OTU_0091	40.00	110	59	4	4370	4696	6	109	5e-15	67.0
scaffold05116	OTU_0091	48.03	127	60	1	1671	2051	6	126	3e-31	  114
scaffold06081	OTU_0091	42.20	109	58	3	3872	4198	6	109	2e-17	73.9
scaffold06300	OTU_0091	42.06	107	57	3	4804	4484	6	107	5e-17	72.8
scaffold07321	OTU_0091	30.77	130	87	3	7131	7517	1	128	2e-12	58.5
scaffold07700	OTU_0091	42.06	107	57	3	1963	1643	6	107	6e-18	75.5
scaffold08437	OTU_0091	40.15	132	70	4	5736	6131	6	128	2e-20	82.8
scaffold08959	OTU_0096	32.81	128	83	2	5737	6114	3	129	4e-13	60.8
scaffold09584	OTU_0091	37.96	108	59	5	4668	4348	2	102	2e-13	61.6
scaffold10663	OTU_0068	35.25	122	71	4	3420	3767	5	124	6e-15	66.2
scaffold13543	OTU_0099	34.13	126	77	2	2775	3137	1	125	7e-17	71.6
scaffold14744	OTU_0047	38.32	107	57	4	1559	1245	1	100	1e-13	61.2
scaffold15483	OTU_0091	40.00	110	61	3	1641	1312	6	110	6e-18	74.7
scaffold15722	OTU_0008	35.92	103	64	1	376	68	1	101	5e-13	59.3
scaffold19618	OTU_0091	36.36	132	69	4	1393	998	6	122	8e-18	73.9
scaffold19649	OTU_0091	41.18	119	62	5	4160	4501	4	119	4e-16	68.9
scaffold19792	OTU_0057	32.14	140	70	4	3475	3077	1	122	4e-12	57.0
scaffold21061	OTU_0091	39.29	112	63	3	1706	2041	6	112	8e-19	77.0
scaffold21562	OTU_0091	39.82	113	61	4	521	856	6	112	1e-15	67.4
scaffold21619	OTU_0091	37.50	136	72	3	2177	1779	3	128	1e-15	67.4
scaffold22783	OTU_0057	40.98	122	66	4	1480	1833	1	120	3e-22	86.7
scaffold24927	OTU_0091	47.01	134	61	2	1017	622	3	128	3e-31	  112
scaffold25207	OTU_0091	45.05	111	60	1	1168	836	1	110	2e-26	99.0
scaffold25499	OTU_0091	38.81	134	71	4	2676	3077	6	128	7e-20	79.7
scaffold26607	OTU_0091	53.49	129	54	1	1359	973	6	128	3e-39	  135
scaffold30898	OTU_0091	38.46	104	56	5	10	306	28	128	2e-12	57.4
scaffold30932	OTU_0091	35.51	138	70	5	210	611	6	128	8e-19	76.6
scaffold31094	OTU_0020	42.53	87	45	3	2307	2047	4	85	3e-14	62.0
scaffold32487	OTU_0068	35.04	117	72	3	2873	3214	5	120	2e-14	63.5
scaffold32542	OTU_0091	41.04	134	68	4	1071	670	6	128	7e-22	85.5
scaffold33553	OTU_0091	44.14	111	55	4	1277	948	6	110	4e-18	74.3
scaffold35243	OTU_0096	44.36	133	68	2	2152	1754	2	128	3e-31	  112
scaffold37035	OTU_0047	37.62	101	56	3	1367	1654	1	99	7e-17	70.1
scaffold37574	OTU_0091	34.35	131	77	6	435	809	1	128	1e-14	63.9
scaffold38320	OTU_0091	41.59	113	53	4	1307	1633	6	109	7e-19	76.3
scaffold39585	OTU_0091	39.09	110	60	4	127	453	6	109	1e-16	69.7
scaffold40979	OTU_0047	38.68	106	56	4	2382	2693	1	99	6e-12	55.5
scaffold46101	OTU_0047	38.53	109	58	4	938	1258	1	102	9e-12	54.7
scaffold49041	OTU_0008	34.26	108	55	3	1	297	1	101	1e-13	60.5
scaffold49499	OTU_0091	39.45	109	61	3	2508	2182	6	109	2e-15	66.2
scaffold49552	OTU_0091	40.19	107	59	3	2055	2375	6	107	2e-17	72.0
scaffold50098	OTU_0091	38.10	126	72	4	1549	1184	3	126	2e-16	68.6
scaffold57382	OTU_0091	46.21	132	65	1	974	1369	3	128	3e-29	  105
scaffold61616	OTU_0091	41.82	110	57	4	1649	1975	6	109	7e-19	75.9
scaffold62803	OTU_0091	40.15	132	70	4	426	821	6	128	1e-21	83.6
scaffold63375	OTU_0099	33.09	136	76	5	1688	2077	1	127	2e-21	82.8
scaffold64363	OTU_0096	34.95	103	61	1	5	313	34	130	1e-15	66.6
scaffold68068	OTU_0047	42.57	101	49	5	643	362	1	99	4e-11	52.0
scaffold69482	OTU_0091	42.20	109	58	3	983	1309	6	109	3e-19	76.6
scaffold72237	OTU_0091	38.46	130	65	5	741	370	5	125	1e-17	72.0
scaffold78214	OTU_0091	37.59	133	68	5	387	767	2	125	7e-19	75.5
scaffold81239	OTU_0035	39.00	100	55	2	1156	1440	1	99	2e-15	64.3
scaffold81585	OTU_0047	39.00	100	59	2	589	885	1	99	3e-17	69.7
scaffold84971	OTU_0096	44.70	132	67	1	1280	1675	1	126	1e-32	  114
scaffold85148	OTU_0034	42.50	80	46	0	989	750	2	81	3e-14	60.8
scaffold96666	OTU_0086	45.45	66	27	2	1380	1183	1	57	5e-11	50.8
scaffold105333	OTU_0047	40.57	106	57	3	765	1082	1	100	3e-16	66.6
scaffold109885	OTU_0036	41.35	104	55	4	714	1013	5	106	9e-18	71.2
scaffold110532	OTU_0036	42.86	84	43	2	1356	1604	1	80	2e-12	55.8
scaffold111240	OTU_0091	35.51	138	70	5	193	594	6	128	2e-18	73.6
scaffold111269	OTU_0091	40.62	128	68	5	821	453	4	128	8e-26	94.7
scaffold114944	OTU_0091	38.52	122	69	4	1154	801	6	125	1e-18	73.9
scaffold115069	OTU_0091	37.29	118	70	3	1227	1571	6	122	3e-17	70.1
scaffold125729	OTU_0070	38.89	126	68	6	140	499	1	123	1e-16	68.2
scaffold125994	OTU_0057	40.00	125	68	4	469	101	1	120	1e-21	82.8
scaffold126663	OTU_0091	51.40	107	52	0	326	6	1	107	1e-32	  113
scaffold129013	OTU_0047	42.16	102	53	4	781	488	1	100	3e-17	69.3
scaffold129489	OTU_0091	35.56	135	74	5	770	369	6	128	1e-17	71.2
scaffold132190	OTU_0091	37.38	107	60	4	107	424	6	106	5e-13	57.4
scaffold135856	OTU_0091	40.71	113	54	4	108	434	6	109	3e-20	78.6
scaffold141711	OTU_0091	41.44	111	58	4	885	1214	6	110	5e-19	75.1
scaffold146690	OTU_0091	39.52	124	70	3	637	278	6	128	4e-17	69.3
scaffold147129	OTU_0091	49.19	124	57	1	1095	724	4	121	2e-35	  120
scaffold149559	OTU_0091	38.46	104	59	3	312	1	6	104	3e-16	67.0
scaffold156865	OTU_0091	39.06	128	72	4	91	462	3	128	2e-18	73.2
scaffold160505	OTU_0091	41.12	107	58	3	625	305	6	107	2e-19	75.9
scaffold161896	OTU_0057	33.33	135	77	5	877	476	1	123	1e-14	62.0
scaffold165230	OTU_0070	40.98	122	66	4	745	1098	1	120	2e-22	84.3
scaffold169578	OTU_0091	41.86	129	69	4	1192	818	2	128	2e-24	89.4
scaffold173529	OTU_0047	38.24	102	56	5	608	901	1	99	2e-14	61.2
scaffold175084	OTU_0091	47.17	106	54	2	983	666	6	109	4e-23	85.9
scaffold177658	OTU_0091	39.25	107	55	6	570	869	6	109	4e-14	60.5
scaffold178666	OTU_0091	40.19	107	57	4	797	480	6	106	5e-17	68.6
scaffold180243	OTU_0049	54.76	42	19	0	127	2	1	42	1e-12	54.3
scaffold185408	OTU_0091	45.52	134	67	1	180	581	1	128	3e-32	  110
scaffold192824	OTU_0091	46.91	81	38	2	896	1138	6	81	1e-15	64.7
scaffold195224	OTU_0057	40.16	122	67	4	511	864	1	120	1e-23	86.7
scaffold198171	OTU_0008	48.10	79	39	2	384	617	1	78	3e-17	68.6
scaffold200339	OTU_0034	35.87	92	44	2	778	1053	1	77	2e-12	54.3
scaffold202885	OTU_0070	40.54	111	53	4	764	1084	1	102	1e-14	62.0
scaffold203714	OTU_0049	72.73	55	15	0	927	1091	1	55	1e-24	87.4
scaffold212755	OTU_0099	33.61	119	73	2	115	456	1	118	5e-19	73.9
scaffold225722	OTU_0091	37.29	118	65	4	477	145	6	121	7e-16	65.1
scaffold227191	OTU_0034	43.75	80	45	0	527	288	2	81	2e-15	62.8
scaffold229405	OTU_0091	45.05	91	45	3	790	1062	6	91	2e-16	66.6
scaffold236589	OTU_0032	62.26	53	20	0	861	1019	1	53	2e-18	70.5
scaffold247261	OTU_0091	38.79	116	62	4	676	335	1	109	6e-18	70.5
scaffold252725	OTU_0091	43.65	126	65	1	581	958	6	125	5e-30	  103
scaffold255915	OTU_0091	37.59	133	72	5	509	114	6	128	6e-20	75.9
scaffold256252	OTU_0036	40.22	92	50	2	632	904	1	88	2e-13	57.4
scaffold262592	OTU_0099	30.08	123	85	1	841	473	1	122	2e-12	54.7
scaffold264729	OTU_0091	40.74	108	57	4	644	324	6	107	8e-18	70.1
scaffold269191	OTU_0057	34.85	132	73	5	778	386	1	120	1e-11	52.8
scaffold274570	OTU_0091	33.64	110	62	4	27	356	30	128	2e-12	54.7
scaffold278288	OTU_0057	38.52	122	69	4	603	956	1	120	2e-20	77.0
scaffold282374	OTU_0036	39.77	88	48	2	306	46	5	88	6e-13	55.8
scaffold292565	OTU_0091	39.01	141	72	6	747	328	1	128	8e-21	77.8
scaffold302718	OTU_0091	35.48	124	74	4	24	383	6	127	1e-19	74.7
scaffold311377	OTU_0096	41.22	131	71	4	283	663	2	130	6e-27	95.1
scaffold318197	OTU_0036	33.96	106	60	3	293	610	5	100	5e-13	55.8
scaffold320597	OTU_0036	43.02	86	44	2	260	6	3	84	3e-13	56.6
scaffold320647	OTU_0091	40.00	115	62	4	484	825	2	110	1e-18	71.6
scaffold327697	OTU_0036	38.89	90	50	2	723	457	3	88	9e-14	57.8
scaffold335384	OTU_0096	37.78	90	49	4	14	268	41	128	1e-14	60.5
scaffold338777	OTU_0091	44.26	61	33	1	514	696	6	65	3e-12	40.4
scaffold338777	OTU_0091	50.00	36	17	1	732	839	75	109	3e-12	37.0
scaffold343018	OTU_0091	40.91	110	60	3	345	16	6	110	2e-21	79.3
scaffold345060	OTU_0008	51.43	105	50	1	526	840	1	104	2e-32	  109
scaffold362114	OTU_0091	51.15	131	58	1	47	439	1	125	6e-38	  124
scaffold362686	OTU_0091	40.62	128	71	1	65	448	6	128	2e-26	93.2
scaffold371020	OTU_0047	41.18	102	54	4	623	330	1	100	2e-19	73.2
scaffold382170	OTU_0091	49.25	134	62	1	522	121	1	128	6e-38	  124
scaffold384560	OTU_0091	39.53	129	72	4	358	732	2	128	1e-23	85.5
scaffold385097	OTU_0007	36.54	104	59	3	57	359	2	101	1e-17	68.2
scaffold403382	OTU_0065	57.41	54	22	1	205	44	1	53	1e-15	61.2
scaffold405382	OTU_0057	35.77	123	72	2	6	374	8	123	3e-12	53.1
scaffold408605	OTU_0057	38.02	121	62	4	5	361	11	120	6e-24	85.9
scaffold408710	OTU_0091	47.86	117	51	2	774	430	13	121	3e-29	  100
scaffold412726	OTU_0091	50.00	102	51	0	461	156	6	107	1e-23	85.5
scaffold416214	OTU_0091	41.41	128	69	4	447	76	3	128	2e-24	87.4
scaffold418854	OTU_0047	34.58	107	61	4	205	519	1	100	6e-11	49.3
scaffold422371	OTU_0049	67.27	55	18	0	207	43	1	55	3e-23	82.0
scaffold428848	OTU_0091	41.07	112	59	4	341	673	2	107	1e-16	65.5
scaffold454881	OTU_0035	42.53	87	45	3	254	3	1	85	2e-14	58.5
scaffold458642	OTU_0049	49.09	55	28	0	180	16	1	55	1e-13	55.5
scaffold463483	OTU_0070	44.96	129	65	1	110	496	1	123	4e-33	  110
scaffold465877	OTU_0057	42.64	129	68	1	550	164	1	123	4e-37	  120
scaffold468401	OTU_0091	36.19	105	54	4	414	716	6	101	6e-15	60.5
scaffold474498	OTU_0099	35.80	81	47	3	38	268	47	126	2e-12	53.1
scaffold479391	OTU_0036	41.46	82	43	2	624	382	3	80	4e-13	55.1
scaffold480999	OTU_0070	37.98	129	74	2	429	43	1	123	1e-28	98.6
scaffold481410	OTU_0096	38.58	127	65	4	707	333	13	128	8e-24	85.5
scaffold484596	OTU_0070	29.84	124	81	3	142	498	1	123	1e-15	62.0
scaffold504815	OTU_0091	46.60	103	49	1	3	311	25	121	3e-22	81.3
scaffold516694	OTU_0049	72.97	37	10	0	568	678	1	37	2e-14	57.4
scaffold525229	OTU_0068	47.22	108	57	0	361	38	1	108	7e-31	  104
scaffold526220	OTU_0034	37.97	79	46	2	148	384	2	77	4e-13	54.3
scaffold531000	OTU_0091	46.60	103	54	1	182	490	6	107	7e-26	90.9
scaffold538098	OTU_0057	48.06	129	61	1	571	185	1	123	4e-40	  128
scaffold538269	OTU_0091	40.71	113	54	4	450	124	6	109	2e-18	70.1
scaffold542677	OTU_0047	40.00	100	54	2	374	658	1	99	1e-18	69.7
scaffold542815	OTU_0091	40.98	122	65	3	1	363	13	128	2e-25	89.7
scaffold551126	OTU_0096	29.20	137	87	4	21	419	1	131	9e-17	65.5
scaffold566379	OTU_0091	38.83	103	57	4	350	646	6	106	7e-16	62.8
scaffold588668	OTU_0049	57.14	49	21	0	147	1	1	49	2e-15	60.1
scaffold601108	OTU_0096	30.40	125	86	1	493	119	5	128	8e-18	68.2
scaffold603395	OTU_0091	48.72	78	39	1	239	6	6	82	9e-18	67.8
scaffold608001	OTU_0091	46.67	75	39	1	396	620	6	79	6e-16	62.8
scaffold615448	OTU_0090	47.27	55	29	0	465	301	1	55	3e-13	53.5
scaffold619491	OTU_0091	39.39	132	69	4	590	201	6	128	4e-26	91.3
scaffold619789	OTU_0057	36.80	125	73	4	155	517	1	123	1e-22	81.3
scaffold625918	OTU_0057	42.64	129	68	1	203	589	1	123	2e-31	  105
scaffold626572	OTU_0091	52.22	90	41	2	293	24	6	93	2e-23	83.6
scaffold627777	OTU_0091	36.70	109	62	4	385	62	6	108	2e-18	70.1
scaffold629799	OTU_0099	46.97	132	62	3	78	470	2	126	6e-35	  114
scaffold645787	OTU_0091	34.65	101	59	4	602	303	15	109	6e-12	51.2
scaffold649040	OTU_0091	41.51	106	56	3	32	337	6	109	2e-19	72.8
scaffold674505	OTU_0096	47.79	136	65	1	583	176	1	130	3e-44	  138
scaffold684306	OTU_0034	44.83	58	28	1	193	20	4	57	2e-11	48.9
scaffold688539	OTU_0091	45.68	81	44	0	331	573	2	82	7e-19	71.2
scaffold691323	OTU_0068	32.82	131	82	1	4	396	5	129	1e-24	87.0
scaffold691704	OTU_0034	48.05	77	39	1	235	5	2	77	4e-19	70.5
