scaffold01663	OTU_0007	47.13	87	46	0	2282	2022	3	89	8e-11	55.5
scaffold04734	OTU_0023	43.30	97	52	1	27980	27690	3	96	2e-22	88.6
scaffold05943	OTU_0040	100.00	45	0	0	135	1	1	45	2e-25	97.1
scaffold14431	OTU_0040	98.90	91	1	0	13653	13381	11	101	4e-56	  184
scaffold75156	OTU_0019	93.07	101	7	0	757	455	1	101	4e-62	  199
scaffold79900	OTU_0040	100.00	45	0	0	3470	3604	1	45	2e-26	97.1
scaffold249847	OTU_0046	69.31	101	31	0	455	757	1	101	2e-48	  156
scaffold701239	OTU_0046	64.46	121	41	1	179	535	2	122	3e-52	  161
scaffold743398	OTU_0022	100.00	101	0	0	426	728	1	101	2e-70	  207
scaffold858237	OTU_0046	62.30	122	42	1	687	334	1	122	3e-52	  160
