scaffold00057	OTU_0685	43.24	111	57	3	36375	36049	29	135	8e-18	83.6
scaffold00074	OTU_0666	41.82	110	63	1	29607	29281	28	137	1e-14	73.9
scaffold00206	OTU_1329	31.97	147	95	3	3426	3001	15	161	1e-12	66.6
scaffold00283	OTU_1699	38.46	169	95	2	11983	12486	26	186	1e-22	97.1
scaffold00336	OTU_0993	35.96	178	87	6	12815	12342	23	193	3e-15	74.7
scaffold00387	OTU_1051	33.03	109	73	0	6002	6328	17	125	2e-11	62.4
scaffold00401	OTU_0778	42.86	112	54	4	8225	7902	33	138	2e-11	62.8
scaffold00406	OTU_1524	40.18	112	66	1	10402	10734	63	174	2e-11	62.4
scaffold00431	OTU_1264	94.80	269	2	4	9005	8199	1	257	3e-150	  467
scaffold00533	OTU_1444	35.67	157	94	5	1934	1479	28	182	1e-16	78.2
scaffold00570	OTU_0658	39.29	112	58	3	8809	9117	7	117	3e-12	64.7
scaffold00593	OTU_0519	36.59	123	75	2	6613	6251	25	146	3e-14	71.2
scaffold00615	OTU_0336	37.96	108	67	0	4919	5242	30	137	1e-14	72.0
scaffold00647	OTU_0685	36.07	122	70	4	4160	4501	26	147	8e-16	75.9
scaffold00685	OTU_1091	41.96	112	59	4	744	418	28	136	3e-12	64.3
scaffold00897	OTU_0460	71.20	184	49	3	4466	5017	3	182	4e-75	  247
scaffold01056	OTU_0015	38.89	126	73	2	7618	7983	66	191	1e-16	78.6
scaffold01135	OTU_0317	34.16	161	99	3	365	841	28	183	3e-16	76.6
scaffold01208	OTU_1517	98.69	229	2	1	7279	7965	1	228	1e-134	  419
scaffold01224	OTU_0892	35.03	157	88	6	4552	4109	72	223	6e-13	66.6
scaffold01304	OTU_0989	36.80	125	64	5	5357	5022	7	129	1e-12	65.1
scaffold01310	OTU_0686	32.48	117	79	0	633	283	11	127	7e-12	62.8
scaffold01503	OTU_0522	35.53	152	88	5	2934	2497	17	164	8e-15	71.6
scaffold01874	OTU_0107	41.67	84	49	0	1549	1800	32	115	4e-12	63.5
scaffold01987	OTU_0137	28.64	220	111	8	3460	2834	75	259	9e-15	72.4
scaffold02110	OTU_0317	39.47	114	63	3	2355	2678	30	143	1e-15	74.3
scaffold02202	OTU_0317	28.48	158	105	2	5344	4871	34	183	4e-11	60.1
scaffold02345	OTU_0318	99.47	187	0	1	881	321	1	186	1e-96	  308
scaffold02596	OTU_0317	39.22	153	81	5	3737	4162	26	177	2e-20	88.2
scaffold02610	OTU_0569	33.33	174	103	5	5004	4501	14	180	6e-11	59.3
scaffold02624	OTU_0272	30.71	127	79	3	501	872	18	138	6e-12	62.4
scaffold03039	OTU_0963	36.29	124	77	2	3154	2786	68	190	2e-15	73.6
scaffold03053	OTU_1715	34.00	150	93	4	4560	4114	69	213	4e-13	66.6
scaffold03217	OTU_1085	37.58	165	94	4	1974	2465	25	181	2e-17	79.7
scaffold03477	OTU_0004	34.56	136	83	2	3027	2638	16	151	6e-11	58.9
scaffold03524	OTU_0641	32.42	182	108	6	3256	2741	45	221	1e-16	77.4
scaffold03561	OTU_0004	33.02	106	67	2	2602	2907	14	119	1e-13	67.8
scaffold03723	OTU_0278	48.10	79	36	1	4021	3800	100	178	1e-13	68.2
scaffold03979	OTU_0317	40.17	117	69	1	1659	2006	25	141	1e-10	58.5
scaffold04146	OTU_0685	39.87	158	83	5	470	30	26	182	1e-20	89.0
scaffold04165	OTU_1143	35.24	105	57	3	4022	3741	31	135	7e-11	58.5
scaffold04723	OTU_0107	36.21	116	61	4	1493	1828	36	142	3e-12	63.2
scaffold04912	OTU_1717	39.84	128	66	2	979	1344	57	179	7e-17	77.8
scaffold04929	OTU_1577	35.96	114	64	3	1442	1125	7	119	1e-11	61.2
scaffold05093	OTU_0560	48.60	179	91	1	3514	2978	6	183	1e-44	  158
scaffold05107	OTU_0616	31.15	122	81	2	3870	3514	67	188	2e-13	66.6
scaffold05305	OTU_1444	30.87	149	99	3	929	492	35	182	2e-13	67.0
scaffold05651	OTU_0317	35.09	171	98	6	3334	2822	26	183	8e-17	77.0
scaffold05830	OTU_0685	43.09	123	61	4	2512	2171	26	148	4e-19	84.0
scaffold06366	OTU_1336	35.16	128	73	5	1755	1393	72	196	8e-13	64.7
scaffold06767	OTU_0691	36.07	122	72	3	2747	3100	11	130	5e-11	58.5
scaffold07460	OTU_0876	31.97	147	87	5	2612	2202	31	174	5e-12	62.4
scaffold07516	OTU_0317	36.52	115	69	3	660	319	29	140	2e-14	69.7
scaffold07520	OTU_1245	35.96	114	67	2	2218	1895	20	133	3e-12	62.8
scaffold07867	OTU_0317	47.17	106	52	3	1707	2012	30	135	1e-17	79.3
scaffold07912	OTU_1638	43.81	105	56	3	2616	2305	16	118	5e-12	62.0
scaffold07919	OTU_0433	33.91	115	70	2	2586	2254	21	133	2e-14	69.3
scaffold07931	OTU_0716	37.50	104	63	2	1021	716	31	134	4e-13	65.5
scaffold08137	OTU_1572	42.20	109	59	3	801	484	33	140	4e-13	65.5
scaffold08391	OTU_1668	44.26	122	58	5	2311	1964	32	149	4e-18	80.9
scaffold08562	OTU_0270	39.39	132	69	2	2015	1638	57	183	3e-13	65.9
scaffold08586	OTU_1661	48.11	106	50	2	1111	1413	33	138	2e-17	78.6
scaffold09017	OTU_0934	33.33	183	88	9	1829	2317	60	228	1e-11	61.2
scaffold09294	OTU_0569	75.00	132	23	2	3	398	75	196	6e-56	  189
scaffold09480	OTU_0685	42.61	115	65	1	716	1057	23	137	4e-19	83.6
scaffold09504	OTU_1492	39.42	104	55	3	530	237	21	122	6e-13	64.7
scaffold09986	OTU_0685	39.00	100	58	2	936	1229	36	134	7e-11	58.2
scaffold10201	OTU_0248	37.29	118	66	2	1416	1087	15	132	3e-13	65.5
scaffold10384	OTU_0658	37.70	122	68	3	2787	2434	14	131	7e-12	61.2
scaffold10431	OTU_0226	35.45	110	70	1	109	435	67	176	3e-12	62.8
scaffold10775	OTU_0004	38.89	108	61	2	396	85	13	119	1e-13	66.6
scaffold11022	OTU_0107	39.17	120	68	3	61	408	35	153	5e-12	61.6
scaffold11088	OTU_1380	34.25	146	81	4	583	996	40	178	4e-15	71.2
scaffold11112	OTU_1324	32.14	168	88	5	25	486	26	181	2e-16	75.1
scaffold11157	OTU_1216	40.00	110	66	0	2103	2432	27	136	3e-16	74.7
scaffold11366	OTU_0046	36.84	114	65	4	925	596	48	158	7e-14	67.8
scaffold12005	OTU_0403	39.34	122	70	1	2251	1898	14	135	2e-17	78.2
scaffold12435	OTU_1526	36.59	123	72	3	2506	2150	30	150	9e-12	60.8
scaffold12622	OTU_1423	35.48	124	73	4	1482	1132	12	135	8e-11	57.8
scaffold12841	OTU_1091	44.83	116	53	5	511	167	32	137	2e-16	75.1
scaffold12903	OTU_0775	32.03	128	82	4	1268	1636	42	169	5e-13	65.1
scaffold13064	OTU_0578	36.61	112	70	1	1983	1648	28	138	2e-14	69.3
scaffold13124	OTU_0632	30.49	164	86	6	1513	1947	4	158	2e-11	59.3
scaffold13293	OTU_0467	33.33	162	78	7	424	849	28	179	3e-11	59.3
scaffold13449	OTU_0658	36.52	115	63	4	1691	2011	5	117	5e-11	58.2
scaffold13639	OTU_1539	36.94	111	66	2	1224	901	68	177	2e-11	60.1
scaffold13977	OTU_1572	37.19	121	72	3	609	959	30	150	1e-14	69.7
scaffold14370	OTU_1162	42.31	104	54	4	18	314	47	149	6e-12	61.6
scaffold14773	OTU_1724	32.71	107	68	1	312	620	31	137	1e-11	60.5
scaffold14978	OTU_1661	35.78	109	65	3	1384	1070	30	137	2e-12	62.8
scaffold15216	OTU_0803	44.19	86	37	1	2415	2158	81	155	4e-12	61.6
scaffold15277	OTU_1538	36.00	125	70	5	1537	1187	8	130	2e-12	62.8
scaffold15648	OTU_0107	37.30	126	64	5	335	706	23	135	8e-13	63.5
scaffold15751	OTU_0471	34.64	153	96	3	852	1301	11	162	2e-14	68.6
scaffold15839	OTU_0519	34.85	132	79	3	2282	1890	11	136	2e-11	59.3
scaffold15933	OTU_1269	35.48	124	72	4	552	914	17	135	1e-11	59.7
scaffold17160	OTU_1538	41.59	113	56	5	33	347	8	118	3e-11	58.9
scaffold17480	OTU_0685	35.09	114	67	4	232	555	28	140	6e-11	58.2
scaffold17541	OTU_0685	40.23	87	48	1	506	754	59	145	2e-12	62.4
scaffold18188	OTU_0107	39.83	118	70	1	1017	664	28	144	1e-12	63.2
scaffold18431	OTU_0317	34.30	172	96	3	1010	504	26	183	1e-14	69.3
scaffold19041	OTU_1474	35.24	105	64	2	1513	1211	18	122	5e-12	61.2
scaffold19188	OTU_1661	36.07	122	68	4	556	903	30	147	8e-11	57.4
scaffold19321	OTU_0868	35.85	159	93	3	632	159	32	182	5e-20	85.5
scaffold19451	OTU_1568	36.55	145	81	4	1051	1458	38	180	2e-11	59.7
scaffold19565	OTU_1091	38.39	112	64	2	1348	1025	25	135	3e-14	68.2
scaffold19786	OTU_1602	34.09	176	87	8	1646	1134	35	186	3e-13	65.5
scaffold19811	OTU_1004	39.13	92	52	2	1268	996	93	181	7e-11	57.8
scaffold19812	OTU_0686	36.97	119	75	0	1759	1403	9	127	5e-16	73.6
scaffold20015	OTU_1091	37.39	115	68	3	1244	909	17	130	1e-11	60.1
scaffold20429	OTU_1265	86.04	265	26	4	1355	2149	5	258	2e-156	  453
scaffold21154	OTU_0685	34.69	98	60	2	284	3	26	123	8e-13	63.5
scaffold21219	OTU_1435	32.69	156	96	3	856	1302	9	162	7e-13	63.9
scaffold21339	OTU_0264	35.90	117	68	4	1752	2081	41	157	4e-13	64.7
scaffold21554	OTU_0933	40.70	86	49	2	1068	811	106	189	7e-12	61.2
scaffold22017	OTU_0465	99.48	192	0	1	1307	1882	1	191	2e-112	  337
scaffold22049	OTU_1625	31.75	126	80	2	202	570	42	164	3e-12	62.0
scaffold22152	OTU_1633	41.67	108	59	2	1166	855	71	178	6e-18	79.3
scaffold22152	OTU_1633	32.11	109	70	2	380	66	72	180	9e-11	57.4
scaffold22268	OTU_1051	31.07	177	92	6	803	1318	16	167	9e-11	57.4
scaffold22443	OTU_0685	38.14	118	61	4	1795	1466	36	149	1e-13	65.9
scaffold22623	OTU_0438	40.00	100	53	3	1415	1137	31	130	1e-12	63.2
scaffold22838	OTU_1506	29.14	175	111	2	1937	1440	16	186	4e-15	71.2
scaffold23900	OTU_0107	34.25	146	89	3	171	596	18	160	9e-13	63.2
scaffold24042	OTU_0317	37.07	116	65	4	1291	965	29	143	6e-15	70.1
scaffold24568	OTU_0317	36.96	138	85	2	510	100	1	137	2e-16	74.7
scaffold25113	OTU_0107	35.00	100	61	2	356	69	24	123	3e-11	58.5
scaffold25159	OTU_0823	99.17	121	0	1	640	278	53	172	8e-75	  236
scaffold25648	OTU_1085	35.78	109	60	4	411	109	29	135	6e-11	57.8
scaffold26449	OTU_1143	39.22	102	57	2	1779	1489	35	136	7e-11	57.4
scaffold27083	OTU_0410	41.28	109	61	1	877	560	32	140	1e-17	78.2
scaffold27264	OTU_0867	40.91	110	61	3	534	214	32	140	2e-14	68.2
scaffold28006	OTU_1004	38.58	127	73	3	1232	1600	31	156	3e-14	67.8
scaffold28235	OTU_0573	35.59	236	89	7	653	3	3	194	1e-33	  124
scaffold28314	OTU_0691	32.34	167	92	5	1231	1698	11	167	4e-13	64.3
scaffold28568	OTU_0107	37.29	118	66	4	1628	1296	25	141	4e-15	70.1
scaffold28955	OTU_1363	46.70	182	96	1	707	162	41	221	7e-39	  139
scaffold29230	OTU_1210	36.54	156	88	3	340	774	32	187	2e-15	72.0
scaffold30109	OTU_0015	39.81	108	61	3	1163	846	75	180	1e-11	60.1
scaffold30217	OTU_0322	39.50	119	70	2	1619	1269	33	151	3e-16	73.2
scaffold30742	OTU_1091	41.28	109	60	3	656	342	28	136	2e-12	62.4
scaffold30803	OTU_0489	40.74	108	60	2	1018	1329	16	123	1e-16	74.7
scaffold31588	OTU_0107	42.99	107	60	1	708	391	27	133	7e-11	57.4
scaffold32278	OTU_1196	90.55	275	11	4	1372	548	1	260	3e-143	  416
scaffold32447	OTU_1245	39.25	107	55	4	680	381	27	130	3e-15	70.9
scaffold32530	OTU_0666	41.74	115	66	1	1100	1441	23	137	1e-19	83.6
scaffold33073	OTU_0226	39.45	109	66	0	579	253	64	172	2e-16	74.7
scaffold33586	OTU_0685	39.52	124	63	4	1190	843	35	154	1e-15	72.0
scaffold34181	OTU_1324	42.22	225	84	6	934	266	2	182	6e-44	  152
scaffold35083	OTU_1661	48.65	74	36	1	1742	1527	62	135	4e-12	60.8
scaffold35209	OTU_0947	36.11	108	59	3	1723	1427	13	119	9e-13	62.8
scaffold35494	OTU_0652	42.98	114	59	4	220	552	74	184	3e-16	73.9
scaffold35589	OTU_1639	99.14	232	1	1	700	5	1	231	4e-138	  402
scaffold36442	OTU_0949	78.26	92	16	2	269	3	2	92	5e-31	  116
scaffold36940	OTU_0107	39.09	110	66	1	1707	1381	35	144	2e-12	62.0
scaffold37398	OTU_0322	40.52	116	68	1	669	1013	32	147	8e-13	62.8
scaffold37795	OTU_0410	44.12	102	49	3	1122	838	32	132	5e-15	69.7
scaffold38372	OTU_0569	36.59	164	92	4	13	486	23	180	8e-15	69.3
scaffold38596	OTU_0107	41.82	110	58	3	1301	1618	36	143	1e-14	68.6
scaffold38955	OTU_0317	28.24	131	90	4	557	937	25	155	7e-12	60.1
scaffold39253	OTU_0658	36.00	125	70	5	603	953	7	129	4e-11	57.8
scaffold39864	OTU_1705	29.87	154	102	4	378	827	33	184	5e-14	66.6
scaffold40045	OTU_0519	39.50	119	64	3	1174	842	24	142	3e-16	73.6
scaffold40265	OTU_1091	42.00	100	55	2	481	771	31	130	8e-15	68.9
scaffold40309	OTU_0228	43.56	101	54	3	320	21	40	138	7e-11	57.0
scaffold40617	OTU_0658	38.05	113	60	4	1165	851	7	117	3e-12	61.2
scaffold41340	OTU_0700	32.56	129	78	2	1632	1258	50	173	2e-12	61.6
scaffold42080	OTU_0752	33.33	153	92	7	671	231	19	167	7e-13	63.2
scaffold42102	OTU_0519	33.97	156	96	3	1188	736	25	178	8e-15	69.3
scaffold42276	OTU_1637	41.90	105	55	1	573	277	35	139	2e-16	74.3
scaffold43017	OTU_1223	37.78	90	55	1	1422	1153	2	90	1e-11	59.3
scaffold43042	OTU_0229	37.19	121	67	4	1282	944	69	188	2e-13	65.1
scaffold44346	OTU_0666	36.79	106	67	0	123	440	27	132	8e-18	78.2
scaffold45238	OTU_0433	33.02	106	67	1	425	120	28	133	2e-14	68.2
scaffold45341	OTU_0963	31.78	107	72	1	1252	1572	48	153	7e-11	57.0
scaffold45853	OTU_0685	36.21	116	70	3	1237	896	29	142	4e-15	70.1
scaffold46805	OTU_1091	42.86	105	50	5	893	597	34	134	7e-13	63.2
scaffold47962	OTU_0336	35.59	118	75	1	156	506	24	141	2e-11	58.5
scaffold48138	OTU_1640	35.65	115	69	3	1077	1406	34	148	8e-13	62.8
scaffold48325	OTU_0578	32.67	150	86	6	181	606	35	177	7e-11	57.0
scaffold48696	OTU_0107	40.21	97	54	3	347	69	35	131	6e-13	63.2
scaffold49111	OTU_0527	33.70	184	98	5	629	129	19	195	2e-20	86.7
scaffold49201	OTU_0842	46.05	76	41	0	328	101	58	133	1e-16	74.3
scaffold51208	OTU_1462	34.40	125	78	2	1482	1111	75	196	7e-12	60.5
scaffold52361	OTU_0658	34.82	112	63	3	694	1002	7	117	4e-12	60.8
scaffold52397	OTU_0661	44.23	104	52	2	1193	1486	60	163	6e-15	70.1
scaffold52577	OTU_1324	30.60	134	78	3	28	408	57	182	1e-14	68.2
scaffold52708	OTU_0937	38.89	108	62	2	497	183	19	125	8e-15	68.9
scaffold52709	OTU_0838	68.42	57	8	2	3	173	153	199	7e-16	72.4
scaffold52795	OTU_0004	38.89	108	59	3	636	325	47	151	7e-13	63.2
scaffold53163	OTU_1117	44.12	102	53	2	83	376	32	133	5e-14	66.6
scaffold53368	OTU_0937	31.20	125	76	3	623	970	15	138	8e-12	59.7
scaffold54473	OTU_0839	44.66	103	51	2	689	979	45	147	3e-16	73.2
scaffold54821	OTU_0372	32.30	161	97	4	936	469	43	196	1e-17	77.8
scaffold55104	OTU_0716	38.46	104	60	3	668	970	30	132	9e-11	56.6
scaffold55982	OTU_0317	38.33	120	70	2	455	108	27	146	2e-17	77.0
scaffold56969	OTU_0465	34.71	121	79	0	207	569	31	151	1e-14	68.6
scaffold57273	OTU_0685	39.78	93	53	2	575	306	35	127	6e-11	57.0
scaffold57420	OTU_1444	39.68	126	74	1	679	1056	33	156	9e-21	86.3
scaffold57425	OTU_1091	45.22	115	57	3	1196	867	24	137	6e-19	80.9
scaffold57584	OTU_0754	29.89	184	116	2	536	1063	41	219	1e-17	77.8
scaffold58586	OTU_0122	36.45	107	58	4	336	638	29	131	1e-10	56.6
scaffold59810	OTU_1270	82.18	202	32	2	802	1407	1	198	1e-92	  280
scaffold59979	OTU_1631	32.39	142	76	5	922	1320	3	133	6e-13	63.2
scaffold60096	OTU_0248	36.44	118	69	1	26	361	15	132	4e-12	60.5
scaffold60131	OTU_1272	30.92	152	95	5	810	1241	12	161	7e-11	57.0
scaffold60381	OTU_0953	40.17	117	61	3	994	671	71	187	2e-13	65.1
scaffold60426	OTU_0953	43.52	108	57	1	970	1281	67	174	7e-20	84.3
scaffold60964	OTU_0347	34.29	140	67	8	106	501	33	155	3e-11	58.2
scaffold61188	OTU_0281	42.06	107	59	1	972	1283	31	137	6e-20	83.6
scaffold61338	OTU_0317	38.17	131	73	4	415	47	29	159	5e-17	75.5
scaffold62836	OTU_1051	33.59	131	74	3	429	782	3	133	6e-15	68.9
scaffold63112	OTU_0716	35.83	120	71	2	798	1145	31	148	3e-14	67.0
scaffold64655	OTU_1492	30.23	172	103	7	513	1019	17	174	3e-14	67.0
scaffold64691	OTU_1328	35.65	115	62	4	256	591	31	136	2e-11	58.5
scaffold65339	OTU_1435	33.33	117	74	2	431	772	9	124	8e-11	56.2
scaffold65668	OTU_0978	37.93	87	44	2	94	324	50	136	9e-11	56.6
scaffold65748	OTU_0591	55.76	165	72	1	495	1	1	164	2e-40	  142
scaffold65810	OTU_1231	35.88	131	79	4	1269	886	27	155	3e-15	69.7
scaffold66510	OTU_0107	38.26	149	82	5	665	1108	5	144	1e-13	64.7
scaffold66511	OTU_0993	48.65	185	94	1	1293	739	10	193	3e-48	  162
scaffold66772	OTU_1418	33.56	149	90	3	1066	647	36	184	2e-14	67.4
scaffold66921	OTU_1211	80.41	97	10	2	1346	1056	130	217	2e-44	  152
scaffold66995	OTU_0685	36.67	150	83	5	998	582	34	182	1e-17	77.0
scaffold67775	OTU_1726	36.21	116	70	2	668	330	9	123	1e-13	65.1
scaffold67835	OTU_1598	31.46	178	93	4	522	1040	33	186	2e-11	58.2
scaffold70273	OTU_0716	31.45	159	93	5	328	777	28	179	7e-11	56.6
scaffold70817	OTU_0737	30.34	145	90	3	1045	641	31	174	6e-12	60.8
scaffold71193	OTU_1088	36.94	111	66	2	3	323	26	136	1e-14	68.2
scaffold71213	OTU_0367	43.64	110	52	3	490	176	16	120	5e-13	63.2
scaffold71311	OTU_0107	36.09	133	79	3	177	563	30	160	1e-15	70.9
scaffold71422	OTU_0433	36.00	125	68	4	141	479	29	153	1e-16	73.9
scaffold71656	OTU_0519	41.24	97	47	3	343	603	35	131	7e-12	59.7
scaffold72304	OTU_0714	42.11	76	40	2	755	970	13	88	2e-11	58.5
scaffold73264	OTU_0641	99.49	195	0	1	1299	715	28	221	3e-132	  380
scaffold74135	OTU_0685	35.81	148	75	5	843	1262	19	154	4e-17	75.5
scaffold75862	OTU_1657	34.83	89	56	1	34	300	61	147	1e-12	62.0
scaffold76212	OTU_0031	27.00	200	122	5	177	767	31	209	5e-13	63.5
scaffold76762	OTU_0317	37.39	115	62	3	747	1061	27	141	2e-14	67.4
scaffold77592	OTU_0107	31.30	131	81	4	491	117	31	158	2e-12	61.2
scaffold77622	OTU_0495	35.46	141	71	7	837	1217	10	144	8e-13	62.4
scaffold78011	OTU_0107	34.75	141	83	2	1238	822	3	136	2e-14	67.0
scaffold78094	OTU_1080	35.40	161	88	5	900	442	76	228	1e-15	71.6
scaffold78113	OTU_0303	34.87	152	84	5	134	553	29	177	5e-14	66.2
scaffold78236	OTU_1547	37.70	122	70	3	747	1112	70	185	2e-12	61.6
scaffold78553	OTU_0751	99.45	181	0	1	719	1261	1	180	4e-124	  358
scaffold79829	OTU_1729	73.61	72	9	2	1254	1039	160	221	4e-28	  107
scaffold80378	OTU_1661	35.78	109	66	1	379	65	26	134	2e-14	67.0
scaffold80816	OTU_1637	40.74	108	62	2	1224	907	34	141	3e-14	67.0
scaffold81203	OTU_1118	37.89	95	58	1	816	1100	47	140	5e-14	65.9
scaffold82021	OTU_0317	45.61	114	61	1	312	650	32	145	1e-21	87.8
scaffold82305	OTU_0273	35.20	125	75	4	598	233	31	152	3e-14	66.6
scaffold82355	OTU_0317	37.17	113	65	3	3	323	31	143	2e-15	70.1
scaffold83279	OTU_1148	40.70	86	50	1	541	795	92	177	2e-14	68.6
scaffold83776	OTU_1604	98.66	224	2	1	681	10	1	223	2e-156	  441
scaffold83963	OTU_0963	42.11	114	54	5	894	1211	43	152	5e-14	65.9
scaffold84521	OTU_0897	90.62	128	9	2	841	1224	1	125	1e-61	  199
scaffold85155	OTU_0944	30.36	168	85	7	241	675	9	167	8e-12	59.7
scaffold86500	OTU_1091	41.58	101	49	3	172	444	34	134	2e-13	63.9
scaffold87001	OTU_0706	44.64	56	31	0	1	168	68	123	5e-11	56.6
scaffold87107	OTU_1519	32.52	163	101	4	960	475	20	174	5e-11	57.0
scaffold87577	OTU_1055	35.03	177	87	6	411	932	32	183	6e-16	71.6
scaffold88426	OTU_1324	35.10	151	94	3	757	1200	31	180	2e-16	73.2
scaffold88995	OTU_0685	37.27	110	59	3	355	56	24	133	3e-12	60.8
scaffold89110	OTU_0666	32.65	147	93	3	552	977	31	176	3e-14	67.0
scaffold89609	OTU_0317	40.87	115	60	4	952	629	28	141	1e-16	73.6
scaffold89612	OTU_1572	42.11	76	41	1	221	3	32	107	4e-11	57.4
scaffold90037	OTU_1004	36.70	109	66	2	731	411	31	138	6e-15	68.9
scaffold90136	OTU_1736	34.86	109	63	2	322	624	16	124	2e-14	67.0
scaffold91049	OTU_1091	43.33	120	57	4	553	909	28	137	2e-19	81.3
scaffold91558	OTU_1646	31.03	116	71	4	302	628	17	130	1e-12	61.2
scaffold91603	OTU_0109	38.26	115	64	4	862	533	36	148	5e-12	60.1
scaffold92231	OTU_0317	45.45	77	38	2	172	390	30	106	3e-12	60.5
scaffold92303	OTU_1718	31.82	132	90	0	671	1066	68	199	1e-16	73.9
scaffold92577	OTU_0093	34.97	143	85	5	1	414	39	178	4e-11	57.0
scaffold92831	OTU_1029	33.90	118	64	3	536	225	26	143	4e-11	57.0
scaffold93245	OTU_0375	39.13	115	61	5	121	441	36	149	3e-13	63.9
scaffold93846	OTU_1189	38.46	104	60	2	901	602	21	124	5e-14	65.9
scaffold94368	OTU_0658	35.62	146	75	7	363	788	1	131	4e-11	57.0
scaffold94449	OTU_0945	93.05	259	7	3	1098	322	1	248	3e-166	  466
scaffold94639	OTU_0107	36.55	145	80	4	739	320	26	163	2e-15	69.7
scaffold94778	OTU_0321	36.50	137	80	2	84	494	29	158	3e-17	75.1
scaffold95462	OTU_0632	41.67	108	52	5	639	932	15	121	4e-12	60.1
scaffold95523	OTU_0685	37.40	123	60	5	762	1103	22	136	2e-11	58.2
scaffold95893	OTU_1170	93.49	215	3	3	1164	520	17	220	8e-135	  384
scaffold96096	OTU_0643	34.94	166	95	5	514	26	47	202	5e-18	77.8
scaffold96827	OTU_0695	33.79	145	78	6	694	308	15	157	4e-12	60.1
scaffold97013	OTU_0408	32.62	141	78	6	322	696	28	167	6e-11	56.6
scaffold97616	OTU_0531	36.88	141	74	5	810	427	48	186	4e-13	64.3
scaffold98713	OTU_0339	33.54	161	89	5	800	351	7	160	3e-12	60.5
scaffold99867	OTU_0591	33.88	183	105	7	507	1031	28	202	6e-18	77.8
scaffold99879	OTU_1091	41.90	105	51	3	124	408	30	134	2e-11	58.2
scaffold100181	OTU_0292	31.84	179	100	7	457	987	65	223	3e-16	73.6
scaffold100215	OTU_1568	45.38	130	55	6	341	697	32	156	1e-20	85.1
scaffold100298	OTU_0336	33.33	126	75	3	215	580	28	148	1e-13	64.7
scaffold101035	OTU_0410	32.00	150	89	5	545	129	36	183	2e-11	58.2
scaffold101448	OTU_1629	33.88	121	76	3	754	398	28	146	5e-14	65.9
scaffold101541	OTU_1117	36.00	150	88	2	461	886	32	181	9e-16	70.9
scaffold101693	OTU_1572	34.91	106	62	1	792	496	30	135	5e-12	60.1
scaffold102413	OTU_0716	35.06	154	95	4	823	371	28	179	2e-17	75.9
scaffold102831	OTU_0685	33.33	132	81	4	111	491	26	155	1e-14	67.8
scaffold104337	OTU_1376	32.67	150	75	6	905	534	13	162	2e-11	57.8
scaffold104893	OTU_0470	32.81	128	86	0	461	78	28	155	3e-17	75.1
scaffold105964	OTU_1637	43.09	123	62	2	628	987	31	148	9e-21	85.1
scaffold106116	OTU_1004	42.65	136	66	5	243	644	28	153	4e-20	83.2
scaffold106687	OTU_0685	35.85	106	62	2	460	759	28	133	4e-11	57.0
scaffold107200	OTU_0438	31.72	145	96	2	359	787	31	174	5e-12	59.7
scaffold107416	OTU_0336	40.37	109	62	2	370	53	29	137	5e-16	71.2
scaffold107847	OTU_1270	67.78	90	21	4	254	3	1	88	4e-26	  101
scaffold109595	OTU_1539	39.09	110	63	2	782	1099	68	177	8e-12	58.9
scaffold109993	OTU_0632	35.59	118	71	3	555	899	12	127	3e-14	65.9
scaffold111291	OTU_0030	48.21	56	29	0	551	384	29	84	7e-11	56.2
scaffold111464	OTU_1435	38.26	149	87	3	769	335	15	162	2e-20	83.2
scaffold111827	OTU_0488	38.05	113	69	1	413	78	26	138	9e-18	75.9
scaffold112300	OTU_0317	39.13	115	64	3	72	398	29	143	9e-18	76.3
scaffold112435	OTU_1329	32.88	146	91	4	791	366	15	157	3e-14	65.9
scaffold112956	OTU_0278	37.61	117	69	2	547	888	69	184	9e-15	68.6
scaffold113342	OTU_1147	31.30	115	75	3	1002	664	43	155	7e-11	56.6
scaffold113780	OTU_0658	30.65	124	72	4	633	962	11	134	2e-12	60.8
scaffold113806	OTU_0077	100.00	28	0	0	85	2	1	28	1e-11	60.1
scaffold114406	OTU_0941	43.44	122	60	2	137	475	74	195	3e-17	76.3
scaffold114740	OTU_1364	34.39	157	97	4	269	721	69	225	2e-17	76.3
scaffold114815	OTU_1196	74.53	161	37	2	601	1083	1	157	6e-62	  198
scaffold115502	OTU_0537	40.23	87	48	1	1058	798	57	139	7e-16	70.9
scaffold116004	OTU_0498	31.19	109	69	3	428	739	17	124	3e-12	60.5
scaffold116178	OTU_0219	30.67	163	99	2	115	573	18	176	1e-17	75.9
scaffold116237	OTU_0410	44.30	79	40	1	1	225	60	138	5e-12	59.7
scaffold116871	OTU_0277	32.86	210	118	5	119	712	35	233	6e-12	60.5
scaffold117126	OTU_1376	38.46	104	64	0	924	613	17	120	1e-18	78.6
scaffold117895	OTU_0685	34.23	111	65	3	72	383	25	134	7e-11	56.2
scaffold118195	OTU_0073	40.16	127	63	4	522	890	33	150	1e-11	58.5
scaffold118261	OTU_1490	33.14	172	84	5	501	968	24	180	2e-19	80.9
scaffold118491	OTU_1051	35.40	161	86	6	1036	593	14	169	3e-12	60.1
scaffold118928	OTU_0716	35.35	99	58	3	764	1045	35	132	6e-11	56.2
scaffold119228	OTU_1637	40.62	160	81	6	929	486	31	188	1e-21	87.0
scaffold121315	OTU_1091	46.55	116	51	6	1011	667	32	137	1e-14	67.4
scaffold122617	OTU_1328	33.33	111	74	0	329	661	27	137	1e-11	58.5
scaffold122866	OTU_1117	31.25	160	100	5	152	613	26	181	1e-13	64.3
scaffold123299	OTU_0278	39.22	102	57	3	293	3	73	174	1e-11	58.9
scaffold124364	OTU_1339	32.95	176	90	7	1040	537	22	177	3e-11	57.4
scaffold124614	OTU_1076	32.48	117	77	2	589	242	68	183	9e-15	68.9
scaffold126210	OTU_1568	45.61	114	52	5	743	432	33	146	3e-17	74.7
scaffold126528	OTU_0940	33.02	106	69	2	319	630	31	136	1e-11	58.5
scaffold127555	OTU_0401	40.79	76	44	1	269	45	62	137	2e-12	60.8
scaffold127867	OTU_0107	39.76	83	45	2	594	361	59	141	6e-13	62.0
scaffold130427	OTU_1091	46.67	105	52	2	405	103	31	135	8e-19	78.6
scaffold130566	OTU_0753	36.80	125	75	3	750	382	24	146	2e-17	74.7
scaffold130586	OTU_0569	34.34	99	64	1	302	6	17	114	3e-12	60.5
scaffold132273	OTU_1402	35.04	137	70	5	493	140	35	171	3e-11	57.8
scaffold132864	OTU_0701	33.96	106	63	1	538	834	10	115	5e-11	56.6
scaffold134221	OTU_0396	30.77	156	99	5	584	120	35	182	4e-13	62.8
scaffold134361	OTU_0980	63.64	44	16	0	224	93	171	214	5e-13	62.8
scaffold134601	OTU_0258	33.94	109	67	2	1014	703	70	178	3e-12	60.8
scaffold136475	OTU_0317	36.61	112	62	5	175	483	32	143	7e-12	58.9
scaffold136525	OTU_1051	33.61	119	75	2	392	736	14	132	2e-12	60.8
scaffold136592	OTU_0396	40.59	101	56	2	293	3	32	132	5e-14	65.1
scaffold136595	OTU_1348	80.00	175	25	2	1008	484	91	255	2e-95	  284
scaffold136730	OTU_0685	40.95	105	53	3	174	461	35	139	5e-11	56.6
scaffold136877	OTU_1347	77.48	111	24	1	676	1008	1	110	1e-51	  169
scaffold138340	OTU_1187	33.33	114	72	2	971	642	20	133	9e-13	61.6
scaffold139029	OTU_0403	41.23	114	61	5	553	227	34	146	5e-12	59.3
scaffold139185	OTU_1463	36.44	118	64	4	64	387	36	152	4e-11	57.0
scaffold139359	OTU_1281	43.33	150	78	3	437	3	1	148	1e-22	89.7
scaffold139437	OTU_1582	31.85	135	80	3	258	632	43	175	8e-13	62.0
scaffold139707	OTU_0607	33.55	155	70	5	544	963	14	150	6e-12	59.3
scaffold140562	OTU_0893	32.47	154	93	4	343	786	75	223	1e-11	59.7
scaffold141171	OTU_1350	40.57	106	61	2	483	794	40	145	4e-16	71.2
scaffold141727	OTU_1631	36.51	126	77	2	665	291	29	152	3e-15	68.9
scaffold141859	OTU_1524	42.11	114	63	1	406	738	63	176	6e-17	73.6
scaffold142303	OTU_0270	35.90	117	71	2	509	168	69	184	3e-13	63.9
scaffold142466	OTU_1666	31.85	157	92	5	236	700	9	152	4e-13	62.8
scaffold142521	OTU_0046	37.50	144	69	5	659	288	10	152	4e-18	77.0
scaffold142712	OTU_0367	33.33	156	101	2	526	984	7	162	2e-18	77.4
scaffold142743	OTU_1447	34.38	160	98	5	671	201	34	189	7e-16	70.9
scaffold142784	OTU_1164	97.31	186	5	0	218	775	12	197	2e-129	  368
scaffold143240	OTU_0685	42.75	131	73	2	392	3	26	155	9e-16	70.1
scaffold143438	OTU_0364	40.54	111	64	2	474	803	59	168	6e-17	73.9
scaffold143631	OTU_0523	33.55	152	95	4	304	747	31	180	7e-14	64.7
scaffold144950	OTU_0339	37.14	140	79	1	482	90	7	146	3e-15	68.6
scaffold146455	OTU_0937	27.97	118	82	2	740	390	24	139	7e-13	61.6
scaffold146526	OTU_0107	41.67	120	69	1	519	160	24	142	4e-20	81.6
scaffold146687	OTU_1051	36.60	153	85	6	13	450	19	166	5e-12	59.3
scaffold146993	OTU_1549	45.45	110	58	1	434	111	70	179	2e-19	80.5
scaffold147075	OTU_1558	41.58	101	55	1	369	79	56	156	2e-17	74.7
scaffold147430	OTU_0109	28.30	159	102	5	371	832	38	189	5e-12	59.7
scaffold148294	OTU_0317	42.20	109	57	3	557	865	35	143	6e-17	73.6
scaffold148496	OTU_1614	36.84	114	64	3	426	743	31	144	2e-13	63.2
scaffold148848	OTU_1661	37.10	124	67	3	475	813	29	152	3e-16	71.6
scaffold148997	OTU_0578	38.38	99	60	1	374	81	32	130	1e-10	55.8
scaffold150639	OTU_0107	42.45	106	59	2	182	493	31	136	2e-19	80.1
scaffold150766	OTU_0107	36.64	131	72	4	817	458	14	144	4e-11	56.2
scaffold151103	OTU_1288	33.33	159	93	3	444	914	49	196	3e-14	66.2
scaffold151354	OTU_0623	35.48	155	97	3	684	226	23	176	7e-19	78.6
scaffold152229	OTU_0851	38.57	140	64	5	123	515	29	155	4e-14	65.9
scaffold152472	OTU_0426	41.96	112	51	5	557	264	40	151	9e-14	64.7
scaffold152679	OTU_0522	36.00	125	65	3	600	962	1	114	5e-13	62.0
scaffold152937	OTU_0578	32.12	165	73	5	72	485	29	181	3e-16	71.6
scaffold153197	OTU_0685	42.34	111	64	0	349	681	26	136	2e-20	83.2
scaffold153751	OTU_1605	37.62	101	62	1	2	301	79	179	2e-12	60.1
scaffold153761	OTU_1666	38.56	153	50	4	480	932	18	128	1e-23	92.4
scaffold154145	OTU_0666	40.24	164	87	3	243	734	30	182	8e-22	87.0
scaffold154849	OTU_0666	28.99	169	110	4	681	190	19	182	8e-11	55.8
scaffold154868	OTU_1631	36.79	106	56	4	774	490	28	133	2e-12	60.8
scaffold155858	OTU_0963	43.69	103	51	2	585	872	50	152	5e-15	68.2
scaffold156122	OTU_0336	41.96	112	64	1	497	165	27	138	3e-19	79.3
scaffold156627	OTU_0341	67.32	257	73	3	170	910	4	259	9e-120	  345
scaffold157230	OTU_1051	34.87	152	95	3	627	181	15	165	9e-16	69.7
scaffold160050	OTU_0073	57.86	159	65	2	458	931	2	159	1e-48	  159
scaffold161039	OTU_1441	40.91	110	62	2	286	609	74	182	5e-14	65.1
scaffold163777	OTU_1091	42.86	119	59	2	458	805	25	137	2e-11	57.4
scaffold163859	OTU_1598	31.85	157	104	2	225	686	27	183	7e-12	58.9
scaffold164595	OTU_0317	37.07	116	67	3	81	410	28	143	3e-17	73.9
scaffold164605	OTU_1376	29.45	163	105	3	599	120	11	166	3e-15	68.2
scaffold165799	OTU_0703	68.70	262	67	3	169	927	5	260	1e-121	  350
scaffold166193	OTU_0465	32.90	155	93	5	1	444	41	191	5e-15	67.8
scaffold167606	OTU_0815	37.93	116	61	4	802	479	17	129	3e-15	68.2
scaffold169010	OTU_0107	42.67	75	38	1	458	249	62	136	7e-12	58.5
scaffold169394	OTU_1091	36.36	121	68	5	432	82	19	134	1e-11	57.8
scaffold170055	OTU_0953	36.31	157	94	4	473	12	17	170	8e-12	59.3
scaffold170791	OTU_1301	92.45	106	6	2	602	919	1	104	2e-40	  138
scaffold172963	OTU_1637	36.24	149	84	3	467	54	40	188	4e-20	82.0
scaffold173062	OTU_1408	30.00	140	86	3	10	423	91	220	3e-11	57.8
scaffold173729	OTU_1135	33.08	130	82	2	88	465	45	173	2e-17	74.7
scaffold174110	OTU_1584	40.74	108	63	1	492	812	29	136	9e-13	61.2
scaffold174213	OTU_0905	48.18	110	57	0	404	75	15	124	5e-27	  101
scaffold175286	OTU_0321	35.81	148	79	5	522	118	2	146	2e-14	65.5
scaffold176797	OTU_0522	36.51	126	75	2	459	827	10	133	7e-12	58.5
scaffold176903	OTU_0004	36.73	98	57	3	647	366	23	119	3e-12	59.7
scaffold177065	OTU_0410	43.27	104	51	3	500	210	32	134	2e-16	71.2
scaffold177112	OTU_0632	42.31	104	48	3	597	310	12	111	1e-17	74.7
scaffold177231	OTU_0317	37.27	110	62	1	338	30	29	138	1e-14	66.6
scaffold178318	OTU_0246	70.06	167	50	0	905	405	55	221	3e-76	  232
scaffold178853	OTU_0839	34.75	141	83	4	898	482	19	152	5e-15	67.8
scaffold179404	OTU_0317	38.75	80	45	1	653	880	59	138	1e-11	58.2
scaffold179467	OTU_0937	29.70	165	97	5	796	329	14	168	1e-11	58.2
scaffold179789	OTU_1726	44.30	79	43	1	583	819	42	119	1e-11	57.8
scaffold180006	OTU_1463	36.13	119	73	2	668	321	29	147	7e-11	55.8
scaffold180212	OTU_0438	35.94	128	67	4	73	432	30	150	1e-13	63.9
scaffold180395	OTU_1629	37.86	103	62	2	366	61	34	135	9e-14	63.9
scaffold180702	OTU_0336	33.75	80	52	1	875	639	58	137	3e-12	59.7
scaffold180879	OTU_1325	33.85	130	83	1	392	3	15	141	3e-17	73.6
scaffold181433	OTU_1006	43.24	111	61	2	589	260	29	138	9e-20	80.9
scaffold183407	OTU_0438	36.61	112	57	4	894	586	33	139	2e-11	57.4
scaffold184117	OTU_0699	35.15	165	91	4	784	308	13	167	1e-18	77.4
scaffold185271	OTU_1599	42.55	188	102	2	767	204	2	183	2e-42	  143
scaffold185901	OTU_0410	48.62	109	46	3	552	851	32	139	1e-20	83.6
scaffold186179	OTU_0569	27.22	169	96	5	315	809	16	161	7e-12	58.9
scaffold186245	OTU_0317	35.71	140	81	3	592	200	7	146	9e-15	67.0
scaffold186468	OTU_0791	43.24	74	42	0	786	565	63	136	4e-14	65.1
scaffold186895	OTU_1724	32.71	107	68	1	328	20	31	137	2e-12	60.1
scaffold187071	OTU_0685	39.52	124	67	4	489	136	22	143	1e-16	72.0
scaffold187909	OTU_0591	34.69	147	88	4	451	17	26	166	3e-13	63.5
scaffold187933	OTU_0107	37.14	105	55	4	55	336	29	133	2e-12	59.7
scaffold189094	OTU_0685	42.61	115	60	3	303	635	24	136	6e-14	64.7
scaffold189255	OTU_1328	41.88	117	55	5	405	79	25	136	6e-14	64.7
scaffold189577	OTU_0836	70.14	144	40	2	457	882	1	143	2e-64	  199
scaffold190183	OTU_1438	37.61	117	62	4	553	230	30	144	7e-16	69.7
scaffold190335	OTU_1538	33.60	125	73	4	21	371	8	130	6e-14	64.3
scaffold190877	OTU_1690	93.42	152	0	2	3	458	105	246	4e-92	  273
scaffold191619	OTU_0410	34.55	110	66	1	417	106	34	143	7e-12	58.5
scaffold192311	OTU_1538	37.10	124	78	0	625	254	2	125	5e-21	84.3
scaffold192786	OTU_1136	35.42	144	80	5	43	435	12	155	4e-21	85.1
scaffold193514	OTU_0107	34.71	121	69	3	479	811	24	144	2e-14	65.1
scaffold193541	OTU_0892	40.22	92	49	3	829	569	70	160	6e-14	65.1
scaffold195231	OTU_0791	31.58	95	62	2	593	868	33	127	2e-11	57.0
scaffold195302	OTU_0740	32.12	137	82	4	735	352	14	148	3e-13	62.0
scaffold195329	OTU_1572	36.69	169	91	5	334	831	25	180	5e-18	75.9
scaffold195817	OTU_0684	52.21	113	53	1	340	2	1	112	4e-30	  109
scaffold195902	OTU_0364	32.97	182	109	5	113	655	36	205	6e-15	67.8
scaffold196479	OTU_0953	38.10	147	81	3	780	358	45	187	6e-16	70.9
scaffold196731	OTU_0317	39.00	100	59	1	857	564	47	146	6e-17	72.8
scaffold197625	OTU_0803	36.36	99	61	1	214	504	34	132	3e-15	68.2
scaffold199199	OTU_0317	37.61	117	68	4	429	770	23	137	5e-15	67.4
scaffold199509	OTU_1417	36.04	111	66	1	315	647	47	152	3e-13	62.8
scaffold200986	OTU_0647	42.22	90	51	1	593	859	75	164	6e-11	55.5
scaffold203019	OTU_1052	100.00	154	0	0	858	397	46	199	1e-105	  305
scaffold205893	OTU_0339	36.89	103	58	3	383	93	19	120	8e-11	55.1
scaffold205930	OTU_0030	39.83	118	54	4	458	144	35	148	5e-16	70.1
scaffold206164	OTU_1085	39.81	108	53	3	269	562	35	140	3e-12	59.7
scaffold206206	OTU_1661	28.89	135	91	3	348	743	23	155	7e-13	61.2
scaffold207075	OTU_0838	32.61	184	115	4	111	647	1	180	6e-12	58.9
scaffold207292	OTU_1091	42.20	109	56	3	195	500	24	132	4e-13	61.6
scaffold208173	OTU_0551	39.18	97	49	3	7	270	76	171	2e-12	60.1
scaffold208332	OTU_0560	31.58	133	83	4	544	152	28	154	3e-12	59.7
scaffold208994	OTU_0701	40.79	76	45	0	481	254	9	84	2e-11	56.6
scaffold209402	OTU_1091	38.05	113	65	2	419	96	23	135	1e-16	71.6
scaffold209730	OTU_0953	37.82	119	70	1	347	3	52	170	9e-17	72.8
scaffold210217	OTU_1442	65.91	88	30	0	2	265	143	230	2e-33	  120
scaffold210360	OTU_0522	40.24	82	45	1	501	268	47	128	8e-12	58.2
scaffold211803	OTU_1418	34.75	118	73	2	251	592	31	148	3e-12	59.7
scaffold212750	OTU_0086	33.01	206	106	7	163	735	34	222	2e-16	71.6
scaffold213722	OTU_0317	33.05	118	75	2	670	320	30	144	7e-17	72.4
scaffold214458	OTU_0176	29.51	183	107	5	144	680	12	176	2e-11	57.0
scaffold214684	OTU_0830	40.37	109	55	5	423	112	38	141	2e-11	56.6
scaffold217427	OTU_0444	35.20	125	75	2	414	58	46	170	3e-13	62.0
scaffold218303	OTU_1464	99.28	139	0	1	417	833	1	138	8e-93	  273
scaffold218683	OTU_0460	95.53	179	5	2	2	538	7	182	5e-111	  318
scaffold220035	OTU_0410	33.57	143	63	5	25	417	33	155	5e-11	56.2
scaffold220342	OTU_0246	77.61	67	15	0	2	202	155	221	4e-28	  105
scaffold220513	OTU_0830	37.23	94	56	1	829	557	43	136	6e-13	60.8
scaffold220921	OTU_0519	34.82	112	65	3	406	95	36	147	1e-11	57.8
scaffold221249	OTU_1629	41.28	109	60	3	330	7	28	133	8e-15	66.6
scaffold221776	OTU_0716	30.56	144	89	4	272	691	28	164	1e-11	57.4
scaffold223368	OTU_0981	35.90	117	71	2	792	451	23	138	1e-15	68.9
scaffold224975	OTU_0805	40.91	132	61	5	820	449	30	152	3e-14	65.5
scaffold225371	OTU_0107	41.59	113	65	1	211	549	33	144	2e-13	62.4
scaffold225448	OTU_1737	34.75	118	62	3	5	352	47	151	6e-12	58.5
scaffold225950	OTU_0753	39.05	105	60	3	513	211	30	134	5e-16	69.7
scaffold226416	OTU_1736	29.30	157	85	5	518	102	16	164	2e-12	59.7
scaffold226846	OTU_0963	40.38	104	55	3	373	80	53	155	7e-17	72.4
scaffold226937	OTU_0740	40.20	102	57	2	820	527	20	121	2e-13	62.4
scaffold226951	OTU_1164	72.60	146	40	0	3	440	52	197	2e-71	  217
scaffold227395	OTU_0954	35.04	117	66	5	804	478	33	147	4e-11	56.2
scaffold227401	OTU_1350	39.62	106	60	2	810	505	34	139	4e-13	62.0
scaffold227725	OTU_0317	42.99	107	61	0	323	3	26	132	1e-17	74.3
scaffold228141	OTU_1051	40.74	108	60	2	818	507	23	130	2e-17	73.9
scaffold228939	OTU_1615	34.92	126	60	7	1	330	59	178	2e-11	57.4
scaffold230868	OTU_1196	82.21	163	19	2	1	489	108	260	4e-88	  262
scaffold232851	OTU_1539	42.34	111	63	1	471	800	67	177	1e-17	74.3
scaffold233379	OTU_0107	40.37	109	57	3	308	6	27	135	4e-15	67.0
scaffold233561	OTU_0778	40.54	111	63	2	477	148	33	141	7e-15	66.6
scaffold234110	OTU_1162	43.27	104	53	4	337	633	47	149	3e-13	62.4
scaffold234399	OTU_0225	41.07	112	58	4	216	542	16	122	6e-16	69.3
scaffold234581	OTU_0797	32.28	158	100	3	145	618	29	179	6e-17	72.4
scaffold234940	OTU_0630	39.64	111	57	3	593	291	26	136	2e-15	68.2
scaffold236046	OTU_0519	41.07	112	58	3	317	6	24	135	1e-17	74.3
scaffold236074	OTU_0630	36.81	144	82	5	389	805	23	162	8e-19	77.8
scaffold236410	OTU_0336	36.89	122	75	1	78	443	30	149	3e-18	76.3
scaffold237091	OTU_1136	39.78	93	54	1	802	530	67	159	2e-15	68.2
scaffold237691	OTU_0753	40.19	107	54	5	372	665	30	135	2e-12	59.7
scaffold237906	OTU_1135	31.79	151	97	3	336	773	44	193	2e-14	65.9
scaffold238576	OTU_0960	80.99	142	23	2	378	803	1	138	3e-76	  229
scaffold238894	OTU_1320	37.01	154	77	7	112	543	35	178	1e-15	68.6
scaffold240481	OTU_0107	35.64	101	59	3	36	320	33	133	4e-11	55.8
scaffold240551	OTU_0401	41.76	91	48	4	362	99	50	138	7e-12	58.2
scaffold241287	OTU_0317	36.07	122	65	6	631	287	35	150	9e-13	60.8
scaffold241560	OTU_0836	69.05	42	11	1	679	798	3	44	2e-11	56.6
scaffold242259	OTU_0004	34.82	112	65	2	790	479	15	126	1e-13	63.2
scaffold242451	OTU_0317	35.96	114	67	3	344	21	28	141	4e-16	70.1
scaffold243746	OTU_0004	35.82	134	70	9	425	784	9	140	6e-11	55.5
scaffold243765	OTU_1147	48.00	75	39	0	402	626	50	124	2e-14	65.9
scaffold244814	OTU_0310	34.00	150	95	3	232	672	34	182	1e-17	74.3
scaffold244959	OTU_0107	40.00	130	72	1	301	690	25	148	1e-20	82.8
scaffold245324	OTU_0317	38.68	106	64	1	694	380	32	137	4e-17	72.8
scaffold245594	OTU_1051	47.22	108	54	2	355	38	18	124	1e-19	80.1
scaffold245782	OTU_0559	35.40	113	69	2	335	6	27	138	9e-13	60.5
scaffold246790	OTU_1143	36.43	129	75	3	372	7	14	142	4e-17	72.8
scaffold246823	OTU_1402	34.78	115	70	2	268	606	110	221	7e-11	56.2
scaffold247844	OTU_0685	35.71	98	57	3	1	276	46	143	3e-11	56.6
scaffold250843	OTU_1098	32.11	109	66	1	455	757	27	135	9e-11	55.1
scaffold251136	OTU_0317	37.72	114	65	3	634	311	28	141	2e-15	67.8
scaffold251620	OTU_0076	37.17	113	63	2	413	99	8	120	8e-16	68.9
scaffold251639	OTU_0700	31.51	146	82	2	484	101	4	149	2e-13	62.4
scaffold252035	OTU_0107	38.94	113	66	2	26	355	24	136	8e-11	55.1
scaffold253383	OTU_0982	99.41	170	0	1	510	1	1	169	8e-117	  333
scaffold255170	OTU_0867	37.70	122	72	2	369	16	29	150	2e-12	59.7
scaffold255278	OTU_1091	43.93	107	48	4	308	9	34	135	4e-14	63.9
scaffold255525	OTU_0317	37.61	109	62	3	754	446	35	143	2e-14	65.1
scaffold255858	OTU_0997	75.65	115	18	2	2	346	147	251	2e-51	  167
scaffold256011	OTU_1568	39.22	102	61	1	750	448	30	131	6e-16	69.7
scaffold258809	OTU_1058	37.14	105	65	1	765	454	79	183	2e-14	65.5
scaffold259578	OTU_0762	37.80	127	66	6	208	552	54	179	9e-13	60.8
scaffold260550	OTU_0580	97.79	181	3	1	143	685	1	180	1e-103	  298
scaffold262120	OTU_0757	37.19	121	67	4	354	713	63	175	4e-13	62.8
scaffold263518	OTU_0753	37.40	123	67	4	121	477	27	143	1e-12	60.1
scaffold263830	OTU_1444	35.24	105	68	0	384	70	29	133	5e-14	63.9
scaffold265151	OTU_1463	35.76	151	65	4	13	438	61	188	3e-12	59.3
scaffold265446	OTU_1568	41.88	117	58	4	638	318	30	146	5e-16	69.7
scaffold266448	OTU_0401	42.31	78	44	1	698	468	62	139	5e-15	67.0
scaffold267908	OTU_1598	43.80	121	62	3	686	333	35	152	5e-19	78.6
scaffold269042	OTU_1091	42.64	129	57	4	755	393	28	147	2e-15	67.8
scaffold270203	OTU_0248	46.58	73	35	2	217	2	8	77	4e-11	55.8
scaffold271332	OTU_1474	37.38	107	59	2	761	441	70	168	3e-11	56.2
scaffold272086	OTU_0336	36.97	119	72	3	652	302	28	145	4e-13	61.2
scaffold272633	OTU_0978	36.89	103	60	4	183	479	35	136	3e-13	62.0
scaffold273246	OTU_0753	37.69	130	79	1	532	143	26	153	3e-17	73.2
scaffold278113	OTU_1726	32.75	171	94	4	574	71	12	164	1e-12	59.7
scaffold278610	OTU_0336	40.19	107	64	0	628	308	30	136	3e-20	81.6
scaffold279378	OTU_0742	81.19	101	19	0	4	306	88	188	7e-54	  171
scaffold281870	OTU_1155	35.19	108	60	3	442	738	44	150	3e-13	62.0
scaffold284172	OTU_1629	38.75	160	92	5	168	638	26	182	1e-20	82.8
scaffold286094	OTU_0685	31.13	151	98	4	505	65	35	183	8e-12	57.8
scaffold286680	OTU_0099	78.37	208	39	2	119	742	1	202	5e-108	  311
scaffold287287	OTU_1040	44.16	77	39	1	466	248	98	174	4e-11	56.6
scaffold288639	OTU_0317	35.48	124	66	3	387	731	30	148	6e-12	58.2
scaffold288811	OTU_1328	37.38	107	63	1	567	259	29	135	3e-16	70.1
scaffold289115	OTU_1245	38.79	116	60	4	630	310	17	130	1e-15	68.2
scaffold289364	OTU_0415	34.91	106	61	2	278	571	21	126	2e-15	67.4
scaffold291025	OTU_0830	37.50	104	62	1	1	303	31	134	2e-14	64.7
scaffold291146	OTU_1694	38.68	106	55	3	542	249	69	172	6e-12	59.3
scaffold295084	OTU_0333	34.29	105	61	2	28	318	32	136	7e-14	63.5
scaffold296089	OTU_0685	44.72	123	59	5	440	99	26	148	2e-22	88.2
scaffold296169	OTU_0522	37.78	135	76	3	568	179	17	148	3e-21	84.3
scaffold300044	OTU_0107	45.65	92	43	3	345	599	59	150	2e-11	56.2
scaffold300845	OTU_1143	40.54	74	44	0	236	15	32	105	7e-11	55.1
scaffold301687	OTU_0633	94.74	152	7	1	271	726	1	151	1e-84	  252
scaffold303918	OTU_0264	100.00	182	0	0	546	1	1	182	1e-113	  323
scaffold304089	OTU_0489	38.73	142	75	3	21	422	15	152	9e-12	57.4
scaffold304981	OTU_0093	40.38	104	58	3	419	120	32	135	4e-14	63.9
scaffold305013	OTU_1666	35.25	122	78	1	593	228	51	171	8e-12	58.2
scaffold305181	OTU_1046	38.18	110	68	0	383	712	10	119	1e-20	82.8
scaffold305875	OTU_1501	40.00	85	47	2	634	392	21	105	1e-11	57.0
scaffold305893	OTU_1631	35.58	104	58	3	1	285	30	133	7e-13	60.5
scaffold306691	OTU_1492	31.93	166	105	7	194	679	11	172	1e-16	70.9
scaffold307349	OTU_0248	52.57	175	76	2	568	44	1	168	1e-61	  191
scaffold308421	OTU_1187	34.21	114	71	2	692	363	20	133	4e-13	60.8
scaffold308448	OTU_0971	33.64	110	73	0	381	710	21	130	1e-11	56.6
scaffold308794	OTU_1258	29.17	144	87	5	616	215	9	147	6e-12	57.8
scaffold309003	OTU_1091	50.00	68	34	0	204	1	25	92	4e-14	63.5
scaffold309373	OTU_0248	53.71	175	74	2	566	42	1	168	5e-63	  194
scaffold311605	OTU_0107	40.74	108	61	3	587	267	33	138	2e-14	64.3
scaffold314698	OTU_0240	37.78	135	73	5	292	693	30	154	3e-19	78.6
scaffold314903	OTU_1584	41.51	106	61	1	329	643	31	136	2e-18	75.9
scaffold315343	OTU_0364	34.81	135	84	3	309	701	37	171	1e-14	65.9
scaffold316150	OTU_0317	30.83	133	87	2	46	441	55	183	1e-12	60.1
scaffold316169	OTU_1350	53.12	160	74	1	3	479	27	186	1e-48	  157
scaffold316654	OTU_0321	36.07	122	67	2	568	221	23	139	8e-16	68.6
scaffold317964	OTU_0433	25.74	136	101	0	163	570	38	173	9e-11	54.7
scaffold319824	OTU_0685	35.25	122	73	3	396	49	24	145	9e-12	57.4
scaffold319897	OTU_0989	38.18	110	61	2	212	532	16	121	2e-16	70.1
scaffold319936	OTU_0372	36.63	172	90	3	562	59	40	196	4e-21	84.7
scaffold320369	OTU_1111	66.91	136	44	1	409	2	3	137	2e-55	  174
scaffold320470	OTU_0666	34.39	157	86	4	115	540	28	182	6e-22	86.3
scaffold320916	OTU_1412	40.52	116	65	3	304	645	50	163	2e-15	68.2
scaffold321022	OTU_0998	40.82	98	55	1	286	2	41	138	3e-11	56.2
scaffold322379	OTU_0317	40.74	108	64	0	696	373	29	136	2e-17	73.6
scaffold323431	OTU_0559	33.86	127	79	3	422	51	31	155	7e-14	63.2
scaffold324664	OTU_1671	29.92	127	87	2	34	411	10	135	5e-12	58.5
scaffold325500	OTU_0906	36.64	131	65	6	162	527	70	191	3e-12	60.1
scaffold326124	OTU_1295	33.94	109	61	4	15	317	22	127	5e-12	57.8
scaffold326190	OTU_0309	33.90	177	106	4	27	527	48	223	3e-18	76.3
scaffold326755	OTU_0462	34.75	118	70	1	641	288	71	181	7e-14	63.2
scaffold328416	OTU_0630	29.75	158	98	6	673	224	22	174	8e-14	62.8
scaffold331308	OTU_0657	72.73	99	17	2	698	402	91	179	1e-43	  144
scaffold331733	OTU_0813	31.54	149	85	2	639	196	7	139	7e-11	54.7
scaffold331788	OTU_0685	45.00	80	38	3	700	479	69	148	7e-14	63.2
scaffold332237	OTU_0815	34.65	101	60	2	697	413	25	125	3e-11	55.8
scaffold333728	OTU_0747	98.13	107	0	2	323	3	1	105	2e-65	  199
scaffold333917	OTU_0107	41.77	79	42	2	102	338	75	149	5e-12	57.8
scaffold335192	OTU_1737	37.34	158	85	4	666	226	4	158	5e-17	72.0
scaffold336709	OTU_0998	47.41	116	50	2	329	3	1	112	3e-27	  101
scaffold337366	OTU_1043	32.77	119	70	5	447	109	13	127	9e-12	57.0
scaffold337832	OTU_0608	39.13	115	65	3	513	178	61	173	4e-12	58.2
scaffold338358	OTU_1637	37.50	104	57	3	672	382	86	188	7e-15	66.2
scaffold339705	OTU_1645	38.24	136	77	2	22	423	50	180	1e-19	80.5
scaffold339975	OTU_1288	33.96	106	61	3	423	118	36	136	2e-12	59.3
scaffold341729	OTU_0989	42.98	121	64	3	279	632	10	128	1e-17	73.9
scaffold341953	OTU_0685	41.90	105	53	4	50	349	16	117	2e-13	61.6
scaffold342396	OTU_0666	41.03	117	61	4	273	599	30	146	3e-15	67.0
scaffold342882	OTU_0336	34.57	81	53	0	528	286	58	138	2e-14	64.7
scaffold343389	OTU_0685	40.37	109	61	2	371	685	29	137	9e-18	74.3
scaffold343945	OTU_0685	36.22	127	68	3	458	96	29	148	2e-13	62.0
scaffold344644	OTU_1421	42.20	109	63	0	689	363	63	171	2e-21	85.5
scaffold345115	OTU_0685	33.64	110	67	3	94	408	26	134	1e-14	65.1
scaffold345280	OTU_1076	42.70	89	46	2	354	605	89	177	4e-12	59.7
scaffold347602	OTU_0658	37.84	111	60	3	341	33	7	116	1e-14	65.1
scaffold347691	OTU_0963	41.03	117	58	5	319	648	40	152	5e-14	63.5
scaffold347805	OTU_0706	33.33	111	54	2	26	343	69	164	3e-11	55.8
scaffold349117	OTU_1524	37.29	118	73	1	4	357	44	160	6e-13	60.5
scaffold351714	OTU_0317	36.84	114	70	1	635	300	27	140	3e-19	78.6
scaffold354628	OTU_1629	33.94	109	70	2	328	5	28	135	5e-15	66.2
scaffold355230	OTU_1315	34.21	114	69	1	251	574	109	222	2e-15	68.2
scaffold356364	OTU_0958	31.06	161	107	4	500	24	2	160	1e-13	62.0
scaffold356710	OTU_0278	41.03	117	65	2	165	506	69	184	8e-16	69.3
scaffold357686	OTU_1443	32.47	154	97	3	191	649	13	160	1e-16	70.5
scaffold358240	OTU_0981	36.30	135	84	1	551	147	6	138	1e-20	82.8
scaffold358540	OTU_1051	43.10	116	62	3	28	363	15	130	4e-20	80.9
scaffold358858	OTU_1490	42.86	70	38	2	470	676	61	129	2e-11	56.2
scaffold359629	OTU_1538	41.49	94	44	4	267	13	8	99	3e-12	58.2
scaffold360535	OTU_1091	42.98	121	58	5	661	302	27	137	1e-17	73.6
scaffold361203	OTU_0107	35.97	139	80	4	43	435	26	163	1e-14	65.1
scaffold362210	OTU_0958	38.30	94	52	2	278	15	42	135	5e-13	60.5
scaffold364130	OTU_0719	34.59	159	86	7	84	524	65	217	4e-12	59.3
scaffold364346	OTU_0721	42.11	114	65	1	105	446	65	177	1e-14	65.5
scaffold365053	OTU_0107	44.25	113	57	2	471	139	27	135	4e-13	60.8
scaffold366122	OTU_0317	40.96	83	49	0	670	422	53	135	5e-16	69.3
scaffold366624	OTU_0958	32.56	129	82	3	521	147	33	160	7e-11	54.3
scaffold370358	OTU_1466	73.39	109	19	2	301	2	1	108	2e-47	  155
scaffold370490	OTU_1100	31.25	112	65	3	22	321	36	147	3e-11	55.8
scaffold371369	OTU_1554	37.84	111	68	1	333	662	73	183	2e-15	67.4
scaffold371809	OTU_0979	30.18	169	97	7	578	114	58	219	1e-13	63.2
scaffold372163	OTU_1028	42.45	106	55	4	476	171	73	176	5e-12	58.5
scaffold372204	OTU_1572	36.59	82	51	1	2	247	60	140	3e-11	55.8
scaffold372732	OTU_1202	32.87	143	84	4	194	586	62	204	2e-11	57.0
scaffold373034	OTU_0317	38.02	121	67	4	25	363	24	144	8e-12	57.4
scaffold374060	OTU_0204	73.61	72	18	1	217	2	9	79	2e-16	70.5
scaffold374176	OTU_0107	41.18	119	70	0	138	494	26	144	8e-21	82.4
scaffold375379	OTU_0107	36.36	132	76	3	459	70	30	155	5e-17	72.0
scaffold375545	OTU_0109	38.79	116	67	3	399	61	36	150	2e-19	79.3
scaffold375633	OTU_0736	37.23	137	79	4	610	209	42	174	1e-13	62.4
scaffold376132	OTU_1295	33.33	144	75	9	46	456	7	136	9e-12	57.0
scaffold376550	OTU_1584	39.81	103	58	1	326	622	29	131	8e-12	57.0
scaffold377885	OTU_1572	35.54	121	71	4	46	390	18	137	3e-15	67.0
scaffold380278	OTU_1085	43.48	115	55	2	129	461	27	135	4e-14	63.5
scaffold381084	OTU_0685	34.88	129	80	2	488	108	29	155	8e-15	65.5
scaffold383289	OTU_1020	67.53	194	58	1	569	3	1	194	1e-76	  229
scaffold385046	OTU_0716	35.19	108	68	2	2	319	30	137	7e-13	60.1
scaffold385062	OTU_1629	36.61	112	69	2	643	314	25	136	1e-16	71.2
scaffold387307	OTU_0941	36.59	123	70	2	1	345	110	232	2e-16	71.2
scaffold388269	OTU_1681	40.74	108	60	3	341	652	16	123	2e-17	73.2
scaffold389210	OTU_1328	32.41	108	68	2	230	541	27	133	2e-11	56.2
scaffold389646	OTU_0213	68.09	47	15	0	1	141	136	182	5e-18	75.1
