scaffold00025	OTU_0106	82.79	215	16	5	14345	14989	4	197	4e-110	  350
scaffold00035	OTU_0214	46.15	78	40	2	93298	93531	1	76	4e-11	62.0
scaffold00065	OTU_0214	27.42	186	124	5	81445	81981	9	190	1e-13	69.3
scaffold00441	OTU_0047	29.50	139	90	3	26759	27169	6	138	1e-12	64.3
scaffold00485	OTU_0214	25.14	183	116	6	5551	5036	1	173	5e-13	65.9
scaffold00522	OTU_0214	26.49	185	114	6	13930	14451	1	174	1e-11	60.8
scaffold00675	OTU_0189	30.38	158	95	4	26415	26888	10	152	2e-16	75.9
scaffold01010	OTU_0156	49.52	210	93	5	18630	18013	10	210	6e-51	  177
scaffold01222	OTU_0156	61.03	213	69	6	8992	8360	10	210	9e-78	  255
scaffold01262	OTU_0214	27.44	215	119	9	15679	16278	1	193	4e-11	58.9
scaffold02381	OTU_0161	30.65	186	107	7	2732	2211	1	176	8e-18	79.3
scaffold02436	OTU_0214	25.42	177	120	4	11017	10511	1	173	1e-13	66.2
scaffold02954	OTU_0054	28.50	207	123	8	2729	2121	32	217	8e-15	70.1
scaffold04343	OTU_0155	91.06	235	0	6	5402	6106	1	214	6e-131	  406
scaffold05508	OTU_0214	27.87	183	111	5	8283	7741	30	193	1e-11	59.3
scaffold05885	OTU_0124	81.82	44	8	0	134	3	7	50	1e-16	75.1
scaffold06011	OTU_0204	55.56	234	82	7	5686	4985	1	212	1e-73	  241
scaffold06269	OTU_0214	34.15	82	53	1	1494	1252	1	82	6e-11	57.0
scaffold06279	OTU_0011	51.39	251	83	10	1297	548	23	235	1e-67	  225
scaffold06499	OTU_0214	30.00	200	116	7	7275	6694	1	182	1e-16	75.1
scaffold06959	OTU_0214	29.90	194	111	7	761	198	1	175	2e-15	70.9
scaffold07557	OTU_0005	39.25	107	54	2	5992	5672	58	153	1e-17	77.4
scaffold07797	OTU_0035	90.76	238	0	7	3981	3268	1	216	3e-133	  411
scaffold08892	OTU_0214	26.34	186	117	6	5190	4642	20	188	2e-14	67.4
scaffold09316	OTU_0163	36.69	139	80	4	2043	1633	5	137	3e-14	66.6
scaffold09872	OTU_0162	46.15	117	35	6	2	343	156	247	3e-18	80.5
scaffold10614	OTU_0206	83.33	276	8	7	1264	437	1	238	5e-143	  438
scaffold11724	OTU_0212	33.69	187	100	5	2132	2668	7	177	5e-19	82.0
scaffold11795	OTU_0214	29.90	194	111	7	2986	3549	1	175	3e-15	70.1
scaffold15423	OTU_0156	65.84	202	57	5	1501	896	21	210	2e-83	  268
scaffold16403	OTU_0026	80.51	277	15	8	3514	2684	1	238	8e-138	  421
scaffold17553	OTU_0214	28.68	136	90	3	404	808	4	133	7e-11	56.2
scaffold20355	OTU_0202	84.85	264	0	7	3053	3844	12	235	1e-140	  425
scaffold25431	OTU_0073	48.37	215	92	5	1849	1205	25	220	5e-61	  203
scaffold26281	OTU_0067	68.04	97	26	2	298	8	4	95	8e-38	  135
scaffold32131	OTU_0175	70.25	121	32	2	371	9	18	134	9e-52	  176
scaffold32424	OTU_0214	26.14	176	123	4	1814	2329	1	173	2e-13	63.5
scaffold33249	OTU_0192	28.97	145	85	4	2459	2875	27	159	3e-15	68.9
scaffold36165	OTU_0206	55.09	265	88	7	2199	1411	3	238	1e-83	  266
scaffold36417	OTU_0083	33.08	133	85	3	1301	915	4	136	6e-11	55.5
scaffold38065	OTU_0188	73.91	161	29	3	37	519	17	164	1e-75	  240
scaffold38076	OTU_0156	63.86	202	61	5	1723	2328	21	210	1e-79	  253
scaffold41023	OTU_0077	54.81	208	68	5	627	4	13	194	7e-66	  214
scaffold42874	OTU_0162	49.83	291	99	10	1651	2508	2	250	3e-80	  256
scaffold43879	OTU_0212	28.16	245	134	8	893	159	7	209	5e-12	59.3
scaffold47567	OTU_0124	74.29	140	23	4	4	423	64	190	6e-46	  158
scaffold49327	OTU_0156	61.93	197	66	4	1836	1252	21	210	1e-74	  239
scaffold51860	OTU_0030	58.08	229	72	7	799	113	15	219	5e-74	  237
scaffold52596	OTU_0124	74.07	189	33	5	1875	1309	18	190	8e-84	  262
scaffold54032	OTU_0214	39.68	63	37	1	1958	2143	1	63	8e-11	55.1
scaffold56744	OTU_0214	26.42	193	131	3	1757	1200	1	189	7e-20	82.8
scaffold57301	OTU_0118	90.62	224	0	6	1473	2144	9	211	3e-131	  387
scaffold58886	OTU_0214	24.19	186	121	6	686	138	20	188	2e-14	65.9
scaffold60023	OTU_0212	35.29	85	52	2	1912	1661	4	86	2e-12	60.1
scaffold62998	OTU_0212	28.63	227	124	8	953	279	6	196	9e-12	57.8
scaffold66306	OTU_0214	28.78	139	92	3	1712	1308	1	136	4e-11	55.5
scaffold67895	OTU_0214	30.30	132	86	3	1572	1192	1	131	5e-11	55.5
scaffold69902	OTU_0162	61.54	143	22	5	2209	1781	140	249	3e-47	  162
scaffold74785	OTU_0212	43.78	233	104	7	1515	817	1	206	2e-53	  178
scaffold78907	OTU_0049	27.89	147	93	4	1959	1534	27	165	8e-12	57.8
scaffold79670	OTU_0214	38.24	102	54	2	983	1264	6	106	7e-11	55.1
scaffold82311	OTU_0214	24.40	209	128	6	1217	1816	6	193	4e-12	58.5
scaffold83884	OTU_0214	31.29	163	92	5	550	68	1	145	3e-16	71.6
scaffold85508	OTU_0214	25.54	231	115	5	1129	1812	1	177	2e-14	65.9
scaffold89041	OTU_0214	26.75	243	121	9	1951	1232	1	189	1e-12	60.5
scaffold89041	OTU_0214	47.37	57	30	0	772	602	1	57	2e-11	56.6
scaffold89475	OTU_0022	75.91	220	32	5	1251	1910	14	212	2e-102	  308
scaffold92031	OTU_0135	28.12	128	84	3	377	3	14	136	1e-12	60.5
scaffold93564	OTU_0214	29.21	178	111	5	972	1475	1	173	1e-17	75.5
scaffold93642	OTU_0163	37.41	139	79	3	540	130	5	137	3e-23	90.5
scaffold95344	OTU_0114	53.57	168	44	6	1883	1398	35	174	6e-46	  155
scaffold95552	OTU_0222	60.80	176	32	6	4	531	104	242	2e-50	  169
scaffold100240	OTU_0214	25.37	205	132	7	1634	1032	1	188	1e-16	72.4
scaffold101607	OTU_0163	32.86	140	88	3	843	424	4	137	1e-15	68.2
scaffold105732	OTU_0064	50.89	112	40	3	1797	1462	111	207	6e-29	  108
scaffold106729	OTU_0214	28.40	162	103	3	638	1099	21	177	2e-15	68.9
scaffold109436	OTU_0076	50.77	65	11	3	2	196	82	125	3e-11	55.1
scaffold112502	OTU_0018	55.62	178	45	6	1	534	20	163	4e-45	  152
scaffold113516	OTU_0206	54.12	255	78	7	3	749	17	238	3e-78	  243
scaffold118007	OTU_0214	30.56	180	98	8	568	50	16	175	6e-13	60.8
scaffold121796	OTU_0211	67.96	284	51	8	1239	388	1	244	5e-110	  326
scaffold124232	OTU_0214	26.88	186	122	5	414	965	1	174	3e-12	58.5
scaffold126690	OTU_0009	64.04	89	24	3	14	280	142	222	1e-28	  107
scaffold128156	OTU_0165	68.32	161	37	3	1109	1591	11	157	5e-70	  221
scaffold130463	OTU_0214	30.82	146	80	6	1104	700	1	136	9e-11	54.3
scaffold132176	OTU_0214	27.47	182	110	6	1270	734	11	173	2e-11	56.2
scaffold132616	OTU_0214	27.27	198	125	6	868	1452	1	182	2e-17	74.3
scaffold135531	OTU_0156	62.50	200	63	5	700	1299	23	210	1e-72	  226
scaffold141503	OTU_0156	63.29	207	64	4	612	1232	16	210	3e-84	  256
scaffold152208	OTU_0214	25.57	176	124	4	914	1429	1	173	3e-13	61.6
scaffold152414	OTU_0214	27.03	185	121	4	918	370	1	173	4e-12	58.2
scaffold155814	OTU_0174	28.87	142	89	4	943	521	3	133	8e-13	59.7
scaffold157041	OTU_0066	27.67	159	101	4	1094	618	26	170	6e-15	67.4
scaffold168643	OTU_0214	35.62	73	46	1	1049	834	1	73	4e-11	55.1
scaffold176605	OTU_0156	29.93	137	91	3	538	134	66	199	4e-12	58.2
scaffold183752	OTU_0045	90.35	228	2	6	396	1079	14	221	2e-138	  394
scaffold190181	OTU_0022	90.09	222	1	5	1314	649	13	213	8e-122	  351
scaffold199353	OTU_0214	32.09	187	109	6	760	1308	1	173	2e-15	68.2
scaffold206525	OTU_0156	57.45	94	30	3	1	267	122	210	7e-27	  100
scaffold215386	OTU_0214	31.76	148	84	7	343	753	1	142	9e-14	62.8
scaffold217175	OTU_0179	85.71	112	1	3	1252	917	99	195	2e-37	  130
scaffold220237	OTU_0049	25.70	179	121	5	593	60	5	172	4e-12	57.8
scaffold222185	OTU_0011	32.54	169	93	6	379	858	12	168	2e-14	65.5
scaffold224397	OTU_0183	77.14	175	5	6	3	527	102	241	2e-82	  250
scaffold224591	OTU_0195	28.57	154	95	3	1178	717	14	152	8e-16	68.2
scaffold231369	OTU_0162	50.96	261	95	8	148	924	17	246	6e-73	  225
scaffold232701	OTU_0212	29.41	170	86	6	900	400	5	143	1e-12	59.3
scaffold240746	OTU_0109	72.49	269	35	7	1053	247	7	236	2e-129	  370
scaffold242513	OTU_0214	25.95	185	124	4	293	844	1	173	4e-13	60.5
scaffold242557	OTU_0018	56.92	130	32	3	1132	743	58	163	5e-42	  141
scaffold242976	OTU_0214	28.23	124	85	2	374	15	1	124	3e-12	58.2
scaffold243198	OTU_0147	45.23	241	92	8	850	131	23	224	5e-59	  188
scaffold243769	OTU_0212	30.54	203	112	6	831	259	7	192	4e-19	78.6
scaffold244919	OTU_0214	39.44	71	42	1	70	279	4	74	2e-11	55.8
scaffold249879	OTU_0214	29.38	194	112	7	436	999	1	175	3e-14	63.9
scaffold251913	OTU_0214	26.96	204	130	7	473	1075	1	188	5e-15	66.2
scaffold253108	OTU_0102	76.26	139	0	5	1157	741	15	120	2e-60	  187
scaffold254721	OTU_0156	65.75	146	45	3	1148	717	68	210	3e-58	  185
scaffold256439	OTU_0082	67.14	210	46	6	631	2	16	202	4e-90	  268
scaffold258222	OTU_0156	62.00	200	64	5	1014	415	23	210	3e-75	  229
scaffold260319	OTU_0014	73.21	168	32	3	1079	576	7	161	1e-84	  251
scaffold264863	OTU_0156	60.51	195	62	5	525	1094	26	210	5e-57	  182
scaffold275089	OTU_0209	67.62	105	29	2	315	1	13	112	3e-41	  138
scaffold275714	OTU_0115	60.00	55	18	1	945	1109	4	54	4e-16	69.7
scaffold284400	OTU_0214	28.80	184	111	6	1049	525	1	173	3e-21	83.6
scaffold290715	OTU_0157	62.83	113	17	4	2	340	110	197	8e-41	  138
scaffold294577	OTU_0156	32.12	137	88	3	383	787	66	199	4e-12	57.8
scaffold297508	OTU_0100	31.91	141	73	6	667	1056	17	145	3e-13	60.1
scaffold305872	OTU_0067	68.18	66	17	1	200	3	1	62	2e-25	94.7
scaffold319693	OTU_0214	50.51	198	87	3	597	7	1	188	4e-61	  191
scaffold322117	OTU_0044	69.82	169	17	5	1020	514	72	206	3e-71	  217
scaffold323756	OTU_0152	33.09	136	75	4	7	414	36	155	1e-14	64.3
scaffold327707	OTU_0161	33.12	154	86	5	307	747	1	144	3e-19	77.4
scaffold328772	OTU_0156	54.21	190	78	4	1012	449	28	210	2e-54	  174
scaffold340934	OTU_0214	27.45	153	95	4	987	556	29	174	2e-12	57.8
scaffold344311	OTU_0214	27.16	162	98	7	956	504	29	181	6e-11	53.9
scaffold345280	OTU_0214	27.55	196	108	9	970	416	1	173	2e-12	57.8
scaffold372548	OTU_0135	46.15	195	81	5	579	1	8	180	8e-40	  134
scaffold378868	OTU_0040	77.78	54	9	2	764	925	10	60	5e-23	87.4
scaffold379029	OTU_0212	32.20	205	113	8	154	750	10	194	3e-18	75.1
scaffold379043	OTU_0125	70.93	227	46	5	193	873	11	217	3e-108	  312
scaffold385388	OTU_0204	30.94	181	102	6	928	392	49	208	6e-12	57.0
scaffold386575	OTU_0212	40.00	75	39	1	225	1	5	73	6e-12	57.0
scaffold389235	OTU_0214	28.57	182	112	7	72	590	1	173	2e-14	63.5
scaffold394853	OTU_0124	59.31	204	56	8	676	71	12	190	1e-58	  183
scaffold395869	OTU_0098	54.44	90	21	2	919	650	62	131	1e-24	91.3
scaffold408242	OTU_0214	29.50	200	118	8	879	295	1	182	2e-15	66.6
scaffold420718	OTU_0105	49.69	159	50	5	888	415	1	130	7e-43	  140
scaffold420768	OTU_0125	61.54	286	63	10	864	7	4	242	1e-108	  313
scaffold427061	OTU_0212	31.68	161	101	4	612	130	6	157	3e-17	71.6
scaffold428149	OTU_0214	28.34	187	102	6	581	75	1	173	7e-14	61.6
scaffold432058	OTU_0022	79.67	123	20	2	503	871	14	131	2e-67	  206
scaffold433486	OTU_0214	27.47	182	111	6	8	517	1	173	1e-15	66.6
scaffold440283	OTU_0228	70.00	110	28	2	540	869	1	105	2e-51	  165
scaffold445809	OTU_0179	96.52	115	0	2	347	3	1	111	2e-72	  218
scaffold447429	OTU_0022	64.52	155	38	4	1	465	76	213	1e-47	  155
scaffold448193	OTU_0175	69.67	122	33	2	459	824	18	135	2e-54	  172
scaffold457209	OTU_0031	75.80	219	34	5	192	848	15	214	3e-116	  332
scaffold463040	OTU_0214	30.77	195	108	8	66	629	1	175	6e-16	67.4
scaffold475369	OTU_0018	52.54	118	32	4	2	355	70	163	5e-35	  119
scaffold484892	OTU_0156	28.80	125	71	3	294	614	36	160	7e-11	53.5
scaffold490152	OTU_0156	53.26	184	73	5	2	541	36	210	2e-47	  153
scaffold490615	OTU_0214	24.34	189	118	6	50	604	26	193	3e-11	54.3
scaffold491108	OTU_0098	57.14	91	19	2	33	305	61	131	2e-27	98.2
scaffold498033	OTU_0081	32.88	146	83	4	46	477	5	137	2e-19	76.3
scaffold498507	OTU_0214	24.07	241	125	8	812	105	4	191	2e-11	54.3
scaffold505686	OTU_0030	67.14	70	15	2	2	211	157	218	1e-22	86.7
scaffold528033	OTU_0018	62.24	98	13	4	788	495	89	162	3e-31	  109
scaffold528255	OTU_0212	40.51	79	44	3	278	511	10	86	3e-11	54.3
scaffold528292	OTU_0163	32.86	140	83	2	88	489	1	135	5e-18	72.0
scaffold532095	OTU_0154	91.40	186	0	5	229	786	1	170	3e-114	  324
scaffold534482	OTU_0214	27.59	145	92	4	514	83	1	133	5e-13	58.9
scaffold536821	OTU_0042	34.25	73	42	1	368	150	41	107	2e-11	55.5
scaffold543844	OTU_0214	26.12	134	90	3	378	1	1	133	1e-11	55.1
scaffold543922	OTU_0044	89.04	146	2	3	341	778	1	132	4e-84	  247
scaffold546867	OTU_0123	55.26	76	30	1	547	774	3	74	9e-25	93.2
scaffold547792	OTU_0214	31.19	109	67	2	415	720	26	133	1e-14	63.5
scaffold549203	OTU_0166	29.22	154	86	4	113	541	19	160	3e-15	65.5
scaffold550561	OTU_0156	65.71	140	40	4	771	352	79	210	6e-55	  172
scaffold557324	OTU_0212	33.11	148	83	5	238	681	7	138	1e-12	58.2
scaffold559930	OTU_0214	26.32	133	96	2	404	12	1	133	7e-12	55.5
scaffold560010	OTU_0096	60.78	153	46	4	461	3	20	158	9e-62	  188
scaffold563629	OTU_0005	58.74	143	54	2	429	1	20	157	5e-45	  145
scaffold569306	OTU_0075	66.16	198	32	7	758	165	56	218	2e-68	  207
scaffold573556	OTU_0211	72.31	195	18	7	756	172	86	244	3e-78	  233
scaffold596299	OTU_0221	29.20	137	81	2	154	558	15	137	7e-11	52.0
scaffold598119	OTU_0211	68.52	54	17	0	162	1	1	54	8e-21	81.6
scaffold599508	OTU_0005	33.04	115	62	2	32	376	58	157	3e-14	61.6
scaffold604691	OTU_0073	53.46	217	81	7	731	90	21	220	2e-69	  209
scaffold604861	OTU_0134	31.93	119	75	2	735	388	67	182	7e-12	56.2
scaffold609616	OTU_0121	37.96	108	40	5	1	309	153	238	9e-13	58.9
scaffold613472	OTU_0100	31.87	160	85	6	461	15	9	155	8e-18	71.6
scaffold615139	OTU_0045	72.15	79	14	3	723	487	151	221	7e-33	  114
scaffold615713	OTU_0214	30.32	155	93	5	724	260	19	158	5e-11	53.1
scaffold619811	OTU_0175	72.73	187	34	4	165	725	14	183	2e-70	  212
scaffold624589	OTU_0188	75.93	108	21	2	399	722	3	105	2e-52	  164
scaffold629078	OTU_0214	39.44	71	42	1	374	583	4	74	2e-12	57.0
scaffold631011	OTU_0228	37.50	112	51	6	81	371	34	141	2e-12	57.0
scaffold635041	OTU_0082	85.92	71	6	1	218	6	14	80	1e-36	  125
scaffold651155	OTU_0214	28.67	143	86	4	261	662	1	136	2e-15	65.5
scaffold651366	OTU_0018	44.86	107	35	4	706	386	81	163	4e-19	75.5
scaffold658362	OTU_0164	86.81	182	7	4	137	682	2	166	4e-106	  301
scaffold660155	OTU_0107	71.43	210	40	7	701	72	27	216	5e-104	  297
scaffold661998	OTU_0214	30.85	188	101	8	73	609	6	173	2e-13	59.3
scaffold666821	OTU_0156	63.68	190	52	7	1	561	35	210	1e-74	  222
scaffold672000	OTU_0081	72.22	36	10	0	588	695	1	36	2e-15	63.9
scaffold674111	OTU_0021	33.33	117	76	2	392	42	57	171	6e-14	61.2
scaffold674209	OTU_0212	34.68	173	97	5	616	110	8	168	2e-19	77.0
scaffold675969	OTU_0177	88.24	153	3	4	461	3	1	138	3e-76	  224
scaffold678400	OTU_0067	32.43	148	90	4	622	179	7	144	3e-18	72.8
scaffold694384	OTU_0023	28.93	121	80	3	674	321	85	202	3e-11	53.9
scaffold695997	OTU_0102	35.78	109	40	5	1	318	38	119	8e-13	56.6
scaffold696027	OTU_0123	57.89	76	12	3	1	228	177	232	9e-20	78.2
scaffold724457	OTU_0057	29.63	162	95	6	226	666	57	214	2e-11	54.7
scaffold725781	OTU_0054	30.15	136	68	3	89	445	67	192	6e-13	58.5
scaffold727768	OTU_0067	65.33	75	22	1	227	3	1	71	4e-30	  105
scaffold730467	OTU_0067	78.79	33	7	0	567	665	2	34	6e-13	57.4
scaffold732327	OTU_0098	51.47	68	14	3	2	205	83	131	7e-14	59.3
scaffold732948	OTU_0175	65.42	214	57	4	4	645	3	199	1e-79	  235
scaffold739474	OTU_0014	71.10	173	37	3	657	139	2	161	1e-85	  248
scaffold748022	OTU_0023	60.00	90	28	3	645	376	138	219	1e-31	  110
scaffold758555	OTU_0160	65.28	72	21	1	217	2	13	80	1e-25	93.6
scaffold760181	OTU_0214	27.70	148	91	4	193	633	1	133	3e-12	55.8
scaffold763554	OTU_0156	61.54	130	42	4	646	257	89	210	2e-48	  154
scaffold764234	OTU_0231	34.42	154	90	5	465	10	16	160	1e-19	77.4
scaffold766908	OTU_0045	87.50	32	4	0	551	646	14	45	8e-16	66.2
scaffold778165	OTU_0007	58.73	63	26	0	201	13	1	63	1e-21	82.0
scaffold778448	OTU_0145	75.66	152	22	4	190	642	23	160	2e-72	  214
scaffold782013	OTU_0128	29.61	152	90	6	63	491	3	146	2e-11	53.1
scaffold787288	OTU_0156	32.12	137	88	3	474	70	66	199	2e-13	59.7
scaffold792805	OTU_0214	26.80	194	118	6	576	7	9	182	7e-12	55.1
scaffold815524	OTU_0047	30.22	139	89	3	212	622	6	138	3e-16	66.2
scaffold821153	OTU_0132	30.06	163	91	5	585	121	31	178	4e-13	58.2
scaffold827076	OTU_0156	56.06	198	78	4	13	606	22	210	4e-63	  192
scaffold828841	OTU_0175	74.63	67	14	1	203	3	18	81	1e-28	  102
scaffold833364	OTU_0098	47.92	96	25	3	599	312	61	131	2e-21	80.9
scaffold836687	OTU_0040	67.16	134	29	5	616	218	33	152	6e-46	  146
scaffold847533	OTU_0211	66.45	152	16	6	3	458	125	241	2e-46	  149
scaffold849269	OTU_0083	49.42	172	70	6	15	527	1	156	1e-47	  150
scaffold850874	OTU_0227	28.44	109	72	2	557	240	23	128	6e-11	51.6
scaffold854042	OTU_0214	25.37	201	126	8	19	609	9	189	1e-11	54.3
scaffold857509	OTU_0220	54.76	84	18	3	2	253	56	119	8e-21	78.6
scaffold858017	OTU_0156	64.00	125	36	4	591	217	95	210	1e-48	  154
scaffold860465	OTU_0123	27.06	170	106	4	539	30	11	162	1e-16	68.2
scaffold863050	OTU_0205	52.71	129	37	4	574	188	3	107	1e-35	  117
scaffold863583	OTU_0040	91.98	162	0	3	122	607	1	149	1e-92	  266
scaffold868878	OTU_0046	48.33	60	28	1	426	605	10	66	1e-14	63.2
scaffold870940	OTU_0214	29.19	161	99	5	7	462	18	172	4e-19	75.1
scaffold883521	OTU_0191	29.93	147	92	3	73	513	6	141	6e-18	70.9
scaffold888607	OTU_0156	31.43	105	70	1	356	48	66	170	5e-12	55.5
scaffold901304	OTU_0137	32.45	151	84	6	73	501	22	162	8e-16	65.9
scaffold909759	OTU_0214	42.11	57	33	0	560	390	1	57	2e-11	53.1
scaffold909891	OTU_0214	25.17	143	91	4	85	486	1	136	8e-12	54.3
scaffold910163	OTU_0156	29.36	109	61	3	362	75	55	160	2e-11	53.5
scaffold921486	OTU_0013	67.11	152	39	5	7	462	2	142	3e-66	  197
scaffold922386	OTU_0156	61.63	172	54	4	587	72	51	210	3e-69	  207
scaffold926477	OTU_0212	38.46	91	49	2	309	37	10	93	7e-14	60.5
scaffold927753	OTU_0057	28.87	142	81	5	534	151	80	215	4e-11	53.1
scaffold938491	OTU_0214	53.33	45	21	0	3	137	22	66	6e-11	52.0
scaffold939340	OTU_0018	58.43	89	17	3	5	271	95	163	7e-25	90.5
scaffold956172	OTU_0022	61.11	126	40	3	174	551	15	131	1e-47	  151
scaffold956190	OTU_0214	38.10	63	38	1	422	237	4	66	2e-11	53.1
scaffold964731	OTU_0156	63.64	110	29	4	567	247	109	210	2e-37	  125
scaffold968578	OTU_0212	30.67	150	78	5	428	6	6	138	4e-16	66.2
scaffold982736	OTU_0211	68.52	54	17	0	164	3	1	54	1e-21	82.8
scaffold987296	OTU_0163	62.65	83	27	1	300	52	1	79	5e-35	  116
scaffold994303	OTU_0054	36.27	102	53	3	343	47	70	162	8e-11	52.0
scaffold994675	OTU_0214	23.36	137	96	3	77	463	1	136	2e-12	55.8
scaffold994968	OTU_0201	91.56	154	0	3	102	563	1	141	8e-96	  272
scaffold1010897	OTU_0214	27.61	163	98	6	555	76	36	181	9e-12	53.9
scaffold1013474	OTU_0128	30.16	126	81	2	404	27	24	142	6e-12	53.9
scaffold1014400	OTU_0093	77.42	31	7	0	464	556	13	43	1e-12	55.8
scaffold1014684	OTU_0156	60.44	91	26	3	556	299	125	210	5e-29	  102
scaffold1020648	OTU_0214	29.76	168	99	6	3	497	30	181	2e-14	61.6
scaffold1028628	OTU_0214	28.86	149	88	5	113	553	1	133	4e-14	60.5
scaffold1038401	OTU_0214	27.03	148	92	5	456	16	1	133	2e-11	53.1
scaffold1043862	OTU_0105	35.78	109	42	5	546	235	45	130	4e-12	53.9
scaffold1048903	OTU_0018	40.94	127	43	4	496	116	69	163	1e-22	84.3
scaffold1052555	OTU_0105	53.21	156	43	5	52	516	1	127	7e-46	  144
scaffold1056485	OTU_0067	78.57	98	16	2	295	2	2	94	2e-50	  157
scaffold1068175	OTU_0029	83.90	118	14	2	355	2	1	113	3e-69	  204
scaffold1080247	OTU_0010	82.35	102	13	2	311	6	2	98	4e-54	  168
scaffold1081983	OTU_0189	30.20	149	88	4	87	533	10	142	3e-17	68.9
scaffold1100346	OTU_0049	52.78	72	30	1	216	1	25	92	2e-20	78.6
scaffold1106641	OTU_0090	64.77	88	27	1	286	23	1	84	3e-36	  119
scaffold1113923	OTU_0109	59.32	177	60	4	528	4	25	191	1e-64	  195
scaffold1114091	OTU_0128	78.69	61	5	1	1	183	94	146	3e-29	  101
scaffold1114842	OTU_0062	60.95	105	36	2	371	57	15	114	1e-39	  129
scaffold1117482	OTU_0018	55.11	176	45	6	528	1	14	155	1e-44	  141
scaffold1132236	OTU_0032	62.64	174	43	5	524	3	38	189	3e-70	  209
scaffold1136876	OTU_0124	50.60	166	70	3	506	9	14	167	4e-48	  151
scaffold1143976	OTU_0195	30.39	102	65	2	382	83	2	99	3e-14	60.1
scaffold1166326	OTU_0013	66.67	87	5	5	1	261	92	154	4e-27	95.5
scaffold1170913	OTU_0214	30.36	112	66	2	485	177	28	136	5e-13	57.0
scaffold1191194	OTU_0174	29.79	141	81	6	98	508	7	133	5e-11	50.8
scaffold1196702	OTU_0064	72.73	88	18	2	482	219	126	207	4e-39	  128
scaffold1197595	OTU_0156	62.35	162	49	5	2	487	61	210	1e-67	  202
scaffold1200208	OTU_0033	78.79	66	10	1	310	507	2	63	8e-31	  105
scaffold1201370	OTU_0067	69.05	42	13	0	146	21	3	44	1e-16	67.0
scaffold1213157	OTU_0212	35.98	164	92	4	505	26	6	160	4e-22	83.2
scaffold1221894	OTU_0005	73.72	137	31	2	413	3	21	152	4e-71	  209
scaffold1224975	OTU_0156	82.22	45	6	1	501	367	168	210	8e-21	79.7
scaffold1227810	OTU_0096	72.04	93	21	2	225	500	10	98	5e-46	  145
scaffold1240102	OTU_0023	30.61	147	92	5	482	57	64	205	2e-13	58.5
scaffold1241314	OTU_0214	27.52	149	90	4	498	58	6	138	1e-11	53.1
scaffold1242728	OTU_0212	42.02	119	48	4	460	104	109	206	4e-25	91.7
scaffold1251747	OTU_0174	89.86	148	1	4	495	52	6	139	7e-80	  230
scaffold1253776	OTU_0212	37.50	96	54	3	326	39	6	95	9e-16	65.1
scaffold1257004	OTU_0175	67.63	139	33	3	2	418	21	147	4e-59	  180
scaffold1267072	OTU_0005	71.88	32	9	0	98	3	20	51	1e-12	55.5
scaffold1271214	OTU_0212	28.57	147	84	6	491	69	26	157	3e-11	52.0
scaffold1280478	OTU_0109	81.58	38	7	0	376	489	7	44	6e-17	68.6
scaffold1280739	OTU_0214	40.35	57	34	0	174	4	1	57	6e-12	53.9
scaffold1287296	OTU_0214	35.37	82	52	1	166	408	1	82	2e-11	52.8
scaffold1290158	OTU_0212	34.69	98	58	3	329	39	9	101	2e-11	52.8
scaffold1296768	OTU_0163	36.17	94	54	2	168	449	5	92	1e-14	60.8
scaffold1313922	OTU_0018	50.31	163	46	7	2	481	27	157	9e-44	  139
scaffold1325106	OTU_0156	72.09	129	31	2	94	480	24	147	2e-61	  185
scaffold1326144	OTU_0214	33.81	139	73	5	413	3	1	122	1e-14	61.2
scaffold1326148	OTU_0076	46.59	88	26	3	467	204	63	129	2e-19	74.3
scaffold1335032	OTU_0070	31.16	138	79	3	53	448	3	130	2e-13	57.4
scaffold1338673	OTU_0024	79.49	78	13	1	234	1	1	75	1e-39	  129
scaffold1339391	OTU_0214	29.94	167	101	4	6	476	13	173	1e-19	75.9
scaffold1345225	OTU_0112	73.08	52	14	0	157	2	2	53	2e-22	83.6
scaffold1351893	OTU_0062	59.05	105	38	2	80	394	15	114	3e-39	  127
scaffold1352707	OTU_0018	54.88	82	17	3	476	231	102	163	3e-21	79.7
scaffold1382093	OTU_0228	56.41	156	50	6	2	466	32	170	2e-48	  152
scaffold1388027	OTU_0214	27.94	136	91	3	432	28	4	133	2e-11	52.0
scaffold1395742	OTU_0206	60.66	61	21	1	183	1	1	58	1e-19	75.9
scaffold1403001	OTU_0205	36.72	128	50	5	3	377	8	107	6e-21	77.4
scaffold1410523	OTU_0165	72.22	108	20	2	326	3	57	154	2e-56	  155
scaffold1410523	OTU_0165	72.34	47	13	0	462	322	15	61	2e-56	73.2
