scaffold00002	OTU_0085	85.25	278	2	7	1095133	1095966	1	239	2e-132	  419
scaffold00012	OTU_0214	52.02	198	85	2	214878	215471	1	188	2e-57	  200
scaffold00028	OTU_0214	54.73	201	81	2	130537	131139	1	191	6e-66	  224
scaffold00032	OTU_0228	65.86	249	49	7	296124	295378	1	213	8e-100	  323
scaffold00034	OTU_0156	63.05	203	62	6	208139	207531	21	210	7e-73	  245
scaffold00038	OTU_0214	29.86	211	127	9	24600	23977	1	193	7e-12	65.9
scaffold00040	OTU_0161	29.03	186	110	6	405432	405953	1	176	1e-14	73.9
scaffold00042	OTU_0175	91.40	221	0	5	347281	346619	16	217	2e-110	  353
scaffold00052	OTU_0156	50.51	198	89	4	297483	298076	22	210	4e-51	  182
scaffold00135	OTU_0214	27.32	183	113	6	249396	248878	1	173	2e-15	76.6
scaffold00135	OTU_0214	30.72	153	93	5	155690	155253	1	147	9e-12	64.7
scaffold00185	OTU_0025	32.24	152	94	4	81825	82280	7	149	2e-13	70.1
scaffold00190	OTU_0214	29.95	187	111	7	210431	210979	11	181	1e-12	67.4
scaffold00257	OTU_0156	57.77	206	75	5	193131	192514	17	210	4e-65	  221
scaffold00257	OTU_0156	35.03	157	83	5	189406	189867	27	167	3e-16	78.6
scaffold00318	OTU_0214	22.77	202	144	4	154438	153839	1	192	4e-11	62.0
scaffold00398	OTU_0212	32.55	212	120	5	115818	115195	7	199	2e-21	94.0
scaffold00539	OTU_0156	65.09	212	61	6	18452	19087	12	210	2e-69	  233
scaffold00601	OTU_0214	28.85	208	126	8	45817	46428	1	190	2e-11	62.8
scaffold00711	OTU_0024	51.00	249	85	8	30995	30249	3	214	8e-61	  208
scaffold00739	OTU_0054	29.46	224	116	12	56065	56700	25	218	1e-11	63.2
scaffold00740	OTU_0214	26.40	197	126	6	48548	47967	1	181	5e-12	64.3
scaffold00765	OTU_0212	36.67	180	93	8	33576	33058	6	171	1e-19	88.2
scaffold00829	OTU_0011	41.87	203	106	6	14151	14747	27	221	6e-23	98.6
scaffold00845	OTU_0053	85.71	273	1	7	74381	75199	1	235	8e-142	  442
scaffold01073	OTU_0073	51.16	215	86	5	34241	34885	25	220	6e-63	  214
scaffold01259	OTU_0019	73.91	161	29	3	71077	71559	16	163	1e-68	  229
scaffold01372	OTU_0156	29.81	161	102	4	59454	58972	27	176	2e-14	71.2
scaffold01429	OTU_0214	28.95	190	116	7	62423	61863	1	174	8e-15	72.4
scaffold01434	OTU_0225	90.62	160	2	3	29101	28622	18	164	4e-88	  285
scaffold01444	OTU_0030	58.33	228	71	7	22043	21363	13	217	2e-75	  250
scaffold01614	OTU_0210	28.46	130	73	4	2396	2773	23	136	5e-11	60.1
scaffold01928	OTU_0214	28.37	208	129	5	45443	46060	1	190	9e-17	78.2
scaffold01973	OTU_0214	32.04	181	105	8	27904	27371	9	174	2e-12	65.1
scaffold02061	OTU_0011	85.92	277	2	8	9983	10813	1	240	4e-145	  451
scaffold02184	OTU_0214	30.41	194	110	7	28035	28598	1	175	3e-14	70.5
scaffold02514	OTU_0214	49.45	182	82	2	16058	16603	20	191	4e-49	  172
scaffold02774	OTU_0178	91.45	234	0	7	16633	17334	1	214	3e-117	  370
scaffold02892	OTU_0036	89.91	218	1	5	27290	26637	1	197	2e-113	  358
scaffold03000	OTU_0212	33.65	208	111	8	7881	7276	6	192	1e-18	84.3
scaffold03402	OTU_0212	32.32	164	90	7	24935	24465	7	156	2e-15	73.9
scaffold03440	OTU_0156	58.42	202	72	5	29486	28881	21	210	5e-71	  236
scaffold03764	OTU_0162	53.60	278	86	9	8541	7741	5	250	1e-79	  263
scaffold04239	OTU_0214	25.62	203	136	5	4340	4942	1	190	5e-11	59.3
scaffold04480	OTU_0214	31.96	194	107	7	26767	26204	1	175	4e-16	75.5
scaffold04628	OTU_0162	50.00	268	89	9	19037	18255	17	246	2e-70	  236
scaffold04628	OTU_0162	46.55	232	90	8	20211	19528	34	235	2e-56	  195
scaffold05028	OTU_0212	32.34	201	115	7	7923	8501	7	194	1e-17	80.5
scaffold05326	OTU_0212	28.51	228	130	7	24951	24283	1	200	2e-11	60.8
scaffold05720	OTU_0054	60.82	245	68	7	23199	23933	1	217	2e-77	  254
scaffold08367	OTU_0214	28.71	209	127	8	16256	15639	1	190	2e-16	75.5
scaffold08406	OTU_0214	23.04	204	138	6	13387	13989	1	188	4e-12	62.4
scaffold08630	OTU_0214	26.54	162	88	5	16552	16986	26	173	6e-11	58.5
scaffold08708	OTU_0035	31.13	151	98	3	8393	7944	63	208	9e-12	61.2
scaffold09269	OTU_0156	47.14	210	96	5	14715	14104	10	210	1e-55	  191
scaffold10556	OTU_0156	59.38	192	66	5	1	576	31	210	3e-67	  224
scaffold10830	OTU_0214	24.88	205	133	8	14837	14235	1	188	8e-12	60.8
scaffold11224	OTU_0214	30.62	209	120	9	3721	4332	1	189	1e-11	60.5
scaffold11305	OTU_0003	71.84	174	38	3	3199	2678	2	164	3e-74	  243
scaffold11374	OTU_0214	29.35	184	118	4	3543	2995	1	173	5e-12	61.6
scaffold11976	OTU_0214	95.07	203	0	3	7262	7870	1	193	5e-123	  384
scaffold12359	OTU_0100	35.14	148	76	6	742	1152	17	155	2e-15	72.4
scaffold12976	OTU_0025	90.23	215	0	5	1882	2526	1	194	1e-119	  374
scaffold13638	OTU_0214	26.60	188	118	4	1955	1428	1	180	2e-15	72.4
scaffold13977	OTU_0067	79.55	176	24	4	4954	5481	1	164	1e-85	  275
scaffold14002	OTU_0212	29.22	154	95	3	12688	12227	5	144	2e-15	72.0
scaffold16262	OTU_0214	27.27	154	97	4	3198	3635	1	147	3e-11	58.9
scaffold16585	OTU_0228	83.13	249	6	7	11395	10649	1	213	5e-117	  367
scaffold17727	OTU_0213	65.11	235	60	7	11207	10503	8	220	1e-81	  265
scaffold18052	OTU_0156	61.03	213	69	6	9438	10070	10	210	2e-68	  227
scaffold18271	OTU_0214	26.47	204	131	6	8127	8729	1	188	2e-17	77.8
scaffold18667	OTU_0054	58.26	242	78	6	4793	4068	1	219	6e-77	  252
scaffold19760	OTU_0214	26.16	172	105	6	5204	4701	20	173	6e-11	57.8
scaffold20213	OTU_0214	25.38	197	128	6	1622	1041	1	181	9e-15	69.7
scaffold20373	OTU_0165	31.01	158	96	4	697	1170	16	160	2e-15	71.6
scaffold21636	OTU_0156	31.40	121	67	4	4627	4956	45	160	7e-11	57.4
scaffold21688	OTU_0187	73.81	42	11	0	9821	9946	1	42	1e-16	75.5
scaffold21948	OTU_0117	91.89	185	0	4	421	975	1	170	2e-104	  328
scaffold22038	OTU_0214	27.00	200	116	6	8457	7879	1	177	1e-12	62.4
scaffold22170	OTU_0212	37.62	101	57	3	4116	4415	9	104	1e-11	59.7
scaffold22183	OTU_0214	29.61	179	108	6	9518	8991	11	174	1e-16	75.5
scaffold22239	OTU_0214	29.89	184	115	7	911	381	1	177	3e-13	64.7
scaffold23360	OTU_0031	54.69	245	78	7	5453	6187	18	229	1e-76	  251
scaffold23829	OTU_0100	35.81	148	75	6	2374	1964	17	155	2e-16	74.3
scaffold24092	OTU_0210	91.50	153	0	3	6179	6637	1	140	6e-84	  268
scaffold24229	OTU_0214	28.22	202	128	8	2202	1609	1	189	2e-12	61.6
scaffold25179	OTU_0214	26.53	196	127	6	1358	783	1	183	1e-15	72.4
scaffold26650	OTU_0214	26.54	211	131	7	4258	3641	1	192	4e-15	70.5
scaffold27002	OTU_0162	55.14	243	72	8	5699	6424	29	235	1e-72	  240
scaffold27282	OTU_0214	30.73	192	109	8	2745	3308	19	190	4e-17	76.6
scaffold28513	OTU_0045	31.30	131	70	5	7795	7418	47	162	4e-11	58.2
scaffold28518	OTU_0214	26.11	203	128	5	6827	6243	1	189	1e-15	71.6
scaffold28661	OTU_0156	56.67	210	76	6	7421	6810	10	210	7e-69	  228
scaffold29131	OTU_0008	75.74	272	26	8	2881	3696	7	238	7e-127	  395
scaffold29262	OTU_0063	67.38	233	58	7	5360	6058	1	215	5e-98	  311
scaffold29592	OTU_0054	86.56	186	3	6	7759	7202	57	220	1e-78	  256
scaffold30414	OTU_0214	31.19	202	121	7	4485	3892	1	188	7e-15	69.3
scaffold31100	OTU_0214	30.68	176	111	5	1244	1768	9	174	7e-14	66.2
scaffold31469	OTU_0214	26.52	181	114	6	3513	3004	1	173	7e-15	69.3
scaffold31683	OTU_0067	71.84	174	37	4	2502	3023	2	163	2e-76	  247
scaffold32072	OTU_0086	31.10	164	85	5	5661	6125	1	145	2e-16	73.6
scaffold32658	OTU_0203	90.97	155	0	3	860	396	3	143	7e-85	  271
scaffold36462	OTU_0163	38.24	136	76	4	4146	3745	5	134	1e-20	85.9
scaffold37966	OTU_0212	28.12	160	95	6	3813	3346	3	146	2e-12	61.2
scaffold38889	OTU_0156	30.94	181	104	6	497	1036	28	188	6e-14	66.2
scaffold40728	OTU_0214	30.86	175	108	5	5051	5569	19	182	1e-19	83.6
scaffold41550	OTU_0051	33.33	138	67	5	3900	3505	69	187	1e-10	56.2
scaffold41553	OTU_0005	35.78	109	64	3	3499	3816	48	153	3e-11	57.4
scaffold44948	OTU_0134	61.72	256	66	7	5001	4234	2	225	8e-94	  298
scaffold45505	OTU_0214	30.41	194	110	7	1876	1313	1	175	2e-15	70.5
scaffold47537	OTU_0031	27.27	275	129	11	4291	5073	19	236	7e-14	66.2
scaffold47894	OTU_0214	39.39	66	40	0	3987	3790	1	66	4e-11	57.0
scaffold47918	OTU_0214	24.73	182	117	6	1482	1997	1	172	6e-13	62.8
scaffold48003	OTU_0214	25.42	177	117	6	177	674	1	173	2e-11	57.8
scaffold48094	OTU_0008	59.23	260	63	8	3903	3124	22	238	5e-72	  237
scaffold48860	OTU_0199	33.13	163	93	5	4227	4700	9	160	4e-18	78.2
scaffold50569	OTU_0229	30.66	137	72	5	2005	1631	17	142	1e-13	64.3
scaffold51055	OTU_0156	33.94	165	102	4	1497	1991	28	185	2e-18	80.1
scaffold51129	OTU_0225	33.09	136	81	4	537	130	30	155	3e-13	63.2
scaffold56121	OTU_0003	69.66	178	40	3	3588	3055	1	164	1e-77	  249
scaffold58095	OTU_0003	72.65	117	27	2	4198	4548	1	112	4e-51	  174
scaffold58174	OTU_0214	26.63	199	122	7	2158	2742	11	189	2e-11	58.2
scaffold62173	OTU_0032	70.09	234	45	7	1863	2564	1	209	7e-100	  313
scaffold67608	OTU_0032	63.04	230	61	6	959	1648	4	209	4e-88	  280
scaffold71989	OTU_0214	26.86	175	112	6	1788	2303	20	181	2e-11	57.8
scaffold72008	OTU_0189	30.97	155	86	6	533	75	12	147	2e-12	60.5
scaffold73900	OTU_0214	30.22	182	104	6	1083	553	20	183	1e-15	70.5
scaffold74155	OTU_0212	26.29	232	146	6	2076	2771	6	212	5e-16	72.0
scaffold74731	OTU_0212	29.94	167	96	5	288	770	6	157	7e-12	59.3
scaffold75091	OTU_0163	35.17	145	83	4	3101	2670	4	138	4e-16	71.2
scaffold77611	OTU_0214	29.17	144	87	3	2249	1821	2	131	5e-11	56.2
scaffold77778	OTU_0214	28.07	171	109	5	768	1253	9	174	5e-15	68.9
scaffold78591	OTU_0163	33.33	147	74	3	1325	1732	4	137	2e-18	78.2
scaffold83714	OTU_0189	31.25	160	98	4	132	611	4	151	8e-17	73.6
scaffold87905	OTU_0214	29.00	200	120	7	1863	2450	1	182	5e-11	56.2
scaffold92571	OTU_0191	47.46	118	57	2	2839	3192	1	113	6e-27	  102
scaffold92653	OTU_0024	52.40	208	82	6	3247	2624	16	206	4e-54	  183
scaffold93752	OTU_0005	31.29	147	81	6	2547	2134	25	160	6e-11	55.5
scaffold96396	OTU_0045	27.92	154	83	4	570	115	35	162	3e-11	57.4
scaffold97523	OTU_0214	30.00	140	85	3	1894	1493	1	133	2e-14	67.0
scaffold97636	OTU_0045	61.40	171	52	4	3133	2621	65	221	2e-63	  209
scaffold103231	OTU_0190	89.34	122	0	3	1	366	27	135	3e-66	  213
scaffold103707	OTU_0212	60.87	92	31	2	2731	3006	2	88	2e-31	  118
scaffold104876	OTU_0023	29.00	200	126	6	1190	1777	28	215	7e-16	71.2
scaffold106260	OTU_0214	47.95	73	37	1	2507	2292	1	73	1e-15	70.5
scaffold114319	OTU_0152	62.62	107	36	2	323	3	10	112	6e-40	  140
scaffold118289	OTU_0061	90.66	182	1	4	1481	936	16	181	1e-104	  318
scaffold120276	OTU_0137	27.10	214	121	6	933	1544	29	217	1e-14	67.4
scaffold120800	OTU_0214	28.29	205	126	7	1978	1376	1	188	3e-12	59.7
scaffold123772	OTU_0215	34.12	85	52	1	1368	1622	8	88	9e-11	54.7
scaffold126959	OTU_0173	30.15	136	73	5	1730	2101	28	153	4e-12	58.9
scaffold126988	OTU_0214	30.38	158	87	6	258	728	1	136	4e-11	55.8
scaffold127695	OTU_0214	31.13	212	117	9	1119	508	1	191	2e-15	69.3
scaffold128337	OTU_0011	56.57	274	83	7	1533	2354	1	238	3e-94	  293
scaffold130380	OTU_0061	36.27	102	56	4	1639	1938	66	160	3e-11	56.2
scaffold130538	OTU_0214	28.33	180	112	5	1625	2134	1	173	1e-16	73.2
scaffold130808	OTU_0046	85.51	276	3	7	15	842	1	239	3e-156	  454
scaffold130953	OTU_0214	30.14	146	87	4	906	481	1	135	4e-11	55.8
scaffold131635	OTU_0214	25.64	195	119	7	1950	2519	9	182	4e-11	55.8
scaffold136187	OTU_0214	28.10	210	125	8	2197	1586	1	190	2e-14	66.2
scaffold137165	OTU_0214	31.28	211	122	7	1333	707	1	190	8e-24	94.7
scaffold137347	OTU_0159	31.91	141	68	6	592	1005	24	139	1e-11	57.0
scaffold137752	OTU_0079	33.64	107	65	2	2151	2471	12	112	3e-12	59.3
scaffold138799	OTU_0197	82.22	45	4	1	137	3	44	84	2e-18	77.8
scaffold147722	OTU_0212	34.29	175	87	8	10	498	48	206	2e-15	69.3
scaffold153713	OTU_0182	83.76	234	0	8	798	97	1	196	6e-122	  361
scaffold156373	OTU_0214	28.87	194	113	7	2148	1585	1	175	9e-14	63.9
scaffold159575	OTU_0214	27.75	191	126	5	1328	765	1	182	1e-13	63.5
scaffold159824	OTU_0035	26.94	245	115	11	1432	2079	7	216	3e-14	65.9
scaffold162560	OTU_0214	29.38	177	104	6	1395	1913	16	175	4e-12	58.9
scaffold162565	OTU_0214	38.37	86	51	1	1907	2158	1	86	1e-12	60.1
scaffold164281	OTU_0214	26.88	186	114	6	837	1367	1	173	3e-13	62.4
scaffold174328	OTU_0214	23.86	176	129	3	1104	583	1	173	2e-12	59.7
scaffold179994	OTU_0011	47.31	260	96	9	1899	1123	21	240	2e-49	  167
scaffold180907	OTU_0140	54.90	255	75	8	1041	1787	18	238	5e-78	  246
scaffold183162	OTU_0054	34.13	167	83	8	1848	1372	73	220	2e-11	57.0
scaffold184222	OTU_0214	22.37	219	122	5	687	37	1	173	5e-13	61.6
scaffold187109	OTU_0049	61.76	170	51	4	1518	2027	18	173	8e-49	  163
scaffold190970	OTU_0097	54.47	257	80	7	149	919	14	233	1e-83	  259
scaffold191719	OTU_0189	30.07	153	87	6	1081	1536	14	147	1e-11	56.6
scaffold196097	OTU_0214	27.74	137	91	4	574	167	4	133	3e-11	55.8
scaffold197212	OTU_0147	77.78	90	0	3	21	290	162	231	1e-36	  131
scaffold198348	OTU_0124	35.67	171	87	7	1076	576	16	167	6e-21	85.5
scaffold200999	OTU_0024	42.11	76	35	3	935	711	11	78	2e-11	57.0
scaffold201434	OTU_0100	34.03	144	74	5	701	297	24	155	8e-15	66.6
scaffold203482	OTU_0186	65.77	111	34	2	333	1	18	124	2e-45	  152
scaffold213662	OTU_0163	33.14	172	78	8	566	1078	5	140	1e-11	56.6
scaffold216163	OTU_0214	38.20	89	51	1	21	287	106	190	2e-16	71.6
scaffold216259	OTU_0212	26.94	219	125	8	1078	1722	9	196	3e-11	55.8
scaffold216736	OTU_0156	31.90	116	74	2	1200	868	68	183	4e-11	55.5
scaffold217258	OTU_0008	42.86	259	107	8	329	1105	21	238	3e-63	  204
scaffold218678	OTU_0214	28.12	192	110	6	221	763	1	175	1e-16	72.4
scaffold228680	OTU_0047	32.89	152	88	3	1035	1490	1	138	3e-14	63.9
scaffold230565	OTU_0163	42.07	145	71	4	217	648	5	137	3e-25	95.9
scaffold233095	OTU_0214	25.00	196	126	7	212	760	1	188	7e-14	63.9
scaffold233648	OTU_0067	28.86	149	91	5	543	986	24	158	6e-11	54.3
scaffold236007	OTU_0178	28.00	175	109	5	590	66	3	160	1e-12	60.1
scaffold236881	OTU_0206	77.46	71	12	1	1535	1747	10	76	2e-29	  110
scaffold239765	OTU_0156	52.04	98	39	3	4	285	117	210	7e-15	67.0
scaffold242054	OTU_0163	37.50	136	75	4	515	910	5	134	5e-19	78.2
scaffold251811	OTU_0214	29.61	206	128	8	873	1481	1	192	8e-12	57.4
scaffold252663	OTU_0156	67.76	152	44	2	512	57	21	167	2e-67	  213
scaffold266017	OTU_0115	50.71	211	67	6	1624	1001	48	224	6e-60	  194
scaffold267416	OTU_0156	60.50	200	64	5	1105	521	21	210	1e-63	  203
scaffold270801	OTU_0228	67.89	218	34	7	1603	950	32	213	9e-93	  279
scaffold276705	OTU_0013	73.65	148	28	5	1585	1142	11	147	6e-66	  207
scaffold277179	OTU_0046	50.00	60	10	2	1571	1392	200	239	6e-12	58.2
scaffold287163	OTU_0074	30.51	177	106	6	541	20	13	175	5e-15	67.0
scaffold288353	OTU_0212	43.72	247	97	8	885	154	5	212	1e-54	  179
scaffold291715	OTU_0214	28.96	183	109	6	1165	653	1	174	1e-19	80.5
scaffold292566	OTU_0214	31.18	186	109	7	1482	934	20	189	2e-18	77.4
scaffold299219	OTU_0137	37.16	148	74	4	1065	1487	28	163	5e-21	85.5
scaffold306181	OTU_0156	61.50	213	68	6	1268	636	10	210	1e-83	  254
scaffold308375	OTU_0214	32.19	146	81	5	431	3	1	131	1e-14	65.5
scaffold313192	OTU_0214	30.62	209	120	8	750	1361	1	189	7e-18	75.5
scaffold316704	OTU_0191	69.37	111	29	2	1121	1453	1	106	9e-48	  157
scaffold317552	OTU_0212	30.10	206	125	8	360	974	7	194	8e-18	75.5
scaffold318153	OTU_0163	35.00	140	84	3	822	1241	5	137	7e-23	88.6
scaffold328319	OTU_0156	36.08	158	86	5	706	1179	25	167	1e-21	86.7
scaffold331669	OTU_0214	30.77	182	90	9	692	198	11	173	3e-11	55.1
scaffold336948	OTU_0212	29.23	130	78	3	1000	1389	5	120	3e-13	61.6
scaffold349174	OTU_0041	88.68	159	1	4	1373	897	32	173	2e-92	  274
scaffold350127	OTU_0033	28.40	162	78	6	1244	768	7	133	1e-11	55.8
scaffold350207	OTU_0214	30.34	145	84	5	934	1362	1	130	5e-12	57.4
scaffold356246	OTU_0212	27.36	212	122	7	1026	412	8	194	5e-18	75.9
scaffold362133	OTU_0045	30.68	176	100	7	1	507	60	220	1e-16	71.6
scaffold364318	OTU_0214	24.82	141	91	4	370	771	1	133	3e-12	58.2
scaffold364996	OTU_0097	52.19	251	82	7	823	71	21	233	4e-78	  239
scaffold366800	OTU_0214	24.73	182	116	6	791	1300	1	173	1e-12	59.7
scaffold367935	OTU_0009	36.23	138	75	7	471	857	85	218	4e-11	55.1
scaffold379588	OTU_0231	42.91	254	105	7	527	1282	14	229	3e-63	  200
scaffold385416	OTU_0214	28.11	185	119	6	715	167	1	173	9e-13	59.7
scaffold386216	OTU_0155	29.89	184	98	8	752	1219	31	211	1e-11	56.6
scaffold389484	OTU_0037	36.36	121	54	5	473	111	66	163	2e-11	55.5
scaffold391985	OTU_0107	69.77	129	33	3	888	1274	15	137	2e-47	  158
scaffold392786	OTU_0197	26.06	142	92	3	732	307	27	155	9e-11	53.1
scaffold393178	OTU_0210	36.91	149	80	3	663	217	2	136	2e-22	86.7
scaffold400812	OTU_0128	33.09	139	77	6	396	785	14	145	7e-11	53.1
scaffold414201	OTU_0214	27.85	219	110	5	565	1215	1	173	1e-20	82.4
scaffold417960	OTU_0073	42.78	180	79	6	672	1202	20	178	7e-32	  115
scaffold419663	OTU_0100	35.51	138	79	3	1084	683	24	155	1e-16	70.9
scaffold421084	OTU_0123	29.50	200	118	8	975	397	22	205	7e-19	78.2
scaffold421272	OTU_0072	90.86	186	0	5	579	1136	1	169	9e-113	  325
scaffold422788	OTU_0023	89.74	39	2	1	42	158	183	219	3e-16	70.5
scaffold428332	OTU_0058	52.90	155	50	6	12	476	1	132	1e-31	  112
scaffold456402	OTU_0214	30.26	195	109	8	535	1098	1	175	5e-16	69.3
scaffold460599	OTU_0214	23.86	176	121	4	251	748	4	176	5e-11	54.3
scaffold479550	OTU_0212	30.72	166	94	5	494	15	6	156	4e-13	60.8
scaffold480860	OTU_0011	48.44	256	94	7	196	963	23	240	1e-74	  228
scaffold483859	OTU_0013	70.14	144	32	5	1122	691	12	144	7e-63	  195
scaffold495519	OTU_0073	54.75	221	81	5	413	1075	19	220	6e-78	  236
scaffold499837	OTU_0030	32.05	156	82	7	956	492	33	165	1e-12	59.3
scaffold505719	OTU_0214	27.07	181	113	6	568	1092	6	173	8e-11	53.5
scaffold509047	OTU_0212	31.70	224	111	7	962	297	4	187	2e-30	  110
scaffold510482	OTU_0212	37.66	154	81	4	1062	610	7	148	6e-23	88.6
scaffold518799	OTU_0074	95.92	98	0	1	295	2	1	94	1e-61	  193
scaffold521362	OTU_0054	32.95	88	48	2	801	1064	25	101	2e-11	56.2
scaffold527641	OTU_0214	28.84	215	125	9	950	324	1	193	9e-15	65.1
scaffold530830	OTU_0057	34.50	171	91	4	1020	511	19	169	1e-24	94.0
scaffold546224	OTU_0046	42.65	204	100	4	615	4	13	199	2e-41	  140
scaffold550501	OTU_0035	30.46	151	99	3	548	997	63	208	1e-12	59.3
scaffold555460	OTU_0161	31.36	169	100	4	491	991	1	155	1e-23	89.7
scaffold575815	OTU_0214	23.43	175	124	5	465	980	6	173	3e-11	54.7
scaffold576244	OTU_0212	37.00	100	56	2	445	146	2	94	3e-15	66.6
scaffold576897	OTU_0163	39.33	89	49	1	271	5	5	88	4e-15	65.1
scaffold577413	OTU_0214	26.32	209	130	8	854	240	1	189	3e-14	63.5
scaffold579863	OTU_0115	52.82	248	75	8	1004	270	16	224	1e-79	  239
scaffold582214	OTU_0166	31.08	148	85	5	505	948	27	157	6e-15	65.9
scaffold583186	OTU_0137	43.48	138	66	3	36	425	29	162	1e-26	99.4
scaffold587246	OTU_0205	48.68	76	19	3	1	228	52	107	5e-16	67.0
scaffold593198	OTU_0166	28.57	154	87	4	587	159	19	160	3e-14	63.9
scaffold594022	OTU_0080	95.10	102	0	2	306	1	13	109	8e-62	  190
scaffold601555	OTU_0089	27.59	203	102	6	353	931	8	175	4e-12	57.0
scaffold611253	OTU_0214	25.39	193	124	4	225	791	1	177	2e-12	58.2
scaffold616990	OTU_0072	61.00	100	24	3	955	656	85	169	5e-34	  118
scaffold617286	OTU_0007	28.18	181	99	6	333	875	11	160	6e-12	56.2
scaffold617649	OTU_0087	49.37	158	65	4	963	490	39	181	2e-34	  119
scaffold618942	OTU_0156	31.54	130	80	5	16	402	46	167	5e-11	54.3
scaffold619437	OTU_0163	37.76	98	55	2	233	526	5	96	4e-17	70.5
scaffold620159	OTU_0214	35.71	112	61	4	913	584	88	190	2e-12	57.8
scaffold621111	OTU_0212	31.93	166	98	4	106	594	7	160	2e-19	77.8
scaffold629383	OTU_0156	30.37	135	89	2	450	52	68	199	8e-12	56.6
scaffold645004	OTU_0161	24.84	157	104	2	725	255	1	143	9e-14	61.6
scaffold646016	OTU_0214	27.84	176	109	5	417	938	20	179	9e-14	62.0
scaffold653805	OTU_0152	70.59	51	12	1	778	930	15	62	9e-19	75.1
scaffold664399	OTU_0007	28.49	172	99	6	255	761	11	161	5e-12	56.2
scaffold664947	OTU_0034	71.21	132	33	2	401	6	10	136	5e-56	  176
scaffold670814	OTU_0191	32.73	110	67	3	533	859	2	105	5e-11	52.8
scaffold674672	OTU_0222	54.93	71	12	3	1	213	192	242	3e-16	69.7
scaffold683080	OTU_0214	37.50	80	48	1	416	183	1	80	9e-11	53.1
scaffold687029	OTU_0214	25.00	172	112	5	277	777	26	185	4e-11	54.3
scaffold695916	OTU_0049	31.53	111	68	4	353	21	11	113	4e-11	53.9
scaffold699934	OTU_0156	48.99	198	92	4	801	208	22	210	8e-63	  194
scaffold708090	OTU_0018	54.31	116	29	4	4	351	72	163	1e-35	  122
scaffold727914	OTU_0212	31.71	164	91	6	133	603	7	156	3e-19	77.0
scaffold729693	OTU_0076	46.15	130	44	4	851	462	29	132	2e-18	73.2
scaffold733927	OTU_0077	60.87	46	18	0	719	856	17	62	2e-14	63.2
scaffold736827	OTU_0005	36.09	169	71	4	514	8	20	151	2e-28	  102
scaffold739332	OTU_0214	26.14	176	113	6	331	855	1	160	2e-12	57.8
scaffold750040	OTU_0005	54.84	93	37	2	279	1	19	106	1e-32	  114
scaffold750642	OTU_0053	27.75	209	127	7	73	684	29	218	2e-17	72.4
scaffold750876	OTU_0156	66.67	213	57	6	740	108	10	210	1e-93	  273
scaffold755157	OTU_0073	58.88	214	69	5	204	845	22	216	8e-86	  253
scaffold755716	OTU_0022	66.67	144	34	3	419	850	17	146	6e-60	  186
scaffold759579	OTU_0019	73.81	126	20	3	1	378	51	163	8e-59	  182
scaffold759704	OTU_0214	27.14	199	114	6	682	101	1	173	1e-12	58.2
scaffold767594	OTU_0163	54.61	152	55	3	310	765	3	140	4e-52	  164
scaffold768642	OTU_0214	26.11	203	128	5	797	213	1	189	4e-11	53.9
scaffold769123	OTU_0045	85.71	35	5	0	105	1	18	52	5e-17	70.9
scaffold775161	OTU_0136	91.88	197	1	5	672	82	1	182	6e-110	  313
scaffold776747	OTU_0057	57.22	194	67	4	249	830	20	197	3e-68	  208
scaffold778669	OTU_0155	36.92	130	65	6	410	27	66	180	3e-14	63.2
scaffold780402	OTU_0159	66.25	80	18	2	834	595	75	145	2e-29	  104
scaffold784376	OTU_0210	65.45	110	33	2	493	822	1	105	1e-44	  144
scaffold785032	OTU_0195	31.63	98	62	2	448	741	11	103	3e-13	59.3
scaffold787915	OTU_0214	27.55	196	123	3	815	240	1	181	6e-20	79.0
scaffold795246	OTU_0061	78.12	32	7	0	729	824	15	46	1e-15	65.9
scaffold806157	OTU_0062	64.08	103	32	2	506	814	17	114	3e-39	  130
scaffold806157	OTU_0062	53.66	82	34	1	246	1	20	97	9e-27	97.4
scaffold809565	OTU_0013	71.07	159	17	7	2	478	25	154	2e-68	  206
scaffold811663	OTU_0214	27.65	170	106	5	12	500	28	187	2e-14	63.2
scaffold820861	OTU_0191	29.17	144	88	3	443	12	5	134	1e-12	57.4
scaffold823138	OTU_0055	65.54	177	46	5	271	798	3	165	5e-74	  223
scaffold832422	OTU_0212	31.53	203	110	6	16	588	7	192	1e-20	81.3
scaffold842737	OTU_0156	61.59	138	46	3	408	1	10	142	5e-54	  170
scaffold847380	OTU_0214	30.21	192	113	6	140	703	1	175	3e-16	68.2
scaffold847715	OTU_0191	47.06	68	32	1	589	792	2	65	3e-18	72.8
scaffold847838	OTU_0181	35.65	115	55	2	724	380	54	149	3e-11	53.5
scaffold849637	OTU_0156	63.41	123	37	4	792	424	96	210	1e-46	  151
scaffold853604	OTU_0046	55.81	215	79	5	145	789	14	212	1e-70	  214
scaffold854907	OTU_0045	77.71	166	21	5	789	292	72	221	1e-85	  252
scaffold857472	OTU_0128	29.45	146	86	4	501	91	3	140	3e-11	53.1
scaffold862879	OTU_0107	65.30	219	59	6	57	713	15	216	5e-90	  263
scaffold864438	OTU_0156	49.49	198	91	4	1	594	22	210	2e-63	  194
scaffold868673	OTU_0212	25.75	233	126	9	3	671	10	205	5e-13	59.3
scaffold878260	OTU_0156	35.76	151	85	3	10	462	28	166	1e-20	80.9
scaffold889290	OTU_0067	73.44	64	13	1	580	771	1	60	2e-26	96.7
scaffold898444	OTU_0214	25.67	187	123	5	631	77	1	173	7e-12	55.8
scaffold907223	OTU_0214	28.29	152	95	5	290	715	26	173	1e-12	57.8
scaffold912021	OTU_0212	52.24	134	33	5	757	356	110	212	1e-34	  119
scaffold916190	OTU_0214	24.52	208	121	7	590	3	6	189	4e-13	58.9
scaffold917211	OTU_0214	32.47	194	106	7	172	735	1	175	4e-20	79.0
scaffold921500	OTU_0156	65.43	188	53	5	752	189	35	210	1e-79	  236
scaffold927060	OTU_0153	32.21	149	73	7	75	518	44	165	5e-12	55.8
scaffold931249	OTU_0212	42.13	178	80	7	1	534	52	206	5e-32	  112
scaffold932413	OTU_0163	33.58	137	82	4	85	486	5	135	2e-19	75.9
scaffold946700	OTU_0228	68.04	219	34	7	1	657	31	213	5e-89	  259
scaffold955888	OTU_0100	36.84	152	74	5	522	94	24	162	5e-21	80.9
scaffold964025	OTU_0124	32.94	170	101	4	193	696	20	178	7e-21	80.9
scaffold964863	OTU_0215	31.58	152	62	6	267	704	15	130	8e-12	54.3
scaffold965170	OTU_0128	35.71	140	72	5	65	481	19	141	5e-17	68.9
scaffold968953	OTU_0201	64.29	56	12	1	3	170	99	146	2e-19	75.9
scaffold982787	OTU_0214	26.97	178	85	3	586	53	1	133	5e-12	55.8
scaffold984941	OTU_0201	32.14	140	73	6	188	571	11	140	5e-11	52.4
scaffold985164	OTU_0214	28.50	207	128	8	24	632	1	191	3e-20	79.3
scaffold993894	OTU_0011	42.65	68	33	2	514	717	13	74	2e-11	55.1
scaffold999656	OTU_0105	50.72	138	38	5	1	414	23	130	4e-41	  133
