scaffold00002	OTU_0032	65.91	220	51	6	366150	366809	13	208	2e-86	  284
scaffold00006	OTU_0024	45.45	253	99	7	81129	80371	1	214	9e-46	  166
scaffold00022	OTU_0214	27.84	194	115	7	142931	143494	1	175	2e-12	66.2
scaffold00027	OTU_0030	47.79	226	95	7	41119	41787	13	218	2e-44	  162
scaffold00038	OTU_0170	67.15	274	52	7	86056	85235	1	236	2e-113	  361
scaffold00072	OTU_0183	85.71	280	1	7	34404	35243	1	241	4e-137	  430
scaffold00263	OTU_0212	31.07	206	116	6	43190	43789	7	192	4e-17	79.7
scaffold01878	OTU_0214	29.35	184	118	4	18	566	1	173	2e-12	63.5
scaffold02273	OTU_0024	47.41	251	93	8	16682	17434	3	214	1e-51	  179
scaffold02437	OTU_0012	82.33	215	17	5	10502	9858	1	194	4e-108	  341
scaffold03554	OTU_0214	29.17	168	104	4	504	7	1	155	1e-11	60.1
scaffold04216	OTU_0214	26.26	198	128	5	11344	10760	1	183	5e-12	61.2
scaffold05841	OTU_0214	32.08	212	115	9	4285	4905	1	188	8e-17	76.3
scaffold06238	OTU_0121	83.65	208	16	4	626	3	1	190	9e-109	  344
scaffold08824	OTU_0214	32.60	181	105	6	7683	8213	21	188	2e-14	68.2
scaffold09221	OTU_0212	30.24	205	113	8	3782	3192	10	192	1e-16	75.1
scaffold09801	OTU_0159	79.07	43	9	0	7778	7906	1	43	2e-17	76.6
scaffold09842	OTU_0222	59.80	102	17	3	2	307	165	242	4e-28	  110
scaffold12395	OTU_0214	28.86	149	88	5	465	25	1	133	7e-12	59.7
scaffold12984	OTU_0009	50.23	215	84	8	1774	2409	26	220	3e-51	  177
scaffold14317	OTU_0067	32.48	157	81	5	1348	1818	8	139	5e-18	78.6
scaffold17609	OTU_0214	32.63	190	99	10	1816	2361	23	191	6e-13	63.2
scaffold18090	OTU_0214	28.57	203	123	5	3405	2821	1	189	3e-18	79.3
scaffold19959	OTU_0212	32.65	147	82	4	2487	2912	10	144	1e-19	83.6
scaffold20976	OTU_0230	30.97	155	84	5	4151	3717	28	169	5e-12	60.1
scaffold21545	OTU_0214	27.91	215	125	8	3671	4300	1	190	6e-11	56.6
scaffold22673	OTU_0032	65.50	229	55	6	1670	2356	5	209	7e-84	  269
scaffold23927	OTU_0212	27.38	168	85	7	708	1202	10	143	8e-11	56.2
scaffold24027	OTU_0214	23.72	215	133	7	3149	3769	1	192	2e-11	57.8
scaffold28074	OTU_0121	63.14	274	63	7	868	1689	1	236	8e-106	  330
scaffold28877	OTU_0011	47.20	250	94	9	2383	1637	28	240	9e-63	  209
scaffold31614	OTU_0156	33.06	124	65	5	3420	3752	45	163	9e-11	55.8
scaffold34340	OTU_0156	62.16	111	38	2	3790	3464	102	210	1e-37	  136
scaffold35125	OTU_0086	87.50	160	2	5	272	751	20	161	4e-83	  263
scaffold36761	OTU_0012	89.77	215	1	5	481	1125	1	194	5e-123	  374
scaffold39333	OTU_0156	63.39	183	57	4	2941	3489	21	193	4e-71	  231
scaffold39751	OTU_0162	48.57	280	108	7	23	862	7	250	1e-76	  248
scaffold40375	OTU_0055	35.08	248	132	6	1101	1844	17	235	6e-36	  132
scaffold40792	OTU_0025	29.68	155	90	4	2516	2073	7	149	6e-16	71.6
scaffold41349	OTU_0159	75.51	98	15	2	3392	3099	57	145	2e-40	  141
scaffold42867	OTU_0135	30.07	153	80	7	1380	1775	13	159	8e-11	55.5
scaffold44226	OTU_0214	26.34	205	130	7	2289	1687	1	188	5e-11	56.2
scaffold45885	OTU_0214	31.25	192	110	7	1351	785	1	173	1e-17	76.6
scaffold49011	OTU_0009	55.71	219	75	6	1616	2272	25	221	7e-67	  218
scaffold52120	OTU_0097	84.36	275	1	8	1689	865	1	233	1e-147	  435
scaffold55747	OTU_0212	33.33	81	49	1	246	4	10	85	1e-11	57.8
scaffold57807	OTU_0214	31.55	187	110	6	2046	2594	1	173	5e-14	65.1
scaffold62157	OTU_0011	48.05	256	95	8	1620	856	22	240	1e-66	  217
scaffold69728	OTU_0034	34.09	132	73	5	477	866	33	152	5e-11	55.5
scaffold73216	OTU_0214	30.00	180	99	7	843	1361	16	175	1e-12	60.5
scaffold74111	OTU_0214	32.73	165	93	6	426	908	23	173	1e-12	60.5
scaffold80684	OTU_0228	37.50	112	51	6	989	1279	34	141	2e-11	57.0
scaffold81624	OTU_0232	89.66	232	2	6	1272	1967	1	210	4e-137	  400
scaffold85519	OTU_0230	57.08	219	75	5	1312	1968	14	213	9e-76	  239
scaffold85844	OTU_0214	25.17	151	105	4	600	151	4	147	4e-11	55.5
scaffold88344	OTU_0214	26.73	202	131	6	598	1191	1	189	7e-12	57.8
scaffold94381	OTU_0191	58.11	148	45	5	491	54	8	140	2e-46	  155
scaffold97263	OTU_0140	49.61	256	90	8	715	1464	16	238	9e-66	  213
scaffold101694	OTU_0066	53.02	215	62	6	1	645	65	240	7e-67	  215
scaffold103094	OTU_0214	27.32	194	125	6	578	1147	1	182	5e-14	64.7
scaffold106287	OTU_0156	63.53	170	53	3	1428	1937	17	177	6e-62	  201
scaffold108169	OTU_0128	59.22	103	33	2	3	311	53	146	8e-33	  117
scaffold110573	OTU_0222	85.82	282	0	8	1254	409	1	242	2e-160	  457
scaffold117108	OTU_0024	64.94	251	52	7	1353	601	1	215	3e-91	  277
scaffold117402	OTU_0212	33.33	147	81	4	1061	1486	10	144	5e-21	85.9
scaffold117407	OTU_0139	39.74	78	42	2	1188	955	51	123	7e-11	53.9
scaffold126975	OTU_0214	25.53	141	99	3	654	1061	4	143	7e-12	57.8
scaffold144082	OTU_0214	23.08	195	126	6	258	830	1	175	1e-11	56.6
scaffold144349	OTU_0214	26.47	204	132	5	1028	423	1	188	6e-14	63.5
scaffold144390	OTU_0035	34.03	144	85	4	843	418	28	163	2e-19	80.9
scaffold144693	OTU_0054	27.94	204	128	7	446	1054	32	217	3e-15	68.2
scaffold145080	OTU_0067	63.41	82	26	1	1367	1612	1	78	8e-30	  109
scaffold146808	OTU_0049	91.92	198	0	4	315	908	2	183	2e-122	  354
scaffold160277	OTU_0214	26.14	176	115	5	803	1297	1	172	3e-14	64.7
scaffold160595	OTU_0214	25.25	198	116	7	1448	879	1	174	4e-12	58.2
scaffold169450	OTU_0011	44.40	268	111	9	1178	375	8	237	1e-52	  174
scaffold170876	OTU_0030	45.69	116	46	5	1462	1124	114	215	5e-24	94.0
scaffold177255	OTU_0214	35.44	79	48	1	374	610	1	76	4e-11	54.7
scaffold186211	OTU_0212	31.31	214	123	8	701	63	3	193	1e-12	59.3
scaffold187894	OTU_0067	72.22	54	11	1	1221	1382	1	50	4e-20	81.3
scaffold192944	OTU_0212	37.50	96	54	2	740	453	6	95	1e-12	59.7
scaffold194652	OTU_0205	52.75	91	23	3	1354	1082	37	107	2e-24	91.7
scaffold203446	OTU_0174	29.22	154	73	6	948	490	21	139	3e-11	54.7
scaffold205198	OTU_0214	21.99	191	136	6	1066	512	1	184	1e-11	56.6
scaffold218832	OTU_0162	59.90	192	59	4	690	1265	13	186	3e-74	  229
scaffold221674	OTU_0018	45.33	75	21	2	1243	1019	109	163	6e-12	56.6
scaffold224074	OTU_0031	28.22	163	109	3	1190	705	16	171	4e-15	67.4
scaffold229111	OTU_0163	35.56	135	63	5	459	55	21	131	2e-11	55.1
scaffold230664	OTU_0209	70.00	60	18	0	180	1	2	61	4e-25	94.7
scaffold243551	OTU_0116	32.58	89	54	2	856	1122	21	103	3e-11	54.7
scaffold247863	OTU_0052	67.19	256	44	8	794	27	1	216	1e-110	  320
scaffold248805	OTU_0214	28.71	202	124	8	656	75	1	190	1e-12	58.9
scaffold250195	OTU_0098	79.88	164	0	6	3	494	1	131	4e-79	  236
scaffold255856	OTU_0214	25.57	176	124	4	1023	508	1	173	7e-13	59.7
scaffold258855	OTU_0214	28.26	184	112	7	71	595	1	173	2e-12	58.5
scaffold266718	OTU_0055	81.93	249	7	8	1126	380	25	235	5e-133	  378
scaffold273483	OTU_0035	32.67	150	81	6	9	404	52	199	2e-12	58.9
scaffold299128	OTU_0212	27.88	165	81	7	489	968	7	138	1e-10	53.5
scaffold310717	OTU_0189	28.85	156	90	6	291	752	12	148	2e-11	54.7
scaffold310847	OTU_0174	77.98	109	19	2	659	985	6	109	4e-56	  176
scaffold319053	OTU_0206	53.39	221	72	6	1014	358	47	238	2e-67	  209
scaffold322842	OTU_0030	47.73	176	72	6	936	421	56	215	7e-42	  141
scaffold323443	OTU_0199	52.69	93	40	1	281	3	1	89	5e-30	  107
scaffold336622	OTU_0214	22.75	211	140	6	98	718	1	192	1e-11	55.5
scaffold344852	OTU_0173	82.67	150	14	3	836	387	18	155	1e-80	  239
scaffold351342	OTU_0072	60.00	85	29	2	955	701	90	169	2e-32	  114
scaffold360775	OTU_0214	25.98	204	132	7	644	42	1	188	1e-13	61.6
scaffold370497	OTU_0083	30.73	179	90	7	892	368	4	152	4e-12	56.6
scaffold375227	OTU_0095	89.95	189	0	4	567	1	1	170	7e-107	  306
scaffold384023	OTU_0170	58.74	206	73	5	625	14	1	196	7e-73	  221
scaffold389540	OTU_0045	30.00	120	67	3	306	659	73	177	5e-11	54.3
scaffold393045	OTU_0212	36.30	146	86	2	270	707	6	144	2e-21	83.6
scaffold404341	OTU_0013	67.72	158	40	5	28	501	1	147	5e-64	  195
scaffold411332	OTU_0212	32.32	198	119	6	701	123	7	194	2e-20	80.5
scaffold415212	OTU_0212	31.78	129	75	4	1	369	50	171	5e-12	56.6
scaffold416838	OTU_0214	31.68	202	120	6	126	719	1	188	9e-17	69.7
scaffold417078	OTU_0156	58.79	199	69	5	50	634	21	210	6e-75	  225
scaffold418683	OTU_0097	53.06	196	58	6	863	276	72	233	7e-61	  189
scaffold418911	OTU_0214	26.70	221	112	6	676	20	1	173	2e-15	65.9
scaffold422736	OTU_0018	56.52	92	20	3	4	279	92	163	2e-25	94.0
scaffold430741	OTU_0214	28.65	178	109	3	209	736	20	181	3e-11	54.3
scaffold449198	OTU_0008	56.20	258	72	8	5	778	22	238	2e-94	  275
scaffold461175	OTU_0060	64.50	169	43	4	250	756	2	153	8e-72	  214
scaffold464168	OTU_0154	28.67	150	84	5	813	367	47	174	3e-12	57.0
scaffold465685	OTU_0083	58.70	92	32	3	138	413	71	156	7e-29	  103
scaffold476063	OTU_0093	86.49	37	5	0	693	803	1	37	2e-17	70.9
scaffold480947	OTU_0146	29.25	106	60	5	299	601	60	155	5e-11	53.1
scaffold488385	OTU_0188	88.20	178	7	4	13	546	1	164	6e-100	  286
scaffold488455	OTU_0157	61.43	70	7	3	2	211	149	198	1e-20	80.5
scaffold500718	OTU_0199	87.50	168	0	5	235	738	1	147	7e-75	  222
scaffold503231	OTU_0193	89.34	197	1	5	1	591	20	196	5e-118	  333
scaffold505695	OTU_0156	30.66	137	90	3	199	603	66	199	8e-12	55.8
scaffold520418	OTU_0083	34.27	143	76	7	577	167	8	138	9e-11	52.0
scaffold527386	OTU_0163	29.66	145	90	3	563	129	3	135	1e-16	68.2
scaffold529905	OTU_0189	30.07	153	87	6	209	664	14	147	2e-12	56.2
scaffold530505	OTU_0214	24.74	190	133	4	2	562	6	188	2e-11	54.3
scaffold545198	OTU_0047	29.50	139	90	3	127	537	6	138	2e-15	64.7
scaffold549645	OTU_0067	69.05	84	22	1	270	19	2	81	8e-39	  129
scaffold575154	OTU_0033	30.71	127	79	5	579	199	22	139	4e-11	52.4
scaffold583145	OTU_0013	57.89	133	44	5	714	319	21	142	7e-45	  144
scaffold609623	OTU_0214	24.72	178	116	4	169	696	20	181	3e-12	56.2
scaffold615710	OTU_0205	40.15	132	50	5	667	275	3	106	5e-25	90.5
scaffold616046	OTU_0156	31.07	103	69	1	490	188	68	170	9e-12	55.5
scaffold623462	OTU_0220	47.06	68	16	3	684	481	72	119	1e-12	55.8
scaffold629079	OTU_0174	32.09	134	79	4	105	503	14	136	2e-11	53.1
scaffold642359	OTU_0024	78.05	41	9	0	125	3	3	43	3e-18	73.2
scaffold666397	OTU_0212	58.46	65	23	1	196	2	5	65	1e-20	80.5
scaffold678526	OTU_0191	33.06	121	72	5	582	220	23	134	1e-12	56.2
scaffold695828	OTU_0039	64.71	119	37	2	282	638	10	123	3e-49	  155
scaffold697269	OTU_0230	32.43	148	74	5	618	199	32	161	1e-11	54.7
scaffold697581	OTU_0014	85.19	54	8	0	481	642	11	64	3e-28	  100
scaffold701989	OTU_0005	61.86	118	40	2	395	42	17	129	3e-48	  152
scaffold721443	OTU_0212	31.97	147	83	4	181	606	10	144	7e-20	77.8
scaffold728089	OTU_0214	26.76	142	84	3	201	608	6	133	1e-12	57.0
scaffold728569	OTU_0205	55.56	126	31	4	625	248	7	107	1e-39	  128
scaffold732848	OTU_0079	50.65	154	62	3	156	617	11	150	1e-45	  145
scaffold737746	OTU_0098	47.62	63	13	2	622	434	86	128	7e-13	56.6
scaffold740395	OTU_0083	37.04	108	54	4	307	606	1	102	1e-12	56.2
scaffold746815	OTU_0156	58.59	128	46	3	378	1	10	132	2e-49	  156
scaffold748779	OTU_0214	32.93	82	54	1	155	397	1	82	2e-11	53.1
scaffold754138	OTU_0024	90.79	152	2	3	458	3	1	140	3e-80	  235
scaffold779184	OTU_0100	35.53	152	74	7	179	601	17	155	2e-14	61.2
scaffold782722	OTU_0214	27.22	169	105	6	602	102	29	181	2e-15	64.7
scaffold784118	OTU_0048	90.00	150	0	4	599	150	9	143	2e-89	  256
scaffold785224	OTU_0214	32.91	79	50	1	366	130	1	76	4e-11	52.8
scaffold788066	OTU_0174	29.93	137	84	4	96	503	6	131	5e-12	53.9
scaffold824913	OTU_0192	29.66	145	84	4	437	21	27	159	6e-18	71.2
scaffold840529	OTU_0214	30.16	126	73	3	343	2	13	135	4e-12	55.1
scaffold842425	OTU_0212	27.01	174	93	8	35	523	58	208	9e-11	51.6
scaffold842840	OTU_0156	50.00	148	69	3	7	450	68	210	2e-44	  143
scaffold850743	OTU_0214	36.84	57	36	0	322	152	1	57	9e-11	51.2
scaffold869647	OTU_0124	72.41	58	15	1	174	1	4	60	7e-23	85.5
scaffold871844	OTU_0214	30.19	159	97	6	561	88	33	178	1e-12	56.2
scaffold879055	OTU_0077	63.49	63	19	1	370	558	14	72	2e-22	84.7
scaffold891129	OTU_0045	74.81	135	18	5	2	406	103	221	1e-64	  195
scaffold898231	OTU_0214	33.77	77	51	0	394	164	1	77	2e-11	52.8
scaffold914563	OTU_0214	29.41	153	97	2	507	70	41	189	8e-20	77.0
scaffold922975	OTU_0049	63.07	176	51	4	528	1	1	162	1e-61	  186
scaffold924435	OTU_0212	38.27	162	81	5	61	546	1	143	5e-30	  105
scaffold926416	OTU_0116	60.00	45	17	1	133	2	1	45	2e-13	57.8
scaffold931719	OTU_0191	36.26	91	47	4	453	184	58	138	6e-11	50.8
scaffold946831	OTU_0007	70.42	71	12	2	324	536	7	68	7e-28	98.2
scaffold958097	OTU_0214	29.45	163	99	5	535	74	34	189	1e-13	58.9
scaffold965533	OTU_0005	32.46	114	67	2	516	175	58	161	1e-11	53.1
scaffold980360	OTU_0072	64.77	88	23	3	510	247	90	169	1e-34	  115
scaffold1002698	OTU_0212	32.33	133	73	4	16	399	24	144	8e-18	71.2
scaffold1031168	OTU_0005	58.16	98	36	2	219	512	20	112	1e-37	  123
scaffold1067296	OTU_0076	46.01	163	54	7	1	486	3	132	1e-36	  120
scaffold1071490	OTU_0212	37.14	105	57	3	362	48	7	102	6e-15	62.8
scaffold1097354	OTU_0176	87.73	163	2	5	3	491	1	145	2e-92	  263
scaffold1099573	OTU_0211	64.04	114	36	2	150	491	8	116	4e-46	  147
scaffold1104319	OTU_0214	36.05	86	52	2	108	359	106	190	1e-12	55.8
scaffold1110459	OTU_0125	73.03	89	19	2	222	488	1	84	1e-36	  122
scaffold1115624	OTU_0175	33.61	119	66	4	460	107	28	134	1e-13	58.9
scaffold1126722	OTU_0018	57.36	129	31	4	1	387	59	163	1e-43	  139
scaffold1140576	OTU_0156	34.67	150	86	3	482	39	30	169	3e-19	75.1
scaffold1154738	OTU_0201	32.58	89	49	2	227	460	54	142	1e-11	52.4
scaffold1173925	OTU_0212	29.41	102	55	2	52	324	25	120	3e-13	57.8
scaffold1189554	OTU_0156	51.00	100	34	5	26	325	126	210	1e-25	92.4
scaffold1193323	OTU_0046	40.15	137	57	3	29	439	128	239	3e-28	  100
scaffold1199474	OTU_0193	94.74	57	0	1	172	2	1	54	1e-31	  108
scaffold1201352	OTU_0156	43.01	93	45	2	447	169	126	210	4e-18	71.6
scaffold1209069	OTU_0064	47.74	155	67	3	466	2	56	196	3e-46	  146
scaffold1210440	OTU_0214	31.21	141	83	4	418	2	1	129	5e-16	65.5
scaffold1214723	OTU_0163	56.99	93	35	2	286	8	1	88	3e-32	  108
scaffold1235195	OTU_0214	28.48	151	88	5	1	420	32	173	2e-13	57.8
scaffold1238164	OTU_0035	31.06	132	73	4	47	436	65	180	2e-13	57.8
scaffold1239682	OTU_0117	83.33	48	8	0	316	459	18	65	2e-25	91.3
scaffold1257519	OTU_0124	46.26	147	64	3	15	455	21	152	3e-31	  107
scaffold1259271	OTU_0096	47.93	121	58	2	93	455	2	117	2e-34	  114
scaffold1268603	OTU_0195	32.58	89	56	1	345	79	14	98	4e-14	59.3
scaffold1280010	OTU_0005	34.11	129	67	4	445	59	50	160	3e-17	68.6
scaffold1291602	OTU_0214	31.47	143	81	5	28	447	23	151	2e-11	52.0
scaffold1303893	OTU_0107	56.46	147	48	6	2	442	86	216	3e-51	  159
scaffold1307614	OTU_0064	59.42	138	40	4	1	414	86	207	7e-49	  152
scaffold1308531	OTU_0214	29.90	97	64	2	444	160	1	95	1e-11	52.4
scaffold1343458	OTU_0067	51.11	135	49	3	2	406	23	140	5e-28	97.4
scaffold1344845	OTU_0214	27.52	149	97	3	432	7	29	173	2e-14	60.5
scaffold1351796	OTU_0005	78.57	28	6	0	353	436	22	49	5e-11	50.4
scaffold1365616	OTU_0163	37.41	139	77	4	2	412	5	135	2e-23	84.7
scaffold1380391	OTU_0117	77.14	35	8	0	105	1	13	47	2e-15	63.2
scaffold1381101	OTU_0125	63.46	52	13	2	156	1	2	47	2e-12	55.5
scaffold1385427	OTU_0209	70.77	130	31	3	392	3	2	124	4e-62	  185
scaffold1396057	OTU_0057	30.51	118	77	2	425	87	36	153	6e-11	51.2
scaffold1397463	OTU_0212	46.24	93	37	3	5	283	128	207	2e-20	77.8
scaffold1400223	OTU_0214	34.67	75	48	1	189	413	1	74	1e-11	52.4
scaffold1402617	OTU_0018	64.52	124	20	4	2	373	64	163	6e-49	  151
scaffold1426553	OTU_0079	57.38	61	22	1	183	1	19	75	1e-19	74.7
scaffold1432064	OTU_0009	64.00	75	20	3	1	225	154	221	4e-27	96.3
scaffold1469066	OTU_0214	27.69	130	84	3	2	367	6	133	5e-12	53.5
scaffold1479781	OTU_0211	70.00	90	7	3	13	282	175	244	4e-36	  120
scaffold1484308	OTU_0011	47.06	136	59	4	2	409	68	190	1e-34	  116
scaffold1484660	OTU_0024	75.24	105	1	5	2	316	136	215	4e-44	  140
scaffold1486548	OTU_0093	95.79	95	0	1	129	413	4	94	2e-62	  186
scaffold1521997	OTU_0067	70.15	67	16	1	201	1	2	64	3e-29	  100
scaffold1527058	OTU_0079	56.25	48	21	0	149	6	19	66	6e-16	64.3
scaffold1542374	OTU_0214	29.63	108	68	2	356	54	30	136	1e-12	55.5
scaffold1546404	OTU_0187	45.26	95	27	3	2	286	152	221	5e-19	73.6
scaffold1548738	OTU_0214	28.85	104	73	1	391	83	30	133	3e-11	51.2
scaffold1558613	OTU_0042	35.21	71	40	1	145	357	43	107	2e-11	52.4
scaffold1562932	OTU_0093	85.71	49	7	0	147	1	6	54	3e-26	92.4
scaffold1578452	OTU_0013	53.54	127	31	6	17	397	56	154	2e-22	81.6
scaffold1595828	OTU_0214	42.65	68	39	0	306	103	1	68	8e-13	55.5
scaffold1600992	OTU_0035	34.34	99	54	3	98	370	65	160	4e-11	51.2
scaffold1605205	OTU_0064	72.62	84	17	2	392	141	130	207	3e-36	  119
scaffold1605244	OTU_0139	34.95	103	60	4	328	32	30	129	4e-11	50.1
scaffold1610273	OTU_0022	74.07	81	17	1	245	3	16	92	3e-39	  127
scaffold1622263	OTU_0189	36.08	97	47	3	4	294	66	147	3e-11	50.4
scaffold1699443	OTU_0136	63.41	123	34	4	6	374	70	181	2e-47	  147
scaffold1706640	OTU_0214	34.72	72	45	2	128	337	1	72	8e-12	52.8
scaffold1714862	OTU_0084	84.68	124	5	3	377	6	69	178	1e-62	  187
scaffold1718630	OTU_0212	43.90	123	62	4	377	9	10	125	2e-24	88.2
scaffold1728643	OTU_0016	87.78	90	6	2	6	275	60	144	2e-51	  156
scaffold1782191	OTU_0156	31.52	92	56	2	18	293	41	125	1e-11	52.4
