scaffold00001	OTU_0156	48.10	210	94	5	313623	314234	10	210	6e-58	  202
scaffold00010	OTU_0003	92.13	178	0	3	454321	454854	1	164	6e-101	  324
scaffold00048	OTU_0214	25.89	197	127	6	154331	153750	1	181	3e-13	69.7
scaffold00090	OTU_0156	66.99	206	56	5	105784	106401	17	210	6e-80	  265
scaffold00108	OTU_0212	32.66	199	113	7	155038	155610	7	192	5e-17	81.3
scaffold00125	OTU_0156	71.71	205	46	5	149711	150325	18	210	9e-88	  287
scaffold00146	OTU_0214	31.67	180	103	9	34252	33725	11	174	6e-13	67.8
scaffold00158	OTU_0214	25.63	199	125	7	158917	158336	1	181	6e-13	67.8
scaffold00274	OTU_0214	27.09	203	126	5	106201	106785	1	189	1e-14	73.2
scaffold00277	OTU_0147	84.62	260	0	8	67204	66425	12	231	4e-130	  409
scaffold00482	OTU_0195	93.25	163	0	4	70708	70220	1	152	6e-86	  278
scaffold00664	OTU_0001	87.89	190	0	5	55870	55301	24	190	3e-97	  311
scaffold00861	OTU_0214	28.92	204	128	5	3249	3854	1	189	8e-15	72.0
scaffold01974	OTU_0214	29.69	192	110	7	7271	7828	1	173	4e-12	62.4
scaffold02299	OTU_0212	37.61	109	51	5	19483	19797	45	140	6e-11	58.9
scaffold02428	OTU_0005	97.04	169	0	2	9780	9274	1	164	4e-96	  306
scaffold02981	OTU_0228	65.86	249	49	7	16704	15958	1	213	2e-101	  323
scaffold04215	OTU_0067	77.84	176	27	4	11196	11723	1	164	6e-85	  273
scaffold04591	OTU_0214	29.82	171	100	6	509	6	20	173	2e-15	72.4
scaffold04613	OTU_0081	33.56	146	82	4	12026	12457	5	137	4e-19	82.0
scaffold04827	OTU_0204	73.06	219	38	6	3534	4190	15	212	3e-96	  307
scaffold05858	OTU_0156	51.43	210	87	5	3993	3382	10	210	1e-64	  216
scaffold07404	OTU_0214	24.87	193	126	6	6995	7543	1	184	8e-11	57.0
scaffold07524	OTU_0214	28.71	209	127	8	5139	4522	1	190	1e-16	75.5
scaffold09056	OTU_0156	62.12	198	63	5	4360	3767	25	210	1e-75	  247
scaffold09590	OTU_0156	61.97	213	67	6	1762	1130	10	210	3e-78	  254
scaffold09888	OTU_0212	28.74	167	98	5	1964	1482	6	157	2e-14	68.2
scaffold10817	OTU_0035	31.13	151	98	3	4761	5210	63	208	3e-12	61.2
scaffold12063	OTU_0003	69.66	178	40	3	2789	3322	1	164	1e-77	  250
scaffold12427	OTU_0162	55.14	243	72	8	2090	2815	29	235	5e-73	  240
scaffold13458	OTU_0214	30.68	176	111	5	3284	3808	9	174	5e-14	66.2
scaffold14287	OTU_0212	29.94	177	81	5	4367	4891	2	137	2e-13	64.3
scaffold14683	OTU_0163	37.50	136	77	3	2390	2791	5	134	1e-20	85.5
scaffold15008	OTU_0162	50.00	268	89	9	1692	910	17	246	1e-71	  236
scaffold15008	OTU_0162	46.70	197	89	6	2865	2287	34	218	8e-49	  170
scaffold15282	OTU_0132	91.35	185	0	4	4604	5158	11	179	8e-106	  330
scaffold15439	OTU_0097	45.53	246	98	6	4858	4121	24	233	1e-58	  198
scaffold15464	OTU_0156	68.60	207	53	5	733	113	16	210	1e-86	  277
scaffold16693	OTU_0214	29.03	186	112	6	1138	590	20	188	2e-15	70.5
scaffold18389	OTU_0214	29.80	151	97	4	2088	1651	1	147	2e-12	60.5
scaffold18419	OTU_0045	70.63	143	26	6	4458	4030	95	221	4e-54	  184
scaffold21941	OTU_0212	30.61	196	123	5	3643	3068	6	192	5e-18	78.6
scaffold22684	OTU_0170	57.82	275	75	9	1269	448	1	235	4e-79	  254
scaffold25175	OTU_0156	56.00	200	77	4	822	1421	22	210	2e-69	  226
scaffold25209	OTU_0156	57.82	211	72	6	2128	2739	10	210	2e-70	  229
scaffold25333	OTU_0214	22.77	202	144	4	2113	2712	1	192	5e-13	62.4
scaffold25814	OTU_0006	89.55	134	0	3	2891	3292	1	120	5e-72	  230
scaffold27397	OTU_0025	32.24	152	94	4	986	1441	7	149	2e-15	70.1
scaffold29804	OTU_0156	58.25	206	74	5	1903	1286	17	210	7e-69	  223
scaffold31000	OTU_0214	29.00	200	118	7	4	591	11	190	3e-13	63.2
scaffold33721	OTU_0212	29.31	174	89	8	232	720	58	208	3e-11	57.0
scaffold33956	OTU_0054	34.13	167	83	8	2659	2183	73	220	3e-11	57.0
scaffold34236	OTU_0070	33.83	133	78	3	1087	689	4	126	2e-11	56.6
scaffold34692	OTU_0206	55.91	254	81	7	1014	259	14	238	7e-80	  254
scaffold36422	OTU_0067	81.44	97	13	2	291	1	1	92	1e-47	  161
scaffold36709	OTU_0212	32.67	202	116	6	2396	1806	6	192	2e-20	85.1
scaffold41820	OTU_0156	29.81	161	102	4	915	1397	27	176	5e-16	71.2
scaffold41889	OTU_0057	27.61	163	96	7	1366	1803	57	214	5e-11	56.2
scaffold45289	OTU_0054	35.00	120	66	5	517	167	69	179	6e-11	55.8
scaffold52172	OTU_0163	42.03	138	70	4	878	1285	5	134	4e-24	93.6
scaffold55421	OTU_0005	35.14	111	66	3	585	262	46	153	2e-11	56.2
scaffold61662	OTU_0097	54.09	257	81	7	1628	858	14	233	2e-83	  258
scaffold73510	OTU_0161	46.90	113	55	3	1274	1612	3	110	6e-29	  107
scaffold81988	OTU_0061	36.27	102	56	4	1039	740	66	160	1e-11	56.2
scaffold83551	OTU_0214	29.66	145	92	4	539	970	1	136	7e-14	63.5
scaffold86877	OTU_0146	36.04	111	42	4	116	412	60	153	9e-11	53.5
scaffold94342	OTU_0156	33.33	156	94	4	466	930	28	174	3e-20	82.4
scaffold103375	OTU_0214	30.89	191	109	8	684	1241	1	173	6e-14	63.2
scaffold105713	OTU_0214	26.13	222	112	7	669	13	1	173	2e-14	64.7
scaffold107116	OTU_0214	29.63	216	122	9	1060	428	1	191	9e-14	62.8
scaffold110443	OTU_0212	30.51	177	80	5	86	610	2	137	3e-14	64.3
scaffold131079	OTU_0073	49.77	215	89	5	80	724	25	220	4e-67	  208
scaffold137380	OTU_0205	36.84	133	53	5	27	416	3	107	9e-22	82.8
scaffold137914	OTU_0101	72.31	65	14	1	870	1064	11	71	4e-25	94.4
scaffold138142	OTU_0214	30.88	136	81	6	665	1051	1	130	1e-11	55.8
scaffold143530	OTU_0213	90.91	242	0	7	16	741	1	220	1e-149	  418
scaffold146094	OTU_0008	84.83	211	12	5	638	6	1	191	6e-120	  343
scaffold149920	OTU_0214	32.33	133	81	3	613	1008	9	133	8e-13	59.3
scaffold154390	OTU_0085	95.10	143	2	2	561	989	1	138	8e-80	  240
scaffold177521	OTU_0067	67.03	91	25	2	628	900	3	88	2e-36	  124
scaffold187684	OTU_0214	25.50	149	92	2	400	828	1	136	3e-12	57.0
scaffold191894	OTU_0189	27.74	155	91	5	464	6	12	147	2e-11	54.3
scaffold192690	OTU_0230	38.27	81	44	2	592	834	35	109	6e-11	53.9
scaffold195947	OTU_0054	29.46	224	116	12	800	165	25	218	6e-14	62.4
scaffold196419	OTU_0046	50.00	92	25	3	807	532	169	239	2e-24	92.8
scaffold199156	OTU_0214	37.14	70	43	1	209	3	1	70	1e-10	52.8
scaffold200416	OTU_0008	55.17	87	19	2	834	574	172	238	2e-24	92.8
scaffold228530	OTU_0061	91.73	133	6	2	409	11	16	143	1e-82	  243
scaffold238188	OTU_0128	30.26	152	88	7	16	441	3	146	7e-13	57.4
scaffold239106	OTU_0166	28.57	154	87	4	294	722	19	160	2e-14	63.2
scaffold271142	OTU_0022	74.84	155	22	4	2	466	75	212	2e-58	  181
scaffold276842	OTU_0057	27.08	144	90	5	644	225	80	212	8e-11	53.1
scaffold287060	OTU_0178	33.33	135	73	4	171	545	32	159	8e-12	55.5
scaffold304825	OTU_0214	29.63	135	82	3	234	635	11	133	8e-15	62.8
scaffold315875	OTU_0178	82.44	131	18	2	411	19	5	130	3e-59	  182
scaffold318397	OTU_0067	81.05	95	13	2	334	618	1	90	2e-49	  155
scaffold328373	OTU_0171	40.74	108	56	3	467	153	12	114	3e-22	83.6
scaffold329764	OTU_0033	62.79	129	41	3	217	603	1	122	3e-52	  161
scaffold332765	OTU_0166	30.72	153	89	5	18	476	22	157	6e-17	69.3
scaffold332856	OTU_0054	31.37	102	55	2	291	1	67	158	8e-11	52.0
scaffold344191	OTU_0184	32.03	153	87	6	465	7	20	155	8e-11	50.8
scaffold349019	OTU_0214	38.96	77	46	1	238	11	1	77	1e-12	56.6
scaffold353126	OTU_0124	33.33	111	68	3	134	460	12	118	2e-11	53.1
scaffold359582	OTU_0095	26.88	160	91	7	507	73	4	152	1e-12	56.2
scaffold361033	OTU_0189	29.68	155	88	6	490	32	12	147	1e-12	55.8
scaffold369853	OTU_0214	31.29	147	82	8	425	21	1	140	8e-13	57.0
scaffold391079	OTU_0145	78.02	91	15	2	275	3	20	105	4e-43	  138
scaffold394252	OTU_0013	64.18	134	37	5	2	403	25	147	3e-55	  169
scaffold402296	OTU_0056	49.58	119	37	4	2	358	42	137	3e-30	  103
scaffold403937	OTU_0097	73.56	87	12	3	493	233	74	149	2e-35	  119
scaffold428200	OTU_0088	88.46	156	1	5	508	41	12	150	2e-90	  258
scaffold429165	OTU_0189	31.48	108	59	3	61	384	55	147	4e-12	53.9
scaffold448433	OTU_0106	68.47	111	30	2	392	60	2	107	6e-49	  153
scaffold467407	OTU_0221	33.65	104	57	3	472	161	39	130	4e-11	50.8
scaffold506584	OTU_0214	36.78	87	53	1	303	49	1	87	3e-13	57.0
scaffold512989	OTU_0212	39.74	78	42	1	215	448	6	78	8e-12	53.5
scaffold519153	OTU_0134	60.00	100	23	3	449	150	140	222	1e-32	  111
scaffold522737	OTU_0058	87.79	131	0	4	3	395	18	132	5e-76	  219
scaffold526292	OTU_0061	31.63	98	63	1	149	442	15	108	9e-12	52.8
scaffold528318	OTU_0205	61.29	124	23	4	444	73	9	107	7e-47	  144
scaffold539044	OTU_0156	57.55	106	40	2	119	436	22	122	6e-40	  129
scaffold594865	OTU_0227	68.38	136	31	3	3	410	22	145	6e-61	  181
scaffold600405	OTU_0005	63.16	76	24	1	181	408	20	91	5e-31	  105
scaffold614409	OTU_0189	30.56	108	60	3	16	339	55	147	8e-11	49.3
scaffold644426	OTU_0005	68.75	128	35	2	2	385	36	158	9e-48	  148
scaffold662195	OTU_0156	72.92	96	20	2	383	96	121	210	3e-45	  142
scaffold678075	OTU_0075	100.00	32	0	0	116	21	12	43	6e-17	67.4
scaffold680819	OTU_0032	49.19	124	39	4	4	375	100	199	5e-27	95.1
scaffold722162	OTU_0067	70.83	96	23	2	72	359	6	96	1e-44	  139
scaffold765293	OTU_0011	50.00	114	53	2	348	7	18	127	3e-35	  117
scaffold822850	OTU_0005	33.33	84	52	1	319	80	31	114	5e-12	52.4
scaffold840516	OTU_0156	33.33	96	54	3	290	15	82	171	2e-11	51.2
scaffold857655	OTU_0163	86.92	107	0	3	321	1	33	125	4e-55	  165
scaffold858550	OTU_0046	70.59	85	20	2	314	60	133	212	1e-38	  125
scaffold863261	OTU_0199	64.52	62	18	1	127	312	12	69	4e-25	88.6
scaffold891956	OTU_0040	32.00	75	45	2	41	265	52	120	9e-11	48.9
scaffold961434	OTU_0024	36.51	63	37	1	191	3	4	63	1e-11	51.6
scaffold1004590	OTU_0057	56.25	96	32	3	1	288	74	159	5e-30	  102
scaffold1009251	OTU_0136	57.14	84	28	2	287	36	74	149	3e-16	63.9
scaffold1025573	OTU_0205	53.49	86	20	3	2	259	42	107	2e-25	87.4
scaffold1061502	OTU_0110	36.84	57	32	1	225	55	23	75	6e-12	51.6
scaffold1069894	OTU_0185	50.68	73	30	2	2	220	85	151	2e-20	75.9
scaffold1075499	OTU_0067	71.11	90	21	2	5	274	5	89	2e-42	  132
scaffold1092081	OTU_0138	75.90	83	0	3	261	13	52	114	1e-36	  116
scaffold1104180	OTU_0013	72.22	90	17	3	2	271	24	105	4e-40	  126
scaffold1132878	OTU_0214	37.88	66	41	0	205	8	1	66	6e-13	54.7
scaffold1143474	OTU_0024	45.31	64	32	1	6	197	14	74	2e-12	53.5
scaffold1155873	OTU_0108	39.71	68	36	2	58	258	36	99	9e-12	51.2
scaffold1158998	OTU_0124	37.84	74	42	2	1	222	46	115	3e-12	52.8
scaffold1160647	OTU_0046	67.95	78	20	2	31	264	133	205	2e-21	79.0
scaffold1214544	OTU_0056	70.24	84	19	2	4	255	42	119	1e-28	96.3
scaffold1271176	OTU_0212	39.29	84	46	1	1	252	7	85	7e-15	60.1
scaffold1291828	OTU_0067	57.83	83	31	1	2	250	2	80	7e-31	  102
scaffold1301153	OTU_0075	56.10	82	27	1	4	249	73	145	6e-30	  101
scaffold1318559	OTU_0212	81.48	81	5	2	245	3	103	173	1e-39	  126
scaffold1321059	OTU_0083	47.83	69	30	3	242	36	91	153	3e-16	63.5
scaffold1424687	OTU_0134	73.08	78	16	2	236	3	123	195	3e-35	  115
scaffold1465616	OTU_0022	81.25	64	11	1	234	43	69	131	1e-34	  113
scaffold1470337	OTU_0222	60.53	76	24	2	1	228	147	216	4e-27	94.4
scaffold1478309	OTU_0214	35.14	74	44	2	227	15	111	183	4e-11	49.3
scaffold1487742	OTU_0074	93.51	77	0	2	231	1	150	221	5e-47	  145
scaffold1510457	OTU_0061	63.16	76	23	2	229	2	58	128	1e-22	80.9
scaffold1519103	OTU_0018	60.00	75	10	3	227	3	92	146	4e-23	82.0
scaffold1523159	OTU_0025	39.19	74	37	2	219	1	7	73	4e-13	54.7
scaffold1526437	OTU_0123	60.87	46	18	0	87	224	15	60	2e-16	64.3
scaffold1533107	OTU_0156	58.21	67	27	1	221	21	102	167	7e-24	84.7
scaffold1547844	OTU_0152	72.58	62	14	1	41	226	11	69	1e-29	98.6
scaffold1565367	OTU_0188	68.63	51	8	1	222	70	120	162	6e-19	70.5
scaffold1599743	OTU_0197	39.73	73	37	2	1	219	45	110	3e-14	57.4
scaffold1611837	OTU_0214	47.37	57	29	1	192	22	1	56	7e-11	48.5
scaffold1624796	OTU_0152	60.87	69	25	2	219	16	67	134	1e-23	83.2
scaffold1637518	OTU_0212	44.78	67	31	1	4	204	13	73	9e-13	53.9
scaffold1638426	OTU_0087	54.17	72	22	2	218	3	84	144	8e-21	75.9
scaffold1680903	OTU_0018	55.71	70	11	2	5	214	108	157	4e-18	68.2
scaffold1715549	OTU_0174	58.57	70	25	1	211	2	9	74	1e-26	90.5
scaffold1745953	OTU_0119	79.41	34	7	0	105	206	14	47	1e-17	67.0
scaffold1773542	OTU_0211	85.19	27	3	1	3	83	219	244	7e-12	52.0
scaffold1815893	OTU_0014	75.38	65	12	1	7	201	15	75	2e-32	  105
scaffold1835659	OTU_0053	54.55	66	10	3	1	198	181	226	4e-15	60.5
