scaffold00064	OTU_0019	75.00	160	27	3	45905	46384	17	163	5e-68	  227
scaffold00137	OTU_0214	29.35	201	126	5	49550	48957	1	188	3e-13	67.8
scaffold00154	OTU_0214	27.78	198	124	7	53728	54312	1	182	1e-13	69.3
scaffold00177	OTU_0011	45.06	253	104	8	12673	11915	23	240	3e-63	  216
scaffold00220	OTU_0021	66.82	223	54	7	54806	54138	9	211	8e-92	  297
scaffold00397	OTU_0214	26.73	202	125	5	23209	22646	1	193	1e-14	71.6
scaffold00417	OTU_0211	70.26	269	40	8	24144	23338	10	238	6e-103	  330
scaffold00519	OTU_0212	33.88	183	109	4	18279	17743	7	181	1e-18	84.0
scaffold00539	OTU_0156	56.87	211	74	6	3763	3152	10	210	6e-54	  187
scaffold00772	OTU_0156	61.22	147	46	4	7715	7290	70	210	1e-42	  127
scaffold00772	OTU_0156	65.79	38	13	0	7858	7745	26	63	1e-42	60.8
scaffold00987	OTU_0214	25.62	203	136	5	26348	25746	1	190	4e-11	59.3
scaffold01031	OTU_0231	85.33	259	0	7	323	1099	9	229	5e-134	  418
scaffold01032	OTU_0035	66.67	225	54	6	13953	14627	13	216	2e-92	  298
scaffold01544	OTU_0212	37.66	77	46	1	8034	7804	12	86	5e-11	59.3
scaffold01865	OTU_0228	29.03	186	107	6	8275	7739	44	211	6e-14	68.2
scaffold02021	OTU_0156	50.00	198	90	4	12785	13378	22	210	5e-49	  172
scaffold02021	OTU_0156	35.00	160	93	5	13843	14319	28	177	1e-16	76.6
scaffold02318	OTU_0163	31.21	141	85	5	3652	3239	6	137	1e-12	63.2
scaffold03022	OTU_0106	79.44	214	23	5	13030	13671	4	196	5e-107	  338
scaffold04107	OTU_0156	67.15	207	56	5	5214	5834	16	210	3e-83	  270
scaffold04392	OTU_0152	27.22	158	100	4	3207	2755	9	158	2e-14	68.6
scaffold04787	OTU_0230	91.10	236	0	6	2582	3289	1	215	2e-127	  396
scaffold05167	OTU_0214	27.72	184	113	6	5944	5420	1	173	1e-17	78.6
scaffold05167	OTU_0214	26.14	176	117	5	4125	3628	1	173	9e-12	60.1
scaffold05167	OTU_0214	26.26	179	113	7	5029	4532	1	173	6e-11	57.4
scaffold05701	OTU_0214	30.64	173	105	5	2956	2438	1	158	1e-12	63.2
scaffold06676	OTU_0084	90.83	218	0	5	9136	8483	1	198	7e-107	  337
scaffold07500	OTU_0113	32.88	146	83	4	1231	800	5	137	2e-17	76.6
scaffold08066	OTU_0214	29.10	189	116	5	7552	6992	1	173	8e-14	66.2
scaffold08430	OTU_0156	59.35	214	72	7	1687	1052	10	210	2e-72	  238
scaffold10805	OTU_0046	47.64	254	93	8	5221	4466	16	231	1e-67	  225
scaffold11328	OTU_0214	28.78	205	119	8	4434	5027	1	185	5e-11	57.0
scaffold11367	OTU_0104	59.83	229	70	6	1976	2662	14	220	2e-70	  232
scaffold14612	OTU_0096	27.74	137	83	4	3143	3523	14	144	7e-12	59.3
scaffold15121	OTU_0156	65.48	197	56	5	2664	3254	26	210	2e-62	  209
scaffold15902	OTU_0170	61.46	192	40	5	1943	1368	78	235	2e-83	  217
scaffold15902	OTU_0170	67.50	80	20	2	2185	1946	3	76	2e-83	  105
scaffold17053	OTU_0211	85.21	284	2	8	3139	3990	1	244	2e-139	  427
scaffold17838	OTU_0165	65.74	251	45	8	3846	4598	11	220	7e-97	  307
scaffold19435	OTU_0155	91.06	235	0	6	1131	427	1	214	1e-132	  406
scaffold20034	OTU_0214	27.27	220	111	5	4383	3730	1	173	2e-14	67.4
scaffold21893	OTU_0214	30.77	195	108	8	2694	2131	1	175	3e-15	69.7
scaffold22429	OTU_0173	28.12	160	77	5	1173	718	24	153	9e-12	58.5
scaffold22631	OTU_0067	76.70	176	29	4	1428	1955	1	164	1e-84	  269
scaffold23369	OTU_0134	60.31	257	70	7	3019	3789	1	225	1e-79	  257
scaffold23467	OTU_0003	72.50	160	30	3	281	760	18	163	4e-69	  225
scaffold25046	OTU_0056	64.63	164	25	5	4226	3735	12	142	4e-61	  201
scaffold25402	OTU_0076	40.00	90	34	2	4186	3917	63	132	3e-13	62.8
scaffold25604	OTU_0127	33.64	107	55	5	1087	1404	12	103	4e-12	59.7
scaffold27739	OTU_0075	66.39	238	42	8	1965	2678	5	204	1e-90	  286
scaffold28422	OTU_0137	31.90	116	73	2	2674	2333	67	178	9e-12	58.9
scaffold29113	OTU_0010	85.14	276	2	7	1067	240	1	237	7e-149	  446
scaffold32922	OTU_0214	29.17	192	115	6	2429	2992	1	175	3e-14	66.2
scaffold36305	OTU_0214	58.91	202	73	2	490	1095	1	192	4e-70	  227
scaffold36608	OTU_0198	91.19	227	0	5	577	1257	8	214	3e-125	  379
scaffold36872	OTU_0124	57.26	117	46	2	2962	3312	21	133	6e-37	  133
scaffold38085	OTU_0067	63.75	80	25	1	251	12	6	81	4e-29	  109
scaffold39405	OTU_0162	51.97	254	83	8	3151	2396	33	249	7e-73	  236
scaffold39771	OTU_0214	30.00	180	99	8	1913	2431	16	175	2e-12	60.1
scaffold44898	OTU_0134	31.37	153	93	5	1235	1693	13	153	3e-15	69.3
scaffold45409	OTU_0054	30.15	136	68	3	1181	1537	67	192	7e-11	55.8
scaffold45835	OTU_0075	62.65	257	57	7	493	1263	1	218	1e-96	  300
scaffold50944	OTU_0212	28.95	152	77	5	726	277	11	133	3e-11	57.0
scaffold51542	OTU_0214	26.67	210	117	6	1488	2090	9	190	4e-13	62.0
scaffold52958	OTU_0011	53.54	254	85	9	1466	2224	19	240	2e-74	  239
scaffold57174	OTU_0214	23.16	177	127	4	1096	581	1	173	4e-11	55.8
scaffold58210	OTU_0214	26.34	186	115	6	596	1126	1	173	6e-13	61.6
scaffold59588	OTU_0083	48.82	170	73	4	26	535	1	156	8e-45	  153
scaffold59806	OTU_0214	28.89	180	110	5	1205	1735	9	173	3e-15	68.6
scaffold60937	OTU_0204	27.75	209	127	7	1767	1156	19	208	1e-11	57.8
scaffold65022	OTU_0087	75.00	44	9	1	1564	1433	138	179	8e-16	70.5
scaffold65701	OTU_0204	72.57	226	41	6	1498	2175	8	212	6e-106	  320
scaffold65838	OTU_0214	32.11	109	69	2	1600	1274	30	133	3e-12	59.3
scaffold66338	OTU_0214	27.27	198	125	6	726	142	1	182	4e-17	74.3
scaffold66339	OTU_0214	28.27	191	116	7	1776	2336	1	174	8e-17	73.6
scaffold67272	OTU_0212	31.68	161	101	5	1299	817	6	157	1e-14	67.0
scaffold71320	OTU_0214	24.21	190	136	6	69	626	1	186	4e-13	62.0
scaffold72553	OTU_0011	47.64	275	105	9	1209	385	5	240	2e-72	  232
scaffold74011	OTU_0212	34.46	148	84	4	1412	981	6	144	2e-17	75.1
scaffold75459	OTU_0214	27.32	194	124	7	435	1010	11	189	3e-12	59.3
scaffold75511	OTU_0214	28.95	190	110	6	1766	1221	1	173	7e-12	58.2
scaffold77494	OTU_0214	27.55	196	126	6	453	1031	6	188	5e-11	55.5
scaffold78220	OTU_0214	30.56	144	79	7	1062	661	1	133	4e-12	58.5
scaffold80025	OTU_0214	25.83	151	104	3	1652	1203	4	147	5e-11	55.5
scaffold83105	OTU_0034	90.21	194	0	5	1258	677	8	182	4e-99	  299
scaffold84660	OTU_0156	27.41	197	119	8	558	1133	28	205	4e-11	55.8
scaffold87085	OTU_0097	59.74	77	11	3	1981	1751	177	233	1e-20	85.1
scaffold93094	OTU_0212	32.87	143	76	6	736	329	8	137	2e-15	68.9
scaffold96067	OTU_0125	86.48	281	0	7	806	1648	1	243	5e-161	  459
scaffold98528	OTU_0214	26.13	199	133	6	840	256	1	189	2e-16	72.0
scaffold99535	OTU_0212	31.29	163	82	5	608	123	10	143	5e-11	55.1
scaffold100501	OTU_0214	28.28	198	121	7	232	813	1	181	2e-15	68.6
scaffold102154	OTU_0156	70.00	200	48	5	903	1502	23	210	4e-91	  277
scaffold109824	OTU_0188	89.27	177	6	3	975	445	1	164	1e-97	  291
scaffold111470	OTU_0214	27.56	127	86	3	984	613	1	124	3e-11	55.8
scaffold112417	OTU_0007	91.57	166	1	4	1151	1648	15	167	6e-99	  295
scaffold118935	OTU_0156	68.08	213	54	6	641	1273	10	210	2e-90	  274
scaffold120144	OTU_0218	74.16	89	19	1	1375	1641	19	103	7e-39	  133
scaffold120817	OTU_0214	28.10	210	125	8	536	1147	1	190	1e-15	68.9
scaffold121581	OTU_0073	48.43	159	69	3	1141	1617	25	170	1e-46	  157
scaffold122570	OTU_0064	40.38	104	47	3	1619	1308	119	207	1e-15	69.3
scaffold129104	OTU_0214	25.42	177	117	6	838	341	1	173	8e-12	57.0
scaffold136293	OTU_0214	29.47	190	112	7	817	1371	1	173	7e-12	57.4
scaffold140337	OTU_0162	51.75	257	92	7	33	794	19	246	1e-78	  243
scaffold143423	OTU_0015	57.71	175	36	6	1472	951	96	233	3e-57	  186
scaffold143668	OTU_0149	93.57	140	3	3	436	17	6	139	2e-84	  255
scaffold144922	OTU_0102	72.85	151	8	5	1	453	3	120	1e-64	  202
scaffold152391	OTU_0214	26.83	205	126	7	1026	436	1	189	4e-11	55.1
scaffold152730	OTU_0156	59.70	201	64	6	1082	498	21	210	2e-72	  225
scaffold153971	OTU_0100	35.14	148	76	6	377	787	17	155	2e-17	73.9
scaffold157664	OTU_0152	61.62	99	34	2	1109	1405	18	112	2e-35	  124
scaffold165879	OTU_0097	57.49	247	63	7	1362	622	29	233	3e-86	  261
scaffold167954	OTU_0008	78.35	97	16	2	860	1150	16	107	5e-58	  151
scaffold167954	OTU_0008	71.67	60	8	2	1170	1349	116	166	5e-58	84.3
scaffold168627	OTU_0156	33.94	109	56	3	207	494	55	160	4e-11	55.1
scaffold172847	OTU_0156	66.83	202	55	5	1080	475	21	210	1e-89	  268
scaffold174481	OTU_0214	23.73	177	130	3	995	471	1	174	1e-12	59.3
scaffold180606	OTU_0103	78.75	80	13	1	245	6	20	95	5e-40	  136
scaffold181160	OTU_0057	78.23	124	22	2	415	44	17	135	2e-65	  206
scaffold183083	OTU_0205	33.08	130	62	3	617	1006	3	107	1e-14	63.9
scaffold187318	OTU_0157	69.11	123	13	4	1	369	101	198	1e-50	  166
scaffold197927	OTU_0214	30.93	194	109	7	868	305	1	175	1e-16	70.9
scaffold198881	OTU_0214	24.64	211	133	6	736	128	1	193	6e-13	60.1
scaffold199192	OTU_0156	68.21	173	43	5	1	519	50	210	8e-74	  226
scaffold200652	OTU_0214	28.97	145	84	4	494	90	1	136	2e-12	58.5
scaffold201418	OTU_0214	28.29	205	132	5	805	200	1	193	2e-15	67.4
scaffold206571	OTU_0214	25.38	197	123	6	505	1062	1	184	6e-14	63.2
scaffold221587	OTU_0214	26.79	224	108	8	858	202	1	173	3e-15	67.0
scaffold230542	OTU_0212	34.69	147	79	4	846	421	10	144	1e-23	90.9
scaffold232294	OTU_0214	27.54	138	92	4	12	413	4	137	7e-13	59.7
scaffold232827	OTU_0156	53.50	200	78	6	321	905	21	210	9e-52	  168
scaffold235233	OTU_0018	48.21	195	65	7	1112	537	2	163	3e-49	  159
scaffold236213	OTU_0214	30.93	194	109	7	653	90	1	175	5e-16	68.9
scaffold236258	OTU_0214	41.18	68	40	0	635	838	1	68	3e-12	57.8
scaffold236370	OTU_0214	27.63	152	92	5	400	822	29	173	1e-12	58.9
scaffold240397	OTU_0163	34.56	136	79	4	112	507	5	134	2e-16	69.3
scaffold241220	OTU_0009	30.77	182	108	7	1027	497	51	219	1e-11	56.6
scaffold242647	OTU_0212	43.72	247	97	8	805	74	5	212	3e-56	  179
scaffold249856	OTU_0064	70.54	224	47	5	90	761	3	207	2e-108	  313
scaffold253399	OTU_0156	47.57	103	50	2	2	304	110	210	5e-12	57.4
scaffold257858	OTU_0104	77.78	225	28	6	368	1042	18	220	8e-118	  337
scaffold264063	OTU_0032	62.17	230	63	6	58	747	3	208	2e-92	  272
scaffold270690	OTU_0043	36.51	126	70	4	643	1011	69	187	2e-11	54.7
scaffold275025	OTU_0214	28.57	175	106	6	488	1006	1	158	3e-12	57.4
scaffold284219	OTU_0170	56.12	237	73	7	293	997	16	223	2e-78	  237
scaffold284374	OTU_0212	41.59	226	105	7	3	680	11	209	2e-41	  139
scaffold284673	OTU_0018	63.64	121	20	4	1	363	67	163	3e-37	  127
scaffold287750	OTU_0212	35.80	162	96	3	977	492	7	160	1e-21	84.7
scaffold293957	OTU_0073	52.63	114	40	3	383	42	121	220	3e-52	  115
scaffold293957	OTU_0073	49.49	99	45	2	685	389	25	118	3e-52	99.8
scaffold302122	OTU_0214	26.14	176	114	5	880	362	11	173	3e-15	66.2
scaffold305254	OTU_0214	25.13	199	128	7	596	12	1	182	4e-15	65.9
scaffold307518	OTU_0013	57.89	152	53	5	934	479	2	142	4e-49	  157
scaffold313899	OTU_0156	63.64	154	48	4	928	467	65	210	1e-62	  194
scaffold323940	OTU_0156	58.79	199	69	5	747	163	21	210	3e-72	  219
scaffold324524	OTU_0214	25.91	193	126	5	113	661	1	186	6e-16	67.8
scaffold325071	OTU_0098	53.03	66	11	2	2	199	86	131	3e-15	65.1
scaffold325444	OTU_0214	28.86	149	97	3	764	321	1	141	5e-13	59.7
scaffold328769	OTU_0127	81.40	43	8	0	130	2	12	54	1e-20	80.5
scaffold329577	OTU_0044	51.11	180	58	7	1	531	52	204	7e-50	  160
scaffold342947	OTU_0154	35.81	148	82	5	414	845	24	162	3e-18	74.3
scaffold348033	OTU_0028	87.94	141	0	5	1	423	22	145	3e-77	  229
scaffold348067	OTU_0204	68.36	177	35	6	3	533	57	212	5e-74	  223
scaffold363355	OTU_0214	28.04	189	112	5	277	831	6	174	1e-11	55.5
scaffold371165	OTU_0156	52.88	104	44	2	313	2	22	120	9e-34	  118
scaffold372687	OTU_0160	82.93	82	10	1	609	854	21	98	3e-42	  139
scaffold378969	OTU_0173	70.95	148	31	3	360	803	20	155	2e-69	  209
scaffold379837	OTU_0068	32.35	102	65	2	25	321	40	140	2e-12	56.6
scaffold383917	OTU_0214	27.84	176	116	2	296	802	1	172	3e-19	76.6
scaffold385461	OTU_0115	67.50	40	13	0	719	838	1	40	3e-14	63.2
scaffold387975	OTU_0214	40.35	57	34	0	534	704	1	57	6e-11	53.1
scaffold392577	OTU_0159	67.96	103	28	2	311	3	1	98	5e-45	  145
scaffold400177	OTU_0066	32.21	149	81	5	2	433	35	168	1e-16	70.1
scaffold405447	OTU_0124	57.38	122	48	2	443	808	9	126	2e-38	  129
scaffold409693	OTU_0156	46.15	156	70	4	286	750	25	167	3e-35	  121
scaffold410150	OTU_0212	28.74	167	98	5	720	238	6	157	6e-16	67.4
scaffold424666	OTU_0156	74.03	154	32	4	6	467	65	210	8e-73	  219
scaffold426316	OTU_0159	30.00	130	77	4	197	577	24	142	2e-11	53.9
scaffold426343	OTU_0205	49.51	103	27	4	793	485	30	107	2e-23	86.3
scaffold434333	OTU_0108	30.87	149	85	6	486	70	20	160	7e-11	52.8
scaffold436456	OTU_0191	63.08	65	20	1	586	780	2	62	3e-22	84.3
scaffold442375	OTU_0214	25.96	208	132	7	53	664	1	190	3e-11	53.9
scaffold442575	OTU_0013	61.31	168	36	7	1	504	16	154	1e-61	  188
scaffold454309	OTU_0067	82.81	64	7	1	572	763	1	60	8e-32	  110
scaffold456941	OTU_0214	28.29	205	124	5	10	612	6	191	4e-11	53.5
scaffold458507	OTU_0228	32.73	110	63	2	247	543	34	143	4e-11	53.9
scaffold472077	OTU_0124	35.71	126	75	4	367	744	15	134	5e-19	75.9
scaffold480311	OTU_0038	81.77	192	0	6	2	577	12	168	2e-102	  292
scaffold484797	OTU_0024	51.43	245	83	7	3	737	3	211	2e-71	  215
scaffold485382	OTU_0212	47.73	132	55	6	731	336	77	194	6e-30	  106
scaffold496108	OTU_0018	61.73	81	11	3	661	419	103	163	4e-24	89.7
scaffold498263	OTU_0173	64.76	105	33	2	317	3	18	118	4e-44	  142
scaffold498784	OTU_0214	38.27	81	46	1	724	482	114	190	4e-13	58.9
scaffold521362	OTU_0156	60.98	164	49	5	706	230	57	210	1e-58	  181
scaffold528669	OTU_0035	70.87	206	39	6	701	84	32	216	3e-95	  275
scaffold547581	OTU_0214	42.42	66	38	0	255	452	1	66	2e-13	59.7
scaffold549008	OTU_0054	29.06	203	125	5	56	658	32	217	6e-17	69.7
scaffold550308	OTU_0114	55.17	203	56	7	48	638	1	174	2e-64	  194
scaffold576718	OTU_0156	62.00	200	64	4	68	667	16	203	2e-82	  241
scaffold580764	OTU_0014	92.17	166	0	3	143	640	9	161	1e-105	  299
scaffold581368	OTU_0173	32.26	124	61	5	636	280	49	154	5e-12	54.7
scaffold618227	OTU_0214	37.25	102	55	2	483	202	6	106	1e-11	54.3
scaffold620430	OTU_0156	66.00	150	46	2	173	622	23	167	3e-63	  192
scaffold625925	OTU_0070	33.83	133	78	3	76	474	4	126	8e-13	56.2
scaffold626435	OTU_0214	27.23	191	116	5	567	10	1	173	7e-13	57.4
scaffold627450	OTU_0159	61.64	73	20	1	627	409	81	145	3e-25	91.7
scaffold631350	OTU_0214	25.97	181	86	6	548	6	1	133	2e-12	56.2
scaffold636370	OTU_0155	57.42	209	72	6	2	628	23	214	5e-65	  197
scaffold642972	OTU_0154	63.08	195	57	4	591	7	17	196	8e-80	  234
scaffold643634	OTU_0156	65.58	154	45	4	31	492	65	210	1e-55	  172
scaffold645110	OTU_0032	65.15	66	12	3	627	430	154	208	2e-21	82.4
scaffold650066	OTU_0214	44.26	61	33	1	442	621	1	61	1e-12	57.0
scaffold652851	OTU_0100	36.51	126	65	4	558	187	7	119	3e-17	69.7
scaffold653722	OTU_0033	31.13	106	66	3	620	306	44	143	6e-12	53.9
scaffold657253	OTU_0156	26.20	187	124	5	22	582	38	210	2e-11	53.5
scaffold659791	OTU_0163	35.25	139	81	4	451	44	5	137	5e-20	77.0
scaffold661979	OTU_0191	59.72	72	25	1	402	617	2	69	2e-25	92.0
scaffold662922	OTU_0214	36.59	82	51	1	332	574	1	82	3e-11	53.1
scaffold664472	OTU_0107	32.48	117	70	3	287	616	41	155	9e-11	52.0
scaffold668718	OTU_0214	32.93	167	98	7	603	106	20	173	1e-18	73.9
scaffold671130	OTU_0077	89.74	195	0	4	585	1	9	183	4e-122	  341
scaffold689438	OTU_0156	48.95	143	68	3	604	176	73	210	4e-44	  142
scaffold695503	OTU_0214	36.36	77	48	1	248	475	1	77	1e-10	51.6
scaffold701776	OTU_0112	92.22	180	0	3	36	575	1	166	9e-117	  328
scaffold702437	OTU_0035	33.33	120	71	3	65	415	63	176	1e-11	54.3
scaffold707509	OTU_0226	36.67	90	51	1	275	544	17	100	4e-15	63.2
scaffold720120	OTU_0021	42.86	98	46	5	575	294	72	163	3e-12	55.5
scaffold721429	OTU_0017	29.86	144	84	5	2	415	30	162	1e-17	70.9
scaffold724270	OTU_0017	90.08	121	7	2	384	22	14	129	1e-76	  224
scaffold725124	OTU_0147	44.32	185	73	6	14	565	58	213	9e-46	  147
scaffold760180	OTU_0156	32.38	105	69	1	382	74	66	170	3e-12	55.8
scaffold770148	OTU_0215	28.46	130	77	3	73	462	24	137	8e-12	53.1
scaffold776070	OTU_0159	67.12	73	16	1	11	229	81	145	2e-28	99.8
scaffold778840	OTU_0214	36.62	71	44	1	179	388	4	74	1e-11	53.9
scaffold780363	OTU_0163	58.97	39	16	0	121	5	1	39	2e-14	60.8
scaffold781644	OTU_0139	64.71	136	40	3	139	546	2	129	9e-55	  167
scaffold785191	OTU_0173	62.50	160	48	3	79	558	1	148	3e-58	  176
scaffold796154	OTU_0215	37.00	100	55	3	529	230	39	130	3e-13	57.0
scaffold797683	OTU_0163	50.00	142	55	4	136	555	1	128	5e-41	  132
scaffold807170	OTU_0107	60.32	63	20	2	550	362	160	217	4e-21	80.9
scaffold813823	OTU_0018	53.01	83	18	3	39	287	102	163	9e-21	79.0
scaffold820888	OTU_0081	97.06	34	1	0	444	545	2	35	3e-18	71.2
scaffold821318	OTU_0214	30.64	173	99	7	524	15	20	174	5e-16	65.9
scaffold835043	OTU_0226	29.49	156	86	3	539	72	17	148	5e-16	65.5
scaffold842962	OTU_0212	35.79	95	54	2	286	2	8	95	7e-14	60.1
scaffold845142	OTU_0007	36.00	100	53	5	410	114	27	116	3e-13	57.4
scaffold850428	OTU_0214	35.14	74	47	1	143	361	1	74	6e-11	51.6
scaffold851387	OTU_0078	91.30	23	2	0	74	6	19	41	2e-11	52.4
scaffold854824	OTU_0033	84.38	32	5	0	97	2	2	33	1e-14	60.8
scaffold859007	OTU_0212	37.78	135	76	3	127	531	6	132	2e-18	72.8
scaffold863538	OTU_0214	26.85	149	102	4	10	447	30	174	1e-13	58.9
scaffold866317	OTU_0100	33.57	143	75	6	134	529	17	150	3e-16	66.2
scaffold869465	OTU_0013	65.52	87	6	5	528	268	92	154	8e-27	95.1
scaffold892306	OTU_0045	74.07	81	13	3	520	278	149	221	4e-35	  118
scaffold908329	OTU_0160	64.81	108	33	2	326	3	13	115	2e-41	  133
scaffold909694	OTU_0212	35.29	85	50	1	155	409	6	85	2e-15	63.9
scaffold911467	OTU_0195	33.66	101	61	2	335	39	2	98	2e-15	63.2
scaffold911537	OTU_0178	71.26	167	35	4	515	15	61	214	7e-77	  226
scaffold925411	OTU_0185	46.58	73	19	3	510	292	122	174	1e-14	61.2
scaffold947395	OTU_0013	62.75	153	46	5	11	469	1	142	3e-49	  153
scaffold950284	OTU_0116	61.11	90	31	1	304	35	16	101	2e-34	  114
scaffold955404	OTU_0152	60.50	119	41	4	106	459	17	130	4e-45	  142
scaffold956062	OTU_0199	64.71	68	20	1	297	500	7	70	3e-26	93.2
scaffold958364	OTU_0214	38.98	59	36	0	259	435	1	59	8e-11	50.8
scaffold972368	OTU_0201	38.16	76	43	1	257	30	10	81	1e-11	52.4
scaffold990961	OTU_0182	38.83	103	34	6	490	191	122	198	1e-11	53.1
scaffold996836	OTU_0214	31.51	73	49	1	378	163	1	73	4e-11	51.6
scaffold1009900	OTU_0067	76.19	126	22	3	378	1	1	118	3e-65	  194
scaffold1016795	OTU_0123	69.67	122	11	4	1	366	137	232	6e-52	  162
scaffold1018507	OTU_0156	57.58	132	49	3	95	484	10	136	2e-47	  149
scaffold1026159	OTU_0214	34.29	140	75	6	12	425	9	133	1e-12	55.8
scaffold1031613	OTU_0120	77.55	98	17	2	294	1	1	93	4e-51	  157
scaffold1034208	OTU_0062	62.59	147	49	3	478	41	20	161	1e-56	  171
scaffold1042520	OTU_0214	30.22	139	79	4	6	416	11	133	3e-12	54.7
scaffold1043627	OTU_0214	36.84	57	36	0	21	191	1	57	6e-11	51.2
scaffold1058852	OTU_0067	74.70	83	17	1	263	15	3	81	2e-41	  133
scaffold1064641	OTU_0232	66.44	146	35	3	32	469	57	188	9e-65	  194
scaffold1088225	OTU_0137	67.80	59	16	1	179	3	2	57	3e-22	83.6
scaffold1090592	OTU_0128	70.41	98	20	2	1	294	58	146	4e-31	  105
scaffold1093518	OTU_0212	30.43	115	64	4	359	30	7	110	2e-11	52.8
scaffold1096957	OTU_0212	40.22	92	48	2	97	372	6	90	2e-15	63.9
scaffold1103092	OTU_0060	66.23	154	35	4	463	2	16	152	3e-67	  198
scaffold1106582	OTU_0227	67.57	148	36	3	444	1	10	145	4e-68	  201
scaffold1113418	OTU_0083	90.73	151	0	4	460	8	13	149	2e-91	  259
scaffold1115671	OTU_0152	33.71	89	53	2	270	10	2	86	1e-12	55.1
scaffold1118567	OTU_0156	59.42	138	45	4	459	61	79	210	1e-48	  152
scaffold1118735	OTU_0199	32.45	151	86	5	20	457	9	148	1e-16	66.6
scaffold1132219	OTU_0214	28.24	131	76	3	46	411	26	147	5e-12	53.9
scaffold1140338	OTU_0062	95.93	123	0	2	55	423	15	132	1e-81	  235
scaffold1175720	OTU_0135	36.78	87	51	1	355	95	13	95	4e-16	65.5
scaffold1177577	OTU_0005	58.70	92	33	2	171	446	17	103	1e-34	  114
scaffold1183190	OTU_0060	35.05	97	54	5	156	443	13	101	4e-11	50.4
scaffold1186470	OTU_0053	35.00	100	57	3	19	318	66	157	6e-14	59.7
scaffold1196963	OTU_0214	51.56	64	30	1	437	246	127	189	2e-16	66.6
scaffold1199365	OTU_0145	75.37	134	20	5	441	40	47	167	2e-62	  186
scaffold1206379	OTU_0165	70.55	146	26	5	438	1	73	201	5e-65	  195
scaffold1206786	OTU_0141	87.60	129	0	3	1	387	26	138	4e-76	  220
scaffold1214959	OTU_0156	29.03	124	69	3	342	4	78	193	6e-12	53.9
scaffold1239788	OTU_0156	53.85	143	59	3	430	2	45	180	3e-49	  154
scaffold1241235	OTU_0134	70.93	86	21	1	174	431	2	83	8e-38	  124
scaffold1250786	OTU_0156	54.23	142	56	3	427	2	43	175	7e-47	  147
scaffold1252586	OTU_0211	72.84	81	2	3	430	188	184	244	9e-32	  109
scaffold1255402	OTU_0134	60.84	143	35	6	3	425	102	225	2e-45	  144
scaffold1259462	OTU_0163	33.08	130	76	5	53	427	8	131	8e-14	58.2
scaffold1264212	OTU_0067	52.63	133	46	3	30	428	2	117	9e-42	  133
scaffold1266882	OTU_0214	30.00	120	71	4	52	408	9	116	4e-11	51.2
scaffold1267467	OTU_0214	25.55	137	92	3	18	425	6	133	2e-11	52.0
scaffold1273689	OTU_0214	35.21	142	73	8	417	4	1	127	5e-13	56.2
scaffold1325357	OTU_0206	60.17	118	42	2	40	393	4	116	2e-38	  126
scaffold1338483	OTU_0139	66.99	103	29	2	414	106	32	129	2e-45	  141
scaffold1349049	OTU_0103	79.61	103	16	2	311	3	17	114	3e-54	  165
scaffold1353239	OTU_0073	31.54	130	66	5	13	381	76	189	2e-13	58.2
scaffold1354722	OTU_0067	47.89	71	33	1	396	184	2	68	8e-17	67.0
scaffold1358833	OTU_0054	33.01	103	54	2	387	94	67	159	2e-12	55.1
scaffold1367423	OTU_0214	27.94	136	89	5	7	402	6	136	9e-13	55.5
scaffold1371772	OTU_0126	89.04	73	5	1	219	1	11	80	1e-42	  135
scaffold1384938	OTU_0212	37.14	70	38	1	196	405	9	72	7e-13	55.8
scaffold1400487	OTU_0135	77.46	71	13	1	191	403	6	73	1e-34	  115
scaffold1400791	OTU_0139	66.67	129	36	3	404	18	8	129	2e-56	  169
scaffold1419014	OTU_0064	53.41	88	35	2	28	291	126	207	1e-25	92.0
scaffold1427164	OTU_0067	78.05	123	19	3	3	371	50	164	5e-64	  189
scaffold1439810	OTU_0132	38.46	117	59	3	3	335	64	173	9e-17	66.6
scaffold1460141	OTU_0204	59.06	127	36	4	383	3	98	208	3e-43	  138
scaffold1462433	OTU_0163	36.17	94	54	2	111	392	5	92	5e-15	61.2
scaffold1479943	OTU_0221	35.00	80	47	2	112	351	12	86	4e-12	53.1
scaffold1487692	OTU_0205	44.94	89	29	3	1	267	39	107	3e-20	75.1
scaffold1499044	OTU_0139	35.24	105	52	3	352	38	35	123	9e-11	48.9
scaffold1501846	OTU_0005	34.11	129	58	4	1	387	45	146	5e-17	67.4
scaffold1508865	OTU_0196	87.60	129	2	4	1	387	38	152	6e-74	  214
scaffold1509693	OTU_0163	36.96	92	55	2	26	295	45	135	4e-12	53.1
scaffold1516615	OTU_0161	34.21	76	46	1	157	384	1	72	2e-13	57.0
scaffold1518855	OTU_0128	70.49	122	23	3	3	368	38	146	2e-56	  169
scaffold1519463	OTU_0173	56.35	126	42	4	384	7	42	154	5e-40	  127
scaffold1524205	OTU_0167	92.55	94	3	1	102	383	1	90	4e-58	  176
scaffold1531905	OTU_0057	31.82	88	58	1	111	374	17	102	1e-11	52.8
scaffold1553828	OTU_0045	78.26	69	8	3	1	207	160	221	1e-31	  107
scaffold1555726	OTU_0187	73.81	42	11	0	137	12	1	42	8e-21	78.6
scaffold1568203	OTU_0123	86.96	92	8	1	276	1	4	91	2e-54	  167
scaffold1580370	OTU_0163	34.31	102	58	4	1	291	38	135	2e-11	50.8
scaffold1589939	OTU_0056	48.81	84	22	3	1	252	80	142	5e-20	75.1
scaffold1592896	OTU_0161	39.24	79	43	2	268	32	1	74	3e-15	62.4
scaffold1605458	OTU_0018	56.34	71	11	3	3	215	113	163	4e-18	70.1
scaffold1626918	OTU_0046	47.50	80	23	3	368	129	179	239	2e-18	71.6
scaffold1635246	OTU_0093	31.82	110	67	3	2	328	10	112	3e-12	53.5
scaffold1636391	OTU_0195	34.51	113	57	5	297	1	37	146	2e-13	56.6
scaffold1661471	OTU_0214	36.99	73	45	1	263	48	1	73	1e-12	55.1
scaffold1679954	OTU_0018	57.76	116	25	4	363	16	72	163	1e-31	  106
scaffold1686392	OTU_0210	45.76	59	28	2	177	1	2	56	3e-11	50.4
scaffold1690801	OTU_0156	33.67	98	56	2	360	67	78	166	3e-11	51.2
scaffold1690802	OTU_0005	35.29	119	63	3	3	359	43	147	8e-18	69.3
scaffold1736214	OTU_0214	45.61	57	31	0	176	346	1	57	6e-11	50.1
scaffold1741784	OTU_0214	36.47	85	49	2	65	316	109	189	1e-15	63.2
scaffold1760190	OTU_0047	37.04	108	58	2	324	10	38	138	2e-14	59.3
scaffold1765315	OTU_0005	64.96	117	36	2	352	2	34	145	1e-51	  157
scaffold1784423	OTU_0212	64.10	39	14	0	235	351	2	40	1e-14	60.8
scaffold1785859	OTU_0091	55.45	101	40	2	304	2	1	96	6e-38	  121
scaffold1789267	OTU_0046	64.96	117	27	3	1	351	107	209	1e-36	  120
scaffold1801180	OTU_0048	69.05	42	13	0	126	1	1	42	4e-18	69.7
scaffold1803102	OTU_0212	77.55	98	0	4	3	296	137	212	3e-42	  134
scaffold1813735	OTU_0191	46.96	115	47	3	2	346	35	135	2e-25	89.0
scaffold1826904	OTU_0126	69.44	36	11	0	108	1	9	44	3e-16	65.1
scaffold1833250	OTU_0029	80.87	115	17	2	345	1	8	117	3e-62	  183
scaffold1843289	OTU_0156	32.04	103	68	1	338	36	68	170	4e-13	55.8
scaffold1853530	OTU_0022	72.73	88	19	2	342	79	48	130	9e-41	  130
scaffold1863989	OTU_0144	87.78	90	7	1	338	69	17	102	8e-54	  163
scaffold1866493	OTU_0218	69.39	49	12	1	147	1	3	48	6e-18	68.9
scaffold1876132	OTU_0146	50.00	44	22	0	174	43	62	105	5e-11	49.7
scaffold1879142	OTU_0214	46.43	112	51	1	5	340	26	128	8e-30	  101
scaffold1890205	OTU_0156	81.42	113	16	2	339	1	91	198	1e-61	  184
scaffold1899108	OTU_0067	57.89	95	35	2	55	339	1	90	3e-37	  120
scaffold1900779	OTU_0067	76.79	112	18	3	337	2	7	110	3e-56	  169
scaffold1905060	OTU_0033	74.07	81	17	1	254	12	1	77	3e-40	  127
scaffold1905249	OTU_0156	77.27	66	11	1	139	336	23	84	7e-30	  102
scaffold1907283	OTU_0018	57.00	100	19	4	337	38	88	163	5e-30	  101
scaffold1920254	OTU_0147	45.68	81	25	3	337	95	170	231	9e-15	60.8
scaffold1922731	OTU_0045	77.78	54	5	3	336	175	175	221	4e-20	75.9
scaffold1933228	OTU_0214	37.50	64	39	1	190	2	1	64	2e-11	51.2
scaffold1938136	OTU_0156	61.26	111	37	2	335	3	90	194	1e-41	  132
scaffold1952766	OTU_0075	84.40	109	12	2	331	5	9	112	5e-60	  180
scaffold1965327	OTU_0018	48.00	75	19	2	317	93	109	163	1e-15	62.8
scaffold1967883	OTU_0156	74.07	81	20	1	305	63	68	147	4e-38	  123
scaffold1992949	OTU_0156	55.79	95	32	2	61	327	10	100	3e-34	  113
scaffold1997770	OTU_0186	82.80	93	11	2	3	281	52	139	8e-49	  149
scaffold1999049	OTU_0205	55.05	109	24	4	3	329	16	99	9e-34	  109
scaffold2012388	OTU_0002	88.99	109	0	3	327	1	4	100	2e-62	  184
scaffold2038185	OTU_0196	100.00	47	0	0	141	1	1	47	2e-30	  102
scaffold2060940	OTU_0067	69.88	83	21	1	260	12	3	81	6e-38	  122
scaffold2072322	OTU_0007	58.33	36	15	0	215	322	8	43	2e-11	50.4
