scaffold00011	OTU_0175	63.64	242	60	6	254045	254767	3	217	9e-72	  242
scaffold00042	OTU_0066	86.33	278	0	7	32369	33202	1	240	9e-148	  461
scaffold00117	OTU_0193	78.64	206	24	5	92707	93324	10	195	9e-98	  315
scaffold00287	OTU_0214	28.80	184	107	10	72393	72908	1	172	8e-12	63.2
scaffold00679	OTU_0214	25.98	204	124	8	14698	14099	9	189	9e-11	58.9
scaffold00750	OTU_0214	26.34	205	130	7	12545	11943	1	188	1e-14	71.2
scaffold01171	OTU_0162	50.76	262	95	8	5519	6298	17	246	7e-70	  234
scaffold02207	OTU_0214	27.42	186	113	6	12596	13126	1	173	6e-12	61.6
scaffold02302	OTU_0156	33.64	107	59	2	4117	3830	55	160	7e-11	58.5
scaffold02375	OTU_0054	38.37	86	47	2	1871	2128	32	111	6e-11	58.5
scaffold02557	OTU_0214	24.87	189	130	5	6654	7193	1	186	1e-11	60.5
scaffold02898	OTU_0121	64.60	274	57	9	8338	9153	3	238	1e-106	  338
scaffold03363	OTU_0156	54.76	210	80	6	9252	9863	10	210	9e-54	  185
scaffold05853	OTU_0156	34.67	150	86	3	5624	5181	28	167	8e-19	82.4
scaffold06329	OTU_0214	26.83	205	130	6	2583	1978	1	188	9e-18	78.6
scaffold06739	OTU_0214	28.41	176	115	3	8436	7930	1	172	1e-18	81.3
scaffold07475	OTU_0214	26.15	195	124	6	7552	6998	1	185	2e-15	71.6
scaffold07690	OTU_0193	80.93	215	21	5	7409	6765	2	196	4e-110	  345
scaffold09636	OTU_0214	28.64	199	119	6	2537	3118	1	181	2e-15	71.6
scaffold10278	OTU_0206	55.81	258	83	6	5228	5995	10	238	4e-81	  264
scaffold11304	OTU_0156	60.00	200	65	5	1508	924	21	210	5e-54	  184
scaffold11690	OTU_0214	24.37	197	130	6	2150	1569	1	181	3e-14	67.4
scaffold12816	OTU_0042	25.12	215	130	7	4738	5370	31	218	8e-11	57.0
scaffold14885	OTU_0214	27.92	197	123	6	5485	4904	1	181	1e-17	77.8
scaffold16263	OTU_0156	54.03	211	80	6	633	22	10	210	1e-50	  174
scaffold19609	OTU_0131	87.66	235	8	5	3979	4683	1	214	4e-131	  402
scaffold21974	OTU_0100	36.73	147	75	5	921	508	18	155	8e-14	65.1
scaffold23804	OTU_0173	91.89	148	0	3	1642	2085	20	155	3e-83	  264
scaffold23939	OTU_0005	36.52	115	62	2	877	1221	58	161	2e-18	79.0
scaffold24939	OTU_0047	30.87	149	85	5	118	549	3	138	2e-14	66.2
scaffold30160	OTU_0135	30.89	123	81	1	3016	3384	14	132	4e-13	62.8
scaffold34641	OTU_0174	71.64	67	15	1	202	2	1	63	1e-26	  101
scaffold35462	OTU_0214	28.96	183	110	6	660	142	1	173	4e-17	75.1
scaffold36672	OTU_0156	82.38	210	26	4	1828	1199	12	210	1e-113	  347
scaffold41223	OTU_0214	29.08	141	90	3	1806	1390	1	133	5e-12	58.9
scaffold42137	OTU_0156	64.50	200	55	6	2409	2999	24	210	3e-73	  235
scaffold42645	OTU_0214	28.99	138	82	4	1191	802	1	130	1e-11	57.8
scaffold44720	OTU_0022	89.35	169	4	3	2438	2944	13	167	5e-83	  263
scaffold45017	OTU_0214	29.41	153	95	6	702	1139	1	147	6e-12	58.5
scaffold47145	OTU_0152	28.10	153	103	3	157	609	11	158	8e-17	73.2
scaffold47496	OTU_0030	61.33	225	67	6	414	1088	15	219	3e-82	  261
scaffold48316	OTU_0214	28.57	217	123	10	537	1169	1	191	8e-12	58.2
scaffold50169	OTU_0156	35.29	136	76	5	2782	2381	52	177	2e-12	60.1
scaffold51493	OTU_0163	31.16	138	89	3	612	202	5	137	2e-16	72.0
scaffold54020	OTU_0081	31.51	146	85	4	931	1362	5	137	1e-16	72.4
scaffold57117	OTU_0214	28.83	111	65	3	1785	1474	30	133	6e-12	58.5
scaffold57497	OTU_0063	26.82	179	120	4	2578	2045	46	214	2e-11	57.4
scaffold61131	OTU_0214	28.43	102	64	2	2086	1781	1	93	5e-11	55.5
scaffold61807	OTU_0032	30.92	152	87	4	853	416	22	161	8e-15	67.8
scaffold62213	OTU_0214	23.33	210	129	6	1295	1894	6	193	7e-11	55.1
scaffold63836	OTU_0162	63.19	288	63	8	1402	554	1	250	7e-116	  348
scaffold63957	OTU_0156	29.41	187	118	4	941	381	27	199	4e-21	86.7
scaffold64122	OTU_0018	44.59	74	21	2	2440	2219	110	163	1e-12	60.5
scaffold64925	OTU_0212	31.00	200	117	5	339	914	6	192	4e-18	77.8
scaffold67181	OTU_0214	26.55	177	121	6	489	1004	1	173	8e-16	70.5
scaffold67496	OTU_0212	31.33	166	80	7	1760	1272	4	138	3e-14	65.9
scaffold68446	OTU_0156	49.49	198	91	4	1022	429	22	210	1e-52	  176
scaffold69046	OTU_0214	29.50	139	85	4	1683	1279	4	133	8e-11	54.7
scaffold70792	OTU_0107	34.01	197	113	6	1673	2236	27	215	1e-23	94.4
scaffold72549	OTU_0214	35.44	79	48	1	774	1010	1	76	8e-11	54.7
scaffold72828	OTU_0032	71.24	226	41	6	1580	2257	8	209	6e-104	  314
scaffold73021	OTU_0191	29.93	147	92	3	943	1383	6	141	1e-15	69.3
scaffold74076	OTU_0054	35.00	120	66	5	1802	2152	69	179	4e-11	55.8
scaffold77475	OTU_0109	85.00	260	0	7	734	1513	16	236	3e-146	  424
scaffold78198	OTU_0214	27.81	169	103	6	2039	1539	1	152	1e-13	63.5
scaffold83190	OTU_0025	31.52	165	93	4	584	90	5	149	4e-14	65.1
scaffold87879	OTU_0214	26.77	198	127	7	697	1266	1	188	2e-11	56.6
scaffold99405	OTU_0018	65.89	129	20	4	1891	1505	58	162	3e-50	  166
scaffold102963	OTU_0214	25.49	204	133	6	170	772	1	188	6e-17	73.2
scaffold106061	OTU_0137	33.54	158	96	3	545	81	27	178	9e-19	79.3
scaffold110785	OTU_0192	27.40	146	86	5	563	979	27	159	1e-14	65.9
scaffold112462	OTU_0183	31.21	173	95	6	505	14	18	175	8e-13	61.2
scaffold116283	OTU_0156	58.29	211	71	6	1366	755	10	210	6e-54	  178
scaffold116574	OTU_0116	33.12	157	74	5	743	297	20	153	2e-16	70.9
scaffold122484	OTU_0214	38.36	73	44	1	81	296	1	73	2e-12	58.9
scaffold122830	OTU_0178	29.08	196	118	7	74	658	38	213	8e-11	54.7
scaffold125269	OTU_0046	57.69	78	27	3	1702	1472	143	215	2e-19	81.3
scaffold125396	OTU_0011	46.36	220	81	8	3	662	58	240	1e-51	  172
scaffold125753	OTU_0212	37.50	96	54	3	362	75	6	95	7e-14	63.9
scaffold127343	OTU_0214	29.41	170	101	6	1585	1112	11	173	2e-11	56.6
scaffold127990	OTU_0156	64.36	202	55	7	84	680	23	210	4e-78	  242
scaffold129375	OTU_0214	23.38	154	94	4	384	830	1	135	5e-11	54.7
scaffold131282	OTU_0032	60.47	215	61	6	647	3	6	196	1e-80	  248
scaffold135426	OTU_0206	59.76	251	55	11	749	3	18	224	2e-82	  254
scaffold137564	OTU_0046	40.62	224	94	7	1	666	53	239	2e-46	  157
scaffold138954	OTU_0018	56.52	92	20	2	188	463	92	163	6e-26	98.2
scaffold139123	OTU_0214	28.19	188	113	8	697	143	6	174	1e-12	59.7
scaffold144915	OTU_0033	73.83	149	33	3	993	547	1	143	2e-72	  223
scaffold145416	OTU_0214	26.52	132	93	3	174	563	4	133	2e-12	59.3
scaffold147191	OTU_0212	42.17	230	106	8	1173	484	4	206	3e-47	  159
scaffold153167	OTU_0032	31.29	147	94	3	522	82	22	161	7e-19	78.6
scaffold153345	OTU_0214	27.91	172	111	3	541	29	1	160	4e-13	61.2
scaffold154318	OTU_0212	29.35	201	125	5	1180	596	3	192	9e-16	69.3
scaffold154969	OTU_0214	22.03	227	116	5	57	716	1	173	2e-12	58.9
scaffold155435	OTU_0156	56.29	151	61	2	462	10	22	167	2e-46	  156
scaffold157700	OTU_0214	31.21	141	80	5	808	413	1	133	1e-12	60.1
scaffold160962	OTU_0214	27.98	193	122	5	485	1033	1	186	2e-18	77.0
scaffold163254	OTU_0057	28.78	139	82	6	480	857	80	214	6e-11	55.5
scaffold165518	OTU_0156	31.39	137	89	3	704	300	66	199	3e-12	58.5
scaffold166398	OTU_0214	30.20	202	125	5	1135	539	1	189	3e-16	70.5
scaffold168695	OTU_0214	26.72	232	108	6	295	975	1	175	1e-14	65.5
scaffold170137	OTU_0128	33.09	139	77	6	642	1031	14	145	9e-11	53.1
scaffold171502	OTU_0214	29.26	188	117	5	1429	869	1	173	4e-15	67.0
scaffold171685	OTU_0007	92.17	166	0	4	483	980	15	167	3e-100	  295
scaffold180022	OTU_0064	81.06	132	18	3	400	5	1	125	8e-69	  215
scaffold181548	OTU_0152	30.49	164	97	5	867	1337	5	158	1e-17	73.9
scaffold181660	OTU_0032	65.47	139	27	5	5	421	92	209	3e-54	  177
scaffold191867	OTU_0156	29.95	197	124	6	987	397	28	210	1e-18	77.4
scaffold196248	OTU_0096	29.37	126	75	3	1144	791	25	144	4e-13	60.5
scaffold196444	OTU_0212	35.63	87	53	2	1050	1307	10	94	3e-11	55.5
scaffold196597	OTU_0156	62.91	213	65	6	133	765	10	210	2e-76	  234
scaffold202119	OTU_0045	50.45	222	89	7	444	1109	21	221	1e-48	  161
scaffold202333	OTU_0163	36.67	90	51	2	1017	1286	5	88	9e-14	62.0
scaffold204559	OTU_0214	27.27	176	115	5	431	928	1	173	3e-13	60.8
scaffold205627	OTU_0214	27.38	168	106	4	773	297	26	186	1e-14	65.5
scaffold214923	OTU_0032	88.69	221	1	6	394	1056	13	209	1e-132	  378
scaffold221918	OTU_0170	52.46	244	83	7	720	4	16	231	2e-73	  226
scaffold225340	OTU_0231	63.01	173	31	4	15	533	90	229	3e-66	  207
scaffold227548	OTU_0103	69.05	126	32	3	859	1236	1	119	9e-54	  172
scaffold231553	OTU_0212	29.66	118	75	3	604	954	10	120	6e-11	54.3
scaffold235942	OTU_0214	24.61	191	132	4	159	716	1	184	2e-13	61.6
scaffold238402	OTU_0075	62.36	178	32	7	1205	672	76	218	1e-62	  197
scaffold239216	OTU_0214	29.03	155	90	3	1009	548	1	136	4e-13	60.5
scaffold241557	OTU_0214	26.67	180	115	5	696	187	1	173	8e-16	68.6
scaffold242229	OTU_0156	63.70	135	43	3	407	3	26	154	5e-52	  169
scaffold243505	OTU_0206	56.73	245	75	7	88	816	23	238	1e-80	  244
scaffold245724	OTU_0124	65.82	196	50	6	161	748	12	190	1e-78	  238
scaffold247640	OTU_0156	60.70	201	62	6	47	631	21	210	1e-75	  230
scaffold254379	OTU_0214	42.86	63	35	1	823	1008	1	63	3e-11	54.7
scaffold257053	OTU_0211	70.90	268	34	8	79	882	21	244	1e-109	  319
scaffold259281	OTU_0156	58.29	211	71	6	728	117	10	210	9e-77	  233
scaffold271046	OTU_0195	30.39	102	65	2	778	1077	2	99	4e-13	60.1
scaffold284498	OTU_0010	86.49	222	9	5	431	1096	1	201	3e-130	  370
scaffold288420	OTU_0211	72.67	172	12	6	1087	572	108	244	6e-63	  198
scaffold288974	OTU_0212	35.29	85	52	2	339	590	3	85	1e-12	58.9
scaffold290913	OTU_0054	30.15	136	68	3	950	594	67	192	2e-11	56.2
scaffold292214	OTU_0124	65.38	78	22	2	237	4	9	81	8e-27	99.4
scaffold295570	OTU_0212	29.26	229	129	7	119	793	6	205	2e-22	87.0
scaffold297224	OTU_0046	56.28	199	67	5	570	4	20	208	9e-66	  205
scaffold299153	OTU_0191	35.90	117	64	4	789	442	35	141	4e-11	53.9
scaffold304230	OTU_0010	93.10	29	1	1	31	117	210	237	2e-11	55.8
scaffold304275	OTU_0124	54.12	85	36	1	285	31	17	98	2e-24	92.4
scaffold317120	OTU_0156	53.33	210	83	5	185	796	10	210	4e-65	  201
scaffold330201	OTU_0021	31.30	115	77	2	122	466	59	171	2e-11	55.8
scaffold331479	OTU_0228	35.19	108	59	3	608	318	34	141	1e-10	53.5
scaffold337857	OTU_0156	68.32	202	52	5	907	302	21	210	8e-94	  275
scaffold338527	OTU_0165	69.35	62	12	2	413	228	148	202	9e-22	85.1
scaffold339782	OTU_0214	27.10	155	100	5	733	290	26	174	2e-11	54.7
scaffold346943	OTU_0175	66.30	184	43	5	2	553	52	216	5e-64	  199
scaffold348689	OTU_0019	80.37	107	16	2	323	3	17	118	5e-55	  173
scaffold350133	OTU_0128	30.34	145	89	6	492	920	8	142	3e-11	53.5
scaffold355549	OTU_0085	66.52	233	49	7	701	3	10	213	6e-99	  289
scaffold356515	OTU_0214	26.18	191	130	2	253	804	1	187	8e-22	84.7
scaffold359105	OTU_0067	31.45	124	75	3	383	12	7	120	4e-14	62.4
scaffold362210	OTU_0156	64.44	180	52	5	961	422	43	210	4e-72	  219
scaffold363225	OTU_0214	25.17	151	105	4	567	118	4	147	1e-11	55.5
scaffold366536	OTU_0214	24.56	171	117	5	532	47	6	173	1e-12	58.5
scaffold366884	OTU_0214	32.87	143	78	4	370	774	1	133	3e-12	57.8
scaffold367438	OTU_0214	25.62	203	130	5	821	231	1	188	1e-13	61.2
scaffold368924	OTU_0076	55.21	163	40	6	38	526	3	132	4e-50	  159
scaffold376246	OTU_0174	35.12	168	79	4	104	604	1	139	2e-25	93.6
scaffold376888	OTU_0013	57.34	143	33	6	942	514	40	154	3e-33	  115
scaffold378363	OTU_0206	54.04	161	48	5	3	479	102	238	2e-45	  150
scaffold379867	OTU_0067	90.91	176	4	4	171	698	1	164	2e-107	  307
scaffold382011	OTU_0212	29.94	167	96	5	926	444	6	157	1e-16	70.5
scaffold385714	OTU_0214	22.49	209	121	8	220	789	1	187	5e-11	53.5
scaffold387300	OTU_0124	71.70	106	25	3	611	928	4	104	9e-44	  144
scaffold387300	OTU_0124	48.04	102	40	4	15	320	102	190	8e-21	81.6
scaffold392083	OTU_0152	29.60	125	83	2	1	375	40	159	7e-12	55.8
scaffold395487	OTU_0164	85.53	76	3	2	690	917	1	68	1e-37	  127
scaffold398407	OTU_0156	58.95	190	65	6	566	3	10	188	5e-71	  216
scaffold398455	OTU_0214	43.86	57	32	0	638	468	1	57	3e-11	54.7
scaffold405373	OTU_0214	24.84	153	107	4	880	431	26	173	2e-12	57.8
scaffold415631	OTU_0011	45.83	168	77	4	271	774	68	221	8e-35	  109
scaffold415631	OTU_0011	63.64	33	12	0	143	241	28	60	8e-35	47.8
scaffold422189	OTU_0214	27.56	156	92	3	784	320	1	136	2e-11	55.1
scaffold423545	OTU_0214	26.77	127	86	2	384	7	4	124	6e-11	53.5
scaffold424204	OTU_0214	39.47	76	44	1	25	252	1	74	2e-12	57.8
scaffold428015	OTU_0214	24.35	193	127	6	755	207	1	184	2e-13	60.5
scaffold428478	OTU_0123	79.02	224	25	5	182	853	9	210	2e-123	  350
scaffold429442	OTU_0067	76.62	77	14	1	231	1	3	75	5e-37	  125
scaffold434941	OTU_0156	61.50	200	62	5	218	802	21	210	1e-78	  234
scaffold437627	OTU_0100	36.17	141	72	5	442	837	24	155	2e-11	54.7
scaffold441406	OTU_0214	27.40	208	99	8	620	3	1	158	2e-12	57.8
scaffold445055	OTU_0013	60.33	121	38	4	15	377	37	147	9e-47	  150
scaffold449972	OTU_0032	66.67	213	47	6	855	217	20	208	2e-94	  275
scaffold451314	OTU_0118	46.15	195	84	6	848	267	37	211	3e-51	  164
scaffold462560	OTU_0175	73.17	41	11	0	721	843	14	54	4e-16	68.6
scaffold463891	OTU_0212	41.56	77	40	1	577	807	7	78	7e-14	62.0
scaffold475089	OTU_0163	35.77	123	69	4	3	359	19	135	5e-13	58.5
scaffold478488	OTU_0214	29.90	204	126	6	127	732	1	189	3e-16	68.2
scaffold479856	OTU_0128	30.34	145	89	6	301	729	8	142	4e-12	56.2
scaffold482532	OTU_0156	62.24	196	62	5	825	238	27	210	2e-80	  238
scaffold494767	OTU_0205	58.47	118	24	4	814	461	15	107	2e-40	  132
scaffold496042	OTU_0214	26.19	210	123	8	721	125	1	189	7e-12	55.8
scaffold499069	OTU_0212	31.74	167	93	5	245	727	6	157	8e-18	72.8
scaffold509604	OTU_0031	61.85	249	55	7	800	54	31	239	1e-98	  286
scaffold520387	OTU_0005	30.72	153	88	4	140	598	27	161	4e-20	78.6
scaffold525187	OTU_0147	47.62	231	87	7	58	747	16	213	3e-66	  202
scaffold525985	OTU_0214	30.34	145	97	3	607	176	1	142	4e-13	59.3
scaffold535815	OTU_0212	40.24	82	46	2	174	416	7	86	3e-11	54.7
scaffold558070	OTU_0214	26.63	199	125	7	690	106	1	182	9e-19	75.1
scaffold558997	OTU_0064	68.23	192	44	4	185	760	5	179	1e-89	  261
scaffold559160	OTU_0032	28.65	171	96	6	35	526	9	160	4e-15	65.1
scaffold560239	OTU_0214	26.98	189	112	8	49	576	1	176	2e-13	59.7
scaffold565644	OTU_0130	38.76	178	75	6	2	535	48	191	4e-34	  117
scaffold566377	OTU_0062	49.64	137	63	3	348	755	11	142	9e-37	  123
scaffold568931	OTU_0119	35.12	168	88	4	571	98	21	177	3e-23	87.8
scaffold569426	OTU_0214	37.80	127	59	7	308	676	23	133	7e-13	58.5
scaffold584026	OTU_0156	61.69	154	54	2	521	60	19	167	2e-62	  191
scaffold585775	OTU_0107	75.93	54	13	0	163	2	14	67	9e-26	95.5
scaffold586132	OTU_0212	32.93	164	76	7	593	111	6	138	2e-15	65.9
scaffold587062	OTU_0033	95.97	149	0	3	291	737	1	143	2e-98	  281
scaffold588114	OTU_0163	32.19	146	77	8	225	614	1	140	4e-11	52.8
scaffold590025	OTU_0212	25.25	202	117	7	65	661	25	195	1e-11	55.5
scaffold592316	OTU_0128	31.47	143	81	7	454	38	14	143	1e-11	54.3
scaffold593235	OTU_0125	45.85	229	84	9	1	687	55	243	3e-39	  132
scaffold595979	OTU_0089	92.78	97	1	2	444	734	1	91	6e-59	  181
scaffold601183	OTU_0214	24.49	196	137	5	52	615	1	193	6e-15	63.9
scaffold603084	OTU_0188	72.07	111	26	2	397	729	3	108	1e-50	  159
scaffold607574	OTU_0214	25.13	191	115	6	710	150	26	192	8e-11	52.4
scaffold608663	OTU_0013	54.96	131	31	6	5	397	52	154	4e-40	  132
scaffold609881	OTU_0156	62.31	130	41	4	391	2	28	149	1e-46	  150
scaffold616556	OTU_0156	42.79	201	94	5	116	715	30	210	3e-41	  136
scaffold616747	OTU_0188	70.27	111	28	2	341	9	1	106	2e-46	  149
scaffold617543	OTU_0214	23.66	186	117	6	719	174	24	188	6e-12	55.5
scaffold626184	OTU_0156	64.10	156	48	4	248	709	10	159	1e-65	  199
scaffold628151	OTU_0214	32.35	136	83	4	187	576	1	133	9e-14	60.5
scaffold629912	OTU_0214	29.35	184	104	10	6	518	6	176	1e-11	54.7
scaffold630400	OTU_0214	26.54	162	88	5	148	582	26	173	5e-13	58.5
scaffold639965	OTU_0067	73.68	57	11	1	172	2	1	53	2e-23	87.4
scaffold640043	OTU_0214	27.74	155	92	3	185	646	1	136	1e-11	54.7
scaffold640082	OTU_0166	37.61	109	55	4	1	315	59	158	3e-13	59.3
scaffold646445	OTU_0214	29.82	114	68	2	313	627	26	136	2e-12	56.6
scaffold660290	OTU_0062	65.22	69	20	1	489	695	15	79	7e-26	94.0
scaffold665851	OTU_0005	60.16	128	46	2	308	691	18	140	8e-53	  164
scaffold670033	OTU_0214	25.55	137	93	4	683	279	4	133	7e-12	55.5
scaffold670718	OTU_0083	54.46	101	38	4	689	393	62	156	1e-29	  103
scaffold671394	OTU_0035	32.20	118	75	2	622	272	63	176	6e-11	53.1
scaffold673978	OTU_0175	72.28	184	34	4	135	686	19	185	1e-77	  230
scaffold678923	OTU_0195	31.68	101	63	2	385	89	3	99	3e-14	60.8
scaffold679348	OTU_0067	67.44	43	14	0	544	672	2	44	4e-18	72.4
scaffold685598	OTU_0214	28.96	183	112	6	544	5	1	168	1e-15	65.9
scaffold688505	OTU_0191	28.95	114	77	2	347	12	1	112	3e-11	52.4
scaffold690949	OTU_0214	28.22	163	97	6	590	111	36	181	3e-12	56.2
scaffold691300	OTU_0162	66.35	104	10	4	676	365	172	250	7e-37	  125
scaffold694138	OTU_0214	32.98	94	59	1	41	322	99	188	1e-15	65.5
scaffold702644	OTU_0123	69.70	66	16	1	199	2	8	69	2e-28	  102
scaffold708854	OTU_0083	36.52	115	67	3	534	193	3	112	1e-12	56.6
scaffold713833	OTU_0212	35.80	162	97	2	163	648	6	160	8e-23	86.7
scaffold721822	OTU_0067	68.70	115	28	3	316	660	3	109	2e-50	  158
scaffold726972	OTU_0104	68.16	179	38	5	659	123	61	220	3e-80	  236
scaffold733652	OTU_0161	31.50	127	68	3	656	300	30	145	7e-12	54.7
scaffold734335	OTU_0156	65.83	120	36	2	360	1	23	137	8e-49	  155
scaffold743004	OTU_0195	34.21	114	58	5	55	354	37	147	6e-13	57.4
scaffold743735	OTU_0220	44.94	89	30	3	1	267	50	119	4e-17	68.6
scaffold744824	OTU_0035	33.33	114	71	2	310	648	63	172	9e-12	55.1
scaffold744875	OTU_0098	52.99	134	34	5	15	416	27	131	2e-38	  125
scaffold745416	OTU_0214	42.05	88	49	1	300	557	1	88	8e-14	60.5
scaffold783241	OTU_0156	34.57	188	90	9	2	559	51	207	4e-21	81.3
scaffold794800	OTU_0036	77.72	202	24	5	626	21	16	196	4e-106	  301
scaffold797614	OTU_0214	42.86	70	38	1	447	244	106	175	3e-13	58.5
scaffold798744	OTU_0214	30.88	136	83	2	20	406	41	172	2e-17	70.5
scaffold804577	OTU_0212	30.00	100	53	2	347	81	25	118	2e-12	56.6
scaffold810709	OTU_0214	30.56	144	83	4	426	4	1	130	8e-14	60.1
scaffold811294	OTU_0062	65.71	105	31	2	334	20	15	114	1e-41	  135
scaffold817707	OTU_0212	42.54	181	88	6	69	611	1	165	2e-41	  136
scaffold822388	OTU_0214	42.19	64	36	1	259	71	1	64	6e-13	57.4
scaffold837970	OTU_0156	75.33	150	32	2	138	587	23	167	4e-78	  230
scaffold843304	OTU_0214	26.85	149	101	4	463	20	6	147	9e-11	51.6
scaffold846024	OTU_0116	35.44	79	45	2	314	550	21	93	4e-12	54.7
scaffold846293	OTU_0198	79.52	83	13	1	250	2	1	79	1e-41	  136
scaffold870526	OTU_0030	29.50	139	87	4	592	185	33	163	5e-11	52.8
scaffold874028	OTU_0165	31.01	158	94	4	13	480	16	160	7e-17	68.9
scaffold876283	OTU_0076	38.89	90	35	2	580	311	63	132	5e-16	65.1
scaffold887330	OTU_0067	64.29	84	26	1	315	566	2	81	2e-35	  118
scaffold891690	OTU_0214	30.60	134	84	3	174	551	1	133	2e-12	56.2
scaffold901665	OTU_0188	86.07	122	4	3	586	221	56	164	8e-67	  199
scaffold909896	OTU_0214	36.51	63	39	1	258	73	4	66	9e-11	51.6
scaffold924495	OTU_0156	61.05	172	56	4	510	1	10	172	2e-69	  207
scaffold936232	OTU_0214	48.28	58	29	1	179	9	11	68	9e-12	54.3
scaffold944279	OTU_0162	68.87	151	41	3	90	542	1	145	6e-68	  205
scaffold952547	OTU_0018	58.70	92	18	3	1	276	92	163	9e-28	98.2
scaffold967786	OTU_0214	29.61	152	95	5	70	507	28	173	2e-13	58.5
scaffold975781	OTU_0040	82.73	139	9	4	561	145	47	170	6e-70	  207
scaffold976152	OTU_0156	61.90	147	47	5	559	131	69	210	7e-55	  170
scaffold987026	OTU_0103	78.23	124	21	3	169	537	17	135	2e-65	  195
scaffold990521	OTU_0174	81.33	75	10	1	329	553	1	71	2e-39	  128
scaffold994279	OTU_0044	61.18	152	23	6	553	104	89	206	2e-53	  166
scaffold998795	OTU_0214	40.35	57	34	0	135	305	1	57	3e-11	52.4
scaffold1025929	OTU_0060	29.76	168	102	5	524	24	1	153	3e-11	51.6
scaffold1028456	OTU_0064	67.33	150	33	4	540	91	74	207	4e-64	  193
scaffold1030859	OTU_0214	42.19	64	36	1	210	22	1	64	1e-11	53.5
scaffold1035836	OTU_0019	74.23	97	16	2	3	293	76	163	5e-45	  143
scaffold1037110	OTU_0147	43.09	181	68	7	3	542	83	229	3e-40	  132
scaffold1050871	OTU_0005	69.60	125	33	2	165	539	21	140	3e-60	  182
scaffold1054329	OTU_0126	100.00	62	0	0	350	535	1	62	4e-40	  130
scaffold1055948	OTU_0067	72.73	110	22	3	332	3	3	104	1e-51	  160
scaffold1061894	OTU_0067	70.27	37	11	0	113	3	6	42	4e-16	65.9
scaffold1062891	OTU_0013	83.62	177	0	7	1	531	7	154	2e-94	  268
scaffold1062953	OTU_0214	26.95	167	107	4	9	503	30	183	2e-13	58.2
scaffold1069413	OTU_0161	30.15	136	81	3	131	514	2	131	6e-17	68.6
scaffold1082605	OTU_0134	29.24	171	97	7	521	9	36	182	5e-11	52.4
scaffold1089329	OTU_0156	61.38	145	47	4	526	104	71	210	4e-56	  172
scaffold1116980	OTU_0214	26.57	143	93	3	409	11	1	141	8e-13	56.6
scaffold1119134	OTU_0105	37.97	79	34	4	1	207	47	120	6e-11	50.4
scaffold1140680	OTU_0212	40.22	92	48	2	197	472	6	90	6e-15	62.8
scaffold1148729	OTU_0027	88.24	170	0	5	3	512	1	150	2e-98	  278
scaffold1156791	OTU_0214	36.03	136	74	6	416	30	1	130	2e-19	75.1
scaffold1158706	OTU_0156	64.15	159	50	3	503	27	26	177	6e-57	  174
scaffold1161400	OTU_0163	42.22	90	46	2	225	494	5	88	3e-16	65.5
scaffold1163582	OTU_0214	24.18	153	108	5	502	56	26	174	2e-13	58.2
scaffold1165892	OTU_0126	91.57	166	1	3	509	12	18	170	1e-104	  295
scaffold1172564	OTU_0156	71.43	168	36	5	505	2	50	205	6e-64	  192
scaffold1179378	OTU_0212	42.31	78	40	2	239	6	6	78	1e-13	58.9
scaffold1193342	OTU_0155	57.72	123	35	4	1	369	109	214	4e-27	97.1
scaffold1200260	OTU_0023	29.61	152	96	5	501	58	73	217	2e-12	55.5
scaffold1203173	OTU_0046	75.00	40	10	0	121	2	20	59	2e-17	70.1
scaffold1205594	OTU_0156	60.63	127	43	3	375	1	10	131	2e-49	  155
scaffold1209828	OTU_0133	89.16	166	0	6	1	498	26	173	2e-95	  271
scaffold1219389	OTU_0048	32.95	88	54	1	154	417	6	88	4e-14	59.7
scaffold1219791	OTU_0046	52.00	125	37	4	2	376	138	239	2e-24	90.1
scaffold1229192	OTU_0096	51.92	104	37	2	313	2	3	93	5e-34	  114
scaffold1232341	OTU_0163	34.88	86	50	2	236	493	5	84	5e-14	58.9
scaffold1235951	OTU_0214	29.08	141	83	4	425	3	1	124	1e-11	53.1
scaffold1248251	OTU_0206	67.00	100	9	4	1	300	163	238	2e-34	  117
scaffold1253121	OTU_0087	30.25	119	74	3	373	23	30	141	6e-13	56.6
scaffold1254836	OTU_0031	40.57	106	40	4	2	319	157	239	1e-17	70.5
scaffold1265970	OTU_0119	28.48	151	85	4	453	37	9	148	3e-12	54.7
scaffold1267786	OTU_0135	29.01	131	79	3	90	482	14	130	2e-12	55.1
scaffold1276622	OTU_0064	51.14	88	37	2	441	178	126	207	1e-24	89.7
scaffold1277080	OTU_0156	57.41	162	60	4	4	483	50	204	6e-42	  135
scaffold1283413	OTU_0214	29.50	139	85	3	70	456	1	136	2e-15	63.5
scaffold1285571	OTU_0214	35.53	76	47	1	23	250	1	74	7e-13	56.2
scaffold1286109	OTU_0165	36.80	125	69	4	1	369	43	159	2e-15	64.3
scaffold1294096	OTU_0100	33.60	125	68	4	112	480	8	119	2e-15	63.9
scaffold1301976	OTU_0067	62.50	96	31	2	290	3	1	91	8e-40	  128
scaffold1326246	OTU_0195	33.66	101	60	3	109	411	14	107	2e-13	57.8
scaffold1326740	OTU_0098	47.71	109	28	5	3	329	38	117	3e-26	92.4
scaffold1334000	OTU_0116	38.57	70	38	1	212	3	19	83	2e-12	54.7
scaffold1343521	OTU_0204	29.75	158	91	6	470	6	68	208	6e-12	53.9
scaffold1350654	OTU_0076	48.70	154	41	6	467	6	11	126	1e-37	  122
scaffold1356330	OTU_0087	56.33	158	59	4	1	468	32	181	2e-55	  169
scaffold1365026	OTU_0184	92.00	25	2	0	392	466	1	25	6e-12	53.1
scaffold1387301	OTU_0073	49.24	132	55	4	462	67	101	220	3e-36	  120
scaffold1392467	OTU_0163	35.00	100	60	2	151	450	4	98	6e-16	64.3
scaffold1394892	OTU_0214	27.34	139	95	4	7	414	1	136	3e-15	63.2
scaffold1425891	OTU_0024	46.91	81	19	3	446	204	159	215	2e-14	60.8
scaffold1434944	OTU_0013	71.81	149	31	5	447	1	1	138	9e-72	  209
scaffold1439311	OTU_0163	36.84	95	46	5	68	346	6	88	7e-11	50.1
scaffold1439469	OTU_0180	29.17	120	76	3	453	103	14	127	2e-11	51.2
scaffold1440519	OTU_0205	47.41	135	41	4	4	408	3	107	3e-35	  114
scaffold1444190	OTU_0214	39.68	63	37	1	155	340	4	66	4e-13	57.0
scaffold1448473	OTU_0009	28.47	137	83	4	439	38	80	204	5e-14	59.7
scaffold1451452	OTU_0195	60.81	148	46	5	1	444	10	145	4e-59	  177
scaffold1454896	OTU_0156	75.51	98	18	2	1	294	119	210	4e-40	  130
scaffold1456576	OTU_0056	32.17	115	54	4	111	449	34	126	1e-13	58.2
scaffold1473890	OTU_0105	41.01	139	52	5	433	17	21	129	1e-26	93.2
scaffold1481824	OTU_0156	54.81	135	56	3	1	399	79	210	7e-34	  114
scaffold1485166	OTU_0212	35.78	109	49	4	1	327	51	138	1e-11	53.1
scaffold1492063	OTU_0018	53.04	115	30	4	444	100	73	163	1e-35	  117
scaffold1493669	OTU_0214	27.82	133	87	4	389	6	3	131	3e-11	52.0
scaffold1508856	OTU_0188	57.78	90	29	2	3	272	83	163	1e-21	80.5
scaffold1510356	OTU_0212	27.66	141	66	5	419	9	25	133	3e-11	52.0
scaffold1527381	OTU_0014	67.89	109	26	2	14	340	61	160	1e-36	  120
scaffold1536193	OTU_0032	28.47	137	80	5	431	36	38	161	3e-11	51.6
scaffold1539915	OTU_0214	29.29	140	86	4	14	430	20	147	3e-12	54.3
scaffold1540626	OTU_0173	71.43	112	28	2	336	1	18	125	6e-55	  166
scaffold1541884	OTU_0156	57.47	87	29	3	436	188	128	210	4e-14	60.1
scaffold1542141	OTU_0212	39.13	92	49	2	145	420	6	90	1e-14	61.2
scaffold1548331	OTU_0156	35.90	78	42	2	221	430	78	155	8e-11	50.8
scaffold1548851	OTU_0156	31.13	106	70	2	435	118	71	173	7e-12	53.5
scaffold1575340	OTU_0116	33.77	77	46	1	347	117	22	93	7e-12	52.8
scaffold1582586	OTU_0024	50.35	141	55	3	3	425	20	145	6e-31	  106
scaffold1585582	OTU_0124	68.83	77	21	1	233	3	11	84	5e-32	  108
scaffold1588396	OTU_0067	36.36	99	56	3	427	131	65	156	1e-12	54.7
scaffold1589669	OTU_0107	67.29	107	20	5	428	108	125	216	1e-39	  129
scaffold1597716	OTU_0055	66.20	142	30	5	1	426	50	173	1e-44	  142
scaffold1606687	OTU_0156	48.55	138	68	2	414	1	65	199	4e-41	  132
scaffold1608995	OTU_0067	89.74	117	4	3	74	424	1	109	1e-69	  204
scaffold1615665	OTU_0214	28.87	142	83	4	3	422	6	131	4e-11	50.8
scaffold1632342	OTU_0156	54.17	120	46	4	1	348	96	210	9e-37	  121
scaffold1633809	OTU_0013	63.41	123	33	6	2	370	33	143	5e-40	  128
scaffold1635789	OTU_0214	35.71	70	44	1	19	225	1	70	5e-11	50.8
scaffold1638512	OTU_0214	28.57	112	68	3	421	86	34	133	3e-11	51.2
scaffold1645348	OTU_0214	39.71	68	41	0	205	2	1	68	2e-11	52.0
scaffold1652622	OTU_0017	80.17	121	10	4	2	364	46	152	2e-60	  180
scaffold1678399	OTU_0214	39.68	63	37	1	254	69	1	63	1e-11	52.4
scaffold1682531	OTU_0114	56.76	74	12	2	413	192	121	174	1e-20	77.8
scaffold1707905	OTU_0183	90.51	137	8	2	1	411	15	146	5e-86	  249
scaffold1714975	OTU_0214	31.25	96	61	3	126	407	90	182	4e-11	50.8
scaffold1718875	OTU_0214	33.33	63	41	1	182	367	4	66	2e-11	52.0
scaffold1738591	OTU_0214	41.67	60	35	0	182	3	1	60	3e-11	51.6
scaffold1750490	OTU_0175	68.42	38	11	1	294	404	1	38	4e-12	54.3
scaffold1765001	OTU_0230	37.50	88	49	2	393	130	77	158	7e-11	50.4
scaffold1766319	OTU_0096	47.71	109	49	2	88	402	1	105	1e-29	  101
scaffold1776878	OTU_0184	83.46	133	8	3	3	401	32	150	2e-70	  205
scaffold1784926	OTU_0114	67.42	132	29	3	7	402	1	118	4e-58	  175
scaffold1792417	OTU_0214	28.00	125	88	2	27	395	1	125	4e-14	59.3
scaffold1794852	OTU_0214	40.68	59	34	1	166	339	4	62	4e-12	53.5
scaffold1814690	OTU_0013	56.69	127	27	6	394	14	56	154	5e-40	  127
scaffold1820062	OTU_0175	67.21	61	20	0	184	2	1	61	8e-23	84.3
scaffold1821498	OTU_0156	48.46	130	62	3	395	18	58	186	6e-40	  129
scaffold1826347	OTU_0067	59.18	98	35	2	296	3	1	93	4e-38	  123
scaffold1831791	OTU_0156	66.67	123	33	4	396	28	96	210	3e-51	  158
scaffold1832586	OTU_0067	82.30	113	12	3	58	396	1	105	7e-62	  184
scaffold1841226	OTU_0067	63.16	76	24	1	166	393	1	72	4e-31	  105
scaffold1846684	OTU_0142	84.71	85	9	1	259	5	13	93	6e-48	  148
scaffold1850274	OTU_0008	66.33	98	29	1	299	6	8	101	1e-38	  126
scaffold1862689	OTU_0062	52.10	119	52	2	27	383	1	114	1e-35	  116
scaffold1867443	OTU_0209	59.52	126	44	3	5	376	40	160	7e-44	  138
scaffold1885507	OTU_0045	77.69	130	15	4	1	390	88	203	2e-65	  195
scaffold1890140	OTU_0212	44.74	76	38	1	126	353	7	78	4e-18	70.9
scaffold1901981	OTU_0142	61.07	131	44	3	387	1	34	159	8e-46	  142
