scaffold00040	OTU_0156	66.99	206	56	5	105784	106401	17	210	8e-80	  265
scaffold00055	OTU_0214	30.21	192	113	6	20393	20956	1	175	2e-12	66.6
scaffold00072	OTU_0212	33.78	148	61	4	161113	161550	25	137	8e-12	64.7
scaffold00161	OTU_0009	88.57	245	5	7	51765	52499	1	222	7e-120	  379
scaffold00413	OTU_0156	69.46	203	50	5	48378	47770	20	210	2e-88	  288
scaffold01003	OTU_0214	26.77	198	124	7	20012	19431	1	181	4e-15	72.8
scaffold01102	OTU_0156	66.50	197	54	5	31126	31716	26	210	2e-78	  258
scaffold01689	OTU_0156	48.57	210	93	5	9164	9775	10	210	6e-57	  195
scaffold01944	OTU_0212	29.94	177	81	5	23363	23887	2	137	1e-12	64.3
scaffold02396	OTU_0228	67.07	249	46	7	9983	9237	1	213	2e-100	  320
scaffold02757	OTU_0042	27.01	211	125	8	1514	2137	34	218	4e-11	59.7
scaffold03028	OTU_0214	28.92	204	128	5	13460	14065	1	189	3e-15	72.0
scaffold03829	OTU_0178	49.54	216	90	7	10586	9945	16	214	3e-55	  190
scaffold04287	OTU_0212	37.61	109	51	5	14389	14075	45	140	4e-11	58.9
scaffold04369	OTU_0212	28.31	166	85	5	3577	3089	25	159	5e-11	58.5
scaffold04644	OTU_0053	27.78	198	123	7	1163	594	29	214	3e-15	72.0
scaffold04731	OTU_0214	27.32	194	121	8	6086	5535	1	184	5e-11	58.2
scaffold06767	OTU_0214	26.11	157	99	2	8343	8813	1	140	6e-11	57.4
scaffold06919	OTU_0134	29.07	172	107	8	8949	9452	25	185	5e-11	58.2
scaffold08434	OTU_0214	29.41	204	127	5	3628	3023	1	189	3e-16	74.3
scaffold09169	OTU_0162	42.76	297	122	8	6024	6914	1	249	2e-66	  222
scaffold13340	OTU_0212	29.31	174	89	8	2367	2855	58	208	1e-11	59.3
scaffold23535	OTU_0214	28.28	198	117	7	748	179	9	189	4e-13	63.2
scaffold37444	OTU_0214	29.17	192	115	6	736	1299	1	175	2e-13	63.5
scaffold44066	OTU_0214	29.69	192	110	7	2193	1636	1	173	3e-13	62.4
scaffold46796	OTU_0085	28.30	159	89	5	1111	1548	17	163	9e-11	55.5
scaffold63679	OTU_0214	27.05	207	132	8	1076	471	1	193	1e-11	57.0
scaffold64720	OTU_0070	33.83	133	78	3	531	133	4	126	8e-12	57.0
scaffold65039	OTU_0057	52.85	246	78	8	1032	295	19	226	3e-74	  234
scaffold102620	OTU_0191	27.45	153	90	6	726	1184	9	140	7e-15	65.5
scaffold107904	OTU_0214	27.00	200	114	7	575	1159	1	173	5e-12	57.4
scaffold115144	OTU_0038	57.41	54	5	2	1210	1049	139	174	2e-11	55.1
scaffold138512	OTU_0223	77.19	114	21	2	344	3	1	109	4e-54	  171
scaffold141058	OTU_0214	27.12	177	108	5	94	615	1	159	9e-11	53.5
scaffold150442	OTU_0163	33.33	90	56	1	386	117	3	88	6e-11	53.1
scaffold150532	OTU_0227	64.86	74	21	2	224	3	4	72	4e-27	99.0
scaffold170977	OTU_0189	30.32	155	87	6	402	860	12	147	7e-13	58.5
scaffold177447	OTU_0214	50.30	165	72	2	893	399	34	188	2e-49	  159
scaffold214806	OTU_0019	91.09	101	0	2	3	305	72	163	8e-59	  181
scaffold249434	OTU_0214	26.09	207	132	8	64	675	1	189	1e-17	71.2
scaffold268407	OTU_0185	44.13	213	77	7	2	640	2	172	3e-41	  135
scaffold279551	OTU_0228	75.64	78	15	1	236	3	1	74	1e-36	  124
scaffold279721	OTU_0126	39.62	106	45	5	400	83	66	152	6e-12	55.5
scaffold281438	OTU_0054	35.00	120	66	5	146	496	69	179	6e-12	55.8
scaffold284272	OTU_0009	66.20	71	19	2	657	445	157	222	7e-25	92.4
scaffold287037	OTU_0208	79.22	77	12	1	424	654	4	76	5e-38	  125
scaffold292886	OTU_0208	90.71	140	0	3	3	422	18	144	4e-84	  243
scaffold301570	OTU_0024	40.96	83	29	2	49	297	153	215	7e-13	58.2
scaffold304338	OTU_0152	29.85	134	79	4	445	86	26	158	8e-11	51.2
scaffold304831	OTU_0066	81.82	44	8	0	149	18	21	64	3e-20	79.3
scaffold315417	OTU_0005	94.44	72	0	1	401	616	1	68	7e-34	  114
scaffold323378	OTU_0124	49.02	51	26	0	574	422	62	112	3e-11	52.8
scaffold428361	OTU_0214	48.48	165	75	2	505	11	34	188	4e-47	  149
scaffold438158	OTU_0003	69.81	106	27	2	182	499	17	117	8e-49	  152
scaffold443157	OTU_0019	100.00	50	0	0	342	491	14	63	2e-30	  104
scaffold465810	OTU_0019	78.34	157	20	4	473	3	12	154	1e-80	  233
scaffold489206	OTU_0162	78.63	117	0	4	466	116	159	250	3e-56	  173
scaffold495503	OTU_0005	32.22	90	54	2	154	423	69	151	4e-11	50.8
scaffold508617	OTU_0228	73.51	151	24	4	2	454	38	172	1e-71	  211
scaffold510534	OTU_0214	29.53	149	93	5	3	449	37	173	5e-13	56.6
scaffold561906	OTU_0144	54.35	46	18	1	290	427	1	43	9e-11	50.1
scaffold636138	OTU_0228	72.73	77	17	1	232	2	1	73	2e-34	  115
scaffold723040	OTU_0226	33.62	116	66	4	367	26	55	161	2e-16	65.9
scaffold755509	OTU_0075	41.53	118	46	4	356	3	78	172	2e-24	88.2
scaffold760780	OTU_0156	35.71	98	42	4	21	302	74	154	6e-11	50.4
scaffold769675	OTU_0105	47.41	116	37	4	1	348	39	130	1e-28	97.4
scaffold777121	OTU_0049	66.36	110	32	2	339	10	27	131	2e-41	  131
scaffold781142	OTU_0188	63.64	66	24	0	143	340	3	68	8e-27	93.2
scaffold795123	OTU_0019	84.00	75	7	2	225	1	10	79	6e-38	  122
scaffold820086	OTU_0228	67.26	113	26	3	339	1	33	134	2e-45	  142
scaffold828381	OTU_0215	32.26	93	58	2	57	335	9	96	8e-12	51.6
scaffold831166	OTU_0024	39.25	107	33	4	337	17	141	215	1e-14	60.1
scaffold845042	OTU_0225	81.25	64	8	1	192	1	19	78	3e-31	  104
scaffold845214	OTU_0214	38.67	75	42	2	56	271	1	74	1e-11	51.6
scaffold871968	OTU_0212	44.44	81	40	2	327	85	22	97	2e-17	68.2
scaffold876911	OTU_0214	39.47	76	42	2	238	20	1	75	9e-12	52.0
scaffold887835	OTU_0134	64.79	71	21	1	111	323	1	67	2e-27	95.5
scaffold946427	OTU_0032	54.17	96	29	3	13	300	128	208	4e-27	94.7
scaffold949608	OTU_0225	86.59	82	6	2	308	63	60	136	6e-45	  139
scaffold953302	OTU_0013	65.62	64	2	3	1	192	111	154	1e-19	73.6
scaffold990561	OTU_0062	61.54	65	21	1	106	300	17	77	1e-23	84.3
scaffold1062884	OTU_0091	47.31	93	31	5	1	279	65	139	2e-16	64.3
scaffold1075594	OTU_0064	58.06	93	24	3	280	2	120	197	4e-31	  104
scaffold1092638	OTU_0225	87.10	93	7	2	3	281	29	116	2e-52	  158
scaffold1102879	OTU_0045	84.00	25	4	0	205	279	16	40	3e-11	50.4
scaffold1169529	OTU_0208	76.40	89	16	2	269	3	20	103	4e-31	  102
scaffold1200691	OTU_0064	47.14	70	33	1	50	259	126	191	2e-16	64.7
scaffold1231066	OTU_0067	80.23	86	12	2	261	4	7	87	4e-45	  139
scaffold1270459	OTU_0136	52.78	72	24	2	257	42	120	181	6e-20	74.3
scaffold1271431	OTU_0009	52.94	85	32	3	257	3	81	157	4e-16	63.5
scaffold1272757	OTU_0225	78.08	73	12	1	40	258	16	84	2e-32	  106
scaffold1310183	OTU_0115	92.86	84	1	2	3	254	38	116	4e-49	  151
scaffold1317188	OTU_0065	63.10	84	11	3	252	1	55	118	2e-30	  100
scaffold1387722	OTU_0032	58.93	56	17	2	24	191	159	208	5e-15	60.5
scaffold1442666	OTU_0214	45.00	60	32	1	180	1	1	59	3e-11	49.7
scaffold1557734	OTU_0208	65.15	66	19	1	232	35	23	84	1e-25	87.8
scaffold1614323	OTU_0065	65.75	73	11	2	4	222	8	66	4e-28	94.0
scaffold1639952	OTU_0019	75.76	66	15	1	223	26	70	134	7e-32	  104
scaffold1688464	OTU_0218	84.72	72	6	2	3	218	44	110	6e-35	  111
scaffold1689516	OTU_0114	74.65	71	12	2	217	5	83	147	4e-32	  105
scaffold1703386	OTU_0180	81.43	70	8	1	218	9	67	131	4e-38	  120
scaffold1750544	OTU_0067	72.31	65	14	1	18	212	1	61	3e-29	97.8
scaffold1762676	OTU_0032	52.86	70	18	3	212	3	153	207	6e-16	62.4
scaffold1812973	OTU_0214	39.62	53	32	0	207	49	14	66	9e-11	48.1
scaffold1832417	OTU_0185	67.65	68	16	2	3	206	85	146	3e-28	95.1
