scaffold00027	OTU_0042	84.07	270	0	8	20177	20986	11	237	4e-134	  421
scaffold00048	OTU_0214	24.74	190	134	5	9910	10461	3	189	4e-11	61.6
scaffold00051	OTU_0214	29.85	201	124	6	79772	80362	1	188	8e-13	67.0
scaffold00090	OTU_0104	89.75	244	1	7	73723	72992	1	220	4e-133	  416
scaffold00527	OTU_0214	30.77	195	120	6	4566	3991	1	183	1e-18	82.8
scaffold00916	OTU_0031	28.80	191	117	6	9675	10232	45	221	3e-12	62.8
scaffold01001	OTU_0214	25.95	185	119	4	9477	8929	20	188	1e-14	70.1
scaffold01339	OTU_0137	87.97	241	6	8	7008	6286	1	218	2e-127	  397
scaffold01469	OTU_0053	65.49	255	50	7	10957	10193	19	235	1e-103	  330
scaffold02164	OTU_0166	80.08	241	9	7	4431	5153	13	214	2e-114	  359
scaffold02567	OTU_0211	69.10	288	45	8	4668	5531	1	244	4e-107	  340
scaffold02666	OTU_0011	48.16	272	105	7	4320	3505	5	240	3e-66	  222
scaffold03403	OTU_0201	36.25	80	47	1	8136	8375	11	86	9e-12	59.3
scaffold03604	OTU_0104	75.42	236	34	7	4844	4137	9	220	1e-106	  337
scaffold03704	OTU_0212	31.03	174	102	5	2447	1944	10	171	6e-18	79.3
scaffold05659	OTU_0032	66.36	220	50	6	5991	6650	13	208	4e-87	  280
scaffold06289	OTU_0030	58.15	227	72	7	3268	3948	15	218	2e-71	  235
scaffold06746	OTU_0214	31.28	179	98	7	5731	6252	1	159	3e-14	67.0
scaffold07794	OTU_0214	27.17	173	117	5	3710	3216	1	172	3e-12	60.8
scaffold10496	OTU_0214	29.21	202	127	5	4665	4069	1	189	4e-15	69.7
scaffold10864	OTU_0067	72.73	176	36	4	3336	2809	1	164	2e-79	  255
scaffold11722	OTU_0212	29.30	157	85	6	4153	4623	7	137	4e-12	60.5
scaffold12875	OTU_0214	23.98	196	137	4	3545	4114	1	190	1e-10	55.5
scaffold14931	OTU_0105	53.57	112	28	5	2	337	43	130	1e-28	  108
scaffold16601	OTU_0073	55.80	224	79	6	2650	1979	16	219	3e-73	  238
scaffold17367	OTU_0156	59.62	208	73	5	1466	855	10	210	1e-71	  233
scaffold17577	OTU_0073	50.72	207	83	5	3983	3363	33	220	9e-60	  200
scaffold17797	OTU_0115	56.09	230	55	8	3979	3290	40	223	2e-74	  241
scaffold18258	OTU_0018	53.85	117	29	4	1	351	72	163	4e-33	  122
scaffold19281	OTU_0214	27.27	198	125	6	471	1055	1	182	9e-17	74.3
scaffold20055	OTU_0191	88.39	155	4	3	3288	3752	1	141	2e-86	  271
scaffold23241	OTU_0163	32.62	141	77	4	275	673	5	135	3e-12	59.3
scaffold25168	OTU_0193	100.00	43	0	0	131	3	2	44	1e-23	95.1
scaffold25932	OTU_0214	27.03	185	112	7	2007	2525	1	174	4e-13	62.8
scaffold28446	OTU_0195	30.20	149	91	4	1565	2008	15	151	5e-16	70.9
scaffold30558	OTU_0163	32.86	140	88	3	2324	2743	4	137	1e-14	66.6
scaffold34436	OTU_0212	35.19	162	97	3	2218	2703	7	160	8e-20	83.6
scaffold35093	OTU_0011	49.43	261	95	8	571	1353	17	240	2e-70	  228
scaffold37080	OTU_0211	70.49	288	41	9	639	1502	1	244	2e-106	  326
scaffold38652	OTU_0214	22.16	194	130	6	834	286	1	184	6e-11	55.5
scaffold38881	OTU_0156	63.40	194	59	4	2729	2148	29	210	1e-75	  241
scaffold39955	OTU_0228	37.50	112	51	6	2293	2583	34	141	3e-11	56.6
scaffold41746	OTU_0212	36.47	85	51	2	2428	2177	4	86	2e-11	57.4
scaffold42531	OTU_0214	37.35	83	49	2	2613	2371	109	190	5e-11	55.8
scaffold48884	OTU_0011	48.13	268	104	6	1516	2319	8	240	2e-57	  191
scaffold53285	OTU_0214	29.38	194	112	7	633	1196	1	175	1e-13	63.9
scaffold53956	OTU_0156	57.82	211	72	6	441	1052	10	210	6e-60	  196
scaffold56213	OTU_0134	86.38	257	3	7	2121	1351	1	225	1e-142	  416
scaffold59411	OTU_0152	60.00	145	45	4	1788	2219	16	148	1e-48	  162
scaffold59844	OTU_0214	26.34	186	120	5	1583	1038	1	173	7e-12	58.2
scaffold63254	OTU_0212	31.58	171	81	6	1582	2067	7	150	5e-11	55.5
scaffold64755	OTU_0212	30.96	197	126	5	1044	1634	6	192	3e-19	80.9
scaffold64858	OTU_0052	67.98	253	41	8	1672	914	1	213	5e-104	  314
scaffold65609	OTU_0097	54.17	168	46	5	2111	1608	97	233	3e-47	  161
scaffold66208	OTU_0005	60.00	95	33	2	287	3	20	109	2e-34	  123
scaffold66427	OTU_0214	32.80	186	97	10	658	128	23	189	1e-12	60.1
scaffold66525	OTU_0010	54.65	258	77	8	794	39	14	237	3e-81	  254
scaffold67971	OTU_0156	57.94	214	67	7	659	48	10	210	3e-73	  232
scaffold68150	OTU_0214	30.26	195	109	8	952	1515	1	175	2e-13	62.8
scaffold68540	OTU_0124	71.43	84	21	1	1812	2063	12	92	5e-33	  120
scaffold69161	OTU_0214	26.13	199	126	7	1158	574	1	182	2e-15	68.9
scaffold69231	OTU_0214	26.32	190	121	5	844	1407	1	173	1e-16	72.8
scaffold69880	OTU_0109	85.00	260	0	7	1367	588	16	236	7e-147	  424
scaffold76034	OTU_0214	26.34	186	117	6	1909	1361	20	188	7e-17	73.2
scaffold77521	OTU_0156	65.50	200	57	4	1522	923	23	210	3e-78	  244
scaffold78006	OTU_0046	40.67	209	93	6	16	642	62	239	1e-46	  159
scaffold80270	OTU_0214	30.81	172	102	5	1386	1892	1	158	1e-12	60.1
scaffold80813	OTU_0100	37.25	102	56	3	1590	1889	9	104	4e-14	64.7
scaffold84206	OTU_0214	62.81	199	64	2	673	77	1	189	3e-82	  254
scaffold89031	OTU_0060	63.31	169	45	4	727	1233	2	153	3e-66	  209
scaffold91850	OTU_0107	65.24	233	64	5	1184	486	1	216	6e-104	  310
scaffold91932	OTU_0068	94.12	68	0	1	1579	1782	1	64	2e-36	  127
scaffold93836	OTU_0214	23.30	176	128	4	751	1266	1	173	4e-11	55.5
scaffold94160	OTU_0214	27.41	197	128	8	11	577	1	190	3e-12	58.9
scaffold94268	OTU_0214	25.00	180	116	6	775	272	1	173	4e-12	58.5
scaffold94817	OTU_0212	27.47	233	120	9	256	915	10	206	2e-15	68.9
scaffold96775	OTU_0100	37.16	148	73	6	1232	822	17	155	5e-20	82.0
scaffold96989	OTU_0046	42.57	101	35	4	2	304	162	239	3e-16	71.6
scaffold97368	OTU_0054	71.49	228	43	6	882	1565	14	219	9e-88	  268
scaffold97654	OTU_0214	30.73	179	108	5	282	809	23	188	4e-13	61.6
scaffold103693	OTU_0214	26.73	202	125	6	552	1115	1	193	8e-16	69.7
scaffold106154	OTU_0214	27.87	183	109	6	966	430	1	164	3e-13	61.6
scaffold106380	OTU_0156	32.87	216	111	6	1551	907	25	207	3e-24	94.7
scaffold106885	OTU_0167	90.17	234	3	5	368	1069	1	214	2e-133	  384
scaffold110856	OTU_0212	32.43	185	104	5	919	1449	3	174	1e-14	65.9
scaffold115694	OTU_0123	85.29	272	0	7	717	1532	1	232	1e-154	  439
scaffold117571	OTU_0054	27.94	204	128	7	933	325	32	217	2e-15	68.6
scaffold118671	OTU_0214	29.95	187	113	6	301	849	1	173	5e-13	60.8
scaffold119132	OTU_0093	29.59	169	98	5	737	1240	10	158	2e-15	68.2
scaffold120063	OTU_0212	37.67	146	83	3	637	200	7	144	2e-21	86.7
scaffold120138	OTU_0073	49.70	165	70	3	1018	1512	25	176	3e-51	  170
scaffold120219	OTU_0005	29.49	156	86	4	1539	1081	27	161	3e-17	73.2
scaffold123740	OTU_0195	30.67	150	89	4	1079	1528	11	145	2e-15	67.8
scaffold123897	OTU_0156	69.00	200	50	5	961	362	23	210	6e-88	  266
scaffold124058	OTU_0017	29.66	145	84	5	515	99	30	162	2e-16	70.9
scaffold125217	OTU_0212	39.02	82	47	2	960	718	7	86	4e-12	58.2
scaffold125600	OTU_0214	38.10	63	38	1	584	399	4	66	1e-10	53.9
scaffold126618	OTU_0053	37.42	163	93	4	96	584	17	170	1e-24	96.3
scaffold126679	OTU_0173	69.59	148	33	3	596	153	20	155	1e-65	  206
scaffold128467	OTU_0214	36.70	109	64	3	1471	1148	1	105	4e-13	60.8
scaffold131444	OTU_0214	23.86	176	128	4	363	881	1	173	9e-13	60.1
scaffold135070	OTU_0212	32.68	205	112	8	361	957	10	194	2e-18	77.4
scaffold135309	OTU_0057	30.25	162	94	6	932	492	57	214	2e-11	56.6
scaffold140223	OTU_0064	50.88	226	91	6	416	1090	1	207	4e-71	  221
scaffold140540	OTU_0193	89.81	216	2	5	259	906	1	196	8e-131	  374
scaffold140789	OTU_0234	100.00	47	0	0	142	2	1	47	3e-27	  101
scaffold141498	OTU_0214	28.71	209	128	7	1064	444	1	190	2e-17	73.9
scaffold142283	OTU_0214	24.37	197	113	8	1018	464	1	173	8e-11	53.9
scaffold143417	OTU_0214	25.81	186	118	6	25	573	20	188	1e-14	65.5
scaffold147739	OTU_0073	50.00	134	51	5	1	402	102	219	3e-33	  119
scaffold151017	OTU_0212	31.67	180	112	5	536	6	6	177	8e-16	69.3
scaffold153804	OTU_0175	29.33	208	125	6	770	162	25	215	5e-18	75.9
scaffold164336	OTU_0214	25.56	180	115	6	756	1259	1	173	3e-12	58.2
scaffold165843	OTU_0214	27.36	212	129	6	1211	585	1	190	5e-13	60.5
scaffold169645	OTU_0025	27.12	177	109	5	934	404	3	159	2e-12	58.9
scaffold169800	OTU_0156	66.83	202	55	5	1144	539	21	210	8e-90	  268
scaffold170061	OTU_0156	59.15	213	73	6	593	1225	10	210	5e-82	  248
scaffold170811	OTU_0057	28.26	230	131	7	573	1262	29	224	5e-14	63.9
scaffold172913	OTU_0155	86.70	233	10	6	1210	512	3	214	1e-134	  383
scaffold173121	OTU_0212	28.96	221	132	7	528	1148	1	210	7e-15	66.2
scaffold177639	OTU_0054	29.41	136	69	3	992	636	67	192	5e-11	54.7
scaffold179883	OTU_0212	39.02	82	47	2	1	243	7	86	2e-11	55.8
scaffold180566	OTU_0106	80.18	217	22	5	184	834	2	197	9e-118	  339
scaffold183446	OTU_0205	50.00	88	25	3	1	264	39	107	1e-20	80.9
scaffold188840	OTU_0170	54.14	266	90	8	881	90	1	236	1e-84	  255
scaffold192331	OTU_0103	91.89	148	6	3	446	3	1	142	1e-89	  265
scaffold195439	OTU_0005	63.16	76	24	1	980	1207	20	91	7e-28	  102
scaffold198222	OTU_0100	33.87	124	67	4	822	1187	9	119	1e-14	65.1
scaffold200620	OTU_0212	35.91	181	88	5	584	42	1	153	6e-29	  106
scaffold200642	OTU_0123	27.86	201	124	7	826	242	11	196	2e-16	71.2
scaffold201804	OTU_0156	33.33	132	76	3	1186	797	48	169	5e-14	63.5
scaffold202507	OTU_0227	73.79	103	23	2	876	1184	9	107	5e-48	  157
scaffold205542	OTU_0209	60.51	157	55	3	472	8	13	164	3e-57	  181
scaffold210431	OTU_0214	23.71	194	134	5	544	1095	1	190	8e-14	62.8
scaffold215319	OTU_0064	84.27	89	11	1	881	1147	3	88	3e-46	  153
scaffold216742	OTU_0067	60.64	94	32	2	284	3	1	89	3e-35	  122
scaffold222763	OTU_0073	49.54	216	91	7	457	1098	21	220	4e-52	  169
scaffold232506	OTU_0214	27.32	194	130	2	1018	458	1	190	5e-22	85.9
scaffold233627	OTU_0212	28.93	159	92	6	1099	641	14	157	4e-14	63.5
scaffold234533	OTU_0214	31.90	163	91	5	563	1045	1	145	3e-17	72.4
scaffold240427	OTU_0156	62.00	200	64	5	260	859	23	210	3e-75	  228
scaffold240760	OTU_0198	58.30	223	80	5	363	1025	3	214	1e-81	  245
scaffold249868	OTU_0097	79.84	129	2	4	1042	656	129	233	2e-61	  193
scaffold249994	OTU_0131	85.04	274	2	7	208	1029	1	235	4e-161	  448
scaffold251508	OTU_0193	89.29	28	3	0	975	1058	2	29	5e-14	63.2
scaffold253669	OTU_0018	66.67	123	17	4	1000	632	58	156	2e-38	  130
scaffold255730	OTU_0214	32.93	82	54	1	628	870	1	82	2e-11	55.5
scaffold255819	OTU_0115	68.12	69	18	1	211	5	1	65	2e-25	96.3
scaffold257599	OTU_0212	29.52	166	96	5	510	989	6	156	8e-16	68.6
scaffold261821	OTU_0156	64.36	202	60	5	972	367	21	210	4e-88	  261
scaffold262403	OTU_0156	35.06	174	99	5	318	821	28	193	5e-21	83.2
scaffold264325	OTU_0064	54.29	175	63	4	505	1029	11	168	3e-62	  194
scaffold267526	OTU_0212	35.20	179	108	3	879	343	7	177	3e-22	86.3
scaffold270764	OTU_0129	61.11	54	21	0	856	1017	3	56	5e-16	68.2
scaffold271832	OTU_0100	36.27	102	57	3	336	37	9	104	6e-14	62.4
scaffold273119	OTU_0214	36.76	68	43	0	276	479	1	68	7e-11	53.5
scaffold282978	OTU_0047	32.21	149	83	4	546	977	3	138	7e-18	72.8
scaffold284720	OTU_0139	32.00	100	63	2	390	689	36	130	4e-11	53.1
scaffold292399	OTU_0193	78.50	214	26	5	672	31	2	195	3e-117	  334
scaffold297839	OTU_0123	75.82	153	23	3	508	966	1	139	4e-77	  233
scaffold301376	OTU_0156	62.38	101	31	3	5	307	117	210	1e-35	  123
scaffold304571	OTU_0096	30.16	126	74	3	530	883	25	144	6e-14	62.0
scaffold305333	OTU_0005	64.63	82	25	1	709	954	20	97	6e-34	  117
scaffold311866	OTU_0214	28.65	185	113	6	29	574	13	181	1e-16	70.1
scaffold313110	OTU_0134	54.90	204	64	6	20	631	50	225	1e-68	  210
scaffold317871	OTU_0063	84.56	149	16	4	452	6	1	142	1e-80	  241
scaffold322060	OTU_0171	41.59	113	61	2	577	915	7	114	4e-24	90.1
scaffold322290	OTU_0214	28.49	186	117	6	821	273	1	173	2e-12	58.2
scaffold341568	OTU_0013	66.67	111	27	4	901	569	49	149	7e-44	  143
scaffold342214	OTU_0062	50.77	130	53	3	425	36	1	119	9e-35	  119
scaffold344391	OTU_0195	32.58	89	56	1	518	784	14	98	5e-13	58.9
scaffold349750	OTU_0214	45.45	66	36	0	227	30	1	66	3e-12	57.0
scaffold350015	OTU_0191	44.44	99	50	2	520	816	2	95	2e-23	87.8
scaffold350406	OTU_0066	30.06	163	101	4	59	541	66	217	5e-16	68.9
scaffold353998	OTU_0214	25.00	140	90	4	410	15	4	136	1e-11	55.8
scaffold355025	OTU_0064	73.33	105	13	3	880	566	118	207	1e-42	  142
scaffold358946	OTU_0195	82.86	35	6	0	107	3	1	35	3e-15	64.7
scaffold361058	OTU_0214	26.87	201	123	7	693	130	1	190	5e-14	62.4
scaffold361611	OTU_0121	66.95	233	57	5	739	41	1	213	7e-107	  308
scaffold361730	OTU_0214	28.72	188	117	7	573	16	1	173	1e-12	58.2
scaffold364148	OTU_0212	42.17	83	45	2	625	870	6	86	8e-12	56.2
scaffold370399	OTU_0039	90.36	197	0	4	272	862	1	178	7e-123	  347
scaffold371872	OTU_0010	81.89	243	5	7	1	729	34	237	7e-134	  376
scaffold372972	OTU_0169	96.15	52	0	1	703	858	16	65	1e-28	  102
scaffold379045	OTU_0214	27.32	205	130	7	704	99	1	189	9e-14	61.2
scaffold380862	OTU_0115	65.28	72	21	1	218	3	1	68	6e-25	94.0
scaffold387761	OTU_0018	45.83	72	19	2	836	621	111	162	9e-15	63.5
scaffold387986	OTU_0156	61.90	147	47	5	842	402	73	210	4e-55	  174
scaffold392494	OTU_0214	27.37	190	120	4	213	779	1	173	1e-19	77.8
scaffold394020	OTU_0156	70.42	213	50	6	647	9	11	210	2e-98	  285
scaffold403059	OTU_0029	95.90	122	0	2	389	24	1	117	5e-80	  235
scaffold405369	OTU_0063	87.06	85	3	3	822	568	139	215	2e-43	  143
scaffold407484	OTU_0123	57.43	101	36	2	310	8	2	95	4e-31	  111
scaffold408286	OTU_0211	74.67	229	18	8	817	131	56	244	2e-98	  286
scaffold411634	OTU_0212	38.46	78	43	1	578	811	6	78	6e-12	56.2
scaffold412718	OTU_0123	53.49	129	34	4	806	420	130	232	8e-36	  124
scaffold413128	OTU_0063	92.90	183	0	5	258	806	1	170	5e-114	  324
scaffold416879	OTU_0191	61.04	77	26	1	579	809	2	74	5e-29	  103
scaffold417660	OTU_0163	38.64	132	71	3	802	419	12	137	7e-21	80.1
scaffold420634	OTU_0161	28.39	155	92	3	449	9	1	144	8e-14	61.2
scaffold439092	OTU_0212	29.34	167	100	5	179	664	7	160	2e-15	66.2
scaffold445496	OTU_0214	34.01	147	82	5	255	692	1	133	2e-14	63.2
scaffold455970	OTU_0067	59.26	81	29	1	271	29	5	81	5e-29	  103
scaffold460480	OTU_0212	40.51	79	44	2	530	763	3	79	4e-12	57.0
scaffold474353	OTU_0163	42.86	77	39	1	236	6	5	76	1e-14	62.8
scaffold476003	OTU_0214	36.62	71	44	1	401	192	4	74	9e-11	52.4
scaffold476150	OTU_0018	60.00	65	6	3	754	560	119	163	2e-15	65.1
scaffold476863	OTU_0005	28.57	126	79	3	434	57	46	160	1e-11	54.3
scaffold477794	OTU_0100	86.75	166	1	4	500	3	6	150	5e-93	  268
scaffold479017	OTU_0214	27.93	179	111	5	753	223	11	173	8e-14	60.8
scaffold480814	OTU_0214	44.44	54	30	0	250	411	1	54	8e-11	52.8
scaffold501891	OTU_0156	58.87	124	40	4	2	358	93	210	2e-24	91.7
scaffold502360	OTU_0204	59.77	174	56	4	524	3	6	165	4e-68	  206
scaffold509900	OTU_0214	30.81	172	100	5	516	7	1	155	4e-13	58.9
scaffold513829	OTU_0067	77.46	71	12	1	213	1	1	67	6e-34	  115
scaffold518998	OTU_0067	88.89	135	7	3	407	3	1	127	7e-80	  234
scaffold530808	OTU_0173	31.51	146	79	6	539	135	18	153	3e-11	53.1
scaffold539689	OTU_0170	63.83	235	47	6	705	1	35	231	3e-96	  278
scaffold541475	OTU_0124	76.00	200	32	5	659	60	7	190	5e-85	  248
scaffold543229	OTU_0156	56.73	208	79	5	640	29	10	210	3e-64	  196
scaffold550397	OTU_0214	28.65	178	104	6	524	3	1	159	2e-14	62.4
scaffold553830	OTU_0106	83.10	142	7	4	698	273	73	197	2e-76	  226
scaffold562747	OTU_0214	32.81	128	68	7	689	336	28	147	1e-11	54.7
scaffold564366	OTU_0007	31.43	140	75	4	685	293	40	167	2e-11	53.5
scaffold569598	OTU_0005	39.74	78	39	2	476	267	83	160	4e-11	52.8
scaffold578652	OTU_0214	39.71	68	41	0	302	99	1	68	4e-11	53.1
scaffold614406	OTU_0152	64.95	97	30	2	369	659	18	110	1e-38	  127
scaffold619452	OTU_0214	26.92	182	118	7	579	43	4	173	1e-12	57.0
scaffold620675	OTU_0163	37.50	96	54	2	307	594	5	94	3e-17	68.9
scaffold621476	OTU_0173	70.27	74	19	1	432	653	18	88	6e-33	  112
scaffold621894	OTU_0212	27.78	126	83	3	2	376	10	128	3e-11	53.9
scaffold628473	OTU_0139	31.00	100	64	2	369	70	36	130	2e-11	52.8
scaffold628855	OTU_0032	62.84	148	34	5	650	207	82	208	2e-56	  175
scaffold628874	OTU_0135	91.63	203	0	4	611	3	1	186	6e-131	  365
scaffold629189	OTU_0060	55.47	128	42	3	648	265	41	153	6e-41	  133
scaffold629327	OTU_0171	74.42	86	18	1	260	3	9	90	1e-39	  130
scaffold632923	OTU_0186	71.11	90	22	1	272	3	19	104	3e-44	  141
scaffold635025	OTU_0100	37.59	141	70	5	581	186	24	155	1e-20	79.3
scaffold658561	OTU_0117	71.70	106	25	2	320	3	18	118	1e-48	  154
scaffold662777	OTU_0098	54.93	71	13	3	629	417	80	131	5e-19	73.9
scaffold664547	OTU_0214	25.00	136	95	3	419	15	4	133	4e-12	55.5
scaffold667989	OTU_0024	44.76	105	47	3	31	327	116	215	4e-25	92.8
scaffold670309	OTU_0042	59.48	153	31	5	2	460	116	237	6e-55	  172
scaffold672717	OTU_0214	25.15	163	110	4	4	465	28	187	5e-13	57.8
scaffold684351	OTU_0212	27.15	151	81	4	489	37	22	143	1e-11	54.3
scaffold688800	OTU_0163	38.13	139	76	3	618	214	5	137	9e-23	84.7
scaffold693434	OTU_0031	75.41	183	28	4	550	2	15	180	6e-97	  279
scaffold700263	OTU_0214	24.65	142	87	3	61	468	6	133	4e-11	52.4
scaffold707943	OTU_0214	29.71	175	103	6	97	612	20	177	5e-15	63.5
scaffold710122	OTU_0067	65.00	60	17	1	182	3	1	56	3e-22	83.6
scaffold722976	OTU_0174	30.41	148	93	3	128	571	2	139	1e-11	53.1
scaffold725055	OTU_0214	28.47	144	83	3	142	537	1	136	8e-15	62.8
scaffold728640	OTU_0067	32.32	99	60	3	302	598	8	99	2e-14	61.2
scaffold739902	OTU_0212	39.13	92	49	3	309	34	6	90	4e-13	58.2
scaffold740816	OTU_0124	91.58	190	1	4	28	597	1	175	1e-107	  304
scaffold742780	OTU_0187	88.59	184	1	5	3	554	32	195	5e-111	  314
scaffold744005	OTU_0215	41.89	74	38	1	269	48	5	73	1e-15	64.3
scaffold744582	OTU_0156	69.06	139	35	4	1	417	80	210	4e-60	  184
scaffold745278	OTU_0214	31.39	137	81	3	425	18	9	133	5e-15	63.2
scaffold748107	OTU_0156	58.33	108	41	2	2	319	105	210	2e-23	87.4
scaffold749400	OTU_0013	63.40	153	45	4	566	108	1	142	1e-62	  188
scaffold750319	OTU_0063	62.71	118	29	5	3	356	113	215	1e-43	  141
scaffold752267	OTU_0192	27.40	146	86	5	563	147	27	159	6e-16	65.5
scaffold754298	OTU_0047	88.67	150	4	3	540	91	2	138	2e-91	  261
scaffold757391	OTU_0150	80.33	61	8	1	183	1	16	72	4e-29	  102
scaffold768325	OTU_0119	28.48	151	85	4	105	521	9	148	7e-12	54.3
scaffold771558	OTU_0103	64.20	81	25	1	343	585	8	84	3e-30	  105
scaffold776834	OTU_0100	36.45	107	51	4	49	342	63	161	3e-14	60.5
scaffold782228	OTU_0212	34.91	106	51	5	123	425	45	137	1e-11	53.9
scaffold794267	OTU_0131	50.00	58	11	2	3	176	196	235	4e-12	55.8
scaffold799845	OTU_0214	27.53	178	119	6	39	557	1	173	1e-11	53.5
scaffold815907	OTU_0189	30.07	153	87	6	55	510	14	147	1e-12	55.8
scaffold819263	OTU_0106	86.75	83	7	1	250	2	2	80	4e-46	  147
scaffold831441	OTU_0115	68.57	35	11	0	459	563	1	35	1e-11	54.3
scaffold832096	OTU_0001	40.00	85	46	1	256	510	37	116	6e-14	60.1
scaffold839254	OTU_0186	44.74	76	38	1	230	3	17	88	2e-18	72.4
scaffold842006	OTU_0050	39.56	91	35	3	27	299	70	140	2e-17	69.3
scaffold849682	OTU_0026	72.53	182	32	5	1	540	62	227	6e-88	  255
scaffold856336	OTU_0067	89.47	114	4	3	213	554	1	106	9e-67	  199
scaffold857439	OTU_0018	49.23	130	37	4	2	391	63	163	8e-33	  111
scaffold859531	OTU_0156	54.74	95	33	3	2	271	121	210	2e-15	64.3
scaffold859970	OTU_0211	71.74	184	16	7	552	1	83	230	8e-70	  209
scaffold865453	OTU_0163	31.25	128	79	3	375	1	5	126	3e-14	60.1
scaffold869948	OTU_0047	31.11	90	56	2	281	12	3	86	7e-13	56.2
scaffold881748	OTU_0011	41.72	163	61	7	1	486	111	240	8e-32	  110
scaffold882126	OTU_0064	63.33	150	39	4	2	451	74	207	1e-58	  179
scaffold882746	OTU_0216	87.97	133	2	3	142	540	1	119	7e-77	  224
scaffold885507	OTU_0171	75.90	166	26	3	41	538	9	160	2e-87	  251
scaffold908606	OTU_0196	89.78	137	8	3	111	521	3	133	3e-83	  240
scaffold909809	OTU_0017	86.84	152	6	4	81	536	14	151	4e-90	  258
scaffold917500	OTU_0156	65.22	115	33	3	534	190	103	210	1e-34	  117
scaffold928616	OTU_0005	67.11	149	44	2	449	3	18	161	6e-75	  219
scaffold930438	OTU_0096	67.80	59	18	1	356	529	3	61	5e-23	85.1
scaffold948621	OTU_0005	59.05	105	38	2	318	4	20	119	5e-42	  135
scaffold951943	OTU_0124	56.56	122	49	2	392	27	15	132	1e-40	  132
scaffold959490	OTU_0192	69.82	169	37	4	509	3	6	160	5e-79	  229
scaffold972763	OTU_0097	65.75	146	18	5	506	69	120	233	3e-57	  176
scaffold973670	OTU_0013	54.49	156	55	5	479	30	2	147	3e-31	  106
scaffold976527	OTU_0214	28.57	154	90	5	39	467	29	173	1e-16	67.4
scaffold977648	OTU_0212	33.72	86	54	2	107	361	3	86	3e-12	55.5
scaffold981689	OTU_0156	56.04	91	30	3	514	257	125	210	6e-26	94.0
scaffold983183	OTU_0007	92.17	166	0	4	514	17	15	167	2e-104	  294
scaffold987714	OTU_0192	29.66	145	84	4	428	12	27	159	4e-18	71.2
scaffold988256	OTU_0156	59.39	165	57	4	509	15	44	198	4e-58	  177
scaffold1001307	OTU_0013	60.76	158	50	5	509	39	2	148	6e-59	  177
scaffold1002667	OTU_0214	36.84	76	46	1	364	137	1	74	3e-12	55.1
scaffold1003127	OTU_0156	68.06	144	41	2	1	432	29	167	1e-57	  176
scaffold1009728	OTU_0081	30.77	130	75	4	121	504	5	121	2e-14	60.8
scaffold1012476	OTU_0214	34.62	78	46	1	126	344	1	78	1e-11	53.5
scaffold1022294	OTU_0156	68.42	152	43	2	456	1	21	167	3e-73	  216
scaffold1031279	OTU_0214	42.42	66	38	0	423	226	1	66	5e-12	54.3
scaffold1048605	OTU_0023	56.76	111	32	4	1	333	125	219	2e-23	86.7
scaffold1064960	OTU_0098	52.43	103	25	3	441	133	53	131	7e-29	99.4
scaffold1071122	OTU_0214	27.98	168	92	6	1	480	27	173	1e-11	53.1
scaffold1080441	OTU_0217	88.89	153	0	4	489	31	14	149	3e-92	  262
scaffold1081921	OTU_0214	48.15	54	27	1	173	15	1	54	6e-13	56.6
scaffold1082423	OTU_0195	31.63	98	63	1	169	462	14	107	5e-13	56.2
scaffold1100149	OTU_0214	36.76	68	43	0	484	281	1	68	9e-11	50.8
scaffold1106447	OTU_0123	69.23	39	12	0	120	4	15	53	5e-16	65.9
scaffold1119670	OTU_0114	53.05	164	40	6	1	480	44	174	2e-51	  159
scaffold1127954	OTU_0018	46.34	82	23	3	468	223	103	163	1e-17	69.7
scaffold1142135	OTU_0156	27.15	151	80	5	12	437	78	207	8e-11	50.8
scaffold1152464	OTU_0067	64.71	68	20	1	270	473	2	65	9e-28	97.4
scaffold1152872	OTU_0018	60.23	88	15	3	2	265	95	162	1e-28	99.8
scaffold1157126	OTU_0174	32.09	134	79	4	4	402	14	136	8e-12	52.8
scaffold1158929	OTU_0184	36.46	96	55	3	290	3	20	109	8e-14	58.5
scaffold1159259	OTU_0024	42.11	76	19	2	246	473	25	75	3e-11	52.4
scaffold1163423	OTU_0067	85.96	57	4	1	301	471	1	53	2e-29	  101
scaffold1168119	OTU_0038	57.79	154	55	4	456	1	2	147	2e-55	  169
scaffold1171362	OTU_0013	78.10	137	19	5	3	413	22	147	4e-67	  198
scaffold1176134	OTU_0150	85.51	69	6	1	264	470	17	81	1e-36	  120
scaffold1184655	OTU_0191	30.67	150	89	5	451	11	4	141	2e-13	57.8
scaffold1186271	OTU_0214	30.00	90	60	2	2	271	4	90	4e-11	51.6
scaffold1188380	OTU_0081	29.93	137	81	4	63	467	5	128	2e-14	60.5
scaffold1189442	OTU_0123	78.06	155	16	4	466	2	63	199	1e-79	  232
scaffold1189444	OTU_0214	32.41	108	67	3	349	26	4	105	8e-12	53.5
scaffold1203158	OTU_0067	63.53	85	27	1	196	450	1	81	7e-35	  115
scaffold1215617	OTU_0025	35.11	94	53	3	3	269	58	148	8e-11	50.8
scaffold1224161	OTU_0211	76.51	149	19	4	2	448	73	205	4e-59	  181
scaffold1229652	OTU_0212	39.74	78	42	1	97	330	6	78	3e-14	60.5
scaffold1232428	OTU_0156	57.72	149	52	4	445	14	68	210	2e-43	  139
scaffold1267507	OTU_0124	37.78	90	53	1	271	2	10	96	1e-19	75.5
scaffold1275501	OTU_0018	50.78	128	32	4	3	386	67	163	2e-35	  117
scaffold1276144	OTU_0163	36.96	92	53	3	28	291	45	135	7e-11	49.7
scaffold1292486	OTU_0138	64.65	99	11	4	447	151	34	108	1e-36	  118
scaffold1324782	OTU_0129	67.86	28	9	0	86	3	7	34	2e-11	51.2
scaffold1328182	OTU_0214	33.80	71	46	1	273	64	4	74	4e-11	51.2
scaffold1333651	OTU_0214	26.23	122	81	3	99	440	9	129	5e-11	50.8
scaffold1337673	OTU_0163	41.94	93	49	2	124	402	1	88	4e-20	75.9
scaffold1338705	OTU_0095	86.96	46	6	0	300	437	1	46	1e-24	89.0
scaffold1345462	OTU_0003	32.54	126	73	4	80	436	30	150	2e-11	51.6
scaffold1357984	OTU_0214	28.71	101	72	0	114	416	1	101	2e-11	52.0
scaffold1365442	OTU_0214	38.36	73	44	1	171	386	1	73	7e-11	50.4
scaffold1370865	OTU_0214	28.26	138	85	6	420	40	1	135	3e-11	51.6
scaffold1378804	OTU_0067	70.45	44	13	0	283	414	1	44	4e-18	70.9
scaffold1386066	OTU_0214	26.28	137	92	3	21	407	1	136	5e-15	62.4
scaffold1391675	OTU_0064	67.09	79	20	2	3	239	135	207	5e-31	  106
scaffold1396807	OTU_0128	66.15	65	14	1	426	232	90	146	9e-24	85.9
scaffold1398816	OTU_0124	61.11	144	47	4	429	4	40	176	6e-51	  157
scaffold1411613	OTU_0005	58.23	79	29	1	189	425	20	94	2e-30	  103
scaffold1414983	OTU_0222	67.47	83	21	2	6	254	140	216	3e-26	79.3
scaffold1414983	OTU_0222	52.94	51	6	2	233	385	210	242	3e-26	47.4
scaffold1416384	OTU_0162	54.29	70	12	3	5	214	186	235	2e-17	69.3
scaffold1418584	OTU_0089	71.79	117	28	2	353	3	6	117	9e-57	  172
scaffold1422712	OTU_0234	89.71	136	0	4	1	408	37	158	4e-80	  231
scaffold1423923	OTU_0176	87.23	141	0	5	2	424	11	133	8e-77	  222
scaffold1434326	OTU_0123	68.93	103	6	4	423	115	156	232	2e-39	  129
scaffold1437748	OTU_0212	29.17	144	81	5	419	6	28	156	6e-12	53.5
scaffold1439592	OTU_0214	40.00	75	44	1	118	339	1	75	3e-11	51.6
scaffold1443983	OTU_0173	66.96	115	26	3	1	345	53	155	7e-49	  150
scaffold1447116	OTU_0231	66.91	139	13	5	418	2	116	221	2e-56	  172
scaffold1448938	OTU_0012	34.26	108	64	4	43	357	46	149	1e-11	52.4
scaffold1449988	OTU_0156	56.69	127	46	4	4	372	89	210	1e-28	99.8
scaffold1454625	OTU_0163	31.86	113	70	3	65	400	5	111	4e-15	62.0
scaffold1460469	OTU_0156	48.48	66	18	4	418	245	153	210	3e-11	51.6
scaffold1463814	OTU_0098	53.85	91	22	3	2	274	61	131	3e-26	92.0
scaffold1474667	OTU_0018	49.33	75	17	3	16	240	109	162	8e-16	64.3
scaffold1475242	OTU_0185	36.71	79	30	3	3	239	108	166	7e-11	50.1
scaffold1485443	OTU_0124	38.14	118	68	3	413	60	22	134	2e-22	82.8
scaffold1494494	OTU_0115	65.22	69	20	1	202	408	1	65	3e-26	93.6
scaffold1508304	OTU_0115	62.32	69	22	1	215	9	1	65	7e-24	87.4
scaffold1510357	OTU_0061	37.61	109	59	3	371	60	66	170	2e-16	65.9
scaffold1510702	OTU_0005	58.75	80	29	1	173	412	20	95	1e-32	  109
scaffold1513798	OTU_0005	66.92	133	39	2	10	408	20	147	4e-62	  184
scaffold1516652	OTU_0215	94.78	115	0	3	360	16	1	109	6e-72	  209
scaffold1527733	OTU_0076	38.94	113	44	3	404	66	45	132	1e-21	79.7
scaffold1528865	OTU_0191	45.10	102	51	2	70	375	2	98	2e-26	92.4
scaffold1528903	OTU_0069	100.00	48	0	0	157	14	10	57	3e-30	  102
scaffold1544547	OTU_0209	54.81	135	54	3	400	2	10	139	2e-41	  132
scaffold1555351	OTU_0212	42.47	73	37	1	228	10	6	73	4e-13	56.6
scaffold1558927	OTU_0205	60.32	126	25	4	26	403	3	103	1e-43	  135
scaffold1587495	OTU_0123	73.28	131	19	3	401	9	79	193	5e-64	  192
scaffold1590312	OTU_0185	46.58	73	19	3	399	181	122	174	1e-15	63.5
scaffold1593857	OTU_0096	31.94	72	45	1	12	215	26	97	5e-11	50.1
scaffold1603384	OTU_0212	57.75	71	26	1	185	397	5	71	8e-23	84.0
scaffold1606612	OTU_0212	40.51	79	44	2	3	236	10	86	9e-14	58.5
scaffold1611399	OTU_0173	72.41	58	13	1	174	1	18	72	6e-24	85.9
scaffold1617793	OTU_0163	37.59	133	73	4	393	1	8	132	7e-22	80.1
scaffold1618931	OTU_0201	33.67	98	56	3	354	61	53	141	5e-11	50.1
scaffold1643955	OTU_0139	39.29	84	38	2	66	317	35	105	2e-11	50.4
scaffold1659736	OTU_0214	44.12	68	38	0	281	78	1	68	6e-13	55.8
scaffold1667305	OTU_0214	30.69	101	64	3	91	390	1	96	1e-13	58.2
scaffold1707924	OTU_0012	91.86	86	0	2	12	269	116	194	3e-51	  157
scaffold1715303	OTU_0033	73.08	52	10	1	230	385	2	49	2e-22	81.3
scaffold1723953	OTU_0157	61.11	108	17	4	1	324	112	194	4e-38	  124
scaffold1734718	OTU_0166	90.83	120	0	3	361	2	1	109	2e-70	  207
scaffold1744673	OTU_0212	39.47	76	41	1	230	3	6	76	3e-11	51.2
scaffold1765655	OTU_0046	75.86	29	6	1	375	289	212	239	4e-11	51.6
scaffold1779533	OTU_0214	28.93	121	73	3	17	352	21	137	2e-13	57.0
scaffold1795662	OTU_0018	55.56	99	20	4	2	298	89	163	4e-27	94.4
scaffold1802463	OTU_0018	48.84	86	24	3	3	260	94	159	8e-20	74.7
scaffold1817125	OTU_0012	33.96	106	63	4	46	354	48	149	7e-11	50.1
scaffold1830985	OTU_0163	37.23	94	53	2	90	371	5	92	3e-17	67.4
scaffold1831030	OTU_0018	64.38	73	6	3	367	149	111	163	5e-23	83.6
scaffold1838960	OTU_0211	51.79	56	25	2	170	3	12	65	1e-14	61.2
scaffold1885342	OTU_0134	64.04	89	28	1	269	3	1	85	1e-35	  118
scaffold1892363	OTU_0005	70.94	117	29	2	365	15	47	158	2e-59	  177
scaffold1893156	OTU_0214	31.58	76	51	1	4	228	1	76	8e-11	49.7
scaffold1901145	OTU_0067	71.30	115	25	3	3	347	57	163	1e-51	  157
scaffold1901967	OTU_0067	76.03	121	21	3	365	3	9	121	5e-59	  176
scaffold1912825	OTU_0156	61.54	117	40	2	1	351	56	167	1e-47	  149
scaffold1914274	OTU_0007	61.36	44	17	0	132	1	2	45	1e-14	60.5
scaffold1917100	OTU_0064	74.47	94	18	2	33	314	120	207	2e-41	  132
scaffold1933664	OTU_0195	31.25	112	71	3	25	360	3	108	6e-14	58.2
scaffold1945877	OTU_0214	39.39	66	40	0	140	337	1	66	1e-11	52.0
scaffold1962183	OTU_0191	32.53	83	54	2	68	316	6	86	6e-11	49.3
scaffold1974571	OTU_0214	36.84	76	44	2	302	84	1	75	9e-11	49.7
scaffold1976415	OTU_0214	29.82	114	69	3	5	343	30	133	3e-11	50.8
scaffold1981372	OTU_0046	77.45	102	19	1	45	350	1	98	7e-52	  160
scaffold1983308	OTU_0156	59.79	97	32	3	4	294	121	210	1e-30	  104
scaffold1987789	OTU_0163	32.67	101	63	2	35	337	45	140	1e-13	57.0
scaffold1987798	OTU_0062	66.67	105	30	2	42	356	10	109	3e-45	  140
scaffold1993181	OTU_0214	27.96	93	64	2	281	3	1	90	1e-10	49.3
scaffold1996549	OTU_0156	68.52	108	30	2	7	330	68	171	7e-50	  154
scaffold2000917	OTU_0044	63.96	111	24	3	355	23	95	189	2e-41	  132
scaffold2001268	OTU_0001	52.99	117	41	3	351	1	58	160	2e-31	  106
scaffold2002175	OTU_0116	88.98	118	8	2	2	355	8	120	7e-74	  213
scaffold2013796	OTU_0018	61.73	81	11	3	349	107	92	152	2e-26	92.4
scaffold2021511	OTU_0173	61.61	112	38	3	353	18	23	129	1e-43	  136
scaffold2034479	OTU_0100	37.84	111	53	4	2	307	65	168	1e-14	60.1
scaffold2043162	OTU_0116	86.54	52	7	0	195	350	4	55	1e-28	97.8
scaffold2061549	OTU_0018	54.39	57	8	1	10	180	124	162	2e-13	56.6
scaffold2075947	OTU_0005	75.00	28	7	0	91	8	22	49	3e-11	50.4
scaffold2079153	OTU_0011	43.06	72	20	3	2	217	190	240	9e-11	50.1
scaffold2083894	OTU_0013	68.10	116	27	4	1	348	42	147	1e-51	  157
scaffold2089074	OTU_0060	60.87	115	33	3	2	343	11	114	1e-44	  139
scaffold2113375	OTU_0097	78.95	114	8	4	3	344	48	145	2e-54	  166
scaffold2120225	OTU_0073	63.16	38	14	0	115	2	16	53	1e-13	57.8
scaffold2139032	OTU_0173	73.75	80	18	1	253	14	20	96	2e-39	  125
scaffold2158141	OTU_0205	50.60	83	21	3	22	270	37	99	1e-20	75.5
scaffold2175995	OTU_0053	53.06	49	23	0	149	3	1	49	5e-13	56.2
scaffold2178903	OTU_0018	63.06	111	17	4	1	333	77	163	2e-42	  133
scaffold2185670	OTU_0205	58.33	108	21	4	3	326	9	92	9e-34	  109
