scaffold00006	OTU_0214	27.84	176	116	2	315152	315658	1	172	2e-14	74.7
scaffold00060	OTU_0212	32.50	160	99	4	256962	256483	6	156	8e-15	74.7
scaffold00065	OTU_0067	76.00	175	30	4	107521	106997	2	164	1e-81	  268
scaffold00069	OTU_0011	43.24	259	109	7	120087	119311	20	240	2e-64	  221
scaffold00076	OTU_0214	27.00	200	123	8	230439	229855	1	182	2e-11	63.5
scaffold00088	OTU_0057	84.96	246	1	7	192784	193521	17	226	1e-123	  391
scaffold00129	OTU_0107	69.09	220	51	5	101631	100972	14	216	4e-94	  305
scaffold00197	OTU_0051	89.47	247	0	8	48196	47456	1	221	3e-131	  412
scaffold00232	OTU_0212	31.98	197	119	6	9705	9130	6	192	6e-12	64.7
scaffold00336	OTU_0170	54.34	265	90	7	66231	67019	1	236	5e-78	  259
scaffold00399	OTU_0156	59.39	197	71	4	92123	91539	21	210	6e-68	  229
scaffold00419	OTU_0214	25.60	207	133	7	43704	43096	1	190	2e-14	71.6
scaffold00762	OTU_0156	48.10	210	94	5	6823	6212	10	210	9e-59	  201
scaffold00803	OTU_0214	30.65	186	113	5	11603	12151	1	173	3e-13	67.4
scaffold00807	OTU_0089	90.77	195	1	6	43303	43887	1	178	8e-105	  333
scaffold00914	OTU_0047	35.57	149	82	4	31751	32197	4	138	2e-16	75.9
scaffold00914	OTU_0047	30.22	139	89	3	43089	42679	6	138	4e-11	59.7
scaffold00981	OTU_0170	86.13	274	0	7	41447	40626	1	236	3e-145	  451
scaffold01075	OTU_0212	29.81	161	104	4	26678	26196	6	157	2e-13	67.8
scaffold01130	OTU_0212	32.49	197	123	5	12648	12058	6	192	4e-18	82.4
scaffold01156	OTU_0156	66.18	207	58	5	24665	24045	16	210	2e-70	  235
scaffold01209	OTU_0214	30.61	196	120	5	32051	32635	1	181	3e-17	79.3
scaffold01214	OTU_0162	46.71	289	111	8	39160	38303	2	250	3e-67	  227
scaffold01291	OTU_0156	59.13	208	74	5	10474	11085	10	210	2e-72	  240
scaffold01332	OTU_0156	57.82	211	72	6	31609	32220	10	210	2e-68	  229
scaffold01613	OTU_0163	34.53	139	83	4	1104	1514	5	137	5e-18	80.1
scaffold01657	OTU_0173	66.89	148	37	3	20783	21226	20	155	4e-58	  197
scaffold01757	OTU_0163	42.03	138	70	4	25725	25318	5	134	1e-22	93.6
scaffold01972	OTU_0064	47.27	220	91	10	6975	7616	7	207	9e-52	  180
scaffold01984	OTU_0214	25.91	193	132	2	9802	10359	1	189	2e-19	85.5
scaffold02062	OTU_0214	31.00	200	116	7	16328	15744	1	183	2e-16	75.9
scaffold02165	OTU_0212	32.67	202	116	6	8363	7773	6	192	2e-19	85.1
scaffold02665	OTU_0163	36.17	141	77	4	13548	13955	5	137	1e-18	81.6
scaffold02878	OTU_0214	32.57	175	95	8	1590	1078	23	178	2e-12	63.5
scaffold02934	OTU_0214	24.31	181	118	6	7427	7936	1	173	3e-12	62.8
scaffold02993	OTU_0214	28.87	194	113	7	14958	14395	1	175	1e-13	66.6
scaffold03287	OTU_0214	27.59	174	117	5	13069	13569	1	172	4e-11	58.9
scaffold03343	OTU_0156	51.01	198	88	4	2828	3421	22	210	4e-54	  186
scaffold04277	OTU_0214	27.10	155	101	5	6514	6065	26	173	1e-13	66.6
scaffold04482	OTU_0212	28.89	225	135	6	2372	3031	1	205	7e-15	70.5
scaffold04605	OTU_0045	76.71	219	31	6	1897	2553	23	221	6e-104	  330
scaffold04712	OTU_0214	32.73	165	93	6	6383	6865	23	173	9e-12	60.5
scaffold05161	OTU_0206	55.20	250	81	6	10384	11127	18	238	5e-77	  253
scaffold05345	OTU_0212	35.17	145	73	5	557	985	10	135	2e-16	75.1
scaffold06099	OTU_0211	67.25	284	53	8	3323	4174	1	244	2e-99	  318
scaffold06171	OTU_0156	33.33	156	94	4	8671	9135	28	174	8e-19	82.4
scaffold06342	OTU_0156	57.82	211	72	6	2168	1557	10	210	2e-58	  198
scaffold06403	OTU_0156	58.22	213	75	6	4732	5364	10	210	4e-55	  188
scaffold06526	OTU_0214	26.67	180	112	6	40	570	20	182	2e-13	65.1
scaffold06605	OTU_0214	28.85	208	126	8	8397	9008	1	190	1e-12	62.8
scaffold06688	OTU_0071	35.46	141	79	4	5099	5521	16	144	8e-20	85.5
scaffold07013	OTU_0030	86.96	230	6	8	4699	4010	15	220	1e-107	  340
scaffold07303	OTU_0214	28.95	190	110	6	955	410	1	173	4e-11	58.2
scaffold07372	OTU_0214	30.65	186	113	5	6359	6907	1	173	4e-12	60.8
scaffold07466	OTU_0100	35.14	148	76	6	2282	2692	17	155	1e-16	74.7
scaffold07693	OTU_0035	30.19	212	125	7	3459	4064	1	199	3e-16	74.3
scaffold07701	OTU_0165	85.34	266	0	7	5149	5946	1	227	2e-139	  431
scaffold08595	OTU_0212	33.53	173	90	5	7230	7712	1	160	2e-14	68.6
scaffold08657	OTU_0214	27.72	184	108	7	877	368	1	173	3e-12	61.2
scaffold09050	OTU_0214	27.37	179	111	6	4651	4139	26	193	7e-11	57.0
scaffold09181	OTU_0212	25.75	167	109	4	2927	3427	5	156	8e-12	60.1
scaffold09560	OTU_0223	91.03	156	1	3	6644	7111	1	143	1e-77	  250
scaffold09907	OTU_0212	28.31	166	85	5	3221	2733	25	159	2e-11	58.5
scaffold09913	OTU_0156	54.77	199	77	5	1808	2392	21	210	9e-54	  184
scaffold10440	OTU_0212	29.47	207	119	7	856	263	6	194	1e-18	81.6
scaffold10690	OTU_0156	67.50	200	53	5	4203	4802	23	210	1e-82	  266
scaffold11289	OTU_0123	29.50	200	122	7	253	837	11	196	4e-17	76.6
scaffold11415	OTU_0212	38.51	174	86	7	2484	1963	1	153	3e-28	  110
scaffold11946	OTU_0123	31.45	159	102	2	4029	4505	11	162	2e-15	70.9
scaffold12937	OTU_0100	34.34	166	85	6	2778	2314	9	161	4e-19	81.6
scaffold13036	OTU_0212	31.14	167	94	5	1057	575	6	157	1e-15	71.2
scaffold13773	OTU_0144	90.40	177	0	4	5172	4642	23	182	7e-85	  271
scaffold14288	OTU_0166	30.72	166	89	5	3742	3284	7	159	2e-17	77.4
scaffold14445	OTU_0011	30.70	215	131	8	4430	3789	16	213	1e-17	78.2
scaffold15660	OTU_0064	54.17	120	40	3	5206	4847	103	207	2e-32	  122
scaffold18308	OTU_0025	31.68	202	120	7	928	329	7	192	1e-13	64.7
scaffold18607	OTU_0212	31.49	181	114	5	4234	3695	6	177	7e-16	72.0
scaffold19691	OTU_0156	30.65	124	84	1	2157	2522	66	189	3e-11	57.4
scaffold20154	OTU_0212	32.84	204	108	7	767	192	6	192	8e-19	81.3
scaffold23528	OTU_0005	59.72	72	25	1	3796	4011	18	85	7e-23	92.0
scaffold23702	OTU_0214	29.26	188	115	5	1540	2091	1	174	1e-12	61.6
scaffold24167	OTU_0214	30.56	144	79	7	2827	3228	1	133	9e-12	58.5
scaffold24679	OTU_0214	25.99	177	120	2	376	885	1	173	4e-17	75.5
scaffold25962	OTU_0173	70.27	148	32	3	1381	938	20	155	2e-61	  202
scaffold25987	OTU_0066	58.33	252	63	8	26	781	20	229	3e-84	  269
scaffold26003	OTU_0214	28.57	210	124	8	2018	1407	1	190	4e-15	69.3
scaffold27053	OTU_0005	67.57	148	43	2	3233	3676	17	159	5e-64	  209
scaffold29110	OTU_0214	30.29	208	125	6	2181	2798	1	190	6e-21	86.7
scaffold29843	OTU_0091	91.61	155	0	3	824	360	1	142	3e-87	  273
scaffold29888	OTU_0053	32.28	158	95	3	1249	776	25	170	2e-18	79.7
scaffold35074	OTU_0156	94.81	212	0	4	1739	2374	10	210	1e-115	  352
scaffold37540	OTU_0214	29.84	191	107	8	1607	2158	19	189	4e-12	59.3
scaffold38780	OTU_0156	62.91	213	67	5	2167	1529	10	210	1e-82	  261
scaffold40491	OTU_0015	85.66	272	0	7	2033	2848	1	233	8e-152	  446
scaffold40680	OTU_0214	26.96	204	132	8	51	653	1	190	5e-11	55.8
scaffold41348	OTU_0189	29.68	155	88	6	2195	2653	12	147	4e-11	55.8
scaffold42767	OTU_0053	27.36	212	137	6	2160	2771	29	231	8e-17	74.3
scaffold44733	OTU_0214	25.51	196	123	7	514	1050	1	190	3e-11	56.2
scaffold46442	OTU_0212	32.35	238	117	9	860	1555	6	205	5e-23	92.8
scaffold49050	OTU_0214	25.68	183	115	7	2131	1616	1	173	6e-13	61.6
scaffold49107	OTU_0067	80.00	40	8	0	121	2	3	42	2e-17	75.1
scaffold52497	OTU_0212	32.39	142	86	5	789	370	4	137	5e-15	68.2
scaffold54954	OTU_0107	89.17	240	2	8	1858	1139	1	216	1e-136	  400
scaffold56908	OTU_0214	29.90	194	111	7	1182	1745	1	175	3e-15	68.6
scaffold61612	OTU_0152	33.81	139	76	5	1316	900	36	158	1e-14	66.2
scaffold69812	OTU_0156	31.58	171	107	4	2036	1527	28	189	3e-16	72.0
scaffold70965	OTU_0191	37.24	145	82	5	1485	1919	6	141	9e-21	84.0
scaffold73933	OTU_0063	30.77	143	84	6	1709	1287	58	187	2e-12	59.7
scaffold74017	OTU_0214	27.27	198	123	6	1392	1973	1	181	6e-16	70.5
scaffold74144	OTU_0046	49.53	107	32	4	2020	1700	152	236	2e-22	90.9
scaffold74721	OTU_0214	28.57	231	105	9	116	793	1	176	4e-12	58.5
scaffold75754	OTU_0156	31.45	124	66	5	1538	1876	78	193	8e-11	55.1
scaffold80695	OTU_0156	65.84	202	57	5	282	887	21	210	2e-83	  258
scaffold80695	OTU_0156	71.00	200	46	5	1289	1888	23	210	3e-78	  244
scaffold83963	OTU_0212	35.06	174	97	5	1680	1171	7	168	3e-19	80.5
scaffold86823	OTU_0060	63.08	65	18	2	1845	1651	95	153	5e-19	79.0
scaffold87238	OTU_0214	29.51	183	115	7	1297	1824	1	176	2e-12	59.3
scaffold92782	OTU_0214	30.41	194	110	7	1776	1213	1	175	2e-16	71.6
scaffold94304	OTU_0062	31.15	122	65	5	1079	756	43	159	8e-11	53.9
scaffold99447	OTU_0078	88.14	194	3	5	2	583	6	179	6e-110	  323
scaffold99857	OTU_0214	24.38	201	140	4	686	1276	1	193	5e-14	63.9
scaffold101627	OTU_0008	43.65	197	75	7	1686	1099	77	238	2e-44	  152
scaffold103149	OTU_0021	91.32	219	2	6	102	758	10	211	1e-119	  349
scaffold103897	OTU_0214	26.21	206	136	3	563	1180	1	190	3e-11	55.8
scaffold105201	OTU_0155	85.78	225	11	6	510	1184	11	214	1e-126	  367
scaffold105502	OTU_0214	30.26	195	109	8	764	201	1	175	1e-15	69.3
scaffold115860	OTU_0009	25.93	189	110	7	919	389	34	204	4e-12	58.5
scaffold118754	OTU_0053	31.82	154	94	5	992	540	28	173	4e-16	70.9
scaffold119535	OTU_0163	32.64	144	85	4	1344	916	3	135	1e-17	73.9
scaffold120719	OTU_0005	59.49	79	28	1	1294	1530	20	94	8e-28	  103
scaffold121670	OTU_0214	27.54	167	93	7	646	173	26	173	2e-11	55.8
scaffold124375	OTU_0156	74.03	154	32	4	3	464	65	210	3e-69	  217
scaffold131479	OTU_0018	41.80	122	47	4	2	367	66	163	1e-18	77.0
scaffold132948	OTU_0088	89.82	167	0	5	4	504	1	150	9e-96	  283
scaffold133170	OTU_0212	85.43	247	1	7	1237	497	1	212	1e-138	  395
scaffold133396	OTU_0060	90.00	170	0	5	1446	937	1	153	4e-97	  286
scaffold135851	OTU_0189	31.54	149	84	5	302	748	17	147	3e-16	70.1
scaffold151467	OTU_0156	69.29	140	35	4	2	421	79	210	6e-46	  154
scaffold153983	OTU_0212	45.92	233	99	7	387	1085	1	206	7e-60	  191
scaffold155672	OTU_0123	35.44	158	89	5	788	1261	18	162	2e-22	89.4
scaffold167403	OTU_0214	28.48	151	99	4	713	276	1	147	2e-12	58.5
scaffold170942	OTU_0193	75.90	166	23	4	3	500	47	195	2e-81	  246
scaffold171007	OTU_0214	28.23	209	123	8	1154	549	1	189	4e-16	69.7
scaffold171552	OTU_0005	73.94	142	32	2	828	1253	17	153	2e-69	  214
scaffold171946	OTU_0212	28.33	240	120	8	514	1209	5	200	4e-18	75.9
scaffold176289	OTU_0115	56.90	58	21	1	1062	1235	1	54	1e-16	71.2
scaffold176741	OTU_0212	34.88	86	53	2	572	826	3	86	1e-11	56.6
scaffold177690	OTU_0156	61.71	175	56	4	520	2	10	175	3e-71	  219
scaffold186123	OTU_0061	36.27	102	56	4	684	385	66	160	7e-12	56.6
scaffold186623	OTU_0206	57.09	254	78	7	915	160	14	238	3e-87	  261
scaffold188320	OTU_0073	48.65	185	78	4	635	1189	25	192	2e-54	  176
scaffold199785	OTU_0214	22.51	191	131	5	226	768	1	184	5e-12	57.4
scaffold204550	OTU_0191	31.94	144	73	6	655	224	25	143	1e-12	58.5
scaffold206643	OTU_0214	26.34	205	130	7	116	718	1	188	1e-16	71.2
scaffold207230	OTU_0214	28.08	146	92	2	472	35	1	133	4e-11	54.3
scaffold210243	OTU_0212	30.51	177	80	5	240	764	2	137	2e-14	64.7
scaffold212823	OTU_0189	33.10	145	78	5	352	786	22	147	2e-14	63.9
scaffold214285	OTU_0214	32.20	177	106	4	524	1027	18	189	5e-22	85.9
scaffold215092	OTU_0083	54.27	164	58	6	3	494	3	149	3e-45	  149
scaffold215543	OTU_0156	29.51	122	84	1	795	436	66	187	9e-12	56.6
scaffold219809	OTU_0201	33.10	145	77	7	721	305	16	146	2e-11	54.7
scaffold222971	OTU_0100	35.78	109	57	3	751	1077	24	119	1e-14	64.3
scaffold228422	OTU_0214	29.90	194	111	7	235	798	1	175	8e-17	71.2
scaffold232648	OTU_0214	26.09	138	96	3	499	909	1	133	4e-13	60.5
scaffold233902	OTU_0090	91.61	155	0	3	131	595	1	142	1e-84	  249
scaffold235121	OTU_0152	64.91	114	36	2	711	1052	10	119	3e-44	  145
scaffold236021	OTU_0214	26.17	149	92	5	459	19	1	133	1e-11	55.8
scaffold237174	OTU_0090	64.94	77	23	1	231	1	5	77	9e-31	  108
scaffold237360	OTU_0172	88.34	223	4	5	781	113	6	206	4e-135	  381
scaffold238213	OTU_0214	30.07	153	89	5	494	42	1	137	5e-13	60.1
scaffold241319	OTU_0214	24.29	140	97	3	434	30	1	136	2e-11	55.5
scaffold243136	OTU_0214	32.50	120	70	4	531	884	26	136	2e-11	55.5
scaffold244438	OTU_0046	43.42	76	23	3	1	228	184	239	9e-13	59.7
scaffold257026	OTU_0079	35.34	116	65	3	341	6	23	132	7e-14	61.6
scaffold258169	OTU_0173	29.34	167	86	6	171	671	19	153	9e-12	55.5
scaffold261287	OTU_0214	23.86	176	127	4	94	609	1	173	2e-12	58.2
scaffold265099	OTU_0009	56.28	215	75	7	959	315	26	221	8e-58	  182
scaffold266601	OTU_0152	45.60	125	53	5	838	494	11	130	1e-25	95.1
scaffold268041	OTU_0204	27.27	209	128	7	658	47	19	208	8e-12	56.6
scaffold269745	OTU_0156	65.81	155	46	3	459	1	10	159	9e-68	  208
scaffold272434	OTU_0018	58.26	115	25	4	969	625	72	163	4e-38	  129
scaffold281742	OTU_0214	28.21	156	96	4	416	856	26	174	2e-13	61.2
scaffold283326	OTU_0033	30.89	123	76	4	668	300	23	136	6e-11	52.8
scaffold287927	OTU_0018	35.90	117	43	4	2	352	78	162	7e-17	70.1
scaffold289098	OTU_0214	28.03	132	89	3	405	22	1	130	2e-11	55.1
scaffold289511	OTU_0179	68.55	124	24	3	3	374	87	195	5e-36	  124
scaffold294297	OTU_0212	28.85	156	82	5	830	363	12	138	5e-11	53.9
scaffold294399	OTU_0124	46.36	151	68	3	453	1	15	152	2e-40	  135
scaffold297867	OTU_0214	28.04	189	120	3	597	31	1	173	9e-19	75.9
scaffold303198	OTU_0156	34.03	144	89	2	558	130	28	166	3e-13	60.5
scaffold312446	OTU_0162	52.76	127	35	4	58	438	145	246	1e-30	  110
scaffold317782	OTU_0188	73.33	165	31	3	496	2	4	155	1e-78	  233
scaffold319475	OTU_0163	90.91	154	0	3	772	311	1	140	5e-93	  269
scaffold327270	OTU_0212	31.55	168	92	6	3	485	6	157	3e-16	68.6
scaffold328776	OTU_0214	30.23	129	81	3	757	374	4	124	5e-12	56.6
scaffold335974	OTU_0152	65.31	98	30	2	569	862	14	107	1e-39	  132
scaffold337578	OTU_0212	45.54	224	98	6	197	859	5	207	4e-58	  182
scaffold344629	OTU_0205	76.52	115	2	4	702	358	18	107	5e-52	  162
scaffold346334	OTU_0139	66.67	129	36	3	388	2	2	123	2e-52	  164
scaffold346894	OTU_0057	29.33	208	101	10	649	47	45	213	1e-12	58.9
scaffold349023	OTU_0057	23.49	166	113	4	500	3	1	152	4e-12	57.4
scaffold352946	OTU_0098	56.96	79	14	3	1	237	70	128	7e-23	85.9
scaffold355303	OTU_0215	30.61	98	61	2	159	452	8	98	2e-11	53.9
scaffold364782	OTU_0214	26.12	134	90	3	384	7	1	133	3e-15	65.5
scaffold374666	OTU_0188	68.48	165	39	3	213	707	13	164	3e-74	  221
scaffold379988	OTU_0212	41.67	96	50	2	372	85	6	95	3e-15	65.9
scaffold382633	OTU_0192	69.39	49	14	1	659	802	5	53	1e-19	77.0
scaffold384513	OTU_0209	92.13	178	0	3	612	79	1	164	1e-115	  327
scaffold392777	OTU_0214	27.01	137	91	3	376	762	1	136	1e-11	55.5
scaffold397332	OTU_0064	47.55	143	57	5	784	362	81	207	1e-33	  117
scaffold424525	OTU_0056	44.55	101	33	4	1	303	65	142	1e-17	70.9
scaffold426552	OTU_0064	53.01	83	33	2	3	251	131	207	1e-24	92.4
scaffold428406	OTU_0111	88.27	179	1	6	738	202	1	159	6e-82	  240
scaffold442314	OTU_0163	31.69	142	85	6	624	205	4	135	7e-14	60.1
scaffold453706	OTU_0134	31.61	155	92	6	61	510	53	198	6e-13	58.9
scaffold453977	OTU_0214	25.62	203	136	5	70	672	1	190	6e-13	58.5
scaffold457007	OTU_0214	29.37	143	91	2	470	42	1	133	2e-12	56.6
scaffold462797	OTU_0214	31.16	138	84	4	501	115	1	136	8e-15	63.5
scaffold463317	OTU_0214	40.91	66	39	0	367	170	1	66	4e-12	55.8
scaffold465018	OTU_0192	65.34	176	47	4	528	1	1	162	2e-76	  225
scaffold466893	OTU_0005	70.18	114	29	2	377	718	18	126	2e-52	  164
scaffold484399	OTU_0212	32.22	90	55	2	275	6	7	90	2e-11	54.3
scaffold493787	OTU_0005	61.00	100	34	2	320	21	22	116	8e-41	  134
scaffold501266	OTU_0214	29.68	155	87	5	470	18	1	137	6e-14	60.8
scaffold516380	OTU_0212	25.29	170	97	5	82	588	3	143	2e-12	57.0
scaffold516575	OTU_0136	29.07	172	109	5	659	156	5	167	3e-11	53.1
scaffold542246	OTU_0060	52.03	123	44	3	1	369	46	153	4e-34	  115
scaffold546142	OTU_0206	56.50	200	60	6	2	595	64	238	1e-66	  202
scaffold555030	OTU_0066	41.94	155	57	5	2	466	119	240	3e-30	  107
scaffold562782	OTU_0175	68.13	182	39	5	647	102	54	216	1e-60	  186
scaffold564500	OTU_0098	52.33	86	21	3	646	389	66	131	4e-23	85.5
scaffold576213	OTU_0156	67.40	181	47	5	640	98	42	210	3e-78	  231
scaffold580314	OTU_0117	28.85	156	83	7	138	566	21	161	7e-11	51.6
scaffold580888	OTU_0092	69.03	113	30	2	296	634	3	110	2e-45	  144
scaffold585724	OTU_0128	32.04	103	63	2	204	512	48	143	1e-11	53.1
scaffold593250	OTU_0035	34.78	115	70	2	625	284	66	176	4e-13	58.5
scaffold595508	OTU_0005	65.79	76	22	1	402	629	17	88	3e-29	  102
scaffold604596	OTU_0213	86.27	102	9	2	318	623	1	97	9e-59	  181
scaffold612074	OTU_0227	33.68	95	57	2	342	620	12	102	1e-14	61.6
scaffold640227	OTU_0057	32.43	185	99	10	544	11	49	214	4e-12	55.8
scaffold644985	OTU_0212	38.04	92	50	2	304	579	6	90	3e-13	58.9
scaffold647428	OTU_0136	31.88	138	81	4	120	509	33	165	1e-12	56.2
scaffold650606	OTU_0003	66.86	175	44	3	74	598	1	161	4e-78	  228
scaffold653669	OTU_0054	28.68	136	70	3	437	81	67	192	6e-12	55.1
scaffold656905	OTU_0159	79.07	43	9	0	135	7	1	43	2e-20	78.2
scaffold660455	OTU_0009	25.71	175	109	6	14	523	46	204	3e-13	58.5
scaffold684605	OTU_0156	77.31	119	22	2	357	1	23	136	2e-59	  182
scaffold688499	OTU_0214	31.06	161	90	9	2	445	21	173	8e-11	51.6
scaffold690533	OTU_0062	71.74	46	13	0	139	2	4	49	2e-18	72.4
scaffold693252	OTU_0156	57.50	120	44	3	354	1	10	124	7e-41	  134
scaffold716669	OTU_0214	38.03	71	43	1	379	170	4	74	2e-11	53.1
scaffold720863	OTU_0212	36.67	150	82	4	101	538	7	147	4e-19	75.5
scaffold734059	OTU_0087	89.22	167	1	4	555	55	32	181	1e-102	  291
scaffold744736	OTU_0072	78.82	85	13	2	536	282	90	169	8e-43	  137
scaffold749923	OTU_0057	28.06	139	84	5	55	435	80	214	8e-11	52.0
scaffold753395	OTU_0214	28.85	156	91	5	47	505	1	139	4e-12	55.1
scaffold754424	OTU_0033	74.58	59	11	1	179	3	1	55	2e-27	96.7
scaffold754857	OTU_0173	69.16	107	29	2	231	551	20	122	2e-50	  156
scaffold756066	OTU_0212	41.40	186	81	8	5	550	33	194	1e-35	  120
scaffold757884	OTU_0156	56.98	172	63	5	551	36	50	210	5e-61	  185
scaffold766924	OTU_0033	74.10	139	30	3	419	3	2	134	7e-70	  206
scaffold777123	OTU_0214	36.76	68	42	1	314	514	1	68	4e-11	52.4
scaffold784792	OTU_0104	60.00	175	53	4	17	541	2	159	9e-65	  195
scaffold797898	OTU_0214	63.27	49	17	1	535	389	142	189	2e-13	58.2
scaffold801598	OTU_0013	72.36	123	23	5	6	374	33	144	4e-55	  168
scaffold814578	OTU_0139	74.60	126	26	2	378	1	3	122	5e-62	  185
scaffold819361	OTU_0046	43.75	112	38	5	478	146	152	239	2e-20	78.6
scaffold820713	OTU_0212	34.51	142	79	2	485	60	7	134	3e-14	60.8
scaffold838568	OTU_0173	66.96	115	26	3	1	345	53	155	6e-47	  147
scaffold846546	OTU_0021	100.00	25	0	0	443	517	10	34	2e-14	61.2
scaffold853812	OTU_0103	42.86	98	51	2	385	92	25	117	1e-22	84.3
scaffold858085	OTU_0024	58.73	63	23	1	191	3	2	61	1e-19	76.3
scaffold860206	OTU_0163	40.00	80	43	2	302	63	21	95	3e-12	54.3
scaffold871724	OTU_0211	84.62	39	6	0	393	509	1	39	7e-19	74.3
scaffold882639	OTU_0156	32.31	130	79	4	495	109	62	183	4e-13	57.8
scaffold900541	OTU_0134	35.06	77	48	1	345	115	15	89	5e-11	52.0
scaffold915287	OTU_0152	56.86	102	40	2	308	3	10	107	6e-27	95.1
scaffold921688	OTU_0013	66.67	147	38	5	494	54	12	147	7e-64	  190
scaffold924024	OTU_0214	30.91	110	68	3	87	407	1	105	3e-11	52.0
scaffold941927	OTU_0214	37.84	74	44	1	248	33	1	74	7e-11	50.8
scaffold944020	OTU_0098	38.16	76	27	2	4	231	76	131	2e-11	51.6
scaffold947577	OTU_0111	31.68	101	63	2	353	51	1	95	2e-11	51.6
scaffold965063	OTU_0199	34.40	125	62	5	4	360	44	154	2e-12	54.7
scaffold967980	OTU_0214	28.08	146	84	5	25	456	9	135	1e-10	50.4
scaffold968170	OTU_0018	53.76	93	22	3	476	198	92	163	1e-27	97.1
scaffold980496	OTU_0211	65.91	44	15	0	346	477	27	70	6e-17	68.6
scaffold992892	OTU_0002	56.33	158	50	5	3	470	6	146	1e-52	  161
scaffold994904	OTU_0076	43.33	90	31	3	20	289	63	132	8e-16	63.9
scaffold996165	OTU_0112	28.05	164	100	4	465	1	42	196	3e-14	60.1
scaffold996467	OTU_0214	32.59	135	80	4	459	82	1	133	7e-14	59.3
scaffold997714	OTU_0067	65.61	157	42	4	472	2	17	161	4e-68	  201
scaffold1006647	OTU_0074	46.15	156	69	4	471	4	82	222	1e-29	  103
scaffold1019607	OTU_0005	70.20	151	40	2	11	463	18	163	1e-75	  220
scaffold1029488	OTU_0064	65.67	67	17	2	464	264	147	207	6e-23	85.1
scaffold1030161	OTU_0073	53.38	133	46	5	1	399	103	219	4e-39	  128
scaffold1038536	OTU_0079	32.71	107	66	2	43	363	12	112	8e-15	61.6
scaffold1038805	OTU_0139	67.21	61	14	1	278	460	16	70	1e-25	90.5
scaffold1043664	OTU_0025	44.00	75	36	2	245	21	7	75	3e-13	57.4
scaffold1046692	OTU_0212	32.64	144	80	4	422	6	10	141	4e-21	80.1
scaffold1050912	OTU_0191	35.29	85	45	2	327	73	15	89	7e-12	52.8
scaffold1057215	OTU_0212	40.00	80	42	1	217	456	4	77	2e-12	55.5
scaffold1072047	OTU_0214	26.62	154	94	5	439	5	26	169	1e-13	58.2
scaffold1083859	OTU_0019	71.56	109	22	2	444	118	64	163	5e-52	  159
scaffold1084893	OTU_0156	67.61	142	38	4	6	431	77	210	6e-61	  184
scaffold1090169	OTU_0022	81.13	106	15	2	132	449	14	114	6e-58	  176
scaffold1105487	OTU_0185	38.98	118	47	5	446	105	78	174	5e-17	67.8
scaffold1106043	OTU_0214	30.08	133	79	4	392	18	21	147	1e-11	52.4
scaffold1116988	OTU_0077	79.55	44	9	0	312	443	14	57	1e-20	78.2
scaffold1119212	OTU_0212	39.13	92	49	2	343	68	6	90	3e-11	52.0
scaffold1119595	OTU_0096	66.67	96	27	2	290	3	14	104	6e-44	  139
scaffold1120553	OTU_0214	42.42	66	38	0	417	220	1	66	3e-12	54.3
scaffold1156368	OTU_0172	63.11	103	33	2	123	431	12	109	2e-43	  138
scaffold1158345	OTU_0071	38.82	85	47	2	107	361	16	95	6e-15	62.0
scaffold1163649	OTU_0002	88.19	144	0	4	2	433	17	143	8e-85	  242
scaffold1163886	OTU_0010	90.28	144	0	3	1	432	34	163	4e-87	  251
scaffold1164932	OTU_0204	67.88	137	27	5	2	412	94	213	3e-55	  169
scaffold1185082	OTU_0013	59.62	52	2	3	1	156	122	154	2e-11	51.2
scaffold1187439	OTU_0205	42.86	119	38	4	4	360	19	107	6e-26	90.5
scaffold1202266	OTU_0033	36.26	91	54	1	111	371	42	132	1e-11	52.0
scaffold1202393	OTU_0070	36.11	108	52	3	42	359	3	95	1e-11	52.0
scaffold1214205	OTU_0201	75.44	57	10	1	252	422	1	53	8e-25	88.6
scaffold1226172	OTU_0162	44.27	131	47	4	9	401	146	250	2e-34	  116
scaffold1243225	OTU_0013	67.15	137	34	5	3	413	18	143	9e-60	  179
scaffold1250310	OTU_0156	30.77	130	82	3	1	390	45	166	4e-13	57.0
scaffold1258513	OTU_0212	32.50	120	69	5	362	33	3	120	5e-14	59.3
scaffold1263060	OTU_0035	69.85	136	35	3	408	1	8	137	3e-64	  192
scaffold1265163	OTU_0214	32.85	137	79	6	7	414	9	133	2e-15	63.2
scaffold1295035	OTU_0212	59.43	106	38	2	320	3	1	101	2e-42	  135
scaffold1302068	OTU_0156	47.62	105	51	2	400	86	110	210	5e-29	  100
scaffold1324904	OTU_0173	67.00	100	29	2	302	3	20	115	2e-45	  142
scaffold1327087	OTU_0227	70.25	121	32	2	370	8	12	128	3e-57	  172
scaffold1346463	OTU_0199	34.56	136	75	3	399	1	27	151	7e-17	67.0
scaffold1350488	OTU_0067	71.43	77	18	1	170	400	1	73	6e-38	  122
scaffold1353258	OTU_0142	64.44	135	41	3	1	399	29	158	3e-53	  162
scaffold1369418	OTU_0222	63.30	109	16	4	397	71	158	242	3e-41	  133
scaffold1382300	OTU_0018	51.47	68	14	3	393	190	111	159	6e-15	61.2
scaffold1392926	OTU_0214	43.33	60	33	1	77	253	9	68	7e-12	52.8
scaffold1401308	OTU_0155	58.33	108	29	4	1	324	123	214	1e-34	  115
scaffold1403221	OTU_0005	37.11	97	57	3	3	290	70	163	2e-11	51.2
scaffold1414999	OTU_0214	31.65	79	53	1	322	89	4	82	3e-11	51.2
scaffold1427389	OTU_0214	34.21	76	48	1	308	81	1	74	5e-11	50.4
scaffold1448635	OTU_0177	63.95	86	27	1	120	377	9	90	3e-36	  117
scaffold1456160	OTU_0064	35.58	104	52	3	11	322	119	207	2e-15	62.8
scaffold1466926	OTU_0212	38.89	72	39	1	166	381	7	73	1e-11	52.4
scaffold1488750	OTU_0214	34.25	73	47	1	299	84	1	73	6e-12	52.8
scaffold1498280	OTU_0214	34.43	122	67	6	348	4	1	116	3e-14	59.3
scaffold1505132	OTU_0123	68.75	96	10	3	9	296	157	232	1e-36	  121
scaffold1505891	OTU_0145	79.09	110	18	2	45	374	20	124	3e-58	  174
scaffold1520814	OTU_0022	80.95	84	12	1	123	374	14	93	3e-45	  142
scaffold1535028	OTU_0156	65.29	121	36	3	1	363	84	198	2e-51	  158
scaffold1552856	OTU_0214	30.83	120	77	3	355	11	18	136	5e-15	61.6
scaffold1559740	OTU_0013	70.94	117	25	4	366	16	22	129	8e-54	  162
scaffold1568908	OTU_0032	36.11	72	42	1	152	367	22	89	4e-12	53.5
scaffold1569398	OTU_0214	41.18	51	29	1	166	17	4	54	7e-11	50.1
scaffold1584195	OTU_0204	70.30	101	25	2	58	357	1	97	3e-48	  150
scaffold1597001	OTU_0098	55.56	72	12	3	3	218	80	131	3e-20	75.5
scaffold1618561	OTU_0076	84.47	103	2	4	359	51	21	109	6e-53	  159
scaffold1622208	OTU_0067	36.79	106	60	3	1	318	58	156	2e-14	59.7
scaffold1627562	OTU_0079	34.38	96	57	3	292	5	23	112	5e-12	52.8
scaffold1631491	OTU_0046	70.00	50	15	0	161	12	10	59	5e-21	79.0
scaffold1643487	OTU_0062	62.24	98	33	1	64	357	3	96	4e-38	  122
scaffold1644709	OTU_0128	57.14	84	27	2	3	254	72	146	2e-28	97.4
scaffold1658856	OTU_0018	52.75	91	23	3	331	59	92	162	2e-25	89.7
scaffold1659102	OTU_0005	77.92	77	13	1	125	355	18	90	4e-40	  127
scaffold1683758	OTU_0204	69.32	88	20	2	352	89	133	213	1e-36	  120
scaffold1697678	OTU_0054	59.68	62	17	3	350	165	167	220	4e-17	67.4
scaffold1711752	OTU_0100	36.11	108	57	3	347	24	24	119	5e-14	58.5
scaffold1737861	OTU_0212	41.18	68	33	2	244	44	6	67	2e-12	54.3
scaffold1741280	OTU_0011	49.00	100	44	2	58	345	6	102	1e-30	  105
scaffold1743600	OTU_0212	39.13	92	49	2	11	286	6	90	1e-13	57.8
scaffold1749163	OTU_0100	39.78	93	40	4	94	345	64	149	6e-11	49.7
scaffold1756719	OTU_0098	54.17	96	26	4	60	341	12	91	2e-26	91.3
scaffold1760569	OTU_0100	35.71	98	57	2	8	301	25	116	6e-15	61.2
scaffold1774489	OTU_0163	33.04	115	66	5	13	342	22	130	1e-11	51.2
scaffold1777877	OTU_0087	55.26	114	42	3	336	1	70	176	1e-36	  119
scaffold1790326	OTU_0067	65.49	113	31	3	3	341	6	110	5e-51	  155
scaffold1805831	OTU_0032	53.26	92	28	3	5	280	132	208	1e-23	85.9
scaffold1826869	OTU_0005	73.33	30	8	0	91	2	22	51	1e-13	57.0
scaffold1828444	OTU_0085	39.29	112	50	2	336	1	115	208	3e-19	73.6
scaffold1830269	OTU_0145	79.09	110	17	3	1	330	32	135	7e-45	  140
scaffold1830470	OTU_0024	79.52	83	14	1	32	280	1	80	3e-43	  137
scaffold1833454	OTU_0018	50.00	72	15	3	2	217	113	163	1e-16	65.9
scaffold1852759	OTU_0095	67.62	105	20	2	329	15	90	180	2e-34	  113
scaffold1853664	OTU_0156	58.18	110	41	2	3	332	29	133	2e-41	  132
scaffold1857099	OTU_0214	38.10	63	38	1	25	210	4	66	6e-13	55.5
scaffold1859260	OTU_0033	69.37	111	28	3	333	1	8	112	9e-51	  154
scaffold1883901	OTU_0065	47.69	65	15	3	1	195	74	119	3e-12	52.8
scaffold1892419	OTU_0159	35.23	88	52	2	27	290	11	93	2e-12	53.1
scaffold1893447	OTU_0188	67.92	106	25	2	11	328	61	157	4e-47	  145
scaffold1895447	OTU_0085	61.68	107	26	3	2	322	101	192	8e-38	  123
scaffold1898787	OTU_0151	34.78	115	64	4	325	2	59	169	4e-13	55.8
scaffold1902277	OTU_0205	47.50	80	22	3	329	90	48	107	2e-16	63.9
scaffold1915593	OTU_0156	63.39	112	31	3	3	323	102	208	2e-42	  134
scaffold1951968	OTU_0185	38.94	113	41	4	6	314	78	172	5e-18	69.3
scaffold1957021	OTU_0167	68.67	83	20	2	323	75	138	214	3e-37	  121
scaffold1967669	OTU_0156	44.76	105	54	2	9	323	110	210	4e-26	92.0
scaffold1968438	OTU_0224	94.52	73	0	1	219	1	18	86	2e-45	  140
scaffold1990403	OTU_0214	37.18	78	44	1	9	227	1	78	3e-12	53.1
