scaffold00006	OTU_0106	62.02	208	60	6	298273	297653	2	191	8e-64	  219
scaffold00056	OTU_0214	29.66	145	92	4	62884	63315	1	136	2e-11	63.5
scaffold00262	OTU_0147	84.62	260	0	8	68415	69194	12	231	3e-130	  409
scaffold00281	OTU_0214	31.25	176	110	5	75742	75218	9	174	7e-13	67.0
scaffold00469	OTU_0162	46.44	267	100	7	24837	25619	17	246	1e-63	  218
scaffold00469	OTU_0162	45.63	263	101	10	23570	24322	3	235	1e-47	  171
scaffold00570	OTU_0005	35.78	109	64	3	47751	47434	48	153	1e-10	59.3
scaffold00634	OTU_0001	87.89	190	0	5	8251	8820	24	190	3e-97	  311
scaffold01464	OTU_0005	97.04	169	0	2	12960	13466	1	164	8e-96	  306
scaffold02179	OTU_0214	29.69	192	110	7	18900	19457	1	173	5e-12	62.4
scaffold02911	OTU_0132	91.62	191	0	4	17541	18113	11	185	7e-108	  341
scaffold03206	OTU_0214	29.80	151	97	4	8939	9376	1	147	1e-11	60.5
scaffold03243	OTU_0212	32.67	202	116	6	1750	2340	6	192	2e-19	85.1
scaffold03316	OTU_0212	28.74	167	98	5	3187	3669	6	157	6e-14	68.2
scaffold04709	OTU_0214	25.62	203	136	5	11674	11072	1	190	2e-11	59.3
scaffold04750	OTU_0214	29.17	216	123	8	12090	12722	1	191	4e-13	65.1
scaffold05220	OTU_0228	65.86	249	49	7	14906	14160	1	213	2e-100	  320
scaffold05266	OTU_0214	29.61	179	106	6	13074	12547	20	181	4e-14	67.8
scaffold05714	OTU_0105	81.76	159	0	5	10699	10223	1	130	6e-75	  243
scaffold06297	OTU_0189	30.32	155	87	6	9309	9767	12	147	1e-11	59.7
scaffold09490	OTU_0156	33.33	156	94	4	961	497	28	174	8e-19	82.4
scaffold11009	OTU_0214	27.51	189	118	7	6637	7194	1	173	5e-12	60.5
scaffold11185	OTU_0156	58.25	206	74	5	7099	6482	17	210	2e-67	  223
scaffold11185	OTU_0156	35.03	157	83	5	3372	3833	27	167	1e-17	78.6
scaffold12533	OTU_0134	64.20	257	60	7	1506	2276	1	225	5e-101	  321
scaffold14243	OTU_0201	35.71	140	65	6	450	863	25	141	1e-13	65.1
scaffold14270	OTU_0163	42.03	138	70	4	3106	2699	5	134	3e-23	93.6
scaffold16530	OTU_0156	29.81	161	102	4	3290	3772	27	176	2e-15	71.2
scaffold17074	OTU_0163	37.50	136	77	3	3841	3440	5	134	1e-20	85.5
scaffold17242	OTU_0156	57.82	211	72	6	5386	4775	10	210	2e-69	  229
scaffold18029	OTU_0214	28.71	209	127	8	4886	5503	1	190	6e-17	75.5
scaffold23411	OTU_0156	61.97	213	67	6	1999	1367	10	210	1e-78	  254
scaffold25585	OTU_0214	31.18	186	112	5	3423	2875	1	173	7e-14	65.5
scaffold28679	OTU_0214	22.77	202	144	4	2466	1867	1	192	1e-12	61.6
scaffold29368	OTU_0214	93.29	149	0	3	1	447	55	193	4e-86	  273
scaffold29668	OTU_0189	32.03	153	84	6	3184	2729	14	147	3e-12	60.1
scaffold32110	OTU_0214	26.32	209	130	8	3456	2842	1	189	1e-13	64.3
scaffold34605	OTU_0214	32.57	175	95	8	2034	2546	23	178	2e-13	63.5
scaffold34621	OTU_0214	22.77	202	140	7	3549	2962	1	192	2e-12	60.8
scaffold36754	OTU_0214	26.96	204	127	6	1303	722	1	192	1e-11	58.2
scaffold38167	OTU_0156	51.43	210	87	5	1121	510	10	210	6e-66	  216
scaffold41215	OTU_0134	62.89	256	63	8	1943	1176	2	225	2e-92	  290
scaffold42916	OTU_0226	37.40	131	69	4	2608	2997	34	152	8e-16	70.5
scaffold44488	OTU_0156	66.99	206	56	5	598	1215	17	210	1e-83	  265
scaffold45067	OTU_0212	28.00	225	137	6	1766	1107	1	205	8e-14	64.7
scaffold48188	OTU_0204	27.27	209	128	7	1082	471	19	208	4e-11	56.2
scaffold50615	OTU_0152	61.34	119	41	3	2344	2697	12	126	4e-45	  154
scaffold52502	OTU_0168	90.64	203	1	5	2529	1921	1	185	3e-117	  351
scaffold53968	OTU_0189	30.97	155	86	6	1650	2108	12	147	9e-13	60.8
scaffold59138	OTU_0134	59.38	256	73	6	2001	1234	1	225	7e-92	  284
scaffold63710	OTU_0191	79.07	43	9	0	131	3	1	43	3e-19	79.7
scaffold64058	OTU_0228	34.26	108	60	2	406	696	34	141	2e-11	56.6
scaffold68325	OTU_0214	28.19	188	118	5	1	558	17	189	1e-13	63.5
scaffold69496	OTU_0005	27.64	123	78	3	459	91	46	157	6e-11	54.7
scaffold69911	OTU_0212	31.90	163	98	6	484	2	6	157	5e-13	61.6
scaffold73110	OTU_0054	34.13	167	83	8	212	688	73	220	2e-11	57.0
scaffold76155	OTU_0214	25.96	208	133	7	713	99	1	190	4e-16	71.2
scaffold78383	OTU_0214	27.14	199	125	7	1199	1783	1	183	4e-16	71.2
scaffold79642	OTU_0045	72.63	190	36	4	572	3	14	187	6e-84	  259
scaffold90205	OTU_0156	70.20	198	47	5	1766	1173	25	210	1e-86	  265
scaffold91634	OTU_0212	30.05	193	117	7	1461	898	10	189	5e-16	70.5
scaffold95162	OTU_0214	27.37	190	119	5	602	39	1	173	1e-12	60.1
scaffold127231	OTU_0138	77.03	148	0	5	1384	941	1	114	5e-67	  207
scaffold127345	OTU_0214	27.37	179	113	5	457	987	20	183	2e-16	70.9
scaffold127875	OTU_0024	41.98	81	22	2	275	33	20	75	5e-11	55.1
scaffold130604	OTU_0039	66.33	196	44	5	776	1363	5	178	1e-84	  255
scaffold133311	OTU_0105	58.02	81	14	3	3	245	70	130	3e-21	83.6
scaffold140833	OTU_0170	44.98	209	80	7	1276	653	61	235	1e-51	  170
scaffold145305	OTU_0162	86.59	246	11	6	470	1207	1	224	2e-146	  414
scaffold147322	OTU_0189	28.39	155	90	6	540	998	12	147	6e-11	53.9
scaffold147933	OTU_0128	30.65	124	73	6	297	668	36	146	5e-12	56.6
scaffold148480	OTU_0189	30.32	155	87	6	596	138	12	147	1e-11	55.8
scaffold152665	OTU_0116	31.54	149	81	6	435	7	21	154	1e-15	67.8
scaffold153073	OTU_0214	30.34	145	89	5	794	1219	1	136	3e-11	55.1
scaffold155516	OTU_0229	32.12	137	70	5	696	1070	17	142	4e-15	65.9
scaffold163934	OTU_0008	96.00	100	0	1	868	1167	1	96	8e-60	  190
scaffold168224	OTU_0214	29.47	95	59	2	310	50	1	95	7e-12	56.6
scaffold169328	OTU_0156	53.03	198	84	4	311	904	22	210	2e-68	  212
scaffold178619	OTU_0097	45.53	246	98	6	1068	331	24	233	6e-63	  197
scaffold185565	OTU_0156	48.57	210	93	5	256	867	10	210	1e-63	  198
scaffold210998	OTU_0067	83.53	85	10	1	256	2	1	81	4e-46	  150
scaffold213907	OTU_0214	36.47	85	49	2	968	717	112	192	1e-12	58.5
scaffold222792	OTU_0057	30.34	178	97	8	716	243	44	214	8e-12	57.0
scaffold223606	OTU_0214	27.61	134	88	3	410	33	1	133	8e-15	64.7
scaffold227122	OTU_0019	75.78	161	26	3	921	439	16	163	4e-82	  243
scaffold231615	OTU_0220	40.00	90	32	3	904	635	48	115	1e-12	57.8
scaffold241918	OTU_0212	29.31	174	89	8	664	176	58	208	5e-12	57.0
scaffold259954	OTU_0057	52.50	240	82	8	39	755	18	226	2e-76	  230
scaffold260501	OTU_0163	29.29	140	93	2	288	707	4	137	2e-15	65.1
scaffold260647	OTU_0057	29.05	148	89	5	383	790	80	223	3e-12	58.2
scaffold274193	OTU_0108	90.91	154	0	4	361	822	12	151	6e-92	  266
scaffold310671	OTU_0214	29.78	178	101	7	754	230	33	189	1e-16	68.9
scaffold331059	OTU_0005	63.75	80	25	1	241	2	20	95	2e-32	  112
scaffold336837	OTU_0214	26.70	191	118	6	70	627	1	174	1e-12	57.8
scaffold351541	OTU_0018	46.05	76	21	3	3	230	104	159	2e-14	62.0
scaffold356434	OTU_0185	42.37	118	43	4	1	354	82	174	3e-24	90.1
scaffold363122	OTU_0156	28.34	187	119	6	16	573	38	210	3e-12	56.6
scaffold376031	OTU_0067	69.23	39	12	0	547	663	1	39	2e-16	67.0
scaffold378036	OTU_0054	35.00	120	66	5	517	167	69	179	6e-12	55.8
scaffold392987	OTU_0171	72.67	150	25	4	194	643	7	140	2e-67	  201
scaffold396954	OTU_0098	41.30	138	49	5	33	446	26	131	8e-26	92.8
scaffold400148	OTU_0031	29.75	158	102	3	481	11	23	172	3e-18	73.2
scaffold400195	OTU_0134	29.07	172	107	8	133	636	25	185	8e-13	57.8
scaffold402505	OTU_0156	60.41	197	69	4	609	25	21	210	4e-68	  204
scaffold425973	OTU_0062	69.39	49	15	0	466	612	12	60	2e-20	78.2
scaffold450402	OTU_0006	89.23	130	0	3	3	392	5	120	4e-75	  219
scaffold462252	OTU_0085	80.31	193	19	4	579	1	25	198	3e-93	  269
scaffold465723	OTU_0228	60.42	192	58	5	576	1	10	183	6e-73	  216
scaffold466743	OTU_0064	30.43	138	78	5	154	564	32	152	8e-13	57.4
scaffold467299	OTU_0214	28.02	182	105	6	520	11	6	173	7e-12	54.3
scaffold469366	OTU_0156	43.36	113	60	2	572	234	102	210	6e-28	99.8
scaffold470800	OTU_0162	88.17	169	4	4	11	517	74	226	4e-102	  292
scaffold480542	OTU_0214	29.37	126	79	4	196	555	26	147	6e-12	54.7
scaffold488818	OTU_0067	79.21	101	16	2	309	7	1	96	3e-52	  161
scaffold490388	OTU_0185	57.69	78	13	3	3	236	117	174	7e-22	82.4
scaffold509280	OTU_0033	34.65	101	58	3	493	209	44	142	7e-12	53.1
scaffold514948	OTU_0101	31.93	119	75	2	174	524	61	175	8e-13	56.6
scaffold520678	OTU_0212	32.06	131	53	4	38	415	2	101	7e-11	51.6
scaffold533109	OTU_0220	51.81	83	20	3	524	276	57	119	9e-21	77.8
scaffold534727	OTU_0163	48.33	60	27	1	185	6	5	60	1e-13	58.2
scaffold542445	OTU_0103	36.62	71	40	1	305	517	25	90	1e-11	53.1
scaffold543119	OTU_0227	54.86	144	52	4	104	517	15	151	3e-47	  147
scaffold544655	OTU_0065	55.10	147	32	4	517	77	7	119	2e-47	  147
scaffold551742	OTU_0100	36.47	85	48	2	264	10	24	102	6e-13	56.6
scaffold556808	OTU_0189	29.46	112	65	3	476	141	51	148	7e-12	53.1
scaffold572733	OTU_0212	36.43	140	76	4	79	486	7	137	7e-20	77.0
scaffold604502	OTU_0003	81.25	64	12	0	283	474	2	65	4e-32	  108
scaffold606970	OTU_0088	42.35	85	39	3	397	170	12	95	3e-12	53.9
scaffold611148	OTU_0008	68.79	157	14	6	3	473	117	238	2e-65	  197
scaffold623328	OTU_0005	88.96	154	12	2	9	470	16	164	2e-99	  280
scaffold636352	OTU_0124	33.10	142	85	5	53	466	15	150	3e-19	74.7
scaffold649814	OTU_0165	40.00	60	32	1	73	252	37	92	4e-12	54.7
scaffold650005	OTU_0067	71.43	98	23	2	153	446	4	96	1e-46	  145
scaffold665567	OTU_0013	32.65	147	84	6	26	451	3	139	1e-11	52.4
scaffold678906	OTU_0013	65.18	112	15	5	445	110	67	154	9e-40	  127
scaffold691430	OTU_0061	36.27	102	56	4	138	437	66	160	4e-13	56.6
scaffold691465	OTU_0156	60.00	100	33	3	2	301	118	210	6e-37	  122
scaffold695002	OTU_0025	36.70	109	53	5	48	344	46	148	6e-12	53.5
scaffold710709	OTU_0227	30.92	152	81	8	432	22	7	149	3e-11	50.8
scaffold711466	OTU_0045	65.91	44	12	2	2	130	180	221	2e-12	55.5
scaffold714422	OTU_0057	66.67	78	22	1	198	431	18	91	2e-35	  119
scaffold731027	OTU_0035	31.03	116	75	2	407	63	65	176	1e-11	52.8
scaffold736183	OTU_0212	41.67	72	36	1	216	1	8	73	2e-14	60.5
scaffold743813	OTU_0054	68.89	90	19	3	55	324	139	219	2e-23	86.3
scaffold746088	OTU_0214	31.58	95	60	3	36	308	97	190	6e-11	50.4
scaffold752158	OTU_0018	50.52	97	23	3	403	113	92	163	2e-23	84.7
scaffold765373	OTU_0214	31.46	89	59	2	130	390	1	89	2e-11	52.0
scaffold772941	OTU_0013	66.94	121	30	4	8	370	37	147	2e-52	  160
scaffold790771	OTU_0060	36.28	113	54	3	388	68	4	104	4e-15	61.6
scaffold800863	OTU_0124	55.12	127	45	3	397	17	46	160	1e-38	  125
scaffold805610	OTU_0062	64.08	103	32	2	312	4	17	114	2e-41	  131
scaffold824398	OTU_0076	52.76	127	34	4	3	383	32	132	1e-35	  115
scaffold824737	OTU_0065	65.08	126	18	4	8	385	20	119	2e-51	  156
scaffold837564	OTU_0062	87.70	122	10	2	385	20	16	132	5e-75	  217
scaffold849499	OTU_0087	41.10	73	37	2	354	136	1	67	5e-11	50.4
scaffold850110	OTU_0060	61.82	110	32	2	53	382	2	101	1e-41	  132
scaffold883720	OTU_0171	66.67	51	16	1	221	373	2	51	4e-19	72.8
scaffold887912	OTU_0226	35.23	88	51	2	5	268	69	150	6e-11	49.7
scaffold888013	OTU_0005	54.21	107	44	2	50	370	20	121	1e-35	  116
scaffold890030	OTU_0230	83.02	53	9	0	210	368	11	63	1e-26	94.4
scaffold906089	OTU_0228	38.24	102	57	2	330	25	4	99	3e-19	73.9
scaffold951485	OTU_0188	83.64	55	9	0	168	4	9	63	5e-29	99.4
scaffold953021	OTU_0096	32.63	95	51	3	89	346	21	111	8e-13	55.1
scaffold956870	OTU_0105	63.83	94	25	2	282	1	1	85	5e-37	  119
scaffold968656	OTU_0214	35.14	111	58	4	351	19	37	133	6e-12	52.8
scaffold971650	OTU_0195	28.71	101	66	2	339	43	2	98	8e-14	57.8
scaffold972041	OTU_0049	56.03	116	39	3	350	3	78	181	4e-25	89.4
scaffold975697	OTU_0013	86.21	116	7	4	349	2	16	122	8e-65	  190
scaffold996900	OTU_0083	46.36	110	48	2	8	337	42	140	2e-18	70.9
scaffold1003806	OTU_0210	77.78	81	9	2	341	99	69	140	2e-37	  120
scaffold1004076	OTU_0161	52.83	53	22	1	182	340	3	52	1e-15	62.8
scaffold1011253	OTU_0162	66.67	54	0	2	339	178	215	250	1e-16	66.2
scaffold1011254	OTU_0162	66.67	54	0	2	339	178	215	250	1e-16	66.2
scaffold1038195	OTU_0047	37.66	77	43	1	245	15	4	75	6e-13	54.7
scaffold1040101	OTU_0227	71.17	111	20	3	1	333	47	145	3e-50	  153
scaffold1044901	OTU_0096	57.14	35	14	1	105	1	2	35	9e-11	48.9
scaffold1129458	OTU_0218	69.12	68	17	1	111	314	23	86	7e-30	  100
scaffold1135565	OTU_0062	71.67	60	13	1	182	3	17	72	9e-26	90.1
scaffold1161498	OTU_0067	62.14	103	32	4	306	1	4	100	7e-36	  116
scaffold1189812	OTU_0002	32.65	98	61	3	3	296	34	126	4e-12	52.4
scaffold1195284	OTU_0191	64.18	67	20	1	302	102	2	64	8e-28	94.7
scaffold1255190	OTU_0055	47.00	100	25	6	1	291	146	220	8e-22	80.1
scaffold1260058	OTU_0210	35.00	80	43	2	46	285	5	75	7e-12	51.6
scaffold1308132	OTU_0180	84.04	94	0	4	1	282	30	108	3e-46	  141
scaffold1415743	OTU_0036	67.44	86	21	2	266	9	119	197	3e-37	  120
scaffold1442461	OTU_0210	55.81	86	37	1	5	262	37	121	8e-26	89.0
scaffold1469288	OTU_0061	56.25	80	34	1	242	3	65	143	6e-25	87.4
scaffold1492664	OTU_0067	65.79	76	22	1	258	31	10	81	2e-32	  107
scaffold1530623	OTU_0067	85.54	83	8	1	8	256	1	79	1e-48	  148
scaffold1545208	OTU_0214	44.26	61	34	0	241	59	6	66	7e-13	54.3
scaffold1547974	OTU_0052	58.82	68	8	3	255	52	169	216	5e-18	68.9
scaffold1555927	OTU_0212	37.97	79	44	2	17	253	6	79	5e-13	55.1
scaffold1561827	OTU_0045	67.09	79	18	1	8	244	107	177	5e-33	  109
scaffold1576638	OTU_0045	72.00	75	17	1	27	251	14	84	8e-35	  114
scaffold1603050	OTU_0083	66.67	48	14	1	1	144	108	153	7e-19	70.9
scaffold1619001	OTU_0032	53.70	54	19	2	34	195	162	209	1e-13	57.0
scaffold1668489	OTU_0116	33.33	81	46	2	10	240	8	84	3e-13	54.7
scaffold1677084	OTU_0139	64.79	71	23	1	30	242	2	70	1e-27	93.2
scaffold1698179	OTU_0141	68.00	75	13	3	222	1	1	65	5e-28	94.4
scaffold1745663	OTU_0043	73.42	79	12	2	238	2	74	143	5e-34	  111
scaffold1752896	OTU_0155	62.34	77	25	2	237	10	140	213	2e-15	61.2
scaffold1775518	OTU_0083	52.86	70	30	1	218	9	65	131	6e-22	79.0
scaffold1811340	OTU_0033	48.68	76	32	2	6	233	74	142	4e-19	70.9
scaffold1816609	OTU_0024	46.75	77	27	4	1	231	124	186	3e-14	58.2
scaffold1865367	OTU_0041	57.89	76	25	2	229	2	105	173	5e-19	70.9
scaffold1868112	OTU_0135	71.43	49	14	0	228	82	3	51	4e-22	80.1
scaffold1890936	OTU_0177	61.36	44	17	0	95	226	2	45	8e-16	62.0
scaffold1904137	OTU_0191	66.67	51	16	1	225	73	53	102	3e-18	68.6
scaffold1908483	OTU_0143	78.08	73	14	2	6	224	1	71	7e-27	91.3
scaffold1922449	OTU_0212	49.32	73	33	1	219	1	14	82	4e-19	71.6
scaffold1960175	OTU_0212	50.68	73	31	2	221	3	26	93	7e-20	73.6
scaffold1996444	OTU_0053	57.97	69	26	2	1	207	6	71	1e-21	78.6
scaffold2009070	OTU_0214	38.89	54	33	0	164	3	1	54	8e-11	48.1
scaffold2019959	OTU_0062	65.22	69	20	1	209	3	12	76	3e-27	92.4
scaffold2039401	OTU_0212	42.19	64	32	1	193	2	7	65	5e-11	49.3
scaffold2043474	OTU_0105	52.17	69	25	3	2	208	43	103	8e-19	69.7
scaffold2082924	OTU_0214	44.62	65	35	1	201	10	1	65	1e-13	55.8
scaffold2105534	OTU_0066	40.91	66	19	3	5	202	182	227	7e-11	49.3
scaffold2107481	OTU_0011	59.38	64	25	1	1	192	72	134	1e-21	79.0
scaffold2151513	OTU_0134	55.22	67	26	1	6	206	9	71	3e-22	80.1
scaffold2153732	OTU_0214	40.00	65	39	0	10	204	1	65	4e-12	51.6
scaffold2167604	OTU_0193	42.19	64	33	1	202	11	17	76	3e-11	49.3
scaffold2168750	OTU_0038	70.77	65	14	1	7	201	71	130	2e-29	98.6
