scaffold00092	OTU_0042	62.60	262	62	7	29800	29015	12	237	7e-98	  315
scaffold01055	OTU_0073	37.78	225	107	9	1705	2358	20	218	1e-29	  114
scaffold01153	OTU_0221	90.20	153	1	3	554	1012	1	139	7e-82	  262
scaffold01225	OTU_0156	55.33	197	79	4	7665	7081	21	210	3e-62	  208
scaffold01725	OTU_0030	59.11	225	72	6	5709	5035	14	218	1e-70	  233
scaffold02577	OTU_0163	36.76	136	76	4	4561	4166	5	134	6e-19	80.5
scaffold03662	OTU_0214	21.00	200	132	5	139	714	7	188	4e-11	57.0
scaffold04204	OTU_0137	28.99	207	122	7	1153	557	29	218	3e-17	76.3
scaffold05062	OTU_0156	59.62	213	72	6	1707	2339	10	210	3e-74	  240
scaffold05130	OTU_0214	27.13	188	119	5	919	1476	1	172	6e-11	56.2
scaffold06569	OTU_0214	26.52	181	118	6	1371	850	1	173	3e-12	60.1
scaffold07401	OTU_0214	22.28	193	129	6	2684	2142	1	184	4e-13	62.4
scaffold07657	OTU_0005	60.68	117	41	2	353	3	20	131	2e-45	  156
scaffold10771	OTU_0195	28.22	163	103	3	1612	1124	4	152	4e-14	65.1
scaffold11512	OTU_0156	51.46	103	43	3	3	311	115	210	1e-25	  100
scaffold12050	OTU_0214	27.85	237	122	5	1310	2014	1	190	3e-22	90.1
scaffold12964	OTU_0195	29.24	171	98	3	495	1007	4	151	1e-13	63.2
scaffold16138	OTU_0214	23.89	180	128	5	2135	1605	1	174	3e-12	59.7
scaffold17560	OTU_0214	29.47	190	112	7	1593	1039	1	173	1e-14	66.6
scaffold18948	OTU_0030	63.04	230	59	9	1080	1763	15	220	8e-72	  229
scaffold20727	OTU_0146	83.74	203	4	5	558	1166	1	174	3e-106	  318
scaffold22111	OTU_0214	22.22	180	123	5	159	668	1	173	4e-11	55.5
scaffold24673	OTU_0156	54.29	210	81	6	278	889	10	210	7e-53	  176
scaffold28213	OTU_0030	30.54	167	101	6	1448	960	33	188	6e-11	55.5
scaffold29172	OTU_0018	63.10	84	11	3	1	252	99	162	5e-24	93.6
scaffold29686	OTU_0054	32.16	171	87	7	1656	1171	70	220	8e-12	57.8
scaffold30643	OTU_0214	29.23	195	111	8	979	416	1	175	1e-13	63.5
scaffold31150	OTU_0214	33.14	172	96	6	510	1	1	155	8e-16	70.1
scaffold32068	OTU_0226	64.71	85	26	1	1551	1805	11	91	1e-32	  117
scaffold35159	OTU_0036	32.22	180	92	8	1	513	34	192	6e-17	73.2
scaffold43538	OTU_0214	29.17	144	86	4	1090	1506	4	136	3e-11	55.5
scaffold46513	OTU_0163	36.67	150	77	5	1556	1113	7	140	5e-23	89.4
scaffold48789	OTU_0214	25.00	196	134	5	572	15	1	193	4e-12	58.2
scaffold51491	OTU_0212	50.79	63	27	1	1305	1493	7	65	4e-12	58.5
scaffold51675	OTU_0214	25.38	197	129	6	936	379	1	190	3e-14	64.3
scaffold52128	OTU_0212	36.36	198	99	9	918	1490	6	183	2e-17	74.3
scaffold54780	OTU_0214	24.32	185	124	6	131	664	1	176	2e-11	56.2
scaffold56853	OTU_0064	93.48	92	0	2	1161	1436	1	86	2e-53	  174
scaffold61199	OTU_0157	63.30	109	15	3	1394	1068	114	197	7e-39	  134
scaffold64619	OTU_0212	34.90	149	82	4	928	1365	7	143	2e-19	80.1
scaffold68431	OTU_0212	30.53	226	135	5	849	172	7	210	1e-22	89.0
scaffold70038	OTU_0163	37.06	143	82	4	43	468	5	140	5e-22	85.9
scaffold70497	OTU_0134	61.90	252	64	7	1156	401	3	222	3e-97	  288
scaffold79341	OTU_0228	31.25	112	64	3	284	583	31	141	7e-11	54.3
scaffold79474	OTU_0156	60.50	200	67	5	40	639	23	210	6e-80	  243
scaffold81126	OTU_0046	45.71	245	102	7	999	265	22	235	3e-66	  207
scaffold86545	OTU_0214	28.74	167	107	4	67	567	19	173	1e-11	56.2
scaffold90288	OTU_0214	66.34	202	58	2	236	841	1	192	4e-89	  265
scaffold94483	OTU_0011	30.14	219	127	10	519	1139	26	230	1e-14	65.9
scaffold100683	OTU_0152	92.98	171	0	3	367	879	1	159	8e-98	  285
scaffold103903	OTU_0011	35.04	254	119	8	364	1116	25	235	4e-39	  135
scaffold105362	OTU_0214	26.23	183	112	6	108	647	20	182	1e-12	58.9
scaffold106797	OTU_0174	29.14	151	78	4	686	1108	3	134	2e-11	54.7
scaffold115863	OTU_0011	50.63	79	36	1	238	2	22	97	2e-24	93.6
scaffold116264	OTU_0182	29.44	180	108	5	155	664	1	171	9e-15	65.1
scaffold121326	OTU_0221	42.86	105	46	3	1058	744	24	114	6e-19	75.9
scaffold135341	OTU_0214	39.47	76	44	1	580	353	1	74	8e-12	56.2
scaffold139700	OTU_0063	69.62	79	16	3	995	759	145	215	1e-31	  113
scaffold143112	OTU_0214	26.70	206	131	7	822	214	1	189	2e-14	63.9
scaffold143824	OTU_0076	41.09	129	51	4	38	424	29	132	3e-23	87.4
scaffold145779	OTU_0101	27.27	165	96	6	687	196	12	153	2e-11	54.7
scaffold149673	OTU_0214	39.73	73	42	1	883	671	103	175	2e-12	57.8
scaffold150050	OTU_0032	29.41	153	90	5	751	308	22	161	3e-17	72.4
scaffold153672	OTU_0163	31.91	94	58	2	628	909	5	92	1e-11	54.7
scaffold155725	OTU_0206	54.47	257	85	8	888	124	11	237	5e-81	  243
scaffold157079	OTU_0212	35.00	100	47	4	908	615	10	93	4e-11	54.7
scaffold157965	OTU_0163	37.14	140	70	4	749	354	5	134	6e-21	80.9
scaffold161184	OTU_0156	63.56	118	36	3	595	942	10	122	3e-45	  149
scaffold162241	OTU_0044	27.80	223	120	12	719	78	15	205	2e-11	55.1
scaffold162270	OTU_0162	62.50	184	35	6	940	389	101	250	5e-67	  207
scaffold162588	OTU_0214	30.34	178	105	7	364	879	11	175	3e-11	54.3
scaffold164897	OTU_0214	27.61	163	95	7	934	458	30	173	2e-13	60.8
scaffold165850	OTU_0116	33.54	164	75	7	576	124	11	153	4e-20	79.0
scaffold166131	OTU_0174	29.45	146	74	4	409	2	3	129	1e-11	54.7
scaffold174400	OTU_0177	63.44	93	30	1	344	66	2	90	2e-38	  129
scaffold178460	OTU_0177	69.64	56	13	1	728	895	13	64	2e-21	82.8
scaffold189721	OTU_0156	49.05	210	92	6	254	865	10	210	3e-62	  192
scaffold194728	OTU_0101	88.65	185	6	5	314	868	11	180	7e-109	  311
scaffold203075	OTU_0156	49.64	137	60	4	856	458	79	210	7e-34	  118
scaffold205700	OTU_0198	80.46	87	7	2	262	2	61	137	3e-40	  135
scaffold211135	OTU_0214	30.00	140	92	4	415	828	1	136	2e-11	54.7
scaffold218125	OTU_0214	29.59	169	104	7	831	325	20	173	3e-14	62.4
scaffold219675	OTU_0163	34.02	97	58	2	491	781	5	95	5e-15	63.9
scaffold224909	OTU_0104	29.15	223	110	8	820	203	24	215	6e-19	76.3
scaffold225861	OTU_0011	80.56	36	7	0	712	819	20	55	7e-18	73.6
scaffold226677	OTU_0062	61.32	106	36	2	342	25	14	114	6e-38	  127
scaffold229979	OTU_0064	89.13	92	4	2	4	279	122	207	6e-49	  157
scaffold235000	OTU_0214	25.47	161	109	4	344	802	1	158	8e-11	52.8
scaffold242609	OTU_0079	54.81	104	37	2	2	313	67	160	5e-20	78.2
scaffold251552	OTU_0011	43.29	231	106	8	46	732	6	213	4e-52	  166
scaffold255778	OTU_0156	58.29	199	70	6	779	195	21	210	1e-70	  213
scaffold268699	OTU_0156	54.78	115	44	4	764	420	104	210	3e-33	  115
scaffold280507	OTU_0067	75.68	37	9	0	112	2	1	37	7e-16	66.2
scaffold284357	OTU_0023	27.39	157	101	5	16	471	69	217	3e-11	54.3
scaffold285867	OTU_0161	31.02	187	104	6	143	661	1	176	1e-20	80.1
scaffold291150	OTU_0156	35.43	127	74	4	733	359	46	166	4e-15	64.7
scaffold291560	OTU_0100	35.78	109	57	3	352	678	24	119	7e-15	63.5
scaffold296737	OTU_0018	60.99	182	37	6	731	186	16	163	4e-69	  207
scaffold303686	OTU_0191	45.57	79	39	1	487	723	5	79	2e-21	81.3
scaffold314017	OTU_0064	72.83	92	19	2	687	412	122	207	3e-39	  131
scaffold333461	OTU_0100	37.16	148	73	6	692	282	17	155	3e-21	81.3
scaffold334501	OTU_0018	43.88	196	75	6	2	589	3	163	1e-46	  149
scaffold341914	OTU_0214	29.66	145	89	5	469	35	1	132	1e-12	57.4
scaffold345252	OTU_0067	35.34	133	77	4	683	288	10	134	2e-18	73.2
scaffold347081	OTU_0042	36.59	123	55	3	653	285	138	237	2e-17	71.2
scaffold351360	OTU_0214	25.37	134	91	3	475	98	1	133	5e-13	58.5
scaffold356255	OTU_0221	75.00	64	12	1	193	2	1	60	3e-27	97.1
scaffold357274	OTU_0036	33.13	163	83	7	1	462	47	192	1e-17	71.6
scaffold368732	OTU_0207	89.33	150	2	3	218	667	10	145	3e-89	  257
scaffold370103	OTU_0049	32.08	159	83	6	608	138	46	181	2e-11	53.9
scaffold374409	OTU_0163	34.04	141	83	4	16	426	1	135	4e-19	74.7
scaffold378192	OTU_0077	52.94	204	84	4	31	642	2	193	2e-64	  195
scaffold379854	OTU_0214	41.18	68	40	0	308	105	1	68	7e-12	55.1
scaffold382876	OTU_0214	37.84	74	41	2	444	226	1	70	3e-11	53.5
scaffold386202	OTU_0214	27.13	188	107	8	647	126	1	172	4e-12	55.5
scaffold388530	OTU_0212	31.21	141	79	5	413	6	7	134	3e-15	64.3
scaffold398275	OTU_0005	59.80	102	36	2	338	643	20	116	3e-40	  131
scaffold400008	OTU_0156	57.02	114	42	3	2	343	104	210	8e-40	  132
scaffold400359	OTU_0214	64.37	174	53	1	121	642	1	165	5e-79	  232
scaffold400821	OTU_0124	38.68	106	60	3	408	91	15	115	1e-19	76.6
scaffold400986	OTU_0214	25.56	180	124	4	626	99	1	174	3e-13	58.5
scaffold402072	OTU_0163	56.25	48	21	0	501	644	1	48	1e-17	70.1
scaffold408246	OTU_0212	30.43	161	95	4	127	609	7	150	5e-17	69.7
scaffold411206	OTU_0082	44.19	129	47	4	604	218	132	235	3e-28	  102
scaffold415731	OTU_0214	28.03	157	90	5	77	541	1	136	2e-12	56.6
scaffold417429	OTU_0163	68.25	63	16	1	610	422	1	59	4e-24	88.2
scaffold418628	OTU_0212	38.56	153	81	4	633	175	8	147	7e-25	92.0
scaffold420529	OTU_0162	30.89	191	90	7	632	78	95	249	7e-19	75.5
scaffold420885	OTU_0214	38.36	73	44	1	398	613	1	73	1e-12	57.0
scaffold421311	OTU_0001	30.71	127	74	4	603	226	73	186	8e-11	52.0
scaffold424027	OTU_0002	31.93	119	64	3	1	339	21	128	2e-15	63.9
scaffold426277	OTU_0189	27.74	155	91	5	476	18	12	147	7e-12	53.9
scaffold427310	OTU_0030	48.48	132	51	4	624	229	101	215	8e-31	  108
scaffold435218	OTU_0214	28.09	178	120	5	99	623	1	173	1e-14	62.8
scaffold435709	OTU_0064	78.32	143	18	3	431	3	5	134	3e-74	  220
scaffold436783	OTU_0163	34.29	140	81	5	217	621	1	134	1e-15	64.7
scaffold441464	OTU_0156	62.79	172	52	5	2	517	51	210	2e-69	  207
scaffold443985	OTU_0161	29.03	155	97	3	524	60	1	142	4e-17	69.3
scaffold445106	OTU_0214	30.39	181	103	6	71	601	1	162	7e-18	71.6
scaffold453513	OTU_0214	30.00	80	52	1	436	197	1	76	2e-11	53.5
scaffold453684	OTU_0214	31.11	135	83	3	431	51	1	133	2e-14	62.0
scaffold458463	OTU_0212	37.80	82	48	2	417	175	7	86	3e-11	53.1
scaffold462240	OTU_0214	25.35	142	86	4	412	5	6	133	2e-11	53.1
scaffold473311	OTU_0195	31.25	112	71	3	428	93	3	108	6e-14	59.7
scaffold478343	OTU_0214	42.47	73	41	1	517	302	1	73	8e-14	60.1
scaffold488765	OTU_0214	41.18	68	40	0	184	387	1	68	8e-12	54.3
scaffold493208	OTU_0127	80.00	50	10	0	434	583	8	57	2e-25	92.0
scaffold495448	OTU_0156	56.77	155	58	5	22	486	65	210	3e-52	  163
scaffold497660	OTU_0115	71.43	35	10	0	483	587	4	38	5e-14	60.8
scaffold502978	OTU_0214	35.44	79	48	1	306	70	1	76	4e-11	52.4
scaffold506690	OTU_0163	54.73	148	55	3	139	582	1	136	2e-48	  151
scaffold521707	OTU_0212	49.28	69	31	1	209	3	6	70	7e-16	65.9
scaffold522484	OTU_0156	36.55	145	86	2	1	435	28	166	5e-22	83.6
scaffold528838	OTU_0212	37.01	154	89	3	533	72	3	148	5e-24	89.0
scaffold529466	OTU_0050	36.14	83	32	3	4	252	76	137	1e-11	53.1
scaffold536584	OTU_0209	48.65	148	69	3	128	565	2	144	6e-39	  127
scaffold536972	OTU_0106	100.00	42	0	0	128	3	4	45	5e-25	91.7
scaffold557056	OTU_0212	31.85	135	83	3	406	2	8	133	8e-15	62.8
scaffold573308	OTU_0186	43.18	88	46	1	270	7	23	106	5e-24	87.4
scaffold574315	OTU_0192	63.64	44	16	0	143	12	21	64	2e-16	66.6
scaffold574617	OTU_0214	25.79	190	119	8	15	554	1	178	8e-13	56.6
scaffold582570	OTU_0152	66.07	56	18	1	385	549	1	56	7e-19	73.6
scaffold606931	OTU_0214	25.68	183	125	2	7	534	11	189	1e-20	79.3
scaffold615821	OTU_0156	38.26	149	83	4	507	61	27	166	8e-23	85.5
scaffold616146	OTU_0156	32.08	106	68	3	335	27	66	170	2e-11	53.1
scaffold617077	OTU_0161	31.33	150	93	4	29	466	1	144	3e-20	77.8
scaffold618661	OTU_0214	36.59	82	46	3	443	216	21	102	3e-11	52.4
scaffold623971	OTU_0214	43.86	57	32	0	509	339	1	57	8e-12	53.9
scaffold627969	OTU_0073	44.63	177	80	5	2	532	28	186	1e-37	  125
scaffold636386	OTU_0156	62.04	108	36	2	205	528	26	128	6e-44	  141
scaffold637332	OTU_0212	41.46	82	45	2	123	365	7	86	3e-13	58.2
scaffold637355	OTU_0014	61.49	148	39	6	2	439	30	161	1e-52	  162
scaffold640927	OTU_0156	33.94	109	56	3	135	422	55	160	3e-11	52.8
scaffold649132	OTU_0063	28.46	130	85	3	524	147	76	201	2e-11	53.1
scaffold649139	OTU_0212	50.63	79	35	1	242	6	8	82	2e-20	78.6
scaffold651716	OTU_0013	67.32	153	39	5	31	489	2	143	1e-67	  200
scaffold651749	OTU_0109	59.09	176	60	4	524	3	13	178	8e-62	  188
scaffold657575	OTU_0054	65.38	78	19	2	3	236	151	220	8e-23	85.5
scaffold661216	OTU_0211	61.29	62	20	1	334	519	27	84	4e-22	83.6
scaffold664638	OTU_0156	56.02	166	64	4	2	493	52	210	7e-47	  149
scaffold670315	OTU_0187	64.29	42	15	0	145	20	1	42	2e-15	63.9
scaffold688256	OTU_0156	62.76	145	46	4	1	435	74	210	2e-54	  167
scaffold696545	OTU_0212	36.96	92	51	3	133	408	6	90	9e-12	53.9
scaffold709762	OTU_0062	61.32	106	36	2	149	466	14	114	2e-40	  130
scaffold713467	OTU_0201	32.58	89	49	2	453	220	54	142	1e-11	52.4
scaffold714651	OTU_0181	86.25	160	2	5	22	501	1	140	4e-59	  178
scaffold716269	OTU_0156	60.91	110	35	4	502	185	105	210	4e-36	  120
scaffold723396	OTU_0018	35.71	112	46	4	88	423	78	163	1e-17	70.1
scaffold724661	OTU_0214	28.30	159	99	5	499	29	9	154	1e-13	58.5
scaffold727798	OTU_0015	71.79	78	18	1	234	1	9	82	6e-26	94.4
scaffold747956	OTU_0076	49.21	126	38	3	26	403	29	128	3e-34	  113
scaffold752560	OTU_0212	29.45	146	83	5	428	9	6	137	4e-13	57.8
scaffold759605	OTU_0030	28.39	155	88	5	470	9	33	165	4e-11	52.0
scaffold764071	OTU_0226	93.70	127	3	2	90	470	6	127	1e-73	  215
scaffold774326	OTU_0056	34.86	109	46	5	484	161	58	142	2e-12	54.7
scaffold774406	OTU_0195	30.36	112	66	2	78	413	4	103	5e-13	56.2
scaffold781782	OTU_0030	70.11	87	21	2	484	224	137	218	1e-38	  127
scaffold788075	OTU_0076	47.30	148	44	6	39	482	3	116	3e-34	  113
scaffold789140	OTU_0096	59.09	110	40	2	153	482	7	111	1e-43	  138
scaffold796958	OTU_0177	70.32	155	31	4	467	3	2	141	3e-59	  178
scaffold799826	OTU_0013	63.50	137	39	5	1	411	17	142	3e-45	  142
scaffold803282	OTU_0210	60.32	126	45	2	94	471	1	121	4e-45	  141
scaffold806032	OTU_0091	44.23	156	66	4	6	473	5	139	2e-34	  114
scaffold817916	OTU_0209	65.79	38	13	0	360	473	1	38	1e-14	60.8
scaffold828051	OTU_0214	33.08	130	69	6	417	58	26	147	1e-14	61.2
scaffold835567	OTU_0214	41.10	73	41	1	425	213	103	175	3e-13	57.4
scaffold841934	OTU_0156	36.25	80	41	2	467	258	84	163	5e-11	51.6
scaffold859656	OTU_0157	63.85	130	22	3	445	56	94	198	4e-54	  166
scaffold861592	OTU_0163	35.82	134	76	4	461	72	8	135	7e-19	72.8
scaffold865750	OTU_0090	71.43	63	14	1	274	462	4	62	1e-26	93.6
scaffold867375	OTU_0013	67.83	143	35	5	1	429	18	149	4e-63	  187
scaffold873694	OTU_0214	30.23	86	55	2	455	198	9	89	1e-11	52.8
scaffold893394	OTU_0048	65.00	40	14	0	123	4	1	40	7e-15	61.2
scaffold924144	OTU_0163	39.58	96	52	2	130	417	5	94	1e-16	66.2
scaffold940981	OTU_0062	47.95	146	61	3	440	3	26	156	5e-35	  115
scaffold942651	OTU_0011	40.41	146	70	6	442	5	90	218	2e-16	66.6
scaffold953291	OTU_0195	27.27	143	97	2	443	15	17	152	2e-14	60.1
scaffold954116	OTU_0217	71.53	144	26	3	3	434	5	133	4e-61	  182
scaffold955514	OTU_0161	35.44	79	46	1	193	429	1	74	9e-14	58.5
scaffold957146	OTU_0024	65.43	81	25	1	191	433	2	79	1e-32	  111
scaffold957593	OTU_0163	29.63	135	87	4	2	400	8	136	2e-11	51.6
scaffold965687	OTU_0092	39.39	132	72	4	25	417	5	129	1e-26	93.2
scaffold971268	OTU_0005	59.85	132	48	2	43	438	20	146	3e-55	  167
scaffold995239	OTU_0134	31.46	89	56	2	166	429	14	98	5e-11	51.2
scaffold997150	OTU_0191	55.91	93	36	2	156	434	7	94	2e-29	  100
scaffold1009885	OTU_0212	41.56	77	41	1	372	142	8	80	8e-18	70.5
scaffold1013541	OTU_0108	28.97	107	68	2	92	403	12	113	9e-12	52.8
scaffold1019441	OTU_0214	39.08	87	52	1	370	113	1	87	1e-14	61.2
scaffold1022923	OTU_0159	28.77	146	86	4	19	429	2	138	5e-11	50.1
scaffold1027420	OTU_0056	44.83	116	39	4	77	424	40	130	3e-26	92.0
scaffold1027744	OTU_0056	51.56	128	39	4	397	14	38	142	5e-39	  125
scaffold1046822	OTU_0163	38.38	99	55	2	311	15	5	97	7e-18	69.7
scaffold1049022	OTU_0139	88.89	126	2	3	3	380	17	130	3e-75	  217
scaffold1069828	OTU_0212	71.43	63	14	1	232	420	1	59	8e-28	97.8
scaffold1071807	OTU_0212	34.51	142	78	4	417	1	13	142	6e-18	70.5
scaffold1089016	OTU_0064	85.87	92	7	2	6	281	122	207	7e-50	  155
scaffold1089961	OTU_0167	83.33	36	6	0	110	3	7	42	1e-17	69.7
scaffold1091629	OTU_0064	77.27	88	17	1	152	415	4	88	1e-45	  144
scaffold1101497	OTU_0047	38.03	71	39	1	319	107	1	66	3e-11	50.4
scaffold1113029	OTU_0156	52.59	135	61	2	405	1	68	199	6e-45	  142
scaffold1116376	OTU_0163	38.30	94	56	2	356	81	44	137	3e-15	62.0
scaffold1127748	OTU_0079	95.24	105	0	2	97	411	14	113	2e-65	  193
scaffold1128475	OTU_0212	39.74	78	40	2	181	408	1	73	2e-13	57.4
scaffold1131442	OTU_0011	44.94	89	41	2	267	1	1	81	2e-21	80.5
scaffold1134414	OTU_0100	34.51	142	73	6	16	408	17	149	5e-18	70.5
scaffold1135511	OTU_0214	32.14	112	64	4	6	341	34	133	3e-11	51.2
scaffold1137779	OTU_0073	37.50	104	56	3	407	96	125	219	5e-17	67.8
scaffold1150719	OTU_0070	88.89	135	0	4	405	1	4	123	3e-76	  220
scaffold1154254	OTU_0161	33.33	87	52	3	383	123	4	84	2e-12	54.7
scaffold1185224	OTU_0214	73.53	68	18	0	215	12	1	68	4e-32	  108
scaffold1203491	OTU_0177	73.68	38	10	0	286	399	2	39	8e-17	66.6
scaffold1215749	OTU_0060	61.74	115	28	4	3	347	55	153	1e-42	  134
scaffold1220040	OTU_0036	70.63	126	22	3	19	396	45	155	2e-58	  176
scaffold1220266	OTU_0156	64.57	127	40	2	15	395	26	147	7e-57	  172
scaffold1220594	OTU_0163	36.84	95	54	2	51	335	4	92	2e-16	65.9
scaffold1223251	OTU_0156	33.67	98	50	1	9	302	85	167	2e-12	54.7
scaffold1225733	OTU_0192	32.09	134	69	5	388	2	34	150	1e-15	63.2
scaffold1225955	OTU_0005	62.88	132	44	2	396	1	29	155	4e-58	  174
scaffold1233303	OTU_0063	78.82	85	10	3	395	141	139	215	1e-43	  139
scaffold1237292	OTU_0002	36.80	125	69	3	390	16	2	116	2e-19	73.9
scaffold1242610	OTU_0212	35.71	126	66	4	393	25	35	148	1e-14	60.8
scaffold1245923	OTU_0067	59.63	109	35	3	393	67	62	161	2e-36	  119
scaffold1259565	OTU_0005	63.75	80	25	1	150	389	19	94	2e-35	  115
scaffold1260913	OTU_0064	77.12	118	23	2	33	386	2	115	1e-63	  189
scaffold1262771	OTU_0056	37.78	90	48	3	276	19	34	119	7e-18	69.3
scaffold1266377	OTU_0074	67.21	122	26	3	2	367	114	221	7e-53	  162
scaffold1289680	OTU_0214	34.92	63	40	1	348	163	4	66	4e-11	50.8
scaffold1290566	OTU_0124	49.60	125	51	3	378	4	64	176	3e-32	  108
scaffold1297001	OTU_0214	36.84	76	46	1	291	64	1	74	3e-11	51.2
scaffold1319679	OTU_0163	35.11	94	55	2	296	15	5	92	3e-15	62.0
scaffold1329734	OTU_0134	64.86	74	19	2	160	381	1	67	7e-27	95.1
scaffold1330694	OTU_0039	48.98	49	23	1	233	379	3	49	4e-12	53.5
scaffold1336086	OTU_0102	45.76	118	49	4	15	368	1	103	1e-26	92.4
scaffold1344566	OTU_0011	35.16	91	47	2	275	3	3	81	4e-17	67.8
scaffold1352631	OTU_0214	42.86	56	32	0	186	19	1	56	3e-11	51.2
scaffold1356189	OTU_0156	54.33	127	53	3	378	4	87	210	9e-31	  105
scaffold1358170	OTU_0116	33.70	92	50	3	375	112	4	88	1e-13	57.4
scaffold1396164	OTU_0035	32.11	109	57	2	366	40	66	157	8e-11	50.1
scaffold1401251	OTU_0187	73.81	42	11	0	234	359	1	42	1e-18	72.0
scaffold1424733	OTU_0100	36.78	87	50	1	108	368	5	86	6e-11	50.1
scaffold1445993	OTU_0212	42.31	78	40	2	110	343	6	78	1e-14	60.5
scaffold1447757	OTU_0109	77.98	109	19	2	329	3	6	109	7e-57	  173
scaffold1481332	OTU_0186	45.36	97	48	2	54	344	34	125	3e-20	75.5
scaffold1487515	OTU_0214	43.08	65	36	1	84	275	1	65	8e-12	52.4
scaffold1488580	OTU_0073	55.10	49	22	0	149	3	24	72	4e-16	64.7
scaffold1509544	OTU_0206	60.50	119	39	3	354	4	99	211	8e-43	  137
scaffold1519138	OTU_0214	38.67	75	44	1	1	225	2	74	1e-12	55.1
scaffold1551242	OTU_0135	31.03	116	75	2	4	351	20	130	8e-13	55.1
scaffold1567716	OTU_0212	39.74	78	42	1	243	10	6	78	2e-14	60.1
scaffold1575453	OTU_0103	64.79	71	21	1	217	5	21	87	2e-29	  100
scaffold1582822	OTU_0124	54.90	102	42	2	313	8	16	113	2e-34	  113
scaffold1586638	OTU_0163	37.89	95	53	2	1	285	6	94	3e-16	64.7
scaffold1588063	OTU_0063	36.79	106	57	3	8	313	76	175	3e-11	51.2
scaffold1608736	OTU_0134	40.38	104	39	5	2	313	145	225	3e-17	68.2
scaffold1612842	OTU_0073	60.94	64	24	1	2	193	79	141	3e-20	76.3
scaffold1643734	OTU_0145	75.00	76	15	1	118	345	20	91	6e-34	  112
scaffold1651396	OTU_0098	60.36	111	20	3	346	14	45	131	5e-43	  134
scaffold1659413	OTU_0159	30.59	85	48	2	263	42	57	141	5e-11	49.7
scaffold1661916	OTU_0163	34.38	96	57	3	55	342	5	94	2e-15	62.0
scaffold1675032	OTU_0035	37.38	107	54	4	29	331	62	161	1e-14	60.8
scaffold1695953	OTU_0156	58.41	113	42	2	341	3	22	129	2e-44	  140
scaffold1712750	OTU_0212	33.33	90	53	2	274	5	8	90	1e-12	55.1
scaffold1715894	OTU_0077	58.93	56	19	1	171	338	24	75	1e-18	72.0
scaffold1736969	OTU_0163	31.18	93	58	2	7	285	12	98	2e-11	50.8
scaffold1743368	OTU_0064	80.18	111	18	2	3	335	18	124	2e-60	  181
scaffold1743571	OTU_0008	54.41	68	11	3	335	132	191	238	3e-17	67.8
scaffold1750334	OTU_0214	32.86	70	46	1	211	5	1	70	2e-12	54.3
scaffold1759931	OTU_0062	65.00	80	24	1	242	3	11	86	3e-34	  112
scaffold1764415	OTU_0056	34.78	115	47	4	1	333	42	132	3e-19	72.4
scaffold1767894	OTU_0005	73.91	92	19	2	2	277	49	135	2e-43	  136
scaffold1769063	OTU_0156	69.09	110	29	2	335	6	55	159	5e-50	  154
scaffold1773332	OTU_0221	79.71	69	10	1	129	335	2	66	5e-33	  108
scaffold1779130	OTU_0142	55.75	113	43	3	334	2	42	149	1e-31	  105
scaffold1782590	OTU_0071	65.96	94	25	3	3	284	124	210	1e-37	  122
scaffold1784225	OTU_0159	33.71	89	47	2	321	79	8	92	1e-11	51.2
scaffold1795342	OTU_0076	45.19	104	31	4	2	313	50	127	1e-21	78.6
scaffold1799664	OTU_0157	56.14	57	7	2	3	173	160	198	2e-15	62.8
scaffold1800151	OTU_0214	30.67	75	51	1	16	240	1	74	3e-11	50.8
scaffold1803166	OTU_0108	47.73	44	23	0	132	1	12	55	5e-12	52.4
scaffold1807415	OTU_0032	32.08	106	66	3	10	324	28	128	3e-14	59.3
scaffold1823059	OTU_0156	58.72	109	40	2	329	3	25	128	2e-41	  132
scaffold1823606	OTU_0124	55.45	110	43	3	330	1	21	124	3e-34	  113
scaffold1834400	OTU_0163	36.67	90	51	2	273	4	5	88	2e-15	61.6
scaffold1848755	OTU_0214	45.45	66	36	0	271	74	1	66	4e-13	55.8
scaffold1864090	OTU_0005	38.67	75	38	2	102	326	97	163	6e-11	49.3
scaffold1872669	OTU_0156	79.61	103	20	1	16	324	65	166	2e-56	  171
scaffold1877088	OTU_0163	38.46	91	50	2	323	51	8	92	1e-16	65.5
scaffold1886107	OTU_0211	59.42	69	8	3	3	209	196	244	4e-19	73.2
scaffold1888819	OTU_0115	52.73	110	35	4	323	3	69	164	5e-32	  107
scaffold1895350	OTU_0163	51.61	62	29	1	201	16	5	65	2e-19	72.8
scaffold1901995	OTU_0018	48.39	62	22	2	208	23	40	91	3e-16	55.5
scaffold1901995	OTU_0018	38.30	47	28	1	324	184	2	47	3e-16	37.0
scaffold1917482	OTU_0214	59.43	106	34	1	6	323	76	172	3e-41	  131
scaffold1923181	OTU_0116	32.26	93	55	3	36	308	2	88	2e-11	50.4
scaffold1925391	OTU_0056	40.28	72	37	2	212	9	34	103	3e-15	61.2
scaffold1932213	OTU_0067	61.61	112	33	3	321	1	6	112	1e-42	  134
scaffold1941494	OTU_0008	37.33	75	27	2	3	227	184	238	9e-12	52.8
scaffold1957372	OTU_0082	82.08	106	14	2	319	2	12	112	9e-60	  180
scaffold1958012	OTU_0067	67.14	70	19	1	210	1	1	66	2e-29	  100
scaffold1959310	OTU_0156	78.30	106	18	2	2	319	58	158	8e-55	  166
scaffold1968121	OTU_0001	33.93	112	63	4	7	318	58	166	1e-10	48.9
scaffold1993415	OTU_0163	35.78	109	60	4	1	315	26	128	5e-12	52.0
scaffold2018528	OTU_0011	50.60	83	37	2	1	249	43	121	2e-22	82.8
scaffold2025145	OTU_0139	79.52	83	11	2	1	249	54	130	2e-39	  124
scaffold2031966	OTU_0074	79.75	79	12	1	76	312	20	94	6e-43	  136
scaffold2052681	OTU_0191	49.32	73	33	1	92	310	2	70	4e-23	82.8
scaffold2054176	OTU_0073	75.73	103	20	2	2	310	21	118	3e-51	  157
scaffold2058403	OTU_0024	56.79	81	32	1	296	54	3	80	3e-25	89.7
scaffold2058717	OTU_0172	73.68	76	16	1	83	310	9	80	1e-37	  122
scaffold2061098	OTU_0191	58.95	95	34	2	1	285	9	98	7e-31	  102
scaffold2063507	OTU_0212	36.36	77	44	1	233	3	7	78	6e-12	52.8
scaffold2068647	OTU_0191	65.96	94	27	2	28	309	5	93	3e-38	  122
scaffold2077407	OTU_0079	76.06	71	13	1	98	310	13	79	2e-33	  110
scaffold2077626	OTU_0195	32.22	90	57	1	19	288	14	99	2e-14	59.3
scaffold2096186	OTU_0036	68.97	87	20	2	261	1	111	190	5e-36	  117
scaffold2101241	OTU_0156	71.58	95	26	1	289	5	68	161	2e-46	  144
scaffold2101433	OTU_0212	43.62	94	48	2	11	292	7	95	3e-20	75.9
scaffold2104677	OTU_0105	40.91	88	47	3	2	256	31	116	2e-16	64.3
scaffold2115329	OTU_0064	69.70	99	17	2	308	12	106	191	1e-43	  137
scaffold2118105	OTU_0152	82.83	99	8	2	306	10	70	159	7e-42	  131
scaffold2128604	OTU_0107	64.44	45	11	2	1	135	177	216	2e-12	53.9
scaffold2131533	OTU_0096	58.82	34	14	0	205	306	1	34	3e-12	53.1
scaffold2138162	OTU_0157	53.33	90	22	2	294	25	128	197	7e-27	93.6
scaffold2151529	OTU_0156	46.46	99	50	2	1	297	98	193	6e-16	63.9
scaffold2167564	OTU_0025	64.65	99	25	2	1	297	92	180	1e-39	  127
scaffold2176764	OTU_0064	68.00	100	19	2	302	3	96	182	3e-38	  123
scaffold2176893	OTU_0053	55.45	101	22	4	2	304	147	224	9e-32	  107
scaffold2179290	OTU_0146	67.86	28	9	0	86	3	11	38	5e-11	49.7
scaffold2189761	OTU_0048	66.67	45	15	0	137	3	4	48	2e-16	64.7
scaffold2190544	OTU_0018	54.32	81	17	3	303	61	103	163	2e-20	75.9
scaffold2204660	OTU_0212	71.43	84	20	1	263	12	2	81	1e-41	  132
scaffold2215982	OTU_0152	85.71	91	9	2	1	273	41	127	1e-40	  128
scaffold2216256	OTU_0005	66.67	39	13	0	153	269	25	63	3e-16	64.3
scaffold2221622	OTU_0123	64.10	39	14	0	180	296	20	58	2e-15	62.0
scaffold2224866	OTU_0214	39.02	82	45	2	36	281	1	77	5e-13	55.5
scaffold2284232	OTU_0030	55.81	86	30	3	37	294	137	214	1e-26	93.6
scaffold2298756	OTU_0135	40.23	87	48	2	37	291	116	200	2e-19	73.2
scaffold2304140	OTU_0204	66.67	45	14	1	132	1	1	45	5e-17	66.6
scaffold2310492	OTU_0163	37.63	93	45	3	39	293	45	132	2e-12	53.1
scaffold2318351	OTU_0018	56.12	98	19	3	1	294	86	159	5e-29	98.6
scaffold2343430	OTU_0005	69.07	97	25	2	292	2	38	129	6e-44	  137
scaffold2344500	OTU_0172	60.81	74	23	2	70	291	12	79	8e-26	90.9
scaffold2346903	OTU_0214	38.55	83	46	3	287	48	1	81	4e-11	49.7
scaffold2356418	OTU_0032	32.56	86	54	1	269	12	21	102	2e-15	62.0
scaffold2372733	OTU_0156	74.23	97	24	1	291	1	65	160	6e-50	  153
scaffold2375755	OTU_0214	37.14	70	42	1	215	6	1	68	4e-11	49.7
scaffold2380066	OTU_0100	40.70	86	45	2	26	283	24	103	5e-16	63.5
scaffold2380216	OTU_0032	46.30	54	27	1	275	114	157	208	1e-11	51.2
scaffold2393097	OTU_0005	58.54	82	30	1	248	3	20	97	2e-32	  107
scaffold2395673	OTU_0018	50.52	97	34	4	1	288	19	102	2e-27	94.4
scaffold2422475	OTU_0107	70.45	88	18	3	287	24	137	216	8e-37	  119
scaffold2431352	OTU_0156	60.22	93	32	2	285	7	113	200	1e-34	  114
scaffold2443153	OTU_0156	60.64	94	30	3	1	282	124	210	2e-33	  110
scaffold2447496	OTU_0156	68.82	93	28	1	1	279	76	167	6e-45	  140
scaffold2504436	OTU_0064	71.91	89	19	2	15	281	122	204	4e-37	  120
scaffold2519621	OTU_0203	54.55	44	20	0	139	8	3	46	5e-13	54.7
scaffold2531179	OTU_0063	82.80	93	11	2	279	1	5	92	2e-50	  154
scaffold2565870	OTU_0057	33.72	86	30	1	18	275	45	103	1e-11	52.0
scaffold2593882	OTU_0191	60.00	55	18	1	170	6	3	53	4e-18	68.9
scaffold2605705	OTU_0163	54.44	90	31	2	6	275	48	127	1e-26	91.3
