scaffold00005	OTU_0593	64.18	67	22	1	160102	160302	1	65	2e-22	94.0
scaffold00035	OTU_0310	53.38	133	62	0	133866	134264	1	133	1e-41	  150
scaffold00050	OTU_0310	48.85	131	65	2	59010	58618	5	133	1e-32	  124
scaffold00135	OTU_0310	41.13	141	75	2	17611	17189	1	133	6e-28	  110
scaffold00245	OTU_0310	41.84	141	74	2	16856	16434	1	133	6e-28	  110
scaffold00348	OTU_0304	79.49	78	16	0	48858	49091	2	79	1e-35	  130
scaffold01219	OTU_0310	44.68	141	66	4	24862	24440	5	133	3e-26	  103
scaffold02064	OTU_0184	58.97	117	47	1	11434	11084	1	116	1e-32	  121
scaffold03331	OTU_0034	40.77	130	66	3	2167	2556	1	119	2e-25	  100
scaffold06740	OTU_0423	65.00	60	21	0	6611	6790	1	60	3e-21	85.9
scaffold07373	OTU_0310	52.63	133	60	1	1501	1112	1	133	4e-39	  139
scaffold08785	OTU_0460	70.00	70	21	0	895	1104	1	70	4e-27	  102
scaffold10189	OTU_0012	98.51	67	1	0	5408	5608	1	67	1e-38	  135
scaffold10425	OTU_0310	51.16	129	60	3	2532	2912	1	128	2e-34	  125
scaffold17063	OTU_0493	82.61	69	12	0	4621	4827	1	69	3e-36	  129
scaffold17171	OTU_0310	45.65	138	69	3	5057	4644	1	132	5e-35	  126
scaffold17572	OTU_0557	77.78	90	20	0	3913	3644	1	90	2e-41	  143
scaffold21477	OTU_0034	50.39	129	64	0	935	1321	1	129	9e-44	  151
scaffold26281	OTU_0034	35.58	104	57	4	1757	1446	18	111	4e-12	59.3
scaffold39978	OTU_0034	41.54	130	69	2	796	1185	7	129	1e-31	  115
scaffold41343	OTU_0310	40.91	132	74	3	1474	1860	1	131	1e-24	95.9
scaffold44715	OTU_0630	87.72	57	7	0	1782	1612	1	57	6e-33	  117
scaffold46204	OTU_0310	43.80	137	73	2	941	1351	1	133	5e-33	  120
scaffold46539	OTU_0310	44.62	130	67	4	2185	2568	1	127	3e-24	94.4
scaffold56174	OTU_0034	45.24	126	68	1	2059	2433	1	126	2e-38	  134
scaffold65974	OTU_0310	53.73	134	61	1	1670	1269	1	133	3e-45	  154
scaffold74268	OTU_0645	53.26	92	38	2	2089	2364	2	88	2e-23	90.9
scaffold87296	OTU_0645	38.84	121	53	5	1085	723	2	101	3e-17	72.8
scaffold87987	OTU_0310	46.97	132	58	3	1030	1425	1	120	1e-26	  100
scaffold93664	OTU_0310	42.55	141	73	2	1121	1543	1	133	2e-30	  111
scaffold99599	OTU_0557	84.44	90	14	0	1740	2009	1	90	2e-39	  134
scaffold99800	OTU_0034	48.46	130	64	2	1208	1591	1	129	9e-35	  123
scaffold117111	OTU_0310	36.81	144	80	2	516	947	1	133	9e-23	89.0
scaffold128162	OTU_0168	51.18	127	59	2	1303	1677	1	126	2e-36	  126
scaffold129617	OTU_0493	72.94	85	23	0	644	390	1	85	9e-38	  128
scaffold153468	OTU_0068	76.00	75	15	1	385	161	1	72	2e-37	  127
scaffold170399	OTU_0631	63.96	111	36	1	679	347	1	107	1e-40	  137
scaffold182982	OTU_0548	71.43	49	10	1	1257	1403	1	45	8e-17	69.3
scaffold190356	OTU_0283	80.95	84	16	0	299	48	2	85	8e-42	  139
scaffold194022	OTU_0310	45.39	141	69	2	204	626	1	133	3e-33	  116
scaffold274851	OTU_0034	48.44	128	65	1	669	1049	1	128	6e-42	  139
scaffold311079	OTU_0548	73.91	46	12	0	140	3	1	46	8e-21	78.6
scaffold312293	OTU_0310	42.86	133	72	2	586	191	1	130	2e-30	  107
scaffold317305	OTU_0310	49.24	132	66	1	297	692	1	131	2e-38	  129
scaffold325506	OTU_0037	49.25	67	33	1	1001	801	35	100	1e-18	73.9
scaffold336321	OTU_0310	54.33	127	56	1	391	771	1	125	5e-44	  144
scaffold387298	OTU_0630	87.72	57	7	0	459	629	1	57	4e-33	  112
scaffold415932	OTU_0164	50.00	70	26	2	424	215	4	64	1e-16	67.0
scaffold433547	OTU_0310	54.48	134	60	1	384	785	1	133	4e-49	  155
scaffold434768	OTU_0310	54.89	133	60	0	216	614	1	133	3e-49	  156
scaffold464563	OTU_0310	59.26	135	50	2	247	651	1	130	7e-51	  160
scaffold492650	OTU_0310	45.93	135	69	2	501	97	3	133	2e-35	  119
scaffold508963	OTU_0430	83.33	90	15	0	215	484	1	90	2e-50	  157
scaffold513840	OTU_0310	49.63	135	66	2	10	414	1	133	2e-44	  143
scaffold518011	OTU_0633	91.43	70	6	0	556	765	1	70	5e-41	  132
scaffold521155	OTU_0655	55.32	47	20	1	166	26	12	57	4e-11	51.6
scaffold576669	OTU_0321	73.33	45	12	0	238	104	1	45	1e-18	71.6
scaffold613604	OTU_0332	60.94	64	25	0	475	666	1	64	1e-25	90.5
scaffold662808	OTU_0034	41.80	122	60	3	1	366	17	127	4e-31	  107
scaffold668915	OTU_0310	45.07	71	38	1	7	216	54	124	9e-14	59.3
scaffold676497	OTU_0310	53.54	127	55	2	190	567	1	124	7e-43	  137
scaffold682287	OTU_0557	80.00	90	18	0	204	473	1	90	4e-47	  147
scaffold690975	OTU_0400	75.00	36	9	0	110	3	4	39	2e-14	59.7
scaffold701765	OTU_0310	46.72	122	63	2	266	628	1	121	6e-22	82.4
scaffold741460	OTU_0137	83.10	71	12	0	219	7	1	71	4e-38	  122
scaffold751050	OTU_0310	42.28	123	65	3	369	1	1	117	1e-28	  100
scaffold777474	OTU_0025	98.18	55	1	0	438	602	1	55	9e-35	  114
scaffold820062	OTU_0615	72.00	50	14	0	436	585	1	50	2e-23	84.0
scaffold860262	OTU_0349	50.42	119	45	3	90	446	1	105	9e-32	  107
scaffold875805	OTU_0034	51.16	129	63	0	66	452	1	129	2e-47	  148
scaffold986994	OTU_0576	66.67	48	12	1	144	1	8	51	1e-16	65.1
scaffold998852	OTU_0148	74.29	35	9	0	106	2	1	35	4e-14	57.8
scaffold1062444	OTU_0321	96.72	61	2	0	211	29	1	61	3e-38	  121
scaffold1073646	OTU_0310	51.11	90	43	1	234	500	1	90	6e-26	91.7
scaffold1078772	OTU_0310	38.46	52	32	0	464	309	82	133	7e-13	55.8
scaffold1093484	OTU_0037	56.31	103	42	2	35	343	1	100	8e-38	  121
scaffold1097773	OTU_0412	68.83	77	24	0	237	7	7	83	6e-36	  116
scaffold1132082	OTU_0491	51.06	94	45	1	479	201	1	94	2e-26	92.4
scaffold1195519	OTU_0001	92.06	63	5	0	385	197	1	63	1e-40	  127
scaffold1222707	OTU_0058	95.77	71	3	0	31	243	1	71	2e-46	  142
scaffold1235545	OTU_0310	43.86	114	52	3	3	344	19	120	4e-22	81.3
scaffold1299202	OTU_0054	95.00	60	3	0	312	133	1	60	5e-39	  123
scaffold1300960	OTU_0310	41.86	129	74	1	11	397	5	132	2e-32	  108
scaffold1327959	OTU_0631	52.46	61	28	1	441	262	47	107	9e-14	57.8
scaffold1342694	OTU_0349	56.90	58	23	2	1	174	50	105	3e-16	64.3
