scaffold00002	OTU_0127	34.46	177	78	1	88979	89395	1	177	2e-22	99.8
scaffold00003	OTU_0234	33.70	184	90	4	111684	111229	118	301	5e-16	81.6
scaffold00007	OTU_0031	30.69	303	158	11	470181	469390	12	301	1e-21	99.4
scaffold00012	OTU_0319	27.87	287	145	11	19264	18506	4	262	1e-15	79.0
scaffold00020	OTU_0226	30.23	311	158	13	249191	249997	5	298	6e-18	86.7
scaffold00021	OTU_0042	36.72	177	72	5	160733	160323	125	301	1e-16	82.4
scaffold00025	OTU_0314	37.79	172	65	5	2954	2562	135	305	3e-14	75.1
scaffold00027	OTU_0351	37.38	214	89	8	262192	262725	2	206	2e-21	96.3
scaffold00036	OTU_0043	30.03	303	153	12	250209	250991	16	301	1e-22	  101
scaffold00037	OTU_0248	33.56	295	159	10	31528	32337	2	284	1e-24	  107
scaffold00059	OTU_0031	28.38	303	165	10	216990	217784	12	300	2e-17	84.3
scaffold00106	OTU_0287	33.01	309	146	13	57251	56457	11	302	2e-20	93.6
scaffold00128	OTU_0171	32.01	303	151	8	5779	4985	3	288	1e-25	  109
scaffold00145	OTU_0218	29.17	288	145	8	41290	40547	48	316	3e-25	  108
scaffold00156	OTU_0140	31.77	277	134	10	110022	110741	43	301	4e-15	76.3
scaffold00164	OTU_0151	30.13	229	103	6	14193	13630	90	302	1e-16	80.9
scaffold00172	OTU_0339	39.71	209	84	6	37755	37237	99	301	1e-20	93.6
scaffold00175	OTU_0140	56.34	71	30	1	9358	9149	228	298	1e-13	72.0
scaffold00194	OTU_0140	60.00	60	24	0	61665	61844	239	298	5e-16	79.0
scaffold00203	OTU_0314	29.93	284	142	8	16095	16823	35	302	3e-21	95.9
scaffold00218	OTU_0010	28.91	294	144	9	3126	3875	41	313	2e-13	70.9
scaffold00222	OTU_0248	28.98	283	138	10	115529	116248	29	291	2e-15	77.0
scaffold00224	OTU_0173	37.16	218	96	8	65661	66209	91	302	5e-23	  101
scaffold00228	OTU_0260	36.67	210	89	6	90004	90522	11	213	2e-22	97.8
scaffold00246	OTU_0218	35.10	245	131	7	14089	13418	74	311	7e-26	  110
scaffold00263	OTU_0176	34.74	213	92	5	26977	26441	14	213	1e-18	86.7
scaffold00278	OTU_0030	33.99	203	80	7	58679	59143	105	301	2e-19	89.4
scaffold00278	OTU_0030	62.50	56	18	2	59847	60011	251	304	5e-14	72.8
scaffold00281	OTU_0162	37.45	235	103	7	54942	55532	75	303	1e-22	  100
scaffold00294	OTU_0226	32.42	219	97	7	23745	23221	87	298	1e-21	96.7
scaffold00348	OTU_0104	27.02	248	125	9	75936	76574	22	248	2e-11	63.9
scaffold00351	OTU_0320	37.36	182	72	4	36529	36948	123	304	4e-19	88.6
scaffold00373	OTU_0003	100.00	314	0	0	10239	9298	1	314	0.0	  603
scaffold00416	OTU_0260	34.43	212	97	5	29230	28703	8	213	6e-20	90.1
scaffold00426	OTU_0176	37.85	214	95	7	9004	8459	5	212	2e-21	94.7
scaffold00427	OTU_0176	32.03	231	104	11	9356	9946	14	225	1e-11	63.5
scaffold00447	OTU_0105	33.79	219	94	8	78131	77598	41	249	1e-12	67.4
scaffold00448	OTU_0176	34.07	226	95	13	32971	33528	1	212	9e-15	73.9
scaffold00462	OTU_0150	31.87	182	103	4	48981	48490	35	213	5e-15	74.7
scaffold00478	OTU_0140	32.36	309	150	11	14047	13247	10	301	1e-27	  114
scaffold00480	OTU_0095	32.14	308	188	8	38562	37663	11	305	1e-25	  108
scaffold00589	OTU_0126	33.99	306	147	12	26470	27261	3	295	5e-23	  100
scaffold00589	OTU_0126	30.43	276	111	6	21283	21924	39	295	3e-21	94.7
scaffold00662	OTU_0095	32.06	315	162	11	49546	48716	2	302	8e-28	  115
scaffold00687	OTU_0093	28.43	299	172	6	54167	53367	15	303	2e-17	82.0
scaffold00761	OTU_0271	32.09	187	101	5	50112	50609	118	299	9e-15	73.9
scaffold00781	OTU_0121	35.27	275	132	11	46541	45819	39	301	4e-23	  100
scaffold00794	OTU_0226	25.93	297	167	12	8788	9567	15	295	6e-11	62.4
scaffold00798	OTU_0260	31.37	204	95	5	37620	37132	11	210	4e-19	87.0
scaffold00831	OTU_0104	29.79	235	114	7	3264	2680	21	244	2e-21	94.0
scaffold00835	OTU_0228	99.30	285	2	0	24459	23605	30	314	0.0	  583
scaffold00843	OTU_0203	45.07	71	37	1	1857	1651	82	152	5e-11	60.8
scaffold00871	OTU_0318	26.46	325	168	16	19525	18680	13	309	2e-11	64.3
scaffold00896	OTU_0196	26.44	295	170	8	40255	41016	12	300	2e-15	75.9
scaffold00897	OTU_0175	32.77	177	79	4	13725	14135	126	302	6e-18	84.0
scaffold00908	OTU_0105	30.65	199	86	7	44297	43827	51	239	6e-11	61.2
scaffold01023	OTU_0002	100.00	177	0	0	44180	43650	1	177	5e-117	  369
scaffold01061	OTU_0336	29.23	195	108	7	38968	38441	3	186	1e-11	62.8
scaffold01065	OTU_0266	36.51	189	93	7	629	102	3	177	3e-13	69.3
scaffold01083	OTU_0290	28.89	135	94	2	43290	42889	1	134	2e-11	62.8
scaffold01122	OTU_0229	36.41	206	89	7	7893	8402	10	209	1e-24	  103
scaffold01153	OTU_0222	60.00	55	22	0	40161	40325	243	297	6e-14	71.2
scaffold01254	OTU_0072	28.37	289	152	12	29432	30157	19	299	2e-14	72.8
scaffold01291	OTU_0339	30.72	306	147	16	32208	31429	15	301	2e-18	84.7
scaffold01323	OTU_0019	99.04	314	3	0	25832	24891	1	314	0.0	  644
scaffold01324	OTU_0013	29.43	333	160	18	25975	26841	1	302	2e-13	69.7
scaffold01347	OTU_0318	28.39	310	169	14	840	1670	13	302	3e-13	68.9
scaffold01389	OTU_0031	31.25	224	103	6	36149	35592	87	297	6e-17	80.1
scaffold01395	OTU_0121	37.10	221	97	8	17696	17133	90	301	3e-23	  100
scaffold01440	OTU_0266	33.09	269	128	11	15568	14879	46	301	5e-20	89.7
scaffold01459	OTU_0162	33.33	300	147	13	1202	1984	17	302	2e-25	  106
scaffold01550	OTU_0162	36.67	210	91	7	12935	13456	100	303	2e-23	  100
scaffold01565	OTU_0267	29.13	230	110	8	28106	27507	89	295	3e-13	68.6
scaffold01617	OTU_0199	57.14	91	39	0	12779	12507	80	170	6e-27	  110
scaffold01623	OTU_0341	27.63	304	161	14	20770	21567	18	300	1e-12	67.0
scaffold01671	OTU_0133	47.14	70	36	1	30123	29914	78	146	1e-11	62.4
scaffold01796	OTU_0121	31.23	285	143	10	15987	15250	41	311	2e-20	90.9
scaffold01803	OTU_0155	31.18	186	80	6	29814	29374	121	297	7e-13	67.8
scaffold01824	OTU_0229	33.65	211	96	7	13931	13422	2	209	2e-21	93.2
scaffold01851	OTU_0126	29.22	308	130	8	6736	6002	13	295	1e-21	94.7
scaffold01851	OTU_0126	36.10	205	87	7	1218	715	98	295	4e-19	86.7
scaffold01966	OTU_0218	31.15	305	157	8	20210	19407	14	302	2e-25	  106
scaffold01998	OTU_0001	29.96	237	116	8	27878	27288	74	300	2e-14	72.4
scaffold02286	OTU_0079	33.33	180	88	5	9755	9309	121	299	1e-14	72.8
scaffold02288	OTU_0031	34.60	211	95	5	24281	24805	103	306	1e-18	84.7
scaffold02334	OTU_0042	37.08	178	70	7	13548	13958	125	301	4e-16	77.4
scaffold02396	OTU_0150	29.44	180	86	4	122	544	37	214	2e-11	61.2
scaffold02441	OTU_0155	28.95	304	161	10	11891	12685	13	300	3e-24	  102
scaffold02616	OTU_0001	30.22	182	86	6	2801	2373	122	301	2e-15	75.1
scaffold02781	OTU_0084	70.73	41	12	0	11950	11828	131	171	5e-13	66.2
scaffold02816	OTU_0106	33.71	175	84	7	945	1376	124	297	4e-12	64.7
scaffold02842	OTU_0157	32.72	272	127	9	13767	13087	42	302	3e-16	77.4
scaffold02876	OTU_0260	34.12	211	91	10	16825	17352	12	209	2e-12	64.3
scaffold02920	OTU_0157	33.15	184	85	5	20105	19668	119	302	5e-17	79.7
scaffold02961	OTU_0262	33.15	181	80	5	9408	9833	20	198	2e-12	64.3
scaffold02990	OTU_0301	28.16	309	150	9	6039	5251	13	295	3e-16	77.4
scaffold03105	OTU_0145	36.48	233	93	8	511	1083	82	301	8e-23	98.2
scaffold03157	OTU_0204	34.04	188	92	6	9222	8749	113	298	6e-12	64.3
scaffold03168	OTU_0043	26.09	207	125	3	18060	17524	90	296	8e-12	63.9
scaffold03268	OTU_0283	37.29	177	68	6	20003	20407	126	301	9e-17	79.0
scaffold03368	OTU_0274	41.46	82	48	0	1278	1523	127	208	1e-11	61.6
scaffold03569	OTU_0339	31.20	266	128	9	9254	8583	49	301	1e-20	90.9
scaffold03569	OTU_0339	30.91	220	108	7	8196	7645	90	301	3e-16	77.0
scaffold03590	OTU_0121	29.90	311	150	10	2474	1662	19	301	4e-19	86.3
scaffold03613	OTU_0043	30.58	278	136	12	14919	14191	46	301	6e-17	79.3
scaffold03703	OTU_0031	36.28	215	94	7	9824	9285	96	302	1e-25	  106
scaffold03759	OTU_0233	28.66	307	165	9	14150	13332	14	300	7e-15	73.2
scaffold03890	OTU_0320	33.21	277	128	12	17263	17964	40	302	9e-17	78.6
scaffold03999	OTU_0125	32.00	250	121	8	504	1139	20	258	2e-22	96.3
scaffold04066	OTU_0284	25.76	330	166	12	1712	2545	10	312	1e-14	72.4
scaffold04276	OTU_0072	26.89	305	178	8	10822	11619	15	313	2e-13	68.2
scaffold04664	OTU_0013	30.85	282	140	9	4230	4967	39	301	4e-15	73.6
scaffold04719	OTU_0052	32.68	257	129	8	3946	3299	47	300	3e-21	92.8
scaffold04794	OTU_0059	33.16	193	77	2	6634	6194	59	245	2e-22	95.9
scaffold04807	OTU_0307	100.00	314	0	0	12329	13270	1	314	0.0	  571
scaffold04970	OTU_0341	27.71	249	143	8	6125	5460	64	302	4e-14	70.5
scaffold05159	OTU_0200	34.66	176	76	4	1365	952	127	301	8e-18	81.6
scaffold05183	OTU_0044	62.75	51	19	0	3723	3571	241	291	7e-13	66.6
scaffold05201	OTU_0303	28.62	311	153	11	11245	12048	17	301	3e-17	79.7
scaffold05217	OTU_0006	98.83	171	2	0	5752	5240	144	314	0.0	  358
scaffold05217	OTU_0006	99.32	146	1	0	6182	5745	1	146	0.0	  298
scaffold05353	OTU_0222	100.00	310	0	0	6974	7903	1	310	0.0	  640
scaffold05481	OTU_0283	28.64	206	108	5	13602	13093	99	301	5e-13	67.0
scaffold05512	OTU_0226	28.72	296	151	8	11607	12344	16	301	6e-19	85.1
scaffold05512	OTU_0226	64.44	45	16	0	13084	13218	257	301	4e-14	70.1
scaffold05568	OTU_0071	83.07	313	53	0	9197	8259	3	315	2e-175	  540
scaffold05763	OTU_0331	30.00	280	148	11	11123	11863	33	297	2e-14	70.9
scaffold05772	OTU_0219	32.92	240	107	11	9379	9996	96	315	3e-13	67.8
scaffold05806	OTU_0241	32.23	211	110	10	5415	5975	66	267	7e-12	62.8
scaffold05930	OTU_0031	30.16	315	163	12	11036	10221	1	301	1e-24	  103
scaffold06061	OTU_0031	35.25	295	133	12	5622	4849	36	309	7e-32	  125
scaffold06098	OTU_0129	34.43	212	97	6	1317	1844	64	269	6e-20	87.8
scaffold06114	OTU_0121	29.01	293	145	12	10849	11631	40	301	2e-12	65.1
scaffold06178	OTU_0041	29.11	213	111	5	2627	2100	93	302	2e-13	67.8
scaffold06544	OTU_0106	36.21	232	95	8	5468	4899	80	300	2e-26	  108
scaffold06698	OTU_0203	71.43	42	12	0	14	139	111	152	2e-13	66.6
scaffold06728	OTU_0196	32.25	276	130	8	1677	958	46	300	2e-26	  108
scaffold06790	OTU_0155	28.33	180	87	3	2837	3253	124	302	9e-13	65.9
scaffold06803	OTU_0019	43.24	111	48	3	6094	6390	207	314	1e-18	84.0
scaffold06898	OTU_0031	30.28	251	121	9	2965	2321	68	300	9e-16	75.1
scaffold07039	OTU_0105	34.60	211	84	3	6719	7207	36	240	5e-21	90.9
scaffold07039	OTU_0105	73.81	42	11	0	7962	8087	202	243	4e-14	69.3
scaffold07326	OTU_0274	38.10	210	89	9	7069	7593	1	204	6e-26	  105
scaffold07552	OTU_0001	30.28	251	118	10	786	1406	74	311	1e-17	80.9
scaffold07634	OTU_0305	73.91	46	12	0	113	250	131	176	2e-16	75.5
scaffold07793	OTU_0275	52.24	67	32	0	5357	5157	73	139	2e-16	75.1
scaffold08351	OTU_0016	28.98	176	82	7	8685	9083	85	260	1e-11	61.6
scaffold08410	OTU_0041	27.09	299	160	10	4101	3334	15	298	8e-15	72.0
scaffold08523	OTU_0229	33.04	224	93	7	4564	5124	6	209	1e-20	89.4
scaffold08551	OTU_0305	48.84	86	33	2	8267	8491	88	173	1e-17	79.3
scaffold08657	OTU_0305	72.50	40	11	0	10252	10133	134	173	9e-14	67.4
scaffold08732	OTU_0341	28.99	276	148	10	6195	6908	39	304	8e-25	  103
scaffold08732	OTU_0341	32.79	183	75	6	5635	6039	122	304	4e-16	75.9
scaffold08746	OTU_0335	43.48	92	52	0	2398	2123	222	313	6e-14	69.3
scaffold08935	OTU_0155	28.11	185	97	6	4358	4813	119	300	2e-12	64.3
scaffold08959	OTU_0213	48.68	76	38	1	7882	8109	227	301	1e-14	71.6
scaffold09020	OTU_0145	27.70	296	171	12	6842	6045	18	300	3e-12	63.9
scaffold09039	OTU_0010	29.41	306	156	9	10017	9208	20	301	6e-22	94.4
scaffold09073	OTU_0126	33.33	192	78	6	5026	4580	111	295	7e-16	75.1
scaffold09125	OTU_0245	66.67	45	15	0	688	554	269	313	1e-12	65.5
scaffold09545	OTU_0031	34.77	256	113	7	340	993	73	312	1e-26	  108
scaffold09935	OTU_0134	33.99	203	101	9	4065	3544	105	303	5e-11	60.5
scaffold10083	OTU_0249	32.00	200	99	7	9006	8506	76	271	2e-12	63.9
scaffold10105	OTU_0217	29.05	210	111	6	8404	8937	96	299	9e-13	65.5
scaffold10390	OTU_0013	23.10	316	178	8	5451	4630	12	304	2e-13	67.8
scaffold10466	OTU_0157	40.33	181	74	4	628	185	123	302	1e-25	  105
scaffold10689	OTU_0126	34.39	189	76	3	5057	5479	107	295	1e-21	92.8
scaffold10689	OTU_0126	32.86	210	97	6	5835	6353	98	300	1e-15	73.9
scaffold10895	OTU_0111	28.80	184	98	5	706	248	102	283	2e-11	61.2
scaffold11005	OTU_0103	33.16	187	79	6	4435	4902	129	300	2e-11	61.6
scaffold11020	OTU_0093	29.51	288	156	6	4558	5325	31	303	2e-17	80.1
scaffold11103	OTU_0150	36.22	185	70	3	1036	626	33	217	2e-16	75.9
scaffold11173	OTU_0305	50.59	85	31	2	1940	1719	89	173	1e-17	78.6
scaffold11661	OTU_0180	80.36	112	22	0	7581	7916	51	162	1e-55	  189
scaffold11661	OTU_0180	73.91	46	12	0	7489	7626	20	65	2e-17	77.8
scaffold11748	OTU_0217	29.36	235	124	5	2665	3264	73	300	2e-21	92.4
scaffold11931	OTU_0245	26.86	309	174	10	3875	3045	12	300	2e-12	64.7
scaffold12171	OTU_0116	29.15	319	163	12	5379	4558	1	301	3e-18	82.4
scaffold12334	OTU_0229	33.33	213	93	6	6291	5773	6	209	6e-20	86.7
scaffold12816	OTU_0243	36.67	180	71	7	1452	1871	125	301	7e-18	80.9
scaffold12930	OTU_0150	40.22	184	74	9	4723	5172	33	214	5e-22	92.8
scaffold12942	OTU_0337	83.64	55	8	1	6616	6780	124	177	3e-23	95.5
scaffold13104	OTU_0229	37.79	217	90	7	6182	6724	2	209	3e-25	  102
scaffold13194	OTU_0072	35.81	215	90	7	5309	4782	98	303	5e-25	  103
scaffold13607	OTU_0261	31.18	186	96	6	5915	6385	120	302	3e-13	67.0
scaffold13843	OTU_0291	35.45	189	78	5	4863	5315	120	302	2e-21	92.0
scaffold13948	OTU_0132	35.06	154	66	6	5706	6068	153	305	2e-12	64.7
scaffold14069	OTU_0217	33.94	218	100	5	5406	4882	96	312	1e-21	92.8
scaffold14209	OTU_0121	38.74	191	77	6	5898	6365	116	301	5e-25	  103
scaffold14347	OTU_0155	30.56	324	167	12	4699	5559	1	303	2e-28	  114
scaffold14391	OTU_0030	26.53	196	113	2	2459	2953	105	300	1e-13	67.8
scaffold14400	OTU_0267	24.32	292	172	8	1902	1162	11	298	1e-15	73.6
scaffold14533	OTU_0226	30.34	234	119	6	249	836	71	298	1e-20	89.4
scaffold14956	OTU_0022	90.20	102	10	0	5107	4802	128	229	1e-84	  184
scaffold14956	OTU_0022	85.23	88	4	1	4785	4522	235	313	1e-84	  144
scaffold15011	OTU_0238	30.60	183	108	6	603	1097	10	191	7e-11	57.8
scaffold15012	OTU_0093	29.29	297	163	7	1694	2473	18	304	3e-21	91.7
scaffold15050	OTU_0305	60.94	64	25	0	889	1080	113	176	1e-18	82.0
scaffold15093	OTU_0246	36.36	209	108	12	1014	1589	103	303	1e-13	67.8
scaffold15156	OTU_0150	23.11	212	116	5	2491	2991	5	214	9e-11	57.8
scaffold15182	OTU_0031	30.00	250	123	8	115	759	68	300	2e-16	76.3
scaffold15196	OTU_0208	29.34	242	123	9	806	183	78	305	1e-12	64.7
scaffold16307	OTU_0119	31.99	322	166	10	4485	5345	1	304	9e-27	  108
scaffold16481	OTU_0176	28.83	222	125	7	1904	1335	4	224	1e-13	66.6
scaffold16508	OTU_0065	33.33	225	109	6	1975	2547	36	253	1e-12	63.5
scaffold17958	OTU_0196	34.43	183	88	6	2444	1989	119	300	2e-15	72.8
scaffold18309	OTU_0155	32.09	321	160	12	3591	2734	3	300	7e-27	  108
scaffold18818	OTU_0351	29.95	217	107	7	807	244	6	206	5e-12	61.2
scaffold19056	OTU_0341	27.54	276	162	9	1213	473	36	302	1e-12	64.7
scaffold19236	OTU_0076	30.63	284	134	10	2283	1555	40	301	2e-16	75.9
scaffold19412	OTU_0206	47.37	57	28	2	2690	2857	249	304	9e-11	45.8
scaffold19412	OTU_0206	32.26	93	56	4	2367	2633	125	214	9e-11	34.3
scaffold19488	OTU_0155	33.48	221	105	7	2928	2374	88	302	3e-23	97.4
scaffold19594	OTU_0121	37.78	180	70	7	758	345	122	301	5e-19	84.0
scaffold19839	OTU_0087	32.24	183	83	8	5459	5013	2	177	1e-11	59.7
scaffold20218	OTU_0105	35.29	204	77	7	1435	971	46	243	5e-21	89.7
scaffold20218	OTU_0105	37.43	179	74	6	473	48	66	243	2e-19	85.1
scaffold20545	OTU_0233	30.47	279	136	9	3601	4335	49	303	6e-22	93.2
scaffold20702	OTU_0307	31.27	323	154	13	172	1008	3	301	1e-17	80.1
scaffold20947	OTU_0345	27.24	257	128	8	1473	832	58	298	2e-14	70.1
scaffold21324	OTU_0351	39.81	211	85	5	4584	5111	1	204	5e-24	98.2
scaffold21336	OTU_0078	27.92	197	114	6	3292	2786	12	208	7e-12	60.5
scaffold21860	OTU_0140	53.73	67	31	0	5070	4870	235	301	5e-18	80.5
scaffold21999	OTU_0206	28.40	250	126	10	891	274	60	300	8e-13	64.7
scaffold22224	OTU_0287	29.88	241	123	10	1280	1921	87	308	8e-12	62.0
scaffold22459	OTU_0132	33.33	156	68	4	2181	1816	155	308	1e-15	73.2
scaffold22779	OTU_0155	29.06	203	106	7	4200	4712	105	301	2e-12	63.9
scaffold22840	OTU_0226	28.98	283	142	14	2477	3208	36	298	3e-14	69.3
scaffold22915	OTU_0217	37.02	181	77	6	1332	1766	123	302	9e-23	95.9
scaffold22933	OTU_0004	99.59	244	1	0	2893	3624	1	244	4e-142	  435
scaffold23082	OTU_0305	76.19	42	10	0	4221	4096	132	173	5e-16	73.2
scaffold23254	OTU_0140	50.00	70	30	1	2	211	236	300	5e-14	68.6
scaffold23296	OTU_0066	27.82	284	150	10	4128	3373	35	295	5e-15	71.6
scaffold23721	OTU_0025	35.90	195	78	8	468	4	114	301	4e-17	77.8
scaffold24162	OTU_0339	35.75	221	103	5	1965	2528	90	304	5e-23	96.3
scaffold24702	OTU_0218	31.08	251	112	13	1970	1323	79	303	5e-12	62.4
scaffold24944	OTU_0155	33.21	265	126	9	3283	3954	46	300	2e-26	  107
scaffold25314	OTU_0295	28.39	310	164	10	3211	4029	14	302	3e-16	75.1
scaffold25357	OTU_0066	31.18	263	137	10	1676	978	44	292	4e-15	71.6
scaffold25941	OTU_0020	48.44	64	33	0	2436	2245	238	301	1e-13	67.4
scaffold26460	OTU_0176	29.68	219	123	9	3569	2982	4	214	1e-11	59.7
scaffold26676	OTU_0341	24.91	277	176	7	769	14	8	277	3e-13	66.2
scaffold26917	OTU_0144	31.19	218	118	4	19	579	85	301	1e-13	67.4
scaffold27311	OTU_0134	28.38	222	116	6	826	269	88	302	3e-11	60.1
scaffold27410	OTU_0229	37.91	211	90	7	1261	734	5	209	2e-25	  102
scaffold28690	OTU_0108	31.84	267	133	8	598	1284	46	301	3e-24	  100
scaffold29406	OTU_0274	36.02	211	92	5	1335	1859	1	204	9e-27	  105
scaffold30617	OTU_0155	28.24	301	164	10	2102	2896	16	300	4e-26	  105
scaffold30633	OTU_0218	33.55	313	157	11	707	1537	14	311	7e-30	  117
scaffold31013	OTU_0140	52.11	71	33	1	2910	2701	228	298	7e-16	73.6
scaffold31207	OTU_0274	54.69	64	29	0	1896	1705	141	204	2e-16	74.3
scaffold31406	OTU_0266	31.65	297	147	12	2020	1244	23	301	2e-20	87.4
scaffold32757	OTU_0155	28.30	311	176	7	3347	2523	9	308	5e-25	  102
scaffold32769	OTU_0131	30.20	255	124	9	1236	586	20	258	3e-13	65.1
scaffold33743	OTU_0317	32.57	218	99	3	192	719	93	304	3e-23	96.3
scaffold34554	OTU_0126	36.16	177	65	3	1512	1126	119	295	3e-23	96.3
scaffold34554	OTU_0126	35.75	207	85	6	770	267	98	295	3e-20	87.4
scaffold34854	OTU_0229	29.65	199	95	9	2297	2797	38	223	5e-11	57.8
scaffold35355	OTU_0150	36.87	217	85	8	942	415	12	217	4e-24	97.8
scaffold35404	OTU_0303	29.91	321	169	10	2099	1245	1	301	7e-24	98.6
scaffold35922	OTU_0115	33.33	180	79	2	3400	2984	5	184	5e-18	78.6
scaffold36007	OTU_0155	34.62	182	86	5	587	141	121	302	3e-24	99.8
scaffold36117	OTU_0262	34.25	181	87	6	3403	2954	20	199	4e-16	73.2
scaffold36663	OTU_0345	27.18	287	147	11	991	1719	46	314	1e-13	67.0
scaffold36800	OTU_0179	31.25	272	139	10	918	208	25	283	3e-17	77.4
scaffold36847	OTU_0210	34.86	175	87	4	1208	765	127	301	8e-17	76.3
scaffold37875	OTU_0006	39.45	109	51	5	2867	3157	209	314	4e-14	68.2
scaffold38754	OTU_0074	45.59	68	37	0	328	125	91	158	3e-11	57.4
scaffold38826	OTU_0229	36.96	184	77	6	2534	2100	26	209	7e-19	81.6
scaffold39474	OTU_0267	30.72	306	156	10	828	19	12	297	9e-22	91.7
scaffold39474	OTU_0267	32.02	178	81	4	1399	986	118	295	7e-19	82.8
scaffold39951	OTU_0287	37.04	81	40	2	2265	2056	218	298	3e-11	44.7
scaffold39951	OTU_0287	26.74	187	116	6	2821	2291	2	177	3e-11	36.2
scaffold40580	OTU_0140	36.74	215	95	6	3004	2465	90	298	2e-24	  100
scaffold40885	OTU_0013	31.74	334	182	11	365	1327	1	301	7e-27	  107
scaffold41741	OTU_0203	69.77	43	13	0	1483	1355	110	152	3e-15	69.7
scaffold42003	OTU_0229	35.64	202	93	5	1863	2375	14	209	3e-20	85.9
scaffold42110	OTU_0229	30.39	204	120	8	927	1481	10	210	1e-11	59.3
scaffold42146	OTU_0200	28.48	302	164	9	1759	971	13	301	3e-20	87.0
scaffold42544	OTU_0176	33.94	221	100	7	901	350	1	212	5e-20	85.5
scaffold43614	OTU_0262	33.33	186	88	5	1985	2437	17	201	4e-20	85.5
scaffold44069	OTU_0249	28.47	288	153	10	536	1294	4	273	2e-13	65.5
scaffold44901	OTU_0266	32.01	303	159	7	2464	1688	2	301	4e-35	  132
scaffold45017	OTU_0072	34.75	305	158	4	2148	1354	10	313	8e-43	  154
scaffold46712	OTU_0265	65.00	40	14	0	2452	2571	134	173	1e-11	58.9
scaffold46755	OTU_0141	29.41	187	113	6	1077	550	122	300	2e-13	65.9
scaffold47517	OTU_0108	33.20	247	114	9	322	945	69	303	1e-24	  100
scaffold47746	OTU_0150	34.71	170	72	5	2824	2432	45	214	7e-16	72.0
scaffold48347	OTU_0335	29.14	302	158	9	2	781	14	301	4e-24	98.6
scaffold49720	OTU_0278	30.28	218	114	6	2598	2056	1	217	1e-12	62.0
scaffold49873	OTU_0121	29.46	258	121	6	83	751	69	300	3e-19	83.2
scaffold49916	OTU_0274	41.33	75	44	0	1883	1659	130	204	2e-11	58.5
scaffold50051	OTU_0303	30.90	178	85	5	544	122	125	301	2e-11	59.3
scaffold51244	OTU_0155	26.90	316	169	9	1269	439	8	300	9e-22	91.3
scaffold51543	OTU_0150	27.85	219	122	9	1169	1744	5	214	1e-11	59.3
scaffold51602	OTU_0020	31.31	198	107	5	1639	1127	101	296	8e-18	79.0
scaffold52942	OTU_0222	28.89	225	99	8	823	1344	86	300	2e-13	65.5
scaffold53742	OTU_0287	30.32	277	128	11	2005	1319	12	271	5e-11	58.5
scaffold53854	OTU_0155	33.91	233	113	7	644	1237	74	300	2e-24	99.4
scaffold54535	OTU_0267	31.43	175	83	4	2549	2136	121	295	6e-18	79.3
scaffold54583	OTU_0121	31.60	307	150	10	1100	1894	13	301	2e-27	  108
scaffold57032	OTU_0150	29.22	219	107	6	2154	1615	5	214	5e-13	63.2
scaffold58501	OTU_0256	28.24	216	115	6	1585	2130	74	283	4e-12	61.2
scaffold58567	OTU_0217	25.32	312	159	8	1125	1925	15	297	3e-12	62.0
scaffold59594	OTU_0126	34.94	166	93	5	1715	2203	9	162	5e-15	70.5
scaffold59884	OTU_0001	27.14	199	109	5	1832	1341	106	303	2e-13	65.5
scaffold60502	OTU_0203	64.71	51	18	0	2279	2127	102	152	1e-14	67.4
scaffold61089	OTU_0234	29.71	276	142	8	849	133	41	301	1e-17	78.2
scaffold63034	OTU_0336	27.86	201	99	7	596	87	2	187	4e-12	60.1
scaffold64390	OTU_0096	31.40	172	80	5	1582	1983	1	172	3e-12	60.1
scaffold64613	OTU_0155	29.25	294	156	9	2	775	23	300	2e-24	99.4
scaffold65136	OTU_0351	35.71	210	93	6	1571	2092	2	205	8e-26	  101
scaffold66816	OTU_0175	26.27	316	159	12	37	864	24	305	2e-16	74.3
scaffold68227	OTU_0196	26.64	304	171	10	444	1253	16	301	2e-16	74.3
scaffold68297	OTU_0157	31.41	277	118	9	1282	662	28	302	6e-16	73.2
scaffold68318	OTU_0210	28.70	216	106	7	1342	1893	103	302	1e-10	57.0
scaffold69769	OTU_0335	36.96	230	103	9	51	641	83	303	3e-26	  104
scaffold69908	OTU_0260	29.35	184	93	5	656	1102	29	210	4e-16	72.4
scaffold71041	OTU_0341	26.13	287	141	8	1355	630	41	301	3e-18	79.7
scaffold71377	OTU_0345	27.27	187	105	5	515	36	126	308	1e-11	59.7
scaffold71401	OTU_0339	29.78	319	162	11	1270	434	13	309	3e-21	89.0
scaffold72954	OTU_0176	36.70	218	100	6	64	621	1	212	8e-25	98.6
scaffold73067	OTU_0314	32.16	199	88	6	328	792	108	303	2e-14	68.2
scaffold74598	OTU_0030	33.49	212	99	7	971	444	97	302	6e-24	97.4
scaffold75135	OTU_0305	77.50	40	9	0	1789	1670	134	173	1e-14	67.4
scaffold75620	OTU_0165	35.11	131	75	3	503	114	53	174	1e-13	64.3
scaffold76473	OTU_0115	48.98	98	40	1	1925	1662	87	184	2e-20	84.7
scaffold76479	OTU_0155	28.01	282	151	13	949	1686	36	301	1e-11	60.1
scaffold76765	OTU_0183	28.03	289	152	12	905	1630	19	298	1e-15	71.6
scaffold76860	OTU_0317	37.67	215	86	9	211	738	98	303	7e-27	  106
scaffold77685	OTU_0196	27.65	264	150	8	1674	979	47	301	2e-17	77.4
scaffold78919	OTU_0305	66.67	45	15	0	1902	1768	130	174	4e-16	71.6
scaffold80610	OTU_0031	32.18	289	133	10	1357	617	45	312	2e-25	  102
scaffold80658	OTU_0151	27.63	257	129	9	1606	839	103	303	2e-12	62.0
scaffold81561	OTU_0072	30.55	311	167	10	179	1000	5	303	1e-22	93.2
scaffold81845	OTU_0031	34.76	210	89	7	41	556	98	297	8e-20	84.3
scaffold83046	OTU_0229	34.86	218	92	7	65	598	2	209	4e-22	90.5
scaffold83335	OTU_0021	43.33	60	33	1	1312	1136	192	251	3e-11	57.8
scaffold83787	OTU_0311	51.85	54	25	1	754	593	43	95	4e-11	55.5
scaffold84717	OTU_0104	32.46	228	112	10	1061	1639	24	244	5e-17	75.1
scaffold85405	OTU_0030	45.78	83	40	1	1746	1513	220	302	6e-18	78.6
scaffold85503	OTU_0121	32.12	274	115	10	1269	595	50	301	1e-18	80.9
scaffold85810	OTU_0249	30.09	216	117	7	1308	742	67	275	4e-11	57.8
scaffold86081	OTU_0266	32.27	220	120	9	378	971	90	302	9e-12	60.1
scaffold86721	OTU_0336	27.84	194	89	7	1153	1611	6	189	6e-11	55.8
scaffold87459	OTU_0226	29.77	309	176	10	178	1035	10	300	8e-23	93.6
scaffold87889	OTU_0317	27.73	220	120	7	1147	587	98	311	2e-13	65.5
scaffold88085	OTU_0351	36.87	179	77	7	1793	1365	27	205	4e-22	90.1
scaffold88117	OTU_0107	29.17	240	126	9	918	319	72	307	3e-12	61.2
scaffold88506	OTU_0020	28.53	319	164	10	461	1285	3	301	3e-23	94.7
scaffold89535	OTU_0219	31.35	185	90	5	25	468	123	307	2e-16	73.9
scaffold89942	OTU_0229	32.50	200	101	5	1052	1561	17	212	3e-14	66.2
scaffold90057	OTU_0176	28.17	213	104	7	1346	840	5	212	4e-16	72.0
scaffold91067	OTU_0229	32.42	182	98	4	438	911	23	203	2e-15	69.7
scaffold91153	OTU_0155	28.14	199	124	8	667	71	2	181	8e-12	60.1
scaffold92255	OTU_0197	48.39	62	32	0	40	225	114	175	5e-13	62.0
scaffold92823	OTU_0121	36.16	177	79	4	1	429	125	301	3e-25	  100
scaffold93576	OTU_0027	32.76	232	104	10	772	1368	91	303	1e-13	65.9
scaffold94644	OTU_0267	33.04	224	99	8	1106	1666	86	295	9e-20	84.0
scaffold95896	OTU_0256	55.93	59	24	1	704	534	221	279	7e-13	62.8
scaffold96174	OTU_0233	27.84	273	140	8	632	1315	42	302	9e-18	78.2
scaffold96396	OTU_0132	34.46	267	127	7	862	1554	48	302	1e-32	  121
scaffold96681	OTU_0029	54.55	55	25	0	2	166	116	170	4e-13	62.4
scaffold97217	OTU_0249	64.82	199	70	0	416	1012	89	287	9e-79	  247
scaffold97270	OTU_0072	30.90	301	152	11	1007	225	16	300	1e-23	95.9
scaffold100048	OTU_0176	26.05	238	110	8	420	1019	5	214	4e-12	59.3
scaffold101293	OTU_0157	33.65	318	149	11	1105	281	4	302	7e-30	  114
scaffold102470	OTU_0155	28.90	308	160	10	305	1120	13	297	3e-23	94.4
scaffold103548	OTU_0260	32.26	186	86	6	1156	713	31	214	7e-18	77.0
scaffold104645	OTU_0229	34.12	211	95	6	531	10	7	210	7e-22	89.0
scaffold104892	OTU_0229	32.42	219	89	9	674	1201	7	209	1e-16	73.6
scaffold106779	OTU_0229	36.51	189	76	7	900	454	26	210	2e-22	90.1
scaffold108060	OTU_0031	30.42	240	114	9	813	208	86	310	6e-19	81.3
scaffold108114	OTU_0095	33.33	219	100	5	1082	525	97	302	5e-20	84.3
scaffold109782	OTU_0246	33.79	219	94	8	932	1474	97	302	1e-23	95.5
scaffold111040	OTU_0196	27.99	268	145	7	1280	603	39	300	8e-20	84.0
scaffold111992	OTU_0043	26.73	318	155	11	1087	263	19	301	2e-18	79.3
scaffold112399	OTU_0242	29.61	304	158	9	535	1329	16	302	8e-26	  101
scaffold113682	OTU_0265	67.39	46	15	0	1390	1253	130	175	5e-15	67.8
scaffold113866	OTU_0234	27.92	197	97	4	491	6	89	275	3e-12	61.2
scaffold116861	OTU_0339	37.29	177	71	6	7	417	125	301	8e-20	84.0
scaffold116920	OTU_0303	30.19	308	159	10	636	1439	10	301	7e-23	92.8
scaffold116996	OTU_0291	34.33	233	103	9	972	388	82	302	7e-24	95.9
scaffold117041	OTU_0341	28.35	328	178	13	1196	315	10	314	7e-21	87.0
scaffold117205	OTU_0095	31.37	306	149	8	840	49	16	302	8e-26	  101
scaffold117268	OTU_0275	46.99	83	38	2	90	332	60	138	2e-15	68.6
scaffold118718	OTU_0140	30.41	319	156	13	56	892	6	298	6e-19	80.9
scaffold120700	OTU_0225	52.50	80	32	1	340	579	227	300	4e-18	78.6
scaffold120834	OTU_0253	36.25	80	37	1	46	285	76	141	2e-11	56.2
scaffold121252	OTU_0197	43.18	88	43	1	1187	1429	86	173	3e-13	62.4
scaffold121263	OTU_0151	33.18	214	110	6	795	253	89	302	4e-26	  102
scaffold122142	OTU_0031	31.15	183	82	6	1382	957	121	300	9e-17	74.7
scaffold122537	OTU_0105	35.29	204	77	7	344	808	46	243	2e-22	90.5
scaffold123243	OTU_0341	60.94	64	25	0	1	192	251	314	1e-19	83.2
scaffold124859	OTU_0270	48.24	85	44	0	332	78	1	85	2e-14	66.6
scaffold124917	OTU_0121	35.29	221	97	6	911	363	90	302	2e-26	  102
scaffold126332	OTU_0048	30.89	259	122	12	741	118	59	311	2e-12	61.2
scaffold126816	OTU_0162	38.46	221	94	6	738	175	91	302	2e-25	  100
scaffold127658	OTU_0253	36.25	80	37	1	1040	801	76	141	1e-11	57.0
scaffold129281	OTU_0312	36.42	313	150	9	545	1357	8	313	6e-41	  144
scaffold129553	OTU_0275	56.14	57	25	0	2	172	95	151	9e-15	66.2
scaffold130260	OTU_0137	33.21	280	142	11	1143	409	33	302	3e-26	  102
scaffold130311	OTU_0031	36.31	168	71	4	1363	968	131	298	3e-19	82.0
scaffold130511	OTU_0274	37.37	190	78	4	21	467	21	210	6e-28	  105
scaffold131977	OTU_0226	28.78	278	143	12	149	871	39	298	1e-17	77.0
scaffold132179	OTU_0128	31.64	177	76	6	919	1335	128	297	2e-12	61.6
scaffold133247	OTU_0020	31.43	245	111	8	315	989	94	301	5e-17	75.1
scaffold134898	OTU_0229	34.39	189	85	2	40	489	21	209	4e-24	94.7
scaffold136990	OTU_0275	42.17	83	43	1	649	416	70	152	4e-12	58.2
scaffold138381	OTU_0229	37.30	185	77	7	804	1244	26	209	7e-20	82.4
scaffold140091	OTU_0200	32.44	299	151	9	949	167	16	301	4e-28	  107
scaffold141358	OTU_0180	37.50	88	48	2	934	1176	65	152	2e-14	65.1
scaffold141592	OTU_0317	30.00	210	96	9	507	1	86	285	5e-11	57.0
scaffold142745	OTU_0176	29.19	209	112	9	664	131	6	209	2e-11	57.0
scaffold143172	OTU_0018	60.38	53	20	1	259	104	125	177	3e-14	65.1
scaffold144110	OTU_0250	25.82	275	139	8	6	677	42	302	2e-16	73.2
scaffold144439	OTU_0105	32.84	201	81	3	1211	753	46	240	9e-20	82.4
scaffold145130	OTU_0084	56.60	53	23	0	63	221	119	171	5e-14	64.3
scaffold145286	OTU_0351	34.12	211	84	7	500	1006	7	204	1e-20	84.3
scaffold146662	OTU_0127	31.98	197	86	6	205	723	5	177	8e-12	57.8
scaffold147781	OTU_0196	27.36	296	176	11	399	1190	13	301	8e-22	89.0
scaffold148550	OTU_0106	27.65	293	175	11	204	995	18	302	9e-20	83.2
scaffold149109	OTU_0218	33.03	221	106	5	670	1224	97	311	2e-25	99.4
scaffold152441	OTU_0203	60.71	56	22	0	782	615	97	152	4e-16	70.1
scaffold152750	OTU_0134	35.43	223	84	11	1010	453	104	303	3e-13	63.5
scaffold154978	OTU_0264	34.69	147	78	6	790	1212	29	163	5e-11	55.1
scaffold156235	OTU_0192	49.18	61	30	1	16	195	35	95	5e-12	57.0
scaffold156807	OTU_0105	29.83	181	91	5	1198	764	60	240	3e-12	60.1
scaffold158204	OTU_0272	31.25	304	141	14	178	933	21	308	2e-12	61.2
scaffold159002	OTU_0001	35.19	287	141	7	1189	461	16	301	7e-40	  140
scaffold159902	OTU_0314	36.14	83	50	1	311	559	223	302	5e-11	56.6
scaffold159964	OTU_0271	29.10	244	124	9	386	1036	79	300	9e-16	71.2
scaffold160460	OTU_0197	64.29	42	15	0	196	321	134	175	3e-13	62.0
scaffold160697	OTU_0157	31.99	272	131	9	1141	443	46	302	4e-25	98.2
scaffold160992	OTU_0219	32.59	224	100	7	549	1	89	302	2e-25	99.0
scaffold161390	OTU_0226	37.96	108	62	2	991	683	204	311	4e-24	76.6
scaffold161390	OTU_0226	36.36	55	35	0	1146	982	119	173	4e-24	45.8
scaffold162235	OTU_0203	79.07	43	9	0	420	548	110	152	7e-19	77.8
scaffold163256	OTU_0229	33.18	217	96	6	283	813	2	209	3e-23	91.3
scaffold163506	OTU_0198	37.29	177	76	5	1148	723	125	301	7e-26	  100
scaffold164359	OTU_0121	33.58	268	124	11	482	1162	41	295	8e-25	97.1
scaffold165286	OTU_0351	34.29	210	96	6	723	202	2	205	1e-24	94.7
scaffold165725	OTU_0267	30.29	175	94	5	1158	715	125	298	1e-14	67.8
scaffold166168	OTU_0218	35.07	211	93	9	551	1072	100	303	2e-26	  102
scaffold166686	OTU_0229	37.10	186	79	6	96	542	26	210	2e-21	85.9
scaffold169124	OTU_0283	23.97	292	175	8	1	777	24	301	1e-11	58.5
scaffold169762	OTU_0198	25.80	283	159	9	743	3	16	283	3e-12	60.5
scaffold173479	OTU_0107	97.74	310	4	1	1121	192	7	313	0.0	  530
scaffold174237	OTU_0246	35.36	263	120	9	198	869	51	302	5e-27	  103
scaffold174790	OTU_0016	34.63	205	95	8	1026	529	55	259	4e-22	88.6
scaffold176913	OTU_0121	30.63	271	133	10	4	693	49	305	2e-20	84.7
scaffold178356	OTU_0029	99.45	183	1	0	386	934	1	183	4e-134	  379
scaffold180349	OTU_0233	31.64	177	102	5	612	97	14	176	2e-11	57.8
scaffold180924	OTU_0275	72.50	40	11	0	98	217	99	138	8e-14	62.8
scaffold183732	OTU_0030	41.76	91	51	1	36	302	217	307	1e-16	73.6
scaffold183904	OTU_0108	32.58	267	131	8	131	817	46	301	3e-27	  103
scaffold186294	OTU_0249	65.49	284	95	1	2	853	4	284	7e-107	  313
scaffold187564	OTU_0229	55.93	59	26	0	26	202	151	209	3e-16	70.5
scaffold192681	OTU_0260	29.52	210	108	6	103	627	6	210	1e-11	57.4
scaffold192766	OTU_0203	34.23	149	68	4	5	361	4	152	9e-15	65.5
scaffold193929	OTU_0305	60.32	63	25	0	14	202	113	175	9e-19	77.0
scaffold194213	OTU_0136	42.86	77	44	0	442	212	238	314	4e-13	62.8
scaffold194595	OTU_0265	49.21	63	29	1	255	67	129	188	4e-12	58.2
scaffold200321	OTU_0351	29.76	205	123	5	369	932	5	205	3e-14	64.7
scaffold200720	OTU_0219	28.88	232	113	10	703	107	104	316	7e-11	55.8
scaffold201198	OTU_0006	48.44	64	32	1	72	263	241	303	3e-12	60.1
scaffold201528	OTU_0339	38.07	218	93	5	789	244	90	301	1e-26	  101
scaffold203316	OTU_0291	32.84	204	96	11	587	78	104	300	3e-12	60.5
scaffold203524	OTU_0229	32.12	165	77	2	1006	617	45	209	8e-19	77.8
scaffold203851	OTU_0248	37.29	177	77	7	128	556	110	286	4e-22	88.2
scaffold207483	OTU_0314	36.88	160	59	5	149	505	144	302	6e-15	68.2
scaffold207658	OTU_0351	34.80	227	88	6	644	99	2	213	1e-23	91.3
scaffold207696	OTU_0196	28.08	203	106	5	167	658	99	300	3e-12	60.1
scaffold207969	OTU_0155	27.69	307	169	10	179	991	2	291	4e-22	88.2
scaffold208691	OTU_0113	42.42	99	45	4	699	436	99	196	4e-12	58.2
scaffold208927	OTU_0257	81.08	37	7	0	988	878	72	108	2e-15	66.6
scaffold211532	OTU_0249	94.03	67	4	0	2	202	221	287	6e-37	  130
scaffold211995	OTU_0341	29.39	228	111	8	935	375	80	298	8e-12	58.9
scaffold217057	OTU_0276	75.97	154	37	0	464	3	1	154	3e-77	  231
scaffold217480	OTU_0218	38.67	75	46	0	960	736	239	313	1e-11	57.8
scaffold217532	OTU_0275	55.84	77	28	2	1	228	76	147	8e-20	79.0
scaffold219118	OTU_0023	27.12	295	158	11	4	756	21	302	9e-15	67.4
scaffold219806	OTU_0071	74.36	39	9	1	808	921	242	280	2e-12	60.8
scaffold220594	OTU_0088	51.30	230	103	4	953	288	87	315	3e-60	  192
scaffold223197	OTU_0031	31.48	216	99	7	4	546	99	300	8e-17	73.2
scaffold224739	OTU_0339	26.12	291	149	7	185	940	12	275	1e-12	60.8
scaffold225416	OTU_0198	35.56	180	71	7	870	457	122	298	3e-19	79.7
scaffold225538	OTU_0162	29.36	218	111	6	3	569	99	302	8e-11	55.5
scaffold228492	OTU_0305	55.77	52	23	0	914	759	122	173	1e-15	67.8
scaffold229129	OTU_0197	45.68	81	37	3	2	232	110	187	1e-15	68.2
scaffold232433	OTU_0284	25.24	206	107	4	903	406	105	303	4e-13	62.4
scaffold232500	OTU_0241	98.94	94	1	0	282	1	1	94	2e-34	  122
scaffold233243	OTU_0013	31.82	220	105	8	80	631	91	301	6e-12	58.9
scaffold233506	OTU_0096	44.44	63	34	1	16	201	109	171	5e-12	57.4
scaffold234592	OTU_0151	30.57	229	125	7	123	716	77	302	1e-19	80.9
scaffold237739	OTU_0197	69.05	42	13	0	180	305	134	175	9e-16	68.2
scaffold238430	OTU_0234	35.51	138	77	3	393	806	41	166	9e-14	64.3
scaffold239156	OTU_0251	31.67	281	129	11	1	726	46	302	1e-24	95.5
scaffold239801	OTU_0121	36.54	208	83	7	357	869	106	301	3e-23	91.3
scaffold245927	OTU_0338	48.11	106	47	2	330	629	212	315	3e-23	91.3
scaffold246619	OTU_0151	33.88	245	123	4	60	680	72	315	9e-35	  124
scaffold250751	OTU_0203	53.33	60	28	0	341	162	93	152	7e-11	53.5
scaffold250898	OTU_0305	74.42	43	11	0	841	713	131	173	8e-18	73.6
scaffold255089	OTU_0291	33.83	201	99	9	102	611	104	301	5e-13	62.0
scaffold257799	OTU_0305	70.45	44	13	0	2	133	133	176	3e-15	66.2
scaffold260172	OTU_0023	40.57	212	80	7	42	563	100	303	1e-29	  109
scaffold261577	OTU_0111	36.46	181	99	5	219	758	8	173	4e-21	84.3
scaffold264591	OTU_0203	75.00	40	10	0	70	189	113	152	4e-14	62.8
scaffold265002	OTU_0124	45.78	83	31	5	509	300	69	150	1e-12	58.5
scaffold265440	OTU_0249	28.49	179	94	6	722	285	100	277	1e-10	54.7
scaffold266063	OTU_0106	29.76	252	129	8	770	117	60	297	3e-13	62.8
scaffold267683	OTU_0246	33.05	239	110	11	163	780	84	305	8e-23	89.7
scaffold270344	OTU_0155	29.48	268	146	6	680	3	2	268	9e-31	  112
scaffold270558	OTU_0203	50.94	53	26	0	733	575	97	149	2e-12	57.8
scaffold272562	OTU_0192	77.14	35	8	0	826	722	61	95	1e-13	60.5
scaffold273773	OTU_0012	28.90	173	89	4	3	419	16	188	2e-13	61.2
scaffold274126	OTU_0076	28.57	182	99	4	277	735	122	301	2e-11	57.0
scaffold275524	OTU_0305	68.63	51	16	0	810	658	123	173	3e-20	80.1
scaffold278082	OTU_0175	25.98	254	142	8	9	668	75	316	7e-12	58.2
scaffold281062	OTU_0305	77.50	40	9	0	160	279	134	173	4e-17	70.9
scaffold282144	OTU_0140	46.27	67	36	0	759	559	235	301	3e-13	62.4
scaffold282805	OTU_0267	27.54	236	123	10	13	654	98	307	4e-12	58.9
scaffold285188	OTU_0203	71.43	42	12	0	168	293	111	152	7e-16	67.4
scaffold286549	OTU_0132	36.02	236	111	8	175	780	73	302	2e-26	  100
scaffold287635	OTU_0234	34.24	184	81	4	757	326	118	301	2e-23	91.3
scaffold292250	OTU_0305	53.33	60	28	0	144	323	115	174	3e-17	71.2
scaffold295814	OTU_0096	49.09	55	27	1	423	262	118	172	4e-11	54.3
scaffold296938	OTU_0096	49.09	55	27	1	420	259	118	172	7e-11	53.9
scaffold302363	OTU_0265	62.26	53	16	1	115	273	130	178	2e-16	69.3
scaffold306377	OTU_0095	33.52	182	83	3	80	511	121	302	5e-23	89.7
scaffold311556	OTU_0306	37.04	162	93	5	277	747	9	166	2e-24	91.7
scaffold314452	OTU_0155	33.03	218	104	5	609	64	89	300	3e-30	  110
scaffold315824	OTU_0305	73.68	38	10	0	1	114	139	176	3e-15	65.5
scaffold316604	OTU_0155	35.13	279	147	6	744	7	36	313	3e-40	  137
scaffold318819	OTU_0303	35.02	257	125	6	25	696	57	304	1e-26	  100
scaffold321438	OTU_0267	32.37	173	87	5	53	481	118	290	3e-13	61.6
scaffold323980	OTU_0281	61.29	62	24	0	596	411	31	92	3e-21	80.9
scaffold325935	OTU_0173	50.72	69	31	1	116	322	237	302	9e-13	60.5
scaffold326103	OTU_0203	61.70	47	18	0	731	591	106	152	1e-16	69.3
scaffold326450	OTU_0266	36.73	98	55	2	410	120	88	179	4e-11	55.5
scaffold329713	OTU_0030	33.33	180	82	3	606	181	122	301	3e-21	84.3
scaffold331577	OTU_0305	70.00	40	12	0	105	224	134	173	1e-15	66.2
scaffold339200	OTU_0266	63.64	165	60	0	495	1	1	165	2e-66	  205
scaffold339560	OTU_0173	69.86	73	22	0	441	223	243	315	8e-28	  103
scaffold341800	OTU_0026	41.77	79	44	2	206	439	120	197	7e-11	53.5
scaffold346674	OTU_0106	31.27	259	126	8	700	35	56	299	1e-15	68.6
scaffold350142	OTU_0079	32.34	167	81	4	1	408	134	299	8e-12	57.4
scaffold350218	OTU_0198	29.52	271	128	11	44	697	32	292	3e-15	67.0
scaffold350219	OTU_0198	29.67	273	125	13	44	697	32	292	5e-16	69.3
scaffold354575	OTU_0111	31.38	188	105	6	681	124	8	173	2e-12	58.9
scaffold360645	OTU_0233	30.34	178	108	5	546	25	11	176	2e-13	62.4
scaffold360766	OTU_0219	44.78	67	36	1	4	201	250	316	3e-13	61.6
scaffold362196	OTU_0339	58.93	56	23	0	682	515	246	301	1e-14	65.5
scaffold362388	OTU_0331	36.90	84	42	1	451	233	214	297	4e-13	60.8
scaffold365029	OTU_0195	94.04	218	13	0	23	676	1	218	5e-136	  383
scaffold365391	OTU_0305	36.05	147	55	4	132	461	29	173	1e-21	83.6
scaffold366269	OTU_0218	33.98	206	94	7	672	163	104	303	4e-26	98.2
scaffold368941	OTU_0191	33.33	135	76	3	174	575	59	180	2e-13	61.6
scaffold371885	OTU_0079	35.80	176	81	5	231	665	121	295	2e-18	76.3
scaffold372576	OTU_0227	28.96	183	120	5	574	29	6	179	2e-11	56.2
scaffold375157	OTU_0236	33.85	192	83	7	504	34	123	305	3e-13	61.2
scaffold378519	OTU_0176	35.29	221	91	7	62	604	4	212	2e-25	95.1
scaffold380230	OTU_0305	53.95	76	34	1	81	308	99	173	5e-20	79.0
scaffold381513	OTU_0240	36.96	92	50	2	262	534	49	133	3e-11	53.9
scaffold384180	OTU_0179	27.91	258	126	6	4	654	26	264	3e-12	58.2
scaffold387804	OTU_0108	29.15	223	94	9	137	628	87	304	3e-14	63.9
scaffold389340	OTU_0229	34.86	218	92	7	65	598	2	209	1e-23	89.7
scaffold392057	OTU_0260	55.81	43	19	0	2	130	168	210	9e-11	53.1
scaffold392450	OTU_0091	32.52	163	70	5	374	3	1	162	2e-13	59.7
scaffold394877	OTU_0275	49.23	65	32	1	608	417	71	135	1e-14	63.2
scaffold395635	OTU_0315	70.27	37	11	0	463	353	73	109	1e-13	59.3
scaffold397024	OTU_0266	32.99	197	95	8	8	583	19	183	4e-12	58.2
scaffold399256	OTU_0111	32.53	166	96	6	131	625	8	158	1e-14	64.7
scaffold399485	OTU_0192	40.62	64	37	1	75	263	32	95	4e-11	52.4
scaffold400831	OTU_0133	43.66	71	39	1	52	264	77	146	6e-14	60.8
scaffold403470	OTU_0167	96.30	162	6	0	488	3	1	162	7e-95	  274
scaffold411291	OTU_0155	30.15	199	97	7	489	1	88	280	2e-16	70.5
scaffold413425	OTU_0031	30.88	217	105	7	568	29	96	304	3e-22	86.3
scaffold419995	OTU_0126	33.93	224	109	7	591	16	82	298	7e-25	94.0
scaffold420088	OTU_0121	40.25	159	59	4	614	246	143	301	1e-23	90.5
scaffold420705	OTU_0254	35.40	161	89	7	5	478	10	158	8e-12	55.5
scaffold421907	OTU_0260	35.23	193	92	5	117	614	16	202	6e-19	75.9
scaffold426645	OTU_0084	62.07	58	22	0	587	414	114	171	6e-19	75.5
scaffold428073	OTU_0305	71.11	45	13	0	380	246	132	176	6e-18	72.4
scaffold428615	OTU_0248	31.10	164	100	6	23	508	2	154	6e-15	65.5
scaffold429632	OTU_0229	36.04	111	55	4	363	58	7	110	9e-11	53.1
scaffold431378	OTU_0096	44.44	63	34	1	51	236	109	171	1e-12	57.8
scaffold434585	OTU_0229	38.94	208	86	6	602	84	8	209	4e-27	99.0
scaffold436174	OTU_0278	30.48	187	92	7	486	37	31	216	9e-12	55.8
scaffold441463	OTU_0031	31.05	219	99	9	55	597	89	293	5e-21	82.8
scaffold441647	OTU_0277	91.07	56	5	0	597	430	99	154	2e-30	  106
scaffold447727	OTU_0189	63.16	57	21	0	539	369	257	313	3e-19	77.8
scaffold447729	OTU_0203	65.45	55	18	1	399	238	98	152	7e-18	72.0
scaffold456575	OTU_0271	48.00	50	26	0	584	435	251	300	4e-11	54.3
scaffold460317	OTU_0155	33.33	153	82	7	40	492	47	181	6e-13	59.7
scaffold468106	OTU_0305	69.23	52	16	0	177	332	123	174	4e-22	84.3
scaffold469141	OTU_0173	43.75	64	35	1	205	17	239	302	2e-12	58.5
scaffold474535	OTU_0020	28.44	211	103	6	516	4	87	289	7e-14	62.4
scaffold474641	OTU_0229	31.18	186	100	4	69	545	28	212	4e-15	64.7
scaffold485859	OTU_0163	33.61	119	58	4	554	231	43	151	8e-15	62.8
scaffold489513	OTU_0287	33.33	180	102	6	6	539	20	183	9e-13	58.9
scaffold493471	OTU_0126	37.17	113	63	3	135	470	82	187	3e-11	54.7
scaffold494937	OTU_0062	32.76	174	102	6	551	66	16	186	5e-18	73.9
scaffold501695	OTU_0217	31.55	206	105	8	540	19	96	297	8e-14	62.0
scaffold509856	OTU_0197	48.28	58	30	0	485	312	115	172	9e-15	63.2
scaffold510237	OTU_0153	60.94	128	50	0	1	384	109	236	4e-42	  140
scaffold511348	OTU_0198	37.14	175	75	5	438	19	127	301	2e-26	97.8
scaffold511568	OTU_0127	31.55	168	69	6	396	31	5	172	3e-12	55.8
scaffold518394	OTU_0106	30.54	203	101	7	509	3	93	289	5e-11	53.9
scaffold521234	OTU_0173	43.94	66	36	1	250	447	248	312	2e-12	58.2
scaffold531299	OTU_0229	53.23	62	29	0	179	364	160	221	1e-14	63.2
scaffold532036	OTU_0351	30.65	199	96	5	490	2	2	194	2e-18	73.9
scaffold536080	OTU_0155	31.88	138	84	5	1	408	52	181	5e-13	59.7
scaffold541112	OTU_0127	29.71	175	86	5	106	519	1	175	3e-13	58.5
scaffold545421	OTU_0335	40.62	160	63	4	7	390	144	303	2e-24	92.0
scaffold546832	OTU_0200	37.50	216	88	5	3	512	81	295	9e-36	  123
scaffold548216	OTU_0114	63.79	58	21	0	451	278	119	176	1e-18	74.3
scaffold549785	OTU_0234	32.77	177	84	3	17	442	125	301	5e-22	85.1
scaffold554721	OTU_0203	37.82	119	61	3	509	168	45	155	2e-17	70.5
scaffold555936	OTU_0249	56.41	39	17	0	129	13	239	277	7e-11	53.1
scaffold561610	OTU_0140	31.22	189	82	8	473	3	126	298	3e-14	62.8
scaffold565061	OTU_0162	34.55	191	87	8	485	3	99	281	1e-16	69.7
scaffold567717	OTU_0305	61.02	59	23	0	499	323	115	173	5e-20	77.8
scaffold571660	OTU_0233	38.38	99	54	2	28	321	92	184	6e-12	56.2
scaffold576086	OTU_0155	26.53	196	93	4	466	11	112	300	1e-13	61.2
scaffold578799	OTU_0229	27.27	198	108	5	7	495	4	200	2e-13	59.3
scaffold581106	OTU_0249	82.41	108	19	0	10	333	89	196	2e-58	  181
scaffold583114	OTU_0159	39.78	93	41	3	219	494	29	107	4e-11	52.0
scaffold585940	OTU_0133	36.44	118	67	3	20	355	31	146	6e-15	63.2
scaffold587208	OTU_0305	72.50	40	11	0	191	310	131	170	2e-16	67.4
scaffold587812	OTU_0265	61.36	44	17	0	4	135	132	175	9e-14	60.1
scaffold593356	OTU_0305	57.14	63	27	0	477	289	114	176	1e-18	73.6
scaffold594616	OTU_0213	43.96	91	50	1	16	288	212	301	1e-17	72.0
scaffold594653	OTU_0195	100.00	73	0	0	1	219	238	310	2e-46	  150
scaffold597098	OTU_0099	54.55	55	24	1	429	268	94	148	5e-14	60.1
scaffold600242	OTU_0111	30.57	157	94	5	13	480	8	150	2e-12	57.0
scaffold603489	OTU_0335	36.17	94	47	3	96	344	210	301	4e-11	53.9
scaffold607784	OTU_0217	32.58	178	80	5	481	65	124	300	7e-16	67.4
scaffold615788	OTU_0151	48.33	60	28	2	284	111	244	302	5e-11	53.1
scaffold618618	OTU_0275	45.00	60	30	2	12	191	84	140	2e-12	55.5
scaffold622015	OTU_0262	34.81	181	86	6	467	18	20	199	7e-19	74.7
scaffold630938	OTU_0277	43.86	57	32	0	78	248	80	136	2e-11	52.8
scaffold639007	OTU_0238	41.33	75	44	0	427	203	130	204	7e-14	60.1
scaffold639817	OTU_0021	39.76	83	48	2	211	456	183	264	6e-12	55.5
scaffold642882	OTU_0265	74.36	39	10	0	463	347	137	175	8e-15	62.8
scaffold646699	OTU_0265	65.00	40	14	0	305	186	136	175	1e-13	59.3
scaffold647042	OTU_0026	43.43	99	50	1	460	182	99	197	6e-23	85.9
scaffold647509	OTU_0150	34.71	170	72	5	460	68	45	214	6e-18	72.0
scaffold649753	OTU_0305	69.77	43	13	0	3	131	131	173	3e-17	69.7
scaffold653211	OTU_0073	64.29	42	15	0	457	332	227	268	1e-12	58.2
scaffold654065	OTU_0115	38.89	90	46	4	184	432	97	184	1e-11	53.5
scaffold656543	OTU_0140	47.76	67	35	0	388	188	235	301	6e-16	67.4
scaffold657328	OTU_0305	69.05	42	13	0	10	135	132	173	2e-16	67.0
scaffold664722	OTU_0009	30.38	158	63	3	2	352	156	307	3e-16	68.6
scaffold664771	OTU_0105	52.08	48	23	0	237	380	61	108	3e-11	53.1
scaffold667052	OTU_0176	35.91	181	74	4	421	2	5	184	3e-22	84.3
scaffold668912	OTU_0165	39.64	111	58	3	445	128	57	163	1e-17	70.5
scaffold671256	OTU_0305	53.25	77	33	2	342	115	99	173	9e-22	82.0
scaffold675851	OTU_0055	44.12	68	35	2	221	27	99	166	8e-11	51.2
scaffold679964	OTU_0301	34.64	179	79	6	4	435	120	295	2e-23	87.8
scaffold686077	OTU_0335	66.13	62	21	0	33	218	242	303	2e-23	87.8
scaffold687511	OTU_0203	61.40	57	21	1	57	227	97	152	4e-19	74.7
scaffold693160	OTU_0305	72.09	43	12	0	214	342	134	176	8e-18	71.2
scaffold699699	OTU_0247	75.68	74	18	0	222	1	9	82	5e-34	  115
scaffold702073	OTU_0192	57.14	70	24	2	55	264	36	99	2e-19	73.9
scaffold707618	OTU_0225	33.04	112	74	1	95	427	5	116	3e-15	65.1
scaffold708973	OTU_0265	57.78	45	19	0	412	278	131	175	2e-13	58.5
scaffold712789	OTU_0092	52.94	51	24	0	114	266	118	168	9e-11	50.8
scaffold714168	OTU_0233	38.46	91	49	2	118	387	96	180	6e-13	58.9
scaffold715100	OTU_0267	56.52	69	30	0	226	20	227	295	2e-23	87.8
scaffold719798	OTU_0006	55.93	59	25	1	422	249	242	300	9e-16	66.6
scaffold720051	OTU_0307	52.54	59	28	0	86	262	243	301	6e-15	64.3
scaffold721826	OTU_0305	66.15	65	20	2	251	60	113	176	2e-21	81.3
scaffold722888	OTU_0325	40.00	90	45	3	259	11	25	112	2e-11	53.5
scaffold728221	OTU_0203	50.00	50	25	0	202	53	103	152	3e-11	52.0
scaffold733516	OTU_0260	37.88	66	41	0	319	122	147	212	4e-11	52.4
scaffold734448	OTU_0249	67.14	140	46	0	2	421	140	279	1e-53	  167
scaffold735862	OTU_0232	54.90	51	21	1	421	275	229	279	3e-12	56.2
scaffold740712	OTU_0001	28.82	170	87	5	412	5	126	295	9e-14	60.8
scaffold741285	OTU_0320	60.78	51	20	0	9	161	252	302	5e-17	70.1
scaffold744659	OTU_0220	34.88	172	77	5	8	418	119	290	5e-13	58.5
scaffold747074	OTU_0302	36.08	158	65	4	13	381	147	303	1e-16	68.6
scaffold747456	OTU_0305	55.22	67	30	0	312	112	110	176	7e-18	71.2
scaffold747541	OTU_0238	48.00	100	41	2	115	381	92	191	5e-21	80.1
scaffold747820	OTU_0142	43.75	64	35	1	206	394	5	68	6e-12	55.8
scaffold751216	OTU_0203	61.82	55	21	0	195	359	98	152	3e-21	80.1
scaffold756655	OTU_0165	40.85	71	36	1	109	321	98	162	6e-11	51.2
scaffold762155	OTU_0111	43.18	88	43	2	359	99	92	173	1e-13	60.5
scaffold768279	OTU_0191	40.23	87	49	2	153	410	96	180	2e-12	56.6
scaffold775618	OTU_0121	60.00	55	20	1	286	128	247	301	7e-18	72.0
scaffold777646	OTU_0249	54.72	53	21	1	1	159	239	288	4e-11	53.1
scaffold778729	OTU_0140	47.14	70	32	1	316	107	235	299	3e-15	65.1
scaffold780151	OTU_0030	43.86	57	30	1	151	321	260	314	4e-11	53.1
scaffold780163	OTU_0265	71.74	46	13	0	404	267	130	175	9e-18	70.5
scaffold780499	OTU_0007	38.60	114	61	4	392	51	7	111	9e-11	50.8
scaffold781160	OTU_0203	59.26	54	22	0	205	366	102	155	6e-21	79.3
scaffold783730	OTU_0305	36.65	161	66	5	30	404	13	173	3e-23	85.5
scaffold784074	OTU_0294	46.77	62	33	0	237	52	242	303	7e-13	58.2
scaffold784405	OTU_0231	40.85	71	42	0	352	140	2	72	4e-11	52.0
scaffold788511	OTU_0203	57.63	59	25	0	306	130	97	155	9e-18	70.5
scaffold794239	OTU_0175	43.90	82	43	2	123	365	98	177	4e-14	61.6
scaffold795676	OTU_0012	55.32	47	21	0	149	9	139	185	4e-13	57.4
scaffold796787	OTU_0133	46.97	66	34	1	399	202	83	147	1e-11	52.8
scaffold800878	OTU_0229	43.28	67	36	2	94	288	146	212	1e-12	56.6
scaffold801037	OTU_0324	35.19	162	65	7	373	2	125	284	1e-12	57.0
scaffold806757	OTU_0203	55.56	63	28	0	132	320	93	155	3e-22	82.4
scaffold814876	OTU_0119	36.47	85	50	1	310	56	225	305	5e-12	55.8
scaffold816207	OTU_0203	71.43	42	12	0	392	267	111	152	3e-18	71.6
scaffold816708	OTU_0015	30.82	159	65	6	347	3	125	282	6e-12	55.5
scaffold819757	OTU_0305	62.96	54	19	1	188	346	120	173	2e-17	69.7
scaffold820272	OTU_0016	35.79	95	54	3	351	85	167	260	3e-11	53.1
scaffold828345	OTU_0275	53.97	63	29	0	131	319	75	137	2e-18	71.6
scaffold833827	OTU_0119	29.38	160	78	5	376	2	124	283	3e-13	58.9
scaffold833937	OTU_0167	77.34	128	29	0	387	4	86	213	9e-53	  163
scaffold840503	OTU_0006	43.18	88	42	3	99	341	217	303	3e-16	67.4
scaffold843754	OTU_0265	70.00	40	12	0	125	6	136	175	1e-15	64.3
scaffold846578	OTU_0155	29.63	162	74	5	19	384	121	282	8e-15	63.5
scaffold851930	OTU_0012	53.33	45	21	0	143	9	141	185	2e-12	55.5
scaffold859530	OTU_0006	34.44	151	70	9	8	379	125	273	2e-11	54.3
scaffold859687	OTU_0065	68.89	45	14	0	208	342	209	253	1e-17	70.9
scaffold860650	OTU_0249	35.65	115	70	4	28	366	161	273	9e-11	52.0
scaffold862521	OTU_0312	87.10	124	16	0	372	1	190	313	8e-77	  228
scaffold868832	OTU_0121	30.39	102	65	2	340	35	87	182	3e-11	53.1
scaffold875416	OTU_0305	62.50	56	20	1	297	133	118	173	2e-17	69.3
scaffold876001	OTU_0132	46.88	64	33	1	299	111	239	302	2e-13	59.7
scaffold877226	OTU_0028	100.00	96	0	0	88	375	1	96	2e-68	  199
scaffold881417	OTU_0305	53.73	67	31	0	273	73	110	176	8e-18	70.5
scaffold888145	OTU_0260	40.30	67	39	1	323	126	141	207	8e-12	53.9
scaffold892177	OTU_0144	65.45	55	19	0	308	144	259	313	5e-20	77.8
scaffold904335	OTU_0305	72.73	44	12	0	8	139	130	173	1e-19	75.5
scaffold913155	OTU_0335	61.76	68	26	0	326	123	242	309	5e-25	91.7
scaffold913535	OTU_0305	54.35	46	21	0	8	145	128	173	4e-12	53.9
scaffold917393	OTU_0018	44.26	61	33	1	137	316	114	174	4e-13	57.0
scaffold921234	OTU_0030	55.88	68	30	0	147	350	236	303	8e-23	85.5
scaffold922211	OTU_0197	67.50	40	13	0	271	152	136	175	5e-15	62.4
scaffold928862	OTU_0133	47.69	65	33	1	297	103	83	146	4e-14	59.7
scaffold931908	OTU_0245	72.16	97	27	0	43	333	217	313	2e-43	  141
scaffold942480	OTU_0305	77.50	40	9	0	229	348	134	173	5e-17	68.2
scaffold943855	OTU_0249	41.25	80	35	3	39	257	200	274	3e-11	53.1
scaffold946873	OTU_0292	44.00	75	35	2	33	254	92	160	3e-11	51.2
scaffold951958	OTU_0229	43.59	78	37	2	245	15	2	73	2e-11	52.4
scaffold953632	OTU_0305	59.09	44	18	0	208	339	133	176	2e-15	63.5
scaffold967539	OTU_0125	33.94	109	62	4	342	19	31	130	4e-11	52.4
scaffold975837	OTU_0235	39.47	76	45	1	347	120	103	177	2e-13	58.2
scaffold982814	OTU_0121	36.67	90	51	2	290	24	94	178	1e-11	54.3
scaffold986522	OTU_0233	35.04	117	64	3	340	5	92	201	7e-12	55.1
scaffold989334	OTU_0265	76.47	34	8	0	103	204	142	175	2e-14	60.5
scaffold993358	OTU_0305	59.68	62	24	1	75	257	112	173	3e-22	82.4
scaffold998548	OTU_0140	50.72	69	32	1	22	222	230	298	8e-18	71.2
scaffold999021	OTU_0127	53.45	58	27	0	176	3	106	163	6e-14	59.3
scaffold1009783	OTU_0305	62.50	64	24	0	48	239	113	176	2e-22	82.8
scaffold1012942	OTU_0305	62.50	40	15	0	3	122	134	173	6e-14	58.9
scaffold1014760	OTU_0249	89.58	48	5	0	340	197	240	287	1e-26	95.5
scaffold1020999	OTU_0145	100.00	112	0	0	1	336	73	184	7e-75	  222
scaffold1022552	OTU_0351	52.17	69	33	0	85	291	136	204	3e-18	71.6
scaffold1027113	OTU_0006	46.77	62	32	1	321	136	238	298	6e-12	55.1
scaffold1027648	OTU_0198	59.46	37	15	0	5	115	265	301	2e-11	53.9
scaffold1029101	OTU_0203	64.10	39	14	0	2	118	117	155	9e-15	61.2
scaffold1033276	OTU_0203	64.29	56	20	0	134	301	97	152	6e-21	78.2
scaffold1034144	OTU_0249	75.95	79	19	0	1	237	209	287	9e-37	  122
scaffold1037483	OTU_0197	60.66	61	24	0	45	227	115	175	2e-18	72.0
scaffold1040355	OTU_0197	71.43	42	12	0	87	212	134	175	8e-17	67.4
scaffold1051369	OTU_0260	29.90	97	63	2	28	318	12	103	8e-11	50.8
scaffold1057039	OTU_0241	99.08	109	1	0	2	328	169	277	9e-79	  231
scaffold1063883	OTU_0175	37.04	108	63	3	324	4	196	299	1e-13	60.1
scaffold1073995	OTU_0230	100.00	77	0	0	97	327	1	77	4e-50	  158
scaffold1076251	OTU_0173	41.03	78	44	2	82	315	228	303	3e-11	53.1
scaffold1082862	OTU_0265	71.74	46	13	0	322	185	130	175	2e-18	72.0
scaffold1094014	OTU_0014	100.00	99	0	0	24	320	18	116	1e-66	  200
scaffold1099147	OTU_0197	60.00	45	18	0	284	150	131	175	6e-15	61.6
scaffold1101209	OTU_0236	73.58	106	28	0	319	2	135	240	1e-56	  175
scaffold1101410	OTU_0216	42.70	89	41	3	290	45	226	311	1e-13	59.3
scaffold1110138	OTU_0249	36.36	88	51	1	273	25	200	287	2e-14	61.6
scaffold1111830	OTU_0262	56.25	48	21	0	310	167	149	196	3e-15	63.2
scaffold1113560	OTU_0191	43.28	67	38	0	72	272	114	180	5e-11	52.0
scaffold1115079	OTU_0325	84.31	51	8	0	316	164	167	217	2e-27	96.7
scaffold1119014	OTU_0131	50.00	58	25	1	1	162	201	258	2e-12	55.5
scaffold1120102	OTU_0130	38.24	68	40	2	61	261	116	182	2e-11	52.0
scaffold1133667	OTU_0072	36.96	92	47	1	308	66	210	301	2e-11	53.5
scaffold1137505	OTU_0069	47.06	85	38	4	257	6	37	115	1e-12	55.1
scaffold1146909	OTU_0305	55.56	72	29	2	214	2	99	168	1e-19	75.1
scaffold1153385	OTU_0203	61.67	60	21	2	10	186	94	152	5e-20	75.5
scaffold1166942	OTU_0125	42.11	95	48	3	2	283	54	142	5e-14	59.7
scaffold1168735	OTU_0338	68.18	88	28	0	269	6	1	88	5e-41	  134
scaffold1178602	OTU_0127	52.24	67	32	0	3	203	124	190	2e-19	74.3
scaffold1187416	OTU_0073	54.39	57	26	0	299	129	228	284	3e-17	68.9
scaffold1198327	OTU_0305	64.29	56	19	1	12	179	119	173	1e-21	79.7
scaffold1211961	OTU_0225	40.24	82	43	2	293	66	218	299	2e-12	55.8
scaffold1213948	OTU_0105	43.28	67	38	0	3	203	64	130	6e-13	56.6
scaffold1219463	OTU_0265	72.50	40	11	0	234	115	136	175	9e-17	66.6
scaffold1219464	OTU_0265	72.50	40	11	0	234	115	136	175	9e-17	66.6
scaffold1221967	OTU_0115	57.81	64	27	0	286	95	108	171	3e-22	81.6
scaffold1251572	OTU_0278	46.67	60	31	1	265	86	158	216	6e-11	50.8
scaffold1254624	OTU_0124	44.58	83	32	5	231	22	69	150	7e-13	55.5
scaffold1267945	OTU_0305	55.74	61	27	0	242	60	114	174	6e-21	77.8
scaffold1271447	OTU_0305	68.42	38	12	0	115	2	134	171	2e-15	63.2
scaffold1288931	OTU_0173	84.75	59	9	0	1	177	257	315	1e-31	  109
scaffold1292557	OTU_0240	45.74	94	51	0	284	3	83	176	1e-18	72.0
scaffold1295539	OTU_0003	42.86	91	40	3	242	3	204	293	3e-18	72.0
scaffold1311016	OTU_0265	68.42	38	12	0	119	6	133	170	2e-14	59.7
scaffold1311312	OTU_0099	39.34	61	37	0	193	11	85	145	1e-12	54.7
scaffold1312645	OTU_0305	61.90	42	16	0	6	131	134	175	4e-14	58.9
scaffold1320396	OTU_0012	49.12	57	28	1	4	174	137	192	2e-14	60.1
scaffold1324108	OTU_0165	39.74	78	46	1	267	37	35	112	2e-13	57.0
scaffold1327097	OTU_0030	58.33	72	30	0	48	263	238	309	1e-23	86.7
scaffold1336455	OTU_0150	36.56	93	48	3	277	2	3	85	4e-11	51.2
scaffold1340230	OTU_0265	60.98	41	16	0	172	50	132	172	1e-12	54.7
scaffold1343359	OTU_0140	64.06	64	23	0	225	34	235	298	3e-23	85.5
scaffold1349869	OTU_0275	50.00	70	33	2	245	42	75	144	7e-17	66.2
scaffold1350979	OTU_0265	71.88	32	9	0	277	182	144	175	3e-11	50.8
scaffold1351824	OTU_0025	43.48	69	39	0	1	207	243	311	9e-13	56.6
scaffold1356721	OTU_0278	83.33	42	7	0	269	144	172	213	2e-19	74.3
scaffold1363441	OTU_0310	72.09	43	12	0	275	147	107	149	3e-17	67.8
scaffold1379276	OTU_0265	66.67	45	15	0	3	137	139	183	5e-16	64.3
scaffold1392942	OTU_0203	67.44	43	14	0	257	129	110	152	4e-17	67.0
scaffold1395955	OTU_0043	64.86	37	13	0	12	122	262	298	2e-12	55.5
scaffold1400352	OTU_0229	52.94	51	24	0	153	1	146	196	3e-14	59.3
scaffold1408506	OTU_0196	47.67	86	42	2	256	2	90	173	9e-17	67.4
scaffold1418163	OTU_0203	63.33	60	21	1	44	223	94	152	2e-22	81.3
scaffold1447877	OTU_0292	51.52	66	31	1	60	257	97	161	2e-16	65.1
scaffold1471480	OTU_0346	58.54	41	17	0	128	250	126	166	9e-12	52.0
scaffold1471501	OTU_0203	69.05	42	13	0	2	127	111	152	1e-18	71.2
scaffold1475419	OTU_0066	97.67	86	2	0	260	3	93	178	3e-54	  167
scaffold1475710	OTU_0278	45.16	62	33	1	12	194	156	217	8e-11	50.1
scaffold1477145	OTU_0305	64.91	57	20	0	182	12	117	173	4e-22	80.9
scaffold1477259	OTU_0305	58.33	60	24	1	179	3	112	171	4e-21	78.2
scaffold1481743	OTU_0047	100.00	86	0	0	259	2	34	119	4e-58	  173
scaffold1484040	OTU_0003	50.00	52	25	1	220	68	251	302	4e-11	52.0
scaffold1491048	OTU_0099	40.21	97	42	5	256	5	56	149	1e-13	57.0
scaffold1492516	OTU_0203	75.00	32	8	0	259	164	121	152	4e-13	55.8
scaffold1498074	OTU_0003	87.21	86	11	0	1	258	18	103	7e-50	  156
scaffold1505116	OTU_0305	77.50	40	9	0	125	6	134	173	7e-19	72.0
scaffold1508422	OTU_0197	48.84	43	22	0	243	115	133	175	5e-11	50.1
scaffold1509475	OTU_0229	75.00	36	9	0	1	108	174	209	4e-15	61.6
scaffold1518123	OTU_0317	64.71	85	30	0	2	256	144	228	2e-33	  113
scaffold1525536	OTU_0257	72.97	37	10	0	255	145	72	108	2e-15	61.6
scaffold1529792	OTU_0005	43.28	67	31	2	20	220	50	109	3e-12	52.8
scaffold1539834	OTU_0249	41.98	81	40	3	9	248	65	139	6e-11	51.2
scaffold1540658	OTU_0275	55.41	74	28	2	223	5	69	138	7e-21	77.0
scaffold1541571	OTU_0326	71.43	28	8	0	171	254	122	149	1e-11	51.6
scaffold1545932	OTU_0265	68.42	38	12	0	253	140	142	179	1e-14	60.1
scaffold1545976	OTU_0238	44.78	67	32	1	15	200	124	190	2e-12	54.3
scaffold1555384	OTU_0312	87.50	56	7	0	84	251	1	56	1e-30	  105
scaffold1558684	OTU_0249	34.74	95	46	3	238	2	170	264	3e-12	55.1
scaffold1568060	OTU_0133	44.62	65	35	1	245	51	83	146	2e-13	56.6
scaffold1577323	OTU_0176	46.88	64	34	0	15	206	27	90	1e-15	63.2
scaffold1597600	OTU_0262	56.45	62	27	0	191	6	138	199	5e-19	72.8
scaffold1599281	OTU_0038	60.00	55	22	0	86	250	235	289	3e-15	62.8
scaffold1599776	OTU_0305	73.81	42	11	0	4	129	132	173	7e-18	69.3
scaffold1603016	OTU_0311	38.89	72	44	0	7	222	32	103	9e-12	51.2
scaffold1610572	OTU_0305	66.67	45	15	0	247	113	131	175	4e-18	70.1
scaffold1614151	OTU_0106	100.00	82	0	0	248	3	33	114	2e-53	  165
scaffold1620245	OTU_0249	86.21	29	4	0	245	159	259	287	4e-11	51.6
scaffold1621776	OTU_0305	63.89	36	13	0	1	108	141	176	7e-13	55.1
scaffold1627584	OTU_0147	51.67	60	29	0	247	68	255	314	5e-15	62.4
scaffold1647342	OTU_0122	45.61	57	30	1	67	237	58	113	6e-11	49.3
scaffold1647531	OTU_0111	42.11	76	37	2	12	236	89	158	2e-12	55.1
scaffold1661850	OTU_0030	52.00	75	31	1	210	1	226	300	4e-21	79.0
scaffold1666090	OTU_0202	44.16	77	31	2	1	213	41	111	2e-11	51.2
scaffold1672413	OTU_0179	50.00	64	32	0	2	193	223	286	4e-17	68.2
scaffold1672414	OTU_0179	50.00	64	32	0	2	193	223	286	4e-17	68.2
scaffold1684380	OTU_0107	61.54	52	20	0	3	158	262	313	1e-15	64.3
scaffold1685472	OTU_0224	39.47	76	39	2	222	4	109	180	8e-14	57.8
scaffold1692078	OTU_0305	69.23	52	16	0	33	188	124	175	2e-21	78.6
scaffold1717809	OTU_0140	43.84	73	40	1	218	3	208	280	1e-14	61.2
scaffold1719630	OTU_0305	59.18	49	20	0	6	152	125	173	1e-16	65.5
scaffold1731964	OTU_0028	60.53	76	29	1	16	240	21	96	4e-28	95.1
scaffold1734122	OTU_0305	73.91	46	12	0	238	101	128	173	5e-20	74.7
scaffold1757516	OTU_0294	100.00	32	0	0	97	2	1	32	5e-18	70.5
scaffold1764881	OTU_0305	45.16	62	33	1	3	188	111	171	2e-12	53.5
scaffold1784458	OTU_0305	61.67	60	23	0	4	183	114	173	2e-20	75.9
scaffold1789721	OTU_0096	37.50	64	38	1	213	28	109	172	7e-11	49.3
scaffold1795198	OTU_0275	62.00	50	19	0	228	79	88	137	5e-18	68.9
scaffold1803003	OTU_0127	44.00	75	42	0	232	8	103	177	2e-14	59.3
scaffold1808644	OTU_0305	71.43	42	12	0	3	128	135	176	2e-17	67.8
scaffold1817888	OTU_0339	60.00	55	22	0	166	2	241	295	4e-18	70.9
scaffold1818791	OTU_0305	51.25	80	30	4	216	1	89	167	2e-17	67.4
scaffold1819308	OTU_0305	70.27	37	11	0	1	111	137	173	3e-15	61.6
scaffold1822064	OTU_0121	54.00	50	22	1	2	151	253	301	2e-15	63.5
scaffold1831593	OTU_0305	69.09	55	16	1	229	65	123	176	1e-21	79.3
scaffold1833956	OTU_0275	45.31	64	35	0	220	29	75	138	3e-17	66.6
scaffold1838152	OTU_0345	49.23	65	31	2	39	230	69	132	2e-12	55.1
scaffold1839316	OTU_0203	62.22	45	17	0	192	58	108	152	1e-16	65.5
scaffold1843814	OTU_0305	60.94	64	25	0	194	3	113	176	7e-22	79.7
scaffold1861833	OTU_0026	63.89	36	13	0	2	109	162	197	8e-11	49.3
scaffold1883005	OTU_0189	65.45	55	19	0	51	215	259	313	1e-19	74.7
scaffold1884519	OTU_0014	93.33	75	5	0	3	227	183	257	2e-49	  154
scaffold1885329	OTU_0335	64.52	62	22	0	38	223	1	62	9e-28	97.4
