scaffold00005	OTU_0052	28.09	267	137	10	677389	676736	39	299	2e-12	70.5
scaffold00007	OTU_0104	29.79	235	114	7	508920	508336	21	244	3e-20	94.0
scaffold00013	OTU_0173	25.90	363	158	8	212456	213406	5	302	1e-22	  102
scaffold00014	OTU_0031	34.03	238	113	8	38246	38851	73	302	4e-22	  100
scaffold00027	OTU_0140	31.77	277	134	10	136806	137525	43	301	1e-14	76.3
scaffold00028	OTU_0344	25.08	303	171	8	35995	35210	14	301	5e-18	86.7
scaffold00030	OTU_0042	36.72	177	72	5	160733	160323	125	301	1e-16	82.4
scaffold00036	OTU_0140	53.52	71	32	1	30811	30602	228	298	3e-13	71.6
scaffold00039	OTU_0176	33.79	219	103	7	168315	168863	1	213	2e-22	99.4
scaffold00045	OTU_0234	33.70	184	90	4	280457	280912	118	301	2e-16	81.6
scaffold00051	OTU_0105	34.60	211	84	3	111704	111216	36	240	1e-19	90.9
scaffold00051	OTU_0105	73.81	42	11	0	110461	110336	202	243	1e-12	69.3
scaffold00083	OTU_0258	34.78	276	139	8	162955	162212	40	302	1e-23	  103
scaffold00091	OTU_0020	28.53	319	164	10	89960	90784	3	301	9e-21	94.7
scaffold00107	OTU_0105	35.75	221	99	6	84157	84714	28	240	5e-22	98.2
scaffold00108	OTU_0351	34.29	210	96	6	25285	25806	2	205	3e-21	94.7
scaffold00116	OTU_0041	26.83	246	138	4	160440	159826	60	304	1e-12	69.7
scaffold00120	OTU_0105	37.87	235	103	7	26276	25680	13	240	7e-27	  112
scaffold00155	OTU_0320	31.86	317	173	6	153514	152681	3	315	4e-34	  135
scaffold00159	OTU_0031	34.60	211	95	5	24290	24814	103	306	1e-17	84.7
scaffold00164	OTU_0324	64.96	137	40	1	5212	5598	1	137	6e-50	  181
scaffold00165	OTU_0339	31.56	282	127	10	140990	140280	41	301	1e-16	81.3
scaffold00178	OTU_0319	27.87	287	145	11	19262	18504	4	262	6e-16	79.0
scaffold00188	OTU_0044	36.39	305	146	6	3466	2681	5	304	6e-33	  131
scaffold00254	OTU_0127	34.46	177	78	1	14298	14714	1	177	3e-23	99.8
scaffold00270	OTU_0150	36.87	217	85	8	61508	62035	12	217	2e-22	98.2
scaffold00299	OTU_0262	35.64	188	80	6	105790	105341	17	201	5e-18	84.3
scaffold00306	OTU_0217	34.24	257	114	9	90545	91201	73	312	3e-23	  101
scaffold00336	OTU_0248	33.56	295	159	10	19920	20729	2	284	5e-25	  107
scaffold00352	OTU_0217	37.07	259	114	7	30390	31052	53	300	3e-29	  120
scaffold00384	OTU_0217	99.68	313	1	0	1161	2099	1	313	0.0	  639
scaffold00399	OTU_0217	34.12	255	120	10	3971	3315	58	300	6e-24	  103
scaffold00435	OTU_0031	28.38	303	165	10	80019	80813	12	300	7e-18	84.3
scaffold00439	OTU_0258	33.55	301	164	10	5823	6638	12	305	3e-23	  101
scaffold00445	OTU_0249	28.47	288	153	10	11804	11046	4	273	8e-12	65.5
scaffold00453	OTU_0003	100.00	314	0	0	10239	9298	1	314	0.0	  603
scaffold00544	OTU_0339	31.20	266	128	9	36714	37385	49	301	6e-20	90.9
scaffold00544	OTU_0339	30.91	220	108	7	37772	38323	90	301	1e-15	77.0
scaffold00555	OTU_0344	34.06	276	130	10	50927	50199	47	303	7e-27	  112
scaffold00557	OTU_0157	32.80	314	140	15	61920	62717	12	302	5e-22	97.4
scaffold00594	OTU_0320	30.04	253	122	11	63370	63981	56	302	5e-15	75.5
scaffold00605	OTU_0101	37.36	174	79	5	8663	9094	128	301	5e-18	84.3
scaffold00643	OTU_0132	30.00	270	136	9	59466	60152	45	302	5e-18	84.3
scaffold00653	OTU_0173	26.20	271	143	9	13164	12475	48	302	2e-15	76.3
scaffold00715	OTU_0157	30.32	277	125	7	45800	46486	46	302	2e-20	92.0
scaffold00715	OTU_0157	31.51	219	111	5	46944	47504	91	302	7e-15	74.7
scaffold00747	OTU_0176	33.02	215	95	10	39136	39660	4	209	4e-16	77.4
scaffold00769	OTU_0271	32.09	187	101	5	50112	50609	118	299	9e-15	73.9
scaffold00775	OTU_0025	28.77	285	136	6	48336	47626	41	306	2e-26	  110
scaffold00829	OTU_0150	36.87	179	76	6	9559	9987	39	216	2e-21	94.0
scaffold00870	OTU_0137	34.38	224	98	8	27950	27378	94	301	3e-12	66.2
scaffold00918	OTU_0218	33.03	221	106	5	3876	4430	97	311	6e-23	99.8
scaffold00935	OTU_0072	28.37	289	152	12	13797	13072	19	299	2e-14	72.8
scaffold00950	OTU_0320	33.57	277	127	12	43282	43983	40	302	9e-17	79.7
scaffold00958	OTU_0238	30.81	185	88	8	43020	42550	20	192	1e-11	62.8
scaffold00961	OTU_0267	28.48	302	159	11	42368	43156	12	295	6e-21	93.2
scaffold00997	OTU_0196	26.44	295	170	8	9549	8788	12	300	2e-15	75.9
scaffold01008	OTU_0290	28.89	135	94	2	43290	42889	1	134	2e-11	62.8
scaffold01013	OTU_0233	30.47	279	136	9	16837	17571	49	303	6e-21	93.2
scaffold01095	OTU_0043	30.03	303	153	12	22365	21583	16	301	2e-23	  101
scaffold01209	OTU_0318	28.39	310	169	14	8070	8900	13	302	3e-13	68.9
scaffold01216	OTU_0219	30.00	270	140	9	5657	4965	48	307	1e-19	89.0
scaffold01217	OTU_0229	33.81	210	106	6	9094	8558	2	209	2e-21	93.2
scaffold01254	OTU_0229	39.13	184	76	5	14352	14795	26	209	1e-24	  102
scaffold01297	OTU_0031	29.58	240	116	8	27310	27915	86	310	7e-17	79.7
scaffold01302	OTU_0106	33.71	175	84	7	14185	14616	124	297	7e-12	64.7
scaffold01349	OTU_0031	32.18	289	133	10	7337	6597	45	312	9e-24	  102
scaffold01667	OTU_0196	26.85	298	177	11	7981	7175	16	301	1e-14	73.2
scaffold01676	OTU_0229	33.65	211	96	7	21219	21728	2	209	2e-21	93.2
scaffold01770	OTU_0157	31.62	272	128	9	22716	22030	46	302	4e-21	92.8
scaffold01770	OTU_0157	31.96	219	110	5	21580	21020	91	302	1e-17	82.0
scaffold02033	OTU_0031	31.25	224	103	6	1679	2236	87	297	4e-17	80.1
scaffold02054	OTU_0339	36.07	183	82	6	11576	11133	122	304	6e-17	79.7
scaffold02054	OTU_0339	64.44	45	16	0	12129	11995	260	304	2e-13	68.9
scaffold02237	OTU_0150	32.94	170	73	3	3175	2789	45	214	8e-15	72.0
scaffold02366	OTU_0157	32.72	272	127	9	8605	9285	42	302	3e-16	77.4
scaffold02369	OTU_0010	100.00	315	0	0	20331	19387	1	315	0.0	  606
scaffold02387	OTU_0108	33.20	247	114	9	14476	15099	69	303	2e-23	  100
scaffold02419	OTU_0150	32.80	189	101	6	13431	12901	37	211	1e-14	71.2
scaffold02490	OTU_0031	30.69	303	158	11	6442	7233	12	301	3e-23	99.4
scaffold02594	OTU_0351	36.67	210	92	6	8087	7563	2	205	4e-23	97.4
scaffold02606	OTU_0260	33.64	220	93	10	19091	18555	3	210	1e-20	90.5
scaffold02689	OTU_0213	43.56	101	54	2	18971	19273	204	301	8e-15	72.8
scaffold02710	OTU_0155	33.48	221	105	7	13670	14224	88	302	1e-22	97.4
scaffold02809	OTU_0217	37.02	181	77	6	7066	6632	123	302	4e-22	95.9
scaffold02936	OTU_0095	31.68	303	145	8	8395	9177	20	302	2e-25	  106
scaffold02936	OTU_0095	50.88	57	28	0	10086	10256	246	302	1e-11	63.2
scaffold03045	OTU_0111	28.80	184	98	5	10512	10054	102	283	4e-11	61.2
scaffold03092	OTU_0157	29.43	265	142	2	1383	2063	45	302	1e-24	  103
scaffold03134	OTU_0076	31.09	312	168	10	12054	12881	1	301	2e-22	96.7
scaffold03168	OTU_0079	29.68	283	140	10	14987	15733	42	299	1e-14	72.0
scaffold03183	OTU_0229	34.76	210	90	6	6795	6289	6	209	2e-24	  101
scaffold03212	OTU_0213	42.39	92	49	2	7878	8144	211	301	1e-14	72.0
scaffold03251	OTU_0341	29.97	287	148	11	4938	4210	24	301	6e-23	98.2
scaffold03298	OTU_0228	73.68	38	10	0	14146	14259	5	42	4e-11	61.2
scaffold03612	OTU_0104	34.15	205	97	8	11906	12415	35	236	1e-11	62.0
scaffold03791	OTU_0030	26.97	304	181	9	1900	1088	16	311	5e-16	76.3
scaffold03810	OTU_0320	29.13	206	106	8	14820	15338	103	301	5e-12	63.9
scaffold03813	OTU_0341	32.47	271	135	9	12135	11440	40	301	1e-19	87.4
scaffold03821	OTU_0262	33.15	181	80	5	6544	6119	20	198	2e-12	64.3
scaffold03828	OTU_0173	31.66	199	90	3	7496	7029	104	299	4e-17	79.3
scaffold04464	OTU_0339	34.55	220	93	8	4957	5496	90	298	5e-19	85.5
scaffold04588	OTU_0176	28.83	222	125	7	7390	6821	4	224	3e-13	66.6
scaffold04793	OTU_0121	29.46	258	121	6	2430	3098	69	300	2e-18	83.2
scaffold04847	OTU_0229	33.33	213	93	6	5442	5960	6	209	1e-19	86.3
scaffold04879	OTU_0307	100.00	174	0	0	12329	12850	1	174	9e-97	  314
scaffold05222	OTU_0079	35.56	180	84	5	9464	9018	121	299	1e-16	77.8
scaffold05258	OTU_0019	99.04	314	3	0	4003	3062	1	314	0.0	  644
scaffold05432	OTU_0211	25.96	312	184	10	544	1389	3	297	1e-14	71.6
scaffold05460	OTU_0155	29.56	203	105	9	1083	1595	105	301	3e-11	61.2
scaffold05564	OTU_0031	27.80	295	161	8	3711	2932	23	300	1e-16	77.8
scaffold05701	OTU_0320	31.05	248	113	10	1204	1818	70	302	1e-18	83.6
scaffold05901	OTU_0095	32.93	249	108	10	1769	1137	75	302	5e-21	91.7
scaffold06034	OTU_0155	34.62	182	86	5	5286	5732	121	302	1e-23	99.8
scaffold06117	OTU_0104	32.35	204	110	10	5549	5004	39	236	1e-12	64.7
scaffold06190	OTU_0305	69.09	55	17	0	363	199	119	173	2e-17	78.6
scaffold06217	OTU_0041	27.09	299	160	10	4101	3334	15	298	8e-15	72.0
scaffold06312	OTU_0233	31.65	218	109	7	886	1437	89	300	2e-16	77.0
scaffold06388	OTU_0260	35.87	184	68	3	10066	9662	28	210	4e-20	87.4
scaffold06388	OTU_0260	66.67	48	16	0	8590	8447	166	213	1e-14	70.5
scaffold07147	OTU_0093	28.12	313	160	10	2543	1719	15	300	3e-19	85.5
scaffold07232	OTU_0245	26.86	309	174	10	4415	5245	12	300	2e-12	64.7
scaffold07263	OTU_0271	29.03	217	110	4	6420	5890	86	298	2e-17	80.1
scaffold07335	OTU_0150	35.02	217	89	7	6326	6853	12	217	2e-23	97.8
scaffold07565	OTU_0271	30.48	187	104	5	5469	4972	118	299	2e-14	70.5
scaffold07703	OTU_0006	98.83	171	2	0	6190	5678	144	314	0.0	  358
scaffold07703	OTU_0006	99.32	146	1	0	6620	6183	1	146	0.0	  298
scaffold07715	OTU_0217	36.05	147	59	3	2125	1787	155	300	6e-19	84.3
scaffold07773	OTU_0196	28.81	295	169	11	7817	8608	17	301	3e-16	76.3
scaffold08007	OTU_0105	32.43	222	109	7	4194	3628	27	240	3e-23	97.4
scaffold08184	OTU_0084	70.73	41	12	0	4160	4282	131	171	2e-13	66.2
scaffold08410	OTU_0267	30.90	301	156	7	3352	2564	9	295	1e-29	  117
scaffold08443	OTU_0336	29.23	195	108	7	2978	2451	3	186	2e-12	62.8
scaffold08506	OTU_0129	34.43	212	97	6	797	270	64	269	4e-20	87.8
scaffold08526	OTU_0126	33.33	192	78	6	4932	5378	111	295	5e-16	75.1
scaffold08710	OTU_0022	99.35	310	2	0	5862	4933	1	310	0.0	  570
scaffold08888	OTU_0197	30.52	154	70	4	7	357	23	176	9e-12	60.8
scaffold09144	OTU_0210	34.86	175	87	4	6583	6140	127	301	2e-16	76.6
scaffold09389	OTU_0031	35.25	295	133	12	6578	7351	36	309	2e-32	  125
scaffold09553	OTU_0266	36.43	269	114	14	5042	4368	49	304	3e-26	  107
scaffold09575	OTU_0025	70.21	47	14	0	1800	1660	257	303	6e-15	72.0
scaffold09598	OTU_0351	35.78	218	98	7	6040	5495	2	213	3e-22	93.6
scaffold09726	OTU_0108	32.58	267	131	8	1182	496	46	301	2e-25	  104
scaffold09879	OTU_0291	35.45	189	78	5	2441	1989	120	302	2e-21	92.0
scaffold09964	OTU_0173	30.00	270	137	10	4085	4783	48	302	4e-16	75.5
scaffold10279	OTU_0155	28.01	282	151	13	1043	306	36	301	5e-11	60.1
scaffold10367	OTU_0145	100.00	314	0	0	1898	2839	1	314	0.0	  640
scaffold10999	OTU_0052	26.60	312	163	10	2160	2939	1	298	3e-16	75.5
scaffold11044	OTU_0275	72.50	40	11	0	1305	1424	99	138	3e-13	64.7
scaffold11384	OTU_0260	29.35	184	93	5	5808	5362	29	210	2e-15	72.4
scaffold11409	OTU_0173	31.28	211	98	4	4100	4615	100	302	1e-23	99.0
scaffold11553	OTU_0021	65.00	60	21	0	6340	6161	195	254	1e-19	85.9
scaffold11786	OTU_0140	60.00	60	24	0	4099	4278	239	298	2e-17	79.0
scaffold13491	OTU_0195	99.68	308	1	0	3	926	3	310	0.0	  587
scaffold13533	OTU_0226	30.74	244	115	9	1607	990	84	311	4e-12	63.2
scaffold13558	OTU_0218	29.17	288	145	8	2309	3052	48	316	4e-27	  109
scaffold13852	OTU_0012	50.98	51	25	0	3337	3489	141	191	4e-11	58.2
scaffold14665	OTU_0068	44.19	86	38	4	819	1046	65	150	5e-11	57.4
scaffold15420	OTU_0234	30.36	224	112	4	1094	1660	98	312	1e-22	95.5
scaffold15657	OTU_0163	33.33	150	69	2	2123	2488	6	152	1e-17	77.4
scaffold15900	OTU_0203	58.06	62	26	0	205	390	94	155	7e-20	84.3
scaffold16435	OTU_0004	97.53	243	6	0	4402	3674	2	244	1e-132	  408
scaffold17331	OTU_0048	30.08	246	121	12	3372	2725	80	304	3e-12	63.2
scaffold18298	OTU_0222	30.12	249	130	7	4030	3380	64	300	3e-22	93.6
scaffold18504	OTU_0103	26.92	260	143	6	3189	3866	64	310	2e-12	63.2
scaffold19082	OTU_0241	99.64	278	1	0	4076	3243	1	278	1e-164	  493
scaffold19474	OTU_0228	99.30	285	2	0	2594	1740	30	314	0.0	  583
scaffold20103	OTU_0179	31.25	272	139	10	1620	910	25	283	4e-17	77.4
scaffold20575	OTU_0206	27.97	261	139	7	3231	3878	58	314	4e-15	71.2
scaffold20821	OTU_0126	31.03	203	81	7	1058	1507	97	293	8e-12	61.2
scaffold20912	OTU_0229	36.62	213	92	7	2264	2788	2	209	4e-20	85.9
scaffold21821	OTU_0020	48.44	64	33	0	2719	2528	238	301	8e-14	67.4
scaffold21946	OTU_0197	45.05	91	41	2	160	405	88	178	1e-15	72.0
scaffold21968	OTU_0226	25.93	297	167	12	749	1528	15	295	4e-12	62.4
scaffold23330	OTU_0319	30.68	251	127	8	76	717	20	260	3e-24	99.0
scaffold23580	OTU_0314	31.69	243	118	10	2577	1945	89	315	2e-15	72.4
scaffold23944	OTU_0176	35.45	220	97	5	1061	1606	1	213	4e-23	94.7
scaffold24427	OTU_0305	73.91	46	12	0	1004	1141	130	175	1e-17	77.8
scaffold24427	OTU_0305	53.12	64	28	1	85	276	112	173	5e-14	66.6
scaffold25289	OTU_0267	24.83	298	172	10	2546	1776	9	295	2e-15	72.4
scaffold25403	OTU_0229	36.51	189	76	7	2952	2506	26	210	1e-21	90.5
scaffold25457	OTU_0048	28.10	210	113	6	804	283	95	302	3e-15	72.0
scaffold25573	OTU_0155	28.90	308	160	10	2435	3250	13	297	1e-22	94.7
scaffold25778	OTU_0335	43.48	92	52	0	1042	1317	222	313	2e-14	69.3
scaffold25868	OTU_0234	30.03	313	159	10	1067	240	12	301	6e-20	85.9
scaffold26259	OTU_0162	30.68	176	87	5	1520	1948	128	301	3e-12	62.4
scaffold26498	OTU_0246	32.84	204	124	9	2437	3015	102	303	5e-13	65.1
scaffold26952	OTU_0173	78.95	38	8	0	212	99	278	315	2e-13	65.9
scaffold28839	OTU_0121	31.23	285	143	10	696	1433	41	311	1e-21	90.9
scaffold29134	OTU_0220	38.25	183	76	6	1485	1048	119	301	9e-22	91.7
scaffold29392	OTU_0013	29.43	333	160	18	1363	2229	1	302	1e-14	69.7
scaffold29683	OTU_0295	30.20	298	159	8	863	1636	14	302	5e-18	80.1
scaffold29759	OTU_0096	31.40	172	80	5	682	281	1	172	5e-12	60.1
scaffold29810	OTU_0140	56.34	71	30	1	1378	1169	228	298	2e-15	72.0
scaffold30005	OTU_0079	32.78	180	89	5	2606	3052	121	299	2e-15	72.0
scaffold30041	OTU_0213	48.68	76	38	1	1071	1298	227	301	3e-15	71.6
scaffold30127	OTU_0335	38.32	214	88	8	2808	2281	94	301	3e-24	99.4
scaffold31093	OTU_0208	41.05	95	51	2	608	892	213	302	3e-16	74.3
scaffold31594	OTU_0106	32.08	212	102	6	201	728	98	303	2e-20	87.4
scaffold33054	OTU_0183	32.90	307	157	6	2503	1712	14	314	3e-32	  123
scaffold33215	OTU_0112	26.75	228	131	6	818	1411	1	222	1e-16	74.7
scaffold33616	OTU_0020	78.66	314	67	0	1815	2756	1	314	2e-177	  515
scaffold34787	OTU_0320	33.12	317	167	5	351	1178	3	315	2e-43	  155
scaffold34907	OTU_0249	34.59	185	89	5	2649	2191	93	277	2e-23	95.9
scaffold35924	OTU_0106	29.89	261	125	9	1276	1905	46	299	3e-20	86.7
scaffold36781	OTU_0213	49.33	75	38	0	1594	1370	227	301	1e-14	69.3
scaffold36901	OTU_0251	42.16	306	169	4	1431	2336	2	303	3e-68	  226
scaffold37545	OTU_0246	32.65	294	147	10	1058	291	22	302	2e-28	  111
scaffold37828	OTU_0320	34.63	205	87	7	1610	2098	103	302	6e-20	85.5
scaffold40252	OTU_0106	100.00	313	0	0	1577	639	1	313	0.0	  634
scaffold40976	OTU_0203	67.44	43	14	0	2314	2186	110	152	1e-15	70.5
scaffold41252	OTU_0229	33.49	215	93	6	1259	732	6	209	2e-24	97.8
scaffold41474	OTU_0341	61.67	60	23	0	2384	2205	242	301	1e-19	84.3
scaffold41826	OTU_0020	33.03	218	95	7	2182	1652	94	301	5e-20	85.5
scaffold42380	OTU_0037	29.30	215	109	10	884	327	103	303	3e-13	65.1
scaffold42902	OTU_0026	50.75	67	33	0	272	72	120	186	9e-16	71.2
scaffold43432	OTU_0203	72.09	43	12	0	171	299	113	155	3e-16	72.4
scaffold43881	OTU_0305	56.14	57	25	0	2325	2155	117	173	3e-15	69.3
scaffold43982	OTU_0040	26.83	287	150	9	1597	2325	14	284	8e-14	66.6
scaffold45102	OTU_0267	28.25	269	157	13	728	3	36	295	2e-14	68.6
scaffold45453	OTU_0274	52.00	75	36	0	2161	1937	130	204	7e-18	77.8
scaffold46294	OTU_0071	26.39	216	120	7	1084	1662	103	302	4e-11	58.2
scaffold47300	OTU_0171	27.27	264	146	6	1074	385	34	285	4e-11	58.5
scaffold49538	OTU_0266	33.45	287	133	13	1395	2132	8	277	5e-16	73.2
scaffold52133	OTU_0275	53.85	65	30	0	1791	1597	75	139	3e-17	74.7
scaffold54597	OTU_0351	47.06	85	45	0	1832	1578	118	202	2e-16	73.2
scaffold54640	OTU_0144	31.19	218	118	4	94	654	85	301	4e-14	67.0
scaffold54722	OTU_0129	30.13	229	109	7	106	693	56	266	2e-11	58.9
scaffold54749	OTU_0173	29.10	244	130	10	845	213	75	308	9e-15	69.3
scaffold55221	OTU_0019	43.24	111	48	3	100	396	207	314	1e-19	84.0
scaffold55452	OTU_0031	33.16	193	92	4	1879	1409	121	312	8e-21	87.8
scaffold56285	OTU_0095	27.30	315	176	10	1834	962	14	299	4e-13	64.3
scaffold56586	OTU_0106	27.04	270	134	9	1413	745	46	299	3e-15	70.5
scaffold56730	OTU_0291	30.41	217	101	8	1727	1176	104	303	1e-13	65.9
scaffold58033	OTU_0246	36.36	209	108	12	896	321	103	303	3e-14	67.8
scaffold58544	OTU_0150	39.01	223	104	9	1140	508	12	214	1e-26	  103
scaffold59500	OTU_0206	33.55	310	143	11	1770	967	13	301	1e-25	  102
scaffold60697	OTU_0262	32.95	173	82	7	545	123	20	190	4e-13	62.8
scaffold60712	OTU_0203	69.77	43	13	0	873	745	110	152	1e-15	69.7
scaffold61410	OTU_0116	24.04	183	97	3	1670	1248	119	301	6e-11	57.4
scaffold61600	OTU_0104	32.46	228	112	10	1061	1639	24	244	5e-17	75.1
scaffold62751	OTU_0217	34.89	235	108	6	397	987	73	300	1e-27	  107
scaffold63843	OTU_0226	31.02	216	107	6	1298	759	90	299	9e-22	90.1
scaffold64544	OTU_0303	29.25	335	159	17	1718	846	1	301	1e-14	68.6
scaffold64939	OTU_0236	27.07	181	98	5	1720	1277	123	302	7e-12	60.1
scaffold66470	OTU_0249	34.91	212	94	8	1237	716	72	277	5e-25	99.8
scaffold67631	OTU_0042	38.08	260	108	6	1718	1080	61	314	1e-38	  139
scaffold68132	OTU_0314	28.79	257	119	9	814	230	47	301	3e-12	61.2
scaffold68554	OTU_0226	30.34	234	119	6	994	407	71	298	1e-21	89.4
scaffold69206	OTU_0312	31.23	301	153	14	121	891	11	301	4e-16	73.2
scaffold70952	OTU_0341	32.71	266	131	10	1645	962	46	301	1e-25	  101
scaffold70976	OTU_0072	98.52	203	0	1	1051	1659	4	203	4e-120	  355
scaffold70976	OTU_0072	47.06	85	45	0	763	1017	1	85	3e-13	64.3
scaffold71796	OTU_0196	30.08	266	152	10	176	886	41	301	3e-22	91.3
scaffold71815	OTU_0305	57.14	63	27	0	1235	1047	114	176	9e-18	76.3
scaffold75018	OTU_0072	26.80	306	177	9	306	1103	15	313	1e-13	65.9
scaffold75928	OTU_0052	26.30	308	167	8	791	1576	7	300	6e-19	81.3
scaffold78657	OTU_0157	24.34	341	170	12	1189	263	19	303	9e-11	56.6
scaffold82090	OTU_0325	33.33	186	95	5	710	1201	25	203	8e-18	76.6
scaffold82910	OTU_0107	95.52	223	7	1	1494	826	94	313	6e-119	  350
scaffold82929	OTU_0129	33.86	254	127	8	449	1111	21	266	6e-29	  110
scaffold85400	OTU_0128	25.49	306	173	12	960	148	18	303	4e-12	60.5
scaffold86311	OTU_0229	37.99	179	72	6	290	712	32	209	6e-19	80.1
scaffold86682	OTU_0226	32.64	239	108	9	1451	861	71	298	2e-21	88.6
scaffold87505	OTU_0260	28.70	223	116	8	793	1347	7	224	2e-11	57.4
scaffold90853	OTU_0229	34.27	213	97	5	996	472	2	209	2e-22	90.5
scaffold90986	OTU_0121	35.29	221	97	6	911	363	90	302	2e-26	  103
scaffold91195	OTU_0121	30.26	271	134	10	703	1392	49	305	6e-20	84.0
scaffold92021	OTU_0305	73.81	42	11	0	1344	1219	132	173	7e-18	75.9
scaffold92243	OTU_0016	37.30	185	64	5	1378	968	77	257	3e-24	95.9
scaffold92678	OTU_0181	36.04	111	61	4	932	1252	55	159	5e-12	58.2
scaffold93743	OTU_0071	74.36	39	9	1	266	153	242	280	9e-16	60.1
scaffold93743	OTU_0071	54.84	31	10	1	154	62	280	306	9e-16	35.0
scaffold93988	OTU_0305	55.93	59	26	0	128	304	115	173	7e-17	73.2
scaffold94629	OTU_0026	47.76	67	35	0	241	441	120	186	1e-13	63.5
scaffold95429	OTU_0072	30.90	301	152	11	1007	225	16	300	4e-24	95.9
scaffold97111	OTU_0020	31.43	245	111	8	315	989	94	301	5e-17	75.1
scaffold98844	OTU_0341	32.71	266	131	10	957	274	46	301	3e-26	  102
scaffold99434	OTU_0031	27.18	287	155	9	570	1322	23	291	1e-13	65.1
scaffold99561	OTU_0150	32.02	178	89	5	775	1215	38	214	1e-15	69.7
scaffold100430	OTU_0067	30.04	223	110	10	408	989	99	304	3e-15	70.1
scaffold100488	OTU_0093	29.51	288	156	6	1193	426	31	303	1e-18	80.1
scaffold101860	OTU_0023	27.12	295	158	11	252	1004	21	302	2e-14	67.0
scaffold102775	OTU_0265	68.75	48	15	0	473	616	136	183	2e-16	71.2
scaffold103154	OTU_0229	37.10	186	79	6	1051	605	26	210	4e-21	85.9
scaffold104427	OTU_0133	37.40	123	59	5	78	413	31	146	7e-14	63.5
scaffold105010	OTU_0173	31.79	173	88	6	602	1033	131	302	2e-13	64.3
scaffold105198	OTU_0017	29.19	161	85	4	326	727	8	166	5e-14	55.8
scaffold105198	OTU_0017	42.86	35	19	1	723	827	165	198	5e-14	32.7
scaffold105496	OTU_0020	26.84	313	166	18	169	1002	18	302	4e-11	57.0
scaffold106580	OTU_0029	66.67	102	34	0	355	50	73	174	4e-44	  149
scaffold107579	OTU_0115	33.33	180	79	2	113	529	5	184	6e-19	78.6
scaffold107589	OTU_0198	33.33	168	80	2	2	409	142	309	5e-22	89.7
scaffold108291	OTU_0175	37.78	225	98	4	8	562	93	315	2e-32	  120
scaffold109043	OTU_0107	93.97	116	7	0	1245	898	198	313	4e-70	  221
scaffold109752	OTU_0196	28.74	167	79	5	1237	851	136	300	9e-11	56.2
scaffold111030	OTU_0151	28.82	229	129	6	971	378	77	302	1e-17	76.6
scaffold112997	OTU_0325	28.49	186	105	6	21	497	23	207	2e-11	57.0
scaffold113226	OTU_0162	33.47	239	111	7	990	397	71	302	4e-23	92.8
scaffold116554	OTU_0031	28.04	296	167	8	951	169	20	304	4e-19	81.3
scaffold118749	OTU_0150	25.89	224	110	8	578	1147	10	211	2e-11	56.6
scaffold119282	OTU_0155	28.95	304	161	10	1011	217	13	300	9e-27	  102
scaffold119835	OTU_0010	33.66	202	78	6	158	616	107	301	9e-16	71.2
scaffold119857	OTU_0284	25.64	156	76	3	44	391	148	303	7e-11	56.2
scaffold121500	OTU_0295	28.39	310	164	10	123	941	14	302	4e-17	75.1
scaffold124868	OTU_0031	33.60	253	104	10	483	1100	65	300	2e-24	95.9
scaffold125444	OTU_0127	32.61	184	79	8	910	473	1	177	8e-14	63.5
scaffold126476	OTU_0217	33.93	280	128	10	1126	398	43	302	8e-25	97.1
scaffold129980	OTU_0249	29.00	231	111	6	1100	531	70	288	1e-17	76.3
scaffold130499	OTU_0260	31.37	204	95	5	379	867	11	210	9e-22	86.7
scaffold133345	OTU_0180	86.01	143	20	0	438	10	20	162	8e-90	  265
scaffold135048	OTU_0155	31.36	169	101	8	507	7	8	163	2e-11	57.8
scaffold137301	OTU_0229	35.21	213	92	6	291	806	2	209	1e-21	85.9
scaffold137564	OTU_0163	50.94	53	25	1	834	679	97	149	9e-11	53.5
scaffold138594	OTU_0203	62.07	58	21	1	176	3	96	152	1e-20	82.0
scaffold138740	OTU_0101	59.48	116	47	0	686	1033	1	116	1e-36	  130
scaffold140294	OTU_0337	85.00	40	6	0	1052	933	138	177	2e-17	73.2
scaffold141498	OTU_0065	57.78	45	19	0	828	694	209	253	6e-12	58.9
scaffold141742	OTU_0198	28.48	309	163	9	917	99	13	299	1e-20	84.3
scaffold144102	OTU_0031	36.97	211	90	8	281	805	97	300	4e-24	94.4
scaffold145349	OTU_0105	28.00	200	86	5	882	418	51	237	2e-13	62.8
scaffold145532	OTU_0157	32.91	313	165	5	99	908	5	315	7e-46	  155
scaffold145675	OTU_0229	34.86	218	92	7	19	552	2	209	4e-23	90.1
scaffold146265	OTU_0176	38.07	218	93	6	659	114	1	212	4e-29	  107
scaffold151653	OTU_0211	35.87	184	72	6	88	510	120	300	2e-18	77.8
scaffold152258	OTU_0042	37.85	177	70	8	872	462	125	301	6e-22	87.8
scaffold154165	OTU_0305	50.00	62	29	2	69	254	111	170	4e-11	55.1
scaffold154297	OTU_0339	36.28	215	98	5	991	446	96	304	1e-24	95.9
scaffold158444	OTU_0295	68.42	57	18	0	151	321	246	302	2e-20	84.0
scaffold162001	OTU_0287	30.16	315	159	10	139	960	2	296	6e-16	70.9
scaffold162482	OTU_0219	25.82	306	175	9	47	868	12	297	1e-12	61.2
scaffold162624	OTU_0121	33.57	277	130	11	753	46	41	304	5e-28	  105
scaffold164070	OTU_0091	31.68	161	64	5	602	952	1	159	4e-12	57.8
scaffold164236	OTU_0203	53.45	58	26	1	907	734	97	153	1e-17	73.2
scaffold165481	OTU_0197	54.10	61	28	0	901	719	115	175	7e-17	71.2
scaffold166880	OTU_0079	31.67	180	91	5	43	489	121	299	2e-13	63.5
scaffold166966	OTU_0239	33.80	213	101	7	545	24	91	302	4e-22	88.2
scaffold167771	OTU_0100	48.39	62	30	1	53	232	240	301	4e-12	59.3
scaffold168826	OTU_0133	54.55	44	20	0	4	135	103	146	3e-11	55.1
scaffold169180	OTU_0095	30.88	272	131	7	861	169	47	302	1e-27	  104
scaffold169976	OTU_0133	47.14	70	36	1	239	448	78	146	1e-13	61.6
scaffold174501	OTU_0093	35.23	298	132	10	118	861	20	306	7e-32	  116
scaffold174868	OTU_0258	33.52	182	92	4	354	812	121	302	4e-17	73.9
scaffold175398	OTU_0331	30.36	280	147	12	903	163	33	297	2e-15	69.3
scaffold175485	OTU_0153	30.30	198	88	7	551	57	124	304	6e-13	62.0
scaffold179317	OTU_0305	62.75	51	19	0	793	641	123	173	2e-17	72.4
scaffold181215	OTU_0341	31.67	180	78	5	892	482	124	301	2e-11	57.0
scaffold182479	OTU_0099	43.86	57	31	1	523	690	93	149	2e-11	55.5
scaffold184293	OTU_0125	29.38	194	87	7	190	642	72	258	1e-11	57.4
scaffold184543	OTU_0014	99.31	289	2	0	868	2	1	289	0.0	  588
scaffold187005	OTU_0066	99.65	285	1	0	875	21	24	308	0.0	  578
scaffold187298	OTU_0031	34.43	183	84	4	723	280	121	302	3e-21	85.1
scaffold187904	OTU_0031	27.99	293	152	6	12	770	27	300	8e-24	92.8
scaffold189006	OTU_0314	28.90	263	132	11	227	868	37	293	1e-11	58.2
scaffold190105	OTU_0339	25.87	317	160	10	40	864	2	285	1e-15	69.3
scaffold192203	OTU_0163	28.97	145	71	4	847	497	12	152	4e-11	54.3
scaffold194983	OTU_0300	52.94	51	24	0	191	343	108	158	1e-14	65.9
scaffold199371	OTU_0071	28.34	187	119	6	605	60	3	179	9e-15	67.0
scaffold199568	OTU_0294	33.33	186	112	5	227	778	2	177	4e-12	58.9
scaffold199597	OTU_0249	66.14	189	64	0	838	272	96	284	1e-73	  224
scaffold200112	OTU_0265	59.09	44	18	0	754	623	132	175	3e-12	57.8
scaffold202546	OTU_0150	31.87	182	103	4	704	213	35	213	4e-18	75.1
scaffold204257	OTU_0020	32.86	280	139	12	753	28	33	301	8e-28	  104
scaffold208724	OTU_0150	33.80	213	93	5	591	67	12	214	2e-27	  101
scaffold213739	OTU_0095	37.85	177	68	4	641	237	126	302	4e-26	99.0
scaffold217141	OTU_0141	29.57	186	112	6	791	267	123	300	6e-14	64.3
scaffold219408	OTU_0141	33.97	209	102	8	782	252	97	301	1e-19	80.5
scaffold219879	OTU_0021	28.98	176	82	7	302	700	79	254	1e-13	62.8
scaffold220074	OTU_0312	26.57	207	97	5	781	257	118	301	8e-14	63.9
scaffold221981	OTU_0150	31.80	217	104	7	153	683	2	214	8e-19	76.6
scaffold228452	OTU_0198	30.04	273	124	14	114	767	32	292	1e-14	66.2
scaffold230878	OTU_0246	35.68	213	91	6	721	203	96	302	2e-29	  108
scaffold231877	OTU_0295	34.25	181	76	5	66	491	126	302	5e-21	84.0
scaffold233445	OTU_0271	31.58	152	80	4	26	418	150	298	6e-12	58.2
scaffold233869	OTU_0281	40.00	80	43	2	10	240	23	100	1e-11	54.3
scaffold236871	OTU_0084	63.79	58	21	0	733	560	114	171	2e-18	74.3
scaffold238160	OTU_0305	67.31	52	17	0	214	369	123	174	1e-20	81.3
scaffold238721	OTU_0317	33.80	213	97	7	84	614	97	301	7e-23	89.4
scaffold240817	OTU_0218	57.14	56	24	0	729	562	247	302	3e-12	58.9
scaffold242327	OTU_0348	54.90	51	23	0	160	8	1	51	2e-11	54.3
scaffold243266	OTU_0261	28.65	178	80	3	1	396	127	303	9e-11	54.7
scaffold247610	OTU_0197	49.18	61	30	1	9	188	115	175	1e-15	66.6
scaffold247816	OTU_0335	36.68	229	105	8	54	644	83	303	7e-29	  106
scaffold255804	OTU_0144	63.64	55	20	0	584	420	259	313	8e-20	80.1
scaffold261166	OTU_0119	35.89	209	88	4	701	195	99	301	2e-24	93.6
scaffold261410	OTU_0199	59.26	27	11	0	481	401	39	65	6e-11	39.7
scaffold261410	OTU_0199	45.45	44	20	1	342	211	88	127	6e-11	37.7
scaffold264151	OTU_0176	34.04	188	78	7	248	697	13	192	6e-15	65.1
scaffold265233	OTU_0274	35.24	210	95	5	12	536	1	204	6e-27	99.4
scaffold265634	OTU_0079	32.56	215	99	4	622	89	95	300	1e-24	94.0
scaffold267032	OTU_0072	33.80	216	101	5	659	117	95	303	4e-23	89.7
scaffold267946	OTU_0124	45.78	83	31	5	87	296	69	150	3e-13	59.3
scaffold274027	OTU_0096	28.07	171	81	7	160	546	1	171	8e-12	55.8
scaffold274285	OTU_0217	29.89	184	91	7	570	100	49	221	3e-11	55.8
scaffold278244	OTU_0210	28.70	216	106	7	82	633	103	302	2e-11	56.2
scaffold279698	OTU_0341	40.00	90	51	2	59	328	214	300	1e-11	56.6
scaffold283964	OTU_0295	27.68	177	94	4	662	231	126	301	3e-12	58.2
scaffold284894	OTU_0317	29.58	213	106	9	67	588	100	307	1e-13	62.4
scaffold284987	OTU_0203	45.07	71	37	1	367	573	82	152	7e-14	60.8
scaffold288527	OTU_0243	33.02	215	103	7	591	49	94	301	1e-13	62.0
scaffold289375	OTU_0226	30.00	180	94	4	44	487	119	298	4e-19	77.8
scaffold289559	OTU_0317	93.10	29	2	0	657	571	286	314	1e-11	56.6
scaffold289593	OTU_0041	39.77	88	47	3	563	306	219	302	2e-11	55.8
scaffold291974	OTU_0105	35.67	171	70	5	652	260	70	240	8e-19	76.3
scaffold294669	OTU_0157	27.37	179	85	5	643	239	125	302	2e-14	64.3
scaffold296181	OTU_0300	30.95	210	117	10	633	70	29	232	4e-14	62.8
scaffold297160	OTU_0295	37.95	195	73	6	563	96	117	302	2e-23	90.1
scaffold301573	OTU_0121	37.85	214	90	7	13	543	94	301	5e-24	92.0
scaffold303027	OTU_0226	34.88	129	72	4	545	165	47	165	2e-14	64.7
scaffold307374	OTU_0345	30.41	171	83	3	571	164	129	298	5e-11	54.3
scaffold307620	OTU_0150	100.00	210	0	0	630	1	16	225	5e-144	  399
scaffold312088	OTU_0320	37.57	189	86	4	548	78	126	314	2e-26	98.2
scaffold313221	OTU_0165	29.45	146	92	4	451	17	5	140	3e-11	53.5
scaffold313582	OTU_0087	60.00	55	22	0	158	322	120	174	9e-17	69.3
scaffold318175	OTU_0217	29.61	233	118	7	32	619	48	271	9e-16	68.2
scaffold320188	OTU_0145	66.67	183	61	0	612	64	132	314	1e-81	  243
scaffold329878	OTU_0012	30.86	175	96	4	602	153	12	186	8e-18	72.4
scaffold337127	OTU_0320	35.67	171	74	7	407	3	128	298	1e-16	70.5
scaffold340575	OTU_0115	63.64	55	20	0	97	261	117	171	4e-17	70.1
scaffold342612	OTU_0176	35.59	177	79	4	6	431	33	209	8e-23	87.0
scaffold345267	OTU_0234	29.45	163	76	3	373	2	118	280	1e-13	62.0
scaffold347604	OTU_0292	32.92	161	88	4	482	3	18	159	8e-11	52.0
scaffold349031	OTU_0305	58.06	62	26	0	427	242	114	175	2e-19	77.0
scaffold351956	OTU_0090	46.27	67	32	3	149	340	242	307	6e-12	57.0
scaffold352138	OTU_0150	36.36	110	59	3	209	538	4	102	1e-11	55.1
scaffold353956	OTU_0246	32.63	95	57	2	548	276	225	316	6e-11	53.9
scaffold354586	OTU_0315	70.27	37	11	0	196	306	73	109	5e-14	60.5
scaffold354658	OTU_0235	72.73	44	12	0	284	153	1	44	6e-32	76.6
scaffold354658	OTU_0235	68.75	48	15	0	145	2	48	95	6e-32	71.6
scaffold355021	OTU_0127	40.98	122	64	1	6	371	64	177	3e-21	82.0
scaffold361008	OTU_0163	69.57	69	17	1	211	5	76	140	4e-26	94.4
scaffold362698	OTU_0120	38.46	91	45	1	500	228	12	91	3e-11	52.8
scaffold363078	OTU_0315	71.79	39	11	0	568	452	71	109	6e-15	62.8
scaffold363736	OTU_0129	37.36	182	76	4	110	541	85	266	1e-19	78.2
scaffold364675	OTU_0029	99.17	121	1	0	566	204	63	183	7e-88	  254
scaffold365528	OTU_0124	41.67	84	35	4	342	130	68	150	3e-13	58.5
scaffold369972	OTU_0003	72.73	44	12	0	349	480	261	304	8e-18	73.6
scaffold371549	OTU_0203	56.45	62	27	0	523	338	94	155	1e-19	77.0
scaffold374787	OTU_0219	32.59	224	100	7	551	3	89	302	6e-27	99.4
scaffold375855	OTU_0132	30.20	202	110	10	555	16	104	296	1e-13	61.6
scaffold377568	OTU_0343	70.37	108	32	0	230	553	1	108	1e-50	  159
scaffold380026	OTU_0233	32.37	207	98	4	28	543	92	291	5e-20	79.3
scaffold380245	OTU_0305	76.60	47	11	0	304	444	130	176	2e-20	79.0
scaffold382320	OTU_0203	55.56	63	28	0	434	246	93	155	6e-20	77.8
scaffold388850	OTU_0243	42.31	78	44	1	363	133	238	315	5e-12	57.0
scaffold388942	OTU_0307	100.00	174	0	0	540	19	141	314	8e-113	  322
scaffold389782	OTU_0079	32.12	165	80	5	537	136	136	299	2e-13	60.8
scaffold390265	OTU_0133	51.02	49	23	1	3	149	99	146	4e-11	52.4
scaffold390284	OTU_0113	47.22	72	34	2	143	346	120	191	1e-13	60.1
scaffold390441	OTU_0203	47.17	53	28	0	353	195	97	149	5e-12	55.1
scaffold391479	OTU_0155	29.81	161	93	6	539	63	39	181	7e-12	56.2
scaffold395616	OTU_0312	30.98	184	86	5	86	532	97	274	2e-15	66.2
scaffold396010	OTU_0260	33.49	212	97	4	20	526	7	217	7e-24	89.7
scaffold396023	OTU_0305	63.46	52	19	0	214	369	123	174	4e-20	78.2
scaffold396210	OTU_0336	29.17	192	89	7	508	50	6	189	4e-12	55.5
scaffold396567	OTU_0331	27.69	195	99	4	40	498	103	297	3e-14	63.2
scaffold405584	OTU_0320	60.00	55	20	1	404	246	248	302	2e-17	72.0
scaffold409632	OTU_0265	100.00	174	0	0	1	522	1	174	7e-101	  286
scaffold413413	OTU_0249	33.33	189	85	3	29	475	100	287	6e-27	98.6
scaffold414092	OTU_0001	29.05	179	83	2	36	446	124	300	4e-16	68.6
scaffold415669	OTU_0305	76.19	42	10	0	196	321	132	173	3e-18	72.8
scaffold416726	OTU_0127	31.44	194	85	6	4	513	8	177	3e-11	53.1
scaffold428290	OTU_0228	44.62	65	35	1	30	224	240	303	4e-13	59.7
scaffold433384	OTU_0203	55.36	56	25	0	47	214	97	152	3e-17	69.7
scaffold436735	OTU_0203	68.18	44	14	0	409	278	109	152	3e-16	67.0
scaffold446402	OTU_0146	100.00	165	0	0	1	495	5	169	5e-106	  299
scaffold451808	OTU_0140	43.70	119	62	2	7	363	185	298	7e-23	87.0
scaffold454264	OTU_0309	29.81	161	95	6	482	12	18	164	7e-11	52.0
scaffold456215	OTU_0043	93.94	33	2	0	488	390	283	315	6e-16	67.8
scaffold461016	OTU_0140	34.03	144	57	4	31	348	153	296	4e-14	62.4
scaffold461467	OTU_0157	38.98	177	66	4	8	412	126	302	3e-26	96.7
scaffold464982	OTU_0238	44.25	113	49	3	407	108	92	203	9e-23	85.5
scaffold476675	OTU_0315	61.70	47	18	0	468	328	68	114	1e-14	61.2
scaffold478051	OTU_0312	39.06	64	39	0	338	147	242	305	4e-12	56.6
scaffold478352	OTU_0275	55.84	77	28	2	86	313	76	147	1e-20	78.6
scaffold478788	OTU_0351	50.67	75	36	1	363	139	140	213	8e-20	77.4
scaffold489389	OTU_0262	48.33	60	30	1	415	239	138	197	1e-11	53.9
scaffold497928	OTU_0155	33.69	187	82	8	461	9	93	273	2e-19	77.0
scaffold497953	OTU_0203	57.89	57	24	0	460	290	99	155	7e-20	77.0
scaffold499566	OTU_0265	62.26	53	16	1	25	183	130	178	1e-17	70.5
scaffold499951	OTU_0234	27.96	186	89	4	458	6	100	275	4e-13	59.3
scaffold500660	OTU_0270	78.57	84	18	0	209	460	1	84	1e-40	  134
scaffold509255	OTU_0130	50.00	56	28	0	158	325	125	180	6e-13	57.0
scaffold511814	OTU_0126	34.83	178	80	3	451	26	120	297	2e-25	94.0
scaffold515358	OTU_0140	53.12	64	30	0	309	118	235	298	3e-20	79.3
scaffold519336	OTU_0267	28.74	167	89	3	417	7	118	284	2e-11	54.7
scaffold520083	OTU_0153	35.71	168	86	5	443	3	127	293	2e-18	73.9
scaffold520653	OTU_0025	45.83	72	39	0	423	208	240	311	5e-14	62.0
scaffold528823	OTU_0267	52.46	61	27	2	347	168	236	295	3e-15	65.5
scaffold534497	OTU_0203	67.57	37	12	0	158	268	119	155	6e-14	59.7
scaffold536820	OTU_0225	33.04	112	74	1	101	433	5	116	3e-15	65.1
scaffold537936	OTU_0335	65.08	126	44	0	58	435	1	126	2e-50	  160
scaffold541349	OTU_0203	66.07	56	19	0	402	235	97	152	4e-21	80.1
scaffold543423	OTU_0335	58.33	60	25	0	212	33	242	301	2e-17	71.6
scaffold558598	OTU_0177	44.05	84	45	2	34	285	217	298	2e-12	57.4
scaffold560465	OTU_0018	100.00	141	0	0	425	3	34	174	8e-105	  295
scaffold562273	OTU_0144	37.61	117	54	2	425	108	198	306	3e-15	65.1
scaffold565612	OTU_0126	59.09	44	18	0	235	366	119	162	7e-12	55.5
scaffold566824	OTU_0306	41.48	135	75	3	411	13	35	167	4e-26	93.2
scaffold567259	OTU_0198	34.62	104	61	2	334	26	90	187	1e-11	55.1
scaffold569461	OTU_0084	35.37	82	50	2	22	264	92	171	6e-13	56.6
scaffold570067	OTU_0305	61.67	60	22	1	358	179	115	173	2e-21	80.5
scaffold574785	OTU_0048	35.34	116	72	3	371	33	1	116	2e-16	68.2
scaffold574941	OTU_0229	79.41	34	7	0	227	328	188	221	2e-13	58.5
scaffold575257	OTU_0140	59.38	64	26	0	274	83	235	298	5e-21	80.9
scaffold575602	OTU_0047	50.55	91	43	2	147	413	1	91	4e-23	84.7
scaffold583787	OTU_0305	72.09	43	12	0	416	288	131	173	6e-18	71.2
scaffold584538	OTU_0265	74.42	43	11	0	1	129	136	178	1e-17	70.9
scaffold586575	OTU_0249	51.28	78	38	0	404	171	211	288	7e-19	74.7
scaffold588352	OTU_0275	50.00	64	31	1	398	210	75	138	5e-15	62.8
scaffold590982	OTU_0203	62.96	54	20	0	382	221	102	155	1e-20	78.6
scaffold604617	OTU_0266	37.60	125	60	4	31	399	50	158	3e-11	53.5
scaffold610098	OTU_0176	34.88	86	52	1	400	143	9	90	1e-14	62.0
scaffold616166	OTU_0192	57.14	70	24	2	78	287	36	99	2e-19	73.9
scaffold622920	OTU_0125	35.03	157	66	5	33	395	85	241	3e-17	69.7
scaffold627471	OTU_0203	53.97	63	29	0	143	331	93	155	1e-20	78.2
scaffold638351	OTU_0216	54.69	64	29	0	8	199	238	301	5e-18	72.4
scaffold650220	OTU_0275	51.56	64	31	0	292	101	75	138	1e-17	70.1
scaffold650878	OTU_0233	38.54	96	51	2	99	383	92	180	3e-12	56.2
scaffold659782	OTU_0070	50.53	95	36	4	368	90	1	86	9e-13	56.6
scaffold659978	OTU_0173	37.38	107	67	0	14	334	199	305	2e-17	70.9
scaffold670740	OTU_0203	55.74	61	26	1	73	252	92	152	2e-18	72.0
scaffold674664	OTU_0161	44.93	69	32	2	353	147	121	183	4e-11	51.6
scaffold678687	OTU_0322	36.25	80	49	1	133	366	217	296	2e-11	53.9
scaffold685309	OTU_0341	33.93	112	63	5	326	9	192	298	8e-12	55.1
scaffold690213	OTU_0230	100.00	77	0	0	372	142	238	314	7e-37	  124
scaffold692592	OTU_0305	56.60	53	23	0	42	200	119	171	1e-15	64.3
scaffold693354	OTU_0253	58.73	63	26	0	5	193	84	146	7e-19	73.2
scaffold695402	OTU_0305	40.41	146	53	4	35	370	28	173	3e-22	82.8
scaffold704630	OTU_0123	65.14	109	38	0	38	364	10	118	4e-44	  139
scaffold729557	OTU_0163	58.93	56	22	1	296	132	97	152	1e-17	69.7
scaffold731200	OTU_0229	42.22	90	42	3	2	268	2	82	1e-14	61.2
scaffold732568	OTU_0196	31.82	132	58	3	60	359	167	298	2e-12	56.6
scaffold733685	OTU_0104	40.62	64	37	1	327	139	175	238	1e-11	53.5
scaffold734804	OTU_0053	28.86	149	67	3	332	3	10	158	2e-14	60.8
scaffold738354	OTU_0140	47.76	67	35	0	55	255	235	301	1e-16	68.6
scaffold747733	OTU_0140	49.30	71	31	1	304	92	235	300	7e-17	68.9
scaffold750419	OTU_0229	57.63	59	25	0	55	231	151	209	5e-18	71.2
scaffold755138	OTU_0233	34.78	115	68	2	346	5	69	177	1e-12	57.4
scaffold760361	OTU_0203	69.70	33	10	0	348	250	120	152	4e-12	53.9
scaffold763393	OTU_0192	62.50	64	24	0	319	128	32	95	7e-22	79.7
scaffold771362	OTU_0218	38.78	98	60	0	296	3	198	295	7e-18	71.6
scaffold773430	OTU_0229	46.25	80	40	1	115	345	10	89	2e-14	60.8
scaffold783779	OTU_0117	46.88	64	34	0	329	138	15	78	1e-17	69.7
scaffold785365	OTU_0265	75.68	37	9	0	343	233	139	175	2e-14	60.5
scaffold785785	OTU_0176	68.42	57	18	0	87	257	156	212	3e-23	85.5
scaffold808455	OTU_0150	60.34	58	23	0	236	63	157	214	3e-17	68.6
scaffold808663	OTU_0267	37.68	69	41	1	324	124	232	300	7e-11	51.6
scaffold814651	OTU_0265	73.53	34	9	0	182	283	142	175	6e-14	58.9
scaffold822538	OTU_0003	58.21	67	28	0	96	296	247	313	1e-21	81.6
scaffold824191	OTU_0247	74.42	43	11	0	202	330	9	51	2e-18	72.4
scaffold832683	OTU_0133	49.02	51	26	0	323	171	99	149	9e-13	55.5
scaffold836658	OTU_0305	42.65	68	39	0	311	108	106	173	2e-13	57.0
scaffold836819	OTU_0351	61.54	65	25	0	41	235	141	205	3e-23	85.5
scaffold843982	OTU_0199	78.38	37	8	0	111	1	16	52	5e-17	68.2
scaffold847338	OTU_0284	50.00	54	27	0	8	169	246	299	1e-12	57.0
scaffold849512	OTU_0307	100.00	107	0	0	3	323	69	175	4e-68	  204
scaffold871437	OTU_0335	60.00	75	28	1	99	317	229	303	6e-23	85.1
scaffold877724	OTU_0305	51.61	62	30	0	303	118	115	176	2e-17	68.6
scaffold899271	OTU_0305	71.43	42	12	0	22	147	132	173	5e-18	70.5
scaffold906480	OTU_0341	56.94	72	31	0	265	50	243	314	3e-24	88.6
scaffold907974	OTU_0314	81.13	53	10	0	159	1	1	53	7e-25	90.5
scaffold911986	OTU_0281	71.05	38	11	0	219	106	63	100	2e-12	53.5
scaffold913080	OTU_0187	69.44	72	22	0	216	1	1	72	6e-33	  109
scaffold914056	OTU_0295	55.22	67	30	0	252	52	248	314	4e-20	77.0
scaffold919296	OTU_0277	38.46	91	51	1	258	1	42	132	4e-13	56.2
scaffold925380	OTU_0238	44.93	69	37	1	23	226	137	205	2e-13	57.8
scaffold935445	OTU_0300	54.76	42	19	0	180	305	191	232	9e-11	50.8
scaffold941657	OTU_0192	60.94	64	25	0	295	104	32	95	2e-21	77.8
scaffold952268	OTU_0155	36.51	63	40	0	272	84	119	181	4e-11	52.0
scaffold955884	OTU_0262	60.38	53	21	0	160	2	143	195	1e-17	69.7
scaffold965480	OTU_0260	61.11	36	14	0	225	118	172	207	9e-13	55.8
scaffold975016	OTU_0300	47.95	73	36	2	21	236	171	242	9e-14	58.9
scaffold976308	OTU_0341	44.64	56	31	0	293	126	243	298	3e-11	52.8
scaffold976346	OTU_0140	54.90	51	23	0	259	107	251	301	9e-14	59.7
scaffold981584	OTU_0262	50.00	60	24	2	264	91	141	196	2e-11	52.0
scaffold992145	OTU_0203	63.83	47	17	0	2	142	109	155	5e-18	69.7
scaffold997291	OTU_0133	46.15	65	34	1	251	57	83	146	1e-14	60.5
scaffold998963	OTU_0314	84.54	97	15	0	291	1	197	293	7e-47	  149
scaffold1007097	OTU_0140	53.97	63	29	0	290	102	238	300	1e-19	75.9
scaffold1021681	OTU_0305	66.04	53	18	0	162	4	119	171	8e-21	77.8
scaffold1024158	OTU_0133	44.62	65	35	1	232	38	83	146	2e-13	56.6
scaffold1026035	OTU_0183	47.30	74	29	1	37	258	238	301	3e-14	60.8
scaffold1026958	OTU_0133	46.48	71	36	1	25	237	78	146	8e-15	60.8
scaffold1035193	OTU_0278	63.41	41	14	1	109	228	110	150	1e-13	58.2
scaffold1036740	OTU_0305	67.27	55	18	0	284	120	119	173	9e-22	80.1
scaffold1039427	OTU_0133	50.88	57	27	1	7	177	92	147	7e-11	49.7
scaffold1041859	OTU_0305	80.00	45	9	0	281	147	129	173	1e-22	82.4
scaffold1042026	OTU_0282	34.44	90	46	2	53	283	96	185	3e-11	50.8
scaffold1045594	OTU_0140	58.21	67	28	0	280	80	232	298	3e-21	80.1
scaffold1046591	OTU_0150	53.85	78	35	1	281	48	12	88	7e-21	78.2
scaffold1049778	OTU_0328	51.72	58	26	1	61	234	165	220	6e-13	55.8
scaffold1049891	OTU_0243	49.46	93	47	0	280	2	121	213	3e-26	94.0
scaffold1071270	OTU_0306	63.64	88	31	1	17	277	44	131	4e-31	  104
scaffold1072622	OTU_0003	53.33	60	28	0	57	236	242	301	4e-18	71.2
scaffold1078210	OTU_0305	63.64	55	20	0	268	104	119	173	9e-22	80.1
scaffold1083261	OTU_0305	54.69	64	28	1	78	269	99	161	2e-16	65.5
scaffold1084320	OTU_0315	72.22	36	10	0	4	111	74	109	2e-14	59.3
scaffold1085880	OTU_0260	92.86	28	2	0	272	189	197	224	6e-14	58.5
scaffold1094411	OTU_0346	52.38	42	20	0	162	37	125	166	6e-11	49.7
scaffold1112608	OTU_0107	100.00	89	0	0	268	2	4	92	3e-60	  183
scaffold1119850	OTU_0037	83.15	89	15	0	1	267	202	290	1e-53	  166
scaffold1126356	OTU_0203	47.06	85	32	3	266	33	74	152	1e-17	68.6
scaffold1128577	OTU_0191	36.47	85	54	0	11	265	108	192	2e-11	52.4
scaffold1131767	OTU_0027	39.73	73	39	2	220	17	229	301	3e-12	55.1
scaffold1137038	OTU_0229	58.62	58	24	0	219	46	151	208	3e-16	65.1
scaffold1146882	OTU_0150	48.05	77	33	2	256	29	12	82	3e-12	54.3
scaffold1149537	OTU_0262	95.31	64	3	0	2	193	149	212	6e-40	  128
scaffold1151755	OTU_0146	68.18	88	27	1	1	264	81	167	2e-28	97.8
scaffold1155902	OTU_0191	50.00	60	29	1	235	59	121	180	5e-11	51.2
scaffold1160060	OTU_0341	62.71	59	22	0	86	262	245	303	2e-20	77.4
scaffold1167357	OTU_0044	62.50	48	18	0	2	145	257	304	4e-15	63.2
scaffold1183565	OTU_0048	40.85	71	41	1	24	233	232	302	4e-11	51.6
scaffold1187676	OTU_0022	94.44	54	3	0	260	99	176	229	2e-38	  109
scaffold1187676	OTU_0022	100.00	27	0	0	82	2	235	261	2e-38	58.2
scaffold1197877	OTU_0087	62.26	53	18	1	258	106	122	174	3e-18	70.5
scaffold1200339	OTU_0275	52.94	68	31	1	49	249	71	138	6e-17	66.6
scaffold1207038	OTU_0002	100.00	86	0	0	1	258	69	154	9e-62	  183
scaffold1214389	OTU_0305	72.22	36	10	0	108	1	130	165	5e-14	58.2
scaffold1215711	OTU_0257	73.68	38	10	0	258	145	73	110	3e-16	63.9
scaffold1234677	OTU_0192	59.38	64	26	0	48	239	32	95	8e-21	75.9
scaffold1243102	OTU_0203	49.18	61	29	1	74	250	90	150	2e-14	59.7
scaffold1253237	OTU_0117	100.00	84	0	0	1	252	143	226	1e-57	  174
scaffold1255568	OTU_0203	75.00	40	10	0	119	238	113	152	8e-16	63.2
scaffold1263042	OTU_0335	50.75	67	33	0	52	252	247	313	8e-16	65.1
scaffold1266653	OTU_0211	52.63	57	27	0	219	49	118	174	1e-13	58.5
scaffold1277709	OTU_0335	66.67	57	19	0	46	216	247	303	1e-21	80.5
scaffold1295939	OTU_0229	79.41	34	7	0	1	102	176	209	3e-14	58.9
scaffold1298455	OTU_0140	70.18	57	17	0	6	176	244	300	2e-24	88.2
scaffold1313006	OTU_0247	62.96	81	30	0	5	247	124	204	4e-29	  100
scaffold1322907	OTU_0305	64.58	48	17	0	146	3	119	166	1e-17	68.6
scaffold1328741	OTU_0119	50.88	57	25	2	1	165	245	300	4e-11	52.0
scaffold1334202	OTU_0027	46.97	66	31	1	22	207	234	299	1e-12	55.8
scaffold1334361	OTU_0265	64.44	45	16	0	110	244	134	178	2e-17	67.8
scaffold1335740	OTU_0265	77.78	36	8	0	3	110	139	174	8e-16	63.2
scaffold1337237	OTU_0262	63.16	57	21	0	241	71	143	199	2e-21	79.3
scaffold1340780	OTU_0311	36.05	86	42	3	226	8	8	93	7e-11	48.9
scaffold1343957	OTU_0257	69.70	33	10	0	2	100	79	111	2e-12	53.1
scaffold1345814	OTU_0179	50.00	64	32	0	2	193	223	286	4e-17	68.2
scaffold1345815	OTU_0179	50.00	64	32	0	2	193	223	286	4e-17	68.2
scaffold1348518	OTU_0176	43.04	79	31	3	195	1	127	205	2e-14	59.7
scaffold1351905	OTU_0203	47.46	59	31	0	244	68	94	152	5e-16	63.5
scaffold1365505	OTU_0203	64.29	56	20	0	46	213	97	152	5e-19	72.0
scaffold1387005	OTU_0133	47.46	59	31	0	205	29	85	143	2e-12	53.5
scaffold1393287	OTU_0049	77.03	74	17	0	227	6	234	307	1e-35	  119
scaffold1396315	OTU_0267	50.00	48	22	1	161	24	253	300	3e-11	52.0
scaffold1412034	OTU_0030	52.81	89	31	3	1	237	217	304	2e-23	85.5
scaffold1419762	OTU_0262	50.00	50	25	0	152	3	149	198	4e-13	55.8
scaffold1429745	OTU_0275	34.78	69	45	0	29	235	71	139	2e-12	53.5
scaffold1432381	OTU_0305	73.68	38	10	0	237	124	139	176	1e-16	65.5
scaffold1434735	OTU_0203	50.00	62	31	0	236	51	94	155	1e-18	70.9
scaffold1450057	OTU_0096	47.17	53	28	0	200	42	114	166	3e-11	50.1
scaffold1460905	OTU_0341	60.00	60	20	1	1	168	242	301	2e-19	74.7
scaffold1463106	OTU_0140	60.00	55	22	0	190	26	244	298	1e-17	69.7
scaffold1475923	OTU_0030	60.42	48	15	1	132	1	243	290	8e-14	58.9
scaffold1476875	OTU_0267	52.38	63	30	0	231	43	236	298	7e-17	67.4
scaffold1495173	OTU_0257	59.62	52	20	1	225	70	61	111	2e-17	66.6
scaffold1505359	OTU_0012	52.17	69	33	0	18	224	123	191	1e-18	70.9
scaffold1509779	OTU_0072	49.32	73	36	1	218	3	12	84	5e-18	70.5
scaffold1516342	OTU_0247	61.29	62	24	0	229	44	177	238	9e-23	83.2
scaffold1517917	OTU_0203	62.96	54	20	0	227	66	102	155	2e-21	78.2
scaffold1519989	OTU_0186	58.82	51	20	1	22	171	122	172	2e-14	58.9
scaffold1523489	OTU_0306	60.81	74	29	0	6	227	73	146	8e-21	76.6
scaffold1541086	OTU_0335	52.83	53	25	0	161	3	238	290	6e-13	56.6
scaffold1543481	OTU_0229	52.38	63	30	0	30	218	26	88	5e-17	66.6
scaffold1555418	OTU_0048	38.67	75	45	1	224	3	35	109	3e-11	52.0
scaffold1558850	OTU_0100	80.00	75	15	0	1	225	227	301	5e-40	  130
scaffold1561892	OTU_0203	68.18	44	14	0	13	144	109	152	2e-17	67.4
