scaffold00002	OTU_0344	27.05	329	159	11	547608	548441	3	301	2e-12	70.1
scaffold00007	OTU_0217	32.88	222	103	5	231577	232128	87	300	1e-21	98.2
scaffold00020	OTU_0182	35.71	308	154	9	102793	101999	2	308	3e-35	  138
scaffold00024	OTU_0157	37.43	179	68	6	140905	140495	126	302	4e-17	82.8
scaffold00029	OTU_0155	33.69	282	140	11	64406	63666	31	300	2e-24	  105
scaffold00033	OTU_0256	33.33	267	127	8	164173	163490	28	282	1e-21	97.4
scaffold00051	OTU_0196	27.70	296	175	11	38606	39397	13	301	4e-20	92.0
scaffold00094	OTU_0295	35.29	272	132	11	24935	25648	41	302	3e-23	  102
scaffold00110	OTU_0031	35.06	271	127	12	30840	31541	42	300	1e-25	  109
scaffold00115	OTU_0155	26.06	307	177	12	71067	71879	9	301	1e-11	65.1
scaffold00199	OTU_0320	33.21	274	141	7	36221	35499	50	314	6e-26	  109
scaffold00204	OTU_0155	31.71	246	120	7	59752	59108	74	302	3e-23	  101
scaffold00212	OTU_0016	34.81	181	83	4	46699	46262	80	260	3e-21	94.7
scaffold00215	OTU_0127	33.52	182	87	5	9826	9371	3	180	7e-17	79.7
scaffold00249	OTU_0105	34.55	191	80	6	57100	56642	57	240	2e-18	85.5
scaffold00259	OTU_0046	71.52	309	88	0	291	1217	1	309	3e-141	  444
scaffold00261	OTU_0229	34.76	210	103	8	14412	14951	5	210	7e-16	77.0
scaffold00268	OTU_0208	29.85	325	162	10	56410	57258	2	302	7e-26	  109
scaffold00283	OTU_0317	30.59	340	184	18	15906	14935	2	305	2e-20	92.0
scaffold00324	OTU_0072	30.54	298	157	9	50992	51783	22	303	2e-23	  101
scaffold00354	OTU_0098	35.92	103	63	3	38718	38419	11	113	2e-13	60.1
scaffold00354	OTU_0098	47.37	38	20	0	38338	38225	140	177	2e-13	32.3
scaffold00375	OTU_0267	29.68	310	156	11	8511	7699	9	295	2e-23	  101
scaffold00389	OTU_0104	25.12	203	115	6	13395	12886	37	235	1e-11	63.5
scaffold00472	OTU_0261	28.57	287	155	12	46911	46129	47	309	1e-15	76.6
scaffold00478	OTU_0088	30.23	301	151	10	42488	43267	19	301	7e-21	93.2
scaffold00513	OTU_0140	32.86	210	94	6	6507	6001	94	297	3e-16	78.6
scaffold00608	OTU_0105	28.97	252	124	9	33971	33336	1	237	9e-15	72.8
scaffold00625	OTU_0162	33.78	299	140	9	22806	22069	18	311	6e-17	80.5
scaffold00720	OTU_0262	35.00	180	79	2	25798	26223	20	199	1e-16	78.2
scaffold00727	OTU_0245	28.38	303	146	11	34512	33748	18	297	3e-15	74.7
scaffold00737	OTU_0006	26.44	295	175	13	33372	34160	19	303	1e-12	67.0
scaffold00801	OTU_0226	28.76	299	166	9	2617	1814	16	298	3e-21	93.6
scaffold00833	OTU_0121	33.47	245	115	10	1328	708	69	303	6e-20	89.7
scaffold00867	OTU_0320	29.61	304	164	7	13815	14612	11	302	2e-24	  103
scaffold00867	OTU_0320	32.20	177	97	4	13138	13599	126	302	1e-14	73.2
scaffold00907	OTU_0043	33.54	325	158	10	12093	11263	1	315	5e-38	  144
scaffold01217	OTU_0226	29.82	218	109	5	24736	24203	86	299	1e-15	75.9
scaffold01258	OTU_0041	25.86	321	175	12	23706	24545	2	300	3e-13	68.6
scaffold01277	OTU_0145	30.74	244	122	11	1919	1308	74	310	4e-14	70.9
scaffold01305	OTU_0229	37.50	184	88	5	5986	5516	26	209	3e-22	95.1
scaffold01445	OTU_0030	40.11	182	66	9	10183	10605	122	301	4e-21	92.8
scaffold01466	OTU_0029	31.45	124	70	4	12232	12603	61	169	4e-11	60.1
scaffold01653	OTU_0059	30.14	209	109	9	12870	12343	47	251	8e-13	65.9
scaffold01755	OTU_0072	36.31	314	161	7	15701	14871	2	313	2e-41	  154
scaffold01759	OTU_0225	30.92	249	119	11	6749	7360	60	300	3e-18	83.6
scaffold01861	OTU_0155	29.59	267	142	7	16396	15704	46	302	2e-21	94.0
scaffold01970	OTU_0006	26.38	326	184	14	15077	14193	13	313	2e-12	65.9
scaffold02051	OTU_0287	32.34	303	154	10	12963	13751	14	305	1e-21	94.4
scaffold02108	OTU_0217	34.50	313	146	10	16708	17502	12	313	6e-37	  140
scaffold02175	OTU_0104	29.32	266	135	10	5589	6380	34	248	1e-12	65.1
scaffold02220	OTU_0229	32.61	184	81	4	16526	16104	26	209	7e-19	84.7
scaffold02361	OTU_0041	30.13	302	165	7	8630	9427	9	300	1e-23	  100
scaffold02361	OTU_0041	28.32	279	141	9	7746	8516	59	300	1e-15	75.1
scaffold02393	OTU_0072	29.00	300	137	10	8771	9571	45	301	4e-17	79.7
scaffold02420	OTU_0305	57.35	68	29	0	9737	9940	108	175	4e-17	78.6
scaffold02610	OTU_0351	31.91	235	119	7	14964	14293	2	206	7e-22	93.2
scaffold02610	OTU_0351	29.06	203	111	4	6689	6168	1	199	2e-12	63.9
scaffold02770	OTU_0026	50.00	64	32	0	13318	13127	120	183	3e-13	66.6
scaffold02831	OTU_0128	27.80	313	160	10	7180	8004	13	297	6e-17	79.0
scaffold02875	OTU_0043	31.79	324	165	9	2995	3825	1	315	7e-34	  131
scaffold02900	OTU_0176	30.00	210	108	8	9778	9260	2	209	4e-11	60.1
scaffold02904	OTU_0339	30.06	326	159	15	10947	10090	19	315	3e-14	70.9
scaffold02998	OTU_0226	28.37	215	104	9	1520	2041	90	295	1e-12	65.9
scaffold03214	OTU_0335	35.16	256	126	8	10856	11527	56	303	6e-27	  110
scaffold03222	OTU_0071	23.86	306	174	8	9082	8303	9	301	2e-17	80.9
scaffold03540	OTU_0226	28.90	308	166	7	3024	2212	7	298	3e-24	  102
scaffold03540	OTU_0226	26.74	273	144	8	3966	3265	43	298	4e-14	70.5
scaffold03832	OTU_0206	28.06	310	155	13	11147	10341	19	301	3e-15	73.6
scaffold03847	OTU_0226	29.08	282	143	13	2357	3112	57	311	3e-12	64.7
scaffold03941	OTU_0301	29.65	317	158	14	11813	12634	1	295	2e-24	  102
scaffold04036	OTU_0179	30.48	292	140	11	11939	12691	26	295	1e-16	77.8
scaffold04068	OTU_0314	26.94	271	143	11	2072	1380	47	302	1e-11	62.8
scaffold04091	OTU_0225	30.15	262	129	8	7948	7292	49	299	4e-18	82.4
scaffold04093	OTU_0030	26.99	226	131	7	8179	7595	85	307	3e-11	61.6
scaffold04096	OTU_0044	34.87	304	153	8	1088	1876	5	304	2e-38	  144
scaffold04397	OTU_0073	31.99	272	123	12	4657	5331	15	271	4e-17	79.0
scaffold04413	OTU_0043	30.56	288	149	8	8217	7495	18	301	6e-27	  110
scaffold04458	OTU_0043	29.23	284	155	9	6677	7417	27	301	1e-26	  108
scaffold04469	OTU_0225	30.89	314	152	10	5988	6803	10	300	2e-22	95.9
scaffold04480	OTU_0229	38.83	188	80	7	3047	2577	26	209	3e-21	91.3
scaffold04485	OTU_0206	31.16	215	108	6	1854	2399	94	301	1e-14	72.0
scaffold04925	OTU_0176	33.48	227	115	9	10003	9398	4	219	1e-16	77.0
scaffold05033	OTU_0049	26.64	229	117	6	4039	3497	77	302	3e-12	64.3
scaffold05080	OTU_0267	33.18	220	106	4	10100	9543	85	297	3e-18	82.8
scaffold05362	OTU_0260	35.71	210	91	6	8055	8573	11	213	5e-19	84.3
scaffold05362	OTU_0260	33.83	201	86	6	6729	7208	16	210	1e-16	76.6
scaffold05421	OTU_0175	28.76	306	169	11	551	1363	14	305	4e-19	85.5
scaffold05460	OTU_0219	41.67	84	42	3	2487	2729	223	302	2e-11	61.6
scaffold05501	OTU_0291	28.27	191	94	4	7933	7490	126	316	1e-11	62.4
scaffold05614	OTU_0303	32.56	172	74	5	401	9	125	295	9e-12	62.8
scaffold05712	OTU_0284	31.05	248	132	8	2968	2249	87	303	1e-20	90.1
scaffold05851	OTU_0019	33.46	266	120	9	5591	6244	45	301	5e-23	97.8
scaffold05904	OTU_0314	28.43	306	173	10	6719	5910	20	315	7e-13	66.2
scaffold05964	OTU_0256	32.96	267	127	8	4260	4940	28	282	2e-20	89.4
scaffold05998	OTU_0338	27.70	296	178	10	6726	5911	20	303	1e-15	74.7
scaffold06213	OTU_0061	28.05	164	92	4	2186	2602	31	193	5e-11	58.9
scaffold06271	OTU_0248	28.51	228	109	6	812	246	72	284	6e-13	66.2
scaffold06358	OTU_0266	30.11	279	135	9	6783	7487	39	301	4e-19	85.1
scaffold06428	OTU_0233	28.73	268	143	8	3341	4039	49	303	7e-14	68.9
scaffold06670	OTU_0206	28.57	301	154	14	972	208	13	298	2e-13	68.2
scaffold06804	OTU_0155	27.48	313	159	12	696	1523	19	300	7e-17	78.2
scaffold06968	OTU_0256	35.06	174	85	6	2077	2514	108	281	2e-16	76.3
scaffold07082	OTU_0126	34.07	182	78	5	5257	4832	116	295	7e-19	84.3
scaffold07431	OTU_0059	30.84	214	112	9	7163	6600	44	247	8e-15	71.2
scaffold07781	OTU_0109	32.18	202	102	6	4080	4598	5	200	2e-12	63.2
scaffold07831	OTU_0208	35.16	182	79	4	6121	6549	121	302	5e-23	97.4
scaffold07831	OTU_0208	27.82	266	144	6	6804	7490	48	302	5e-14	69.3
scaffold07893	OTU_0183	36.46	277	136	7	1450	2166	39	313	6e-38	  142
scaffold07982	OTU_0217	30.90	233	106	9	4373	4966	101	313	7e-14	68.9
scaffold08022	OTU_0137	32.61	276	128	9	2708	3424	51	305	6e-21	90.9
scaffold08200	OTU_0246	28.08	317	161	12	1639	806	14	302	5e-12	63.2
scaffold08214	OTU_0106	30.11	269	138	8	1900	1193	46	297	1e-18	83.2
scaffold08301	OTU_0176	34.88	215	95	6	4903	4376	4	212	2e-20	88.6
scaffold08305	OTU_0140	28.57	252	129	10	840	208	54	295	3e-13	67.0
scaffold08406	OTU_0258	33.00	203	99	9	1303	1830	110	302	9e-13	65.5
scaffold08981	OTU_0300	29.41	238	116	10	7168	6560	12	232	2e-12	63.2
scaffold09104	OTU_0067	22.56	328	194	11	6002	6871	1	306	7e-11	59.7
scaffold09120	OTU_0345	33.79	219	89	8	2762	3289	99	304	4e-21	91.3
scaffold09583	OTU_0210	28.64	213	110	5	548	15	98	303	7e-11	59.7
scaffold10456	OTU_0234	29.87	318	149	12	3458	4261	8	301	4e-21	90.9
scaffold10463	OTU_0070	30.59	219	100	10	3209	3766	5	204	1e-11	60.8
scaffold11044	OTU_0119	27.54	276	148	9	3871	4587	40	300	7e-11	59.7
scaffold11217	OTU_0229	36.54	208	88	6	1625	2137	12	212	5e-22	92.8
scaffold11290	OTU_0140	32.21	298	146	11	4107	3337	19	301	3e-25	  103
scaffold11782	OTU_0043	33.54	319	162	9	3504	2680	2	314	7e-40	  148
scaffold11858	OTU_0140	29.58	213	110	4	3130	2603	87	296	1e-16	77.0
scaffold11885	OTU_0198	29.75	279	133	12	2878	2201	32	300	5e-16	75.1
scaffold11934	OTU_0261	30.99	213	115	6	4584	4033	93	302	5e-16	75.1
scaffold11934	OTU_0261	26.44	295	173	10	2900	3685	19	302	3e-13	66.6
scaffold12383	OTU_0116	39.53	86	50	2	4200	4457	219	302	7e-11	59.3
scaffold12886	OTU_0121	33.90	236	113	7	197	793	74	303	2e-24	  101
scaffold13281	OTU_0105	32.41	216	101	9	914	1450	30	237	3e-13	65.5
scaffold13312	OTU_0250	26.55	290	158	8	5560	6285	19	301	5e-14	68.9
scaffold13330	OTU_0262	48.33	60	31	0	2961	3140	139	198	6e-13	64.3
scaffold13600	OTU_0218	34.07	317	166	8	2509	1679	2	315	8e-39	  144
scaffold13640	OTU_0046	31.25	288	139	15	2025	1285	34	303	2e-16	76.3
scaffold13824	OTU_0341	72.09	43	11	1	1174	1049	247	289	1e-12	64.7
scaffold13932	OTU_0238	29.95	187	96	4	6028	5573	19	205	4e-12	61.6
scaffold14162	OTU_0140	26.56	320	178	16	5988	5116	7	298	5e-12	62.8
scaffold14620	OTU_0010	30.60	281	143	7	3609	2887	33	301	3e-24	  100
scaffold15027	OTU_0141	28.85	312	152	9	3681	4532	32	301	2e-19	85.5
scaffold15128	OTU_0229	34.27	213	95	5	2493	1975	2	209	2e-24	  100
scaffold15272	OTU_0287	27.63	333	160	9	3984	3097	14	302	8e-16	74.3
scaffold15522	OTU_0129	27.80	223	118	7	5216	5779	52	266	4e-18	80.9
scaffold15611	OTU_0176	32.57	218	98	8	4151	3618	4	212	5e-17	77.0
scaffold15984	OTU_0274	30.89	191	100	3	1599	2075	17	207	9e-16	73.2
scaffold16027	OTU_0150	35.55	211	97	5	3830	4363	12	216	1e-21	91.7
scaffold16083	OTU_0246	33.61	244	98	8	1597	947	95	301	1e-19	86.3
scaffold16140	OTU_0266	32.84	271	124	12	3030	2347	46	301	1e-23	98.6
scaffold16162	OTU_0157	28.62	311	163	11	1963	1139	12	299	2e-13	67.0
scaffold16169	OTU_0105	28.84	215	119	7	125	691	46	252	9e-12	61.2
scaffold16225	OTU_0005	63.27	49	18	0	1461	1607	71	119	8e-14	65.9
scaffold16276	OTU_0246	26.49	302	170	7	4401	3613	14	302	4e-22	94.0
scaffold16341	OTU_0260	27.83	212	113	6	4250	3720	7	213	1e-12	63.2
scaffold16866	OTU_0351	34.76	164	67	3	1829	2203	42	204	2e-14	69.3
scaffold17038	OTU_0140	30.19	308	158	11	3605	4405	10	301	2e-22	94.7
scaffold17088	OTU_0020	37.44	211	90	8	2685	2161	97	301	9e-26	  105
scaffold17396	OTU_0318	30.72	319	161	14	3503	4339	4	302	3e-22	94.0
scaffold17421	OTU_0095	27.99	318	169	10	1851	2690	7	302	3e-17	78.6
scaffold17720	OTU_0144	32.02	228	101	5	2117	2674	89	304	4e-24	  100
scaffold18272	OTU_0126	29.45	309	164	7	1037	213	4	292	7e-17	77.0
scaffold18654	OTU_0106	26.91	275	145	9	2463	3170	40	297	4e-12	62.8
scaffold18941	OTU_0233	29.93	274	141	12	3284	3997	42	300	3e-15	72.4
scaffold19197	OTU_0032	99.34	303	0	1	4290	5198	5	305	0.0	  601
scaffold19479	OTU_0317	25.77	260	159	7	961	272	41	296	1e-11	61.2
scaffold19724	OTU_0117	35.77	137	79	4	1735	2139	51	180	3e-11	58.9
scaffold20305	OTU_0271	29.00	300	166	11	1169	1987	18	297	3e-11	60.1
scaffold20561	OTU_0137	30.03	303	155	11	2316	1552	9	302	4e-15	72.0
scaffold20835	OTU_0314	26.18	275	149	9	3898	3206	40	304	2e-13	67.0
scaffold20883	OTU_0031	29.64	253	140	7	3148	2477	57	300	2e-26	  107
scaffold20894	OTU_0104	30.71	241	119	11	983	1591	14	244	6e-12	61.2
scaffold20965	OTU_0150	29.61	233	115	6	2495	1890	1	215	1e-20	87.8
scaffold21031	OTU_0249	28.84	267	150	8	164	868	15	273	9e-11	58.5
scaffold21792	OTU_0095	34.68	173	73	3	3691	4089	130	302	4e-21	90.5
scaffold21898	OTU_0125	30.11	269	141	8	2366	1668	1	258	2e-24	  100
scaffold22127	OTU_0265	69.77	43	13	0	3507	3379	133	175	6e-14	67.0
scaffold23240	OTU_0095	32.38	315	139	10	1616	2443	23	302	4e-25	  103
scaffold23240	OTU_0095	29.26	311	156	10	2660	3457	11	302	3e-20	87.8
scaffold23369	OTU_0206	28.67	279	140	9	1048	335	41	301	5e-16	74.7
scaffold23535	OTU_0121	28.04	296	141	7	3140	2346	47	301	1e-17	79.3
scaffold23626	OTU_0158	99.35	307	2	0	257	1177	2	308	0.0	  584
scaffold23628	OTU_0157	33.44	314	162	9	2706	1897	5	315	5e-41	  150
scaffold24212	OTU_0108	27.99	318	175	9	3327	2482	2	301	3e-26	  106
scaffold24326	OTU_0339	28.91	211	128	8	3770	4339	92	301	7e-11	58.9
scaffold24441	OTU_0200	32.26	217	109	8	1988	1449	86	301	6e-15	71.2
scaffold24521	OTU_0229	27.46	193	116	6	1425	919	11	203	1e-11	59.7
scaffold24561	OTU_0200	27.94	315	160	10	2745	3575	16	301	7e-23	95.9
scaffold24982	OTU_0198	34.26	216	98	6	1237	686	96	299	1e-21	92.0
scaffold25062	OTU_0217	30.38	260	140	6	500	1159	12	270	3e-18	81.3
scaffold25062	OTU_0217	28.53	312	151	9	3492	4298	15	297	2e-14	69.7
scaffold25433	OTU_0150	34.20	193	86	4	2494	2952	23	214	1e-21	90.9
scaffold25433	OTU_0150	31.05	219	109	5	3345	3896	3	214	3e-18	80.5
scaffold25450	OTU_0175	24.46	327	175	10	4123	3245	17	305	2e-15	72.8
scaffold25525	OTU_0219	30.36	280	131	10	69	791	48	302	3e-19	84.7
scaffold25540	OTU_0203	71.43	42	12	0	3898	4023	113	154	1e-14	68.6
scaffold25677	OTU_0030	31.53	314	157	10	2205	1378	16	309	2e-22	94.4
scaffold26248	OTU_0233	29.58	311	163	9	2321	3148	13	302	4e-17	77.8
scaffold26278	OTU_0023	31.97	319	134	12	3497	4312	21	303	2e-22	94.4
scaffold26397	OTU_0030	30.91	220	104	7	4424	3882	90	300	2e-19	85.1
scaffold26708	OTU_0291	29.02	317	161	11	1864	1031	11	302	3e-16	75.1
scaffold28081	OTU_0266	30.18	275	140	8	3355	4065	41	301	3e-16	74.7
scaffold28157	OTU_0234	31.21	314	158	12	1882	1049	10	301	5e-18	80.5
scaffold28700	OTU_0229	32.24	214	103	6	3474	2941	2	209	1e-19	84.7
scaffold29341	OTU_0125	29.09	275	134	10	912	217	2	258	3e-17	77.4
scaffold29571	OTU_0272	34.98	283	139	12	1154	360	40	295	4e-23	96.3
scaffold29880	OTU_0210	35.59	177	86	5	10	459	125	300	6e-18	80.1
scaffold29920	OTU_0345	26.13	310	192	11	2994	3833	1	303	6e-18	80.1
scaffold30220	OTU_0266	25.25	297	181	12	4003	3215	14	303	5e-13	65.1
scaffold30539	OTU_0203	64.00	50	18	0	11	160	103	152	3e-15	70.1
scaffold30599	OTU_0176	31.96	219	105	6	3007	3552	1	212	5e-23	94.7
scaffold31310	OTU_0179	30.65	261	135	7	1201	521	38	286	5e-16	73.9
scaffold32314	OTU_0046	32.12	302	159	8	2639	1860	10	307	2e-27	  109
scaffold33240	OTU_0125	27.84	273	147	8	2655	3368	1	258	4e-18	80.1
scaffold33676	OTU_0219	27.34	267	157	10	963	256	48	308	5e-16	74.3
scaffold34039	OTU_0010	50.00	66	31	1	2648	2457	236	301	4e-15	71.6
scaffold34405	OTU_0267	32.58	178	89	5	2383	1940	118	294	2e-13	66.2
scaffold34503	OTU_0196	30.57	265	150	10	2874	3581	41	300	3e-21	90.1
scaffold34583	OTU_0041	27.91	301	141	11	965	1720	29	302	1e-14	69.7
scaffold35084	OTU_0351	57.81	64	27	0	3602	3411	141	204	3e-18	80.1
scaffold35245	OTU_0258	27.19	320	170	11	1041	202	3	299	3e-13	65.5
scaffold35354	OTU_0234	30.51	272	143	8	937	224	41	300	9e-18	79.3
scaffold35424	OTU_0016	32.86	213	102	8	2720	3256	55	260	4e-22	92.8
scaffold36157	OTU_0023	34.67	225	99	9	1448	876	93	303	3e-20	87.4
scaffold36209	OTU_0258	31.11	315	154	13	1307	483	11	302	7e-17	76.6
scaffold36316	OTU_0121	32.94	255	122	9	1677	2321	56	301	9e-24	98.2
scaffold36453	OTU_0218	60.94	64	25	0	106	297	239	302	3e-18	80.9
scaffold36495	OTU_0265	72.50	40	11	0	3637	3518	136	175	3e-13	64.3
scaffold36886	OTU_0141	28.28	244	130	8	2770	3375	60	300	8e-14	67.4
scaffold36988	OTU_0335	29.15	199	100	5	1355	882	102	300	2e-17	78.6
scaffold37557	OTU_0287	30.25	324	159	11	2439	3278	2	302	2e-17	78.2
scaffold38277	OTU_0140	34.62	312	156	6	1192	1998	5	311	2e-41	  151
scaffold38389	OTU_0051	99.67	301	1	0	3367	2465	1	301	0.0	  573
scaffold39392	OTU_0219	28.00	225	106	8	1035	484	88	297	2e-12	63.2
scaffold39425	OTU_0312	32.83	198	130	3	2748	3335	10	206	8e-34	88.6
scaffold39425	OTU_0312	58.93	56	22	1	3326	3490	239	294	8e-34	68.6
scaffold39685	OTU_0325	30.94	181	83	3	1333	917	24	204	5e-15	69.7
scaffold39688	OTU_0031	26.48	321	177	10	2431	3279	1	300	1e-11	60.8
scaffold39851	OTU_0129	31.15	183	100	5	1927	1454	85	266	7e-12	61.2
scaffold39866	OTU_0121	27.21	294	147	9	2050	2847	47	301	2e-19	84.3
scaffold40532	OTU_0150	31.67	180	105	5	2446	1931	42	211	4e-16	73.6
scaffold40744	OTU_0198	30.51	236	119	11	3049	2414	87	301	5e-13	65.1
scaffold41035	OTU_0106	26.59	267	144	8	929	240	46	297	4e-11	59.3
scaffold41060	OTU_0072	36.88	320	150	11	1893	1072	1	314	7e-40	  146
scaffold41066	OTU_0155	28.80	309	177	11	3114	2290	1	300	2e-16	75.5
scaffold41135	OTU_0105	30.14	209	110	6	2985	2464	33	240	7e-15	69.7
scaffold41992	OTU_0043	31.21	282	143	11	689	1414	31	301	1e-24	  100
scaffold41992	OTU_0043	27.05	292	155	11	1633	2373	23	301	1e-15	72.8
scaffold43163	OTU_0177	34.39	314	158	7	1205	399	3	313	2e-41	  150
scaffold43756	OTU_0020	32.19	320	167	5	358	1185	1	314	2e-35	  133
scaffold43788	OTU_0016	26.05	261	149	7	708	1394	6	254	1e-15	72.0
scaffold44049	OTU_0140	34.62	182	76	6	1456	1878	119	298	4e-18	80.5
scaffold44199	OTU_0088	33.33	282	153	4	857	1600	18	298	1e-36	  136
scaffold44329	OTU_0043	26.42	318	159	11	645	1463	21	308	2e-17	78.6
scaffold44678	OTU_0145	32.95	261	126	7	2875	2207	52	301	2e-24	99.8
scaffold45030	OTU_0335	30.29	274	138	13	2221	2928	40	298	2e-13	65.9
scaffold45135	OTU_0140	28.48	302	158	12	2460	1663	10	289	8e-15	70.1
scaffold45273	OTU_0107	35.99	314	154	7	2742	1939	1	313	2e-43	  156
scaffold45723	OTU_0339	31.53	295	132	10	2131	2844	20	301	4e-24	99.4
scaffold46603	OTU_0121	32.71	266	133	8	565	1251	46	302	5e-26	  104
scaffold46636	OTU_0072	35.11	319	155	11	242	1060	1	313	4e-37	  138
scaffold46731	OTU_0079	28.94	311	153	9	3107	2316	11	300	7e-24	98.2
scaffold46766	OTU_0226	33.17	205	92	9	2427	2933	100	295	4e-16	73.9
scaffold46924	OTU_0226	28.37	215	104	9	1215	1736	90	295	1e-13	66.2
scaffold47180	OTU_0218	50.82	61	30	0	2668	2850	239	299	6e-12	61.6
scaffold47291	OTU_0043	33.23	319	163	9	315	1139	2	314	1e-37	  139
scaffold47411	OTU_0155	30.67	313	175	7	185	1000	2	313	7e-34	  128
scaffold47578	OTU_0019	29.67	273	146	13	725	12	40	301	8e-18	79.3
scaffold47650	OTU_0021	31.32	182	71	4	3032	2622	79	251	3e-14	67.4
scaffold47729	OTU_0229	37.21	172	72	7	2703	3110	34	205	6e-17	75.9
scaffold47762	OTU_0095	33.51	188	87	4	549	100	128	315	4e-17	77.0
scaffold48066	OTU_0294	30.29	307	175	8	2403	1576	2	300	2e-35	  132
scaffold48373	OTU_0099	93.10	29	2	0	3	89	133	161	8e-11	56.2
scaffold48475	OTU_0079	60.00	55	22	0	13	177	246	300	1e-14	69.7
scaffold48527	OTU_0234	32.30	257	124	11	730	68	41	283	2e-13	66.2
scaffold48656	OTU_0157	32.70	315	163	5	2830	2021	5	315	7e-40	  146
scaffold49096	OTU_0196	28.73	275	149	11	1467	2189	40	301	2e-15	72.4
scaffold49661	OTU_0021	26.11	203	113	6	1527	2045	53	248	5e-11	58.2
scaffold50372	OTU_0075	32.53	292	142	10	756	1	17	293	9e-21	88.6
scaffold50630	OTU_0246	35.20	304	139	14	564	1346	14	302	4e-25	  102
scaffold50824	OTU_0043	30.03	323	171	8	2408	1578	1	314	4e-32	  123
scaffold51370	OTU_0274	75.68	74	18	0	2969	2748	144	217	4e-30	  114
scaffold52138	OTU_0225	29.93	274	136	12	2245	2946	40	297	1e-13	66.6
scaffold52240	OTU_0206	31.63	215	107	6	2672	2127	94	301	8e-11	58.2
scaffold53190	OTU_0225	27.14	199	105	6	564	1046	106	302	8e-12	60.8
scaffold53494	OTU_0095	34.46	296	135	10	1999	1238	24	302	6e-27	  107
scaffold54762	OTU_0256	34.19	272	127	9	1113	1808	23	282	1e-19	84.3
scaffold54791	OTU_0052	29.47	302	184	7	405	1232	2	300	4e-34	  129
scaffold55285	OTU_0157	100.00	315	0	0	2615	1671	1	315	0.0	  637
scaffold55651	OTU_0217	27.95	229	120	6	740	1321	80	298	3e-12	62.4
scaffold55673	OTU_0157	29.10	244	129	6	1015	1635	70	306	4e-18	80.1
scaffold56976	OTU_0335	27.24	279	156	8	698	1423	30	298	3e-18	80.5
scaffold58242	OTU_0151	31.70	306	169	5	195	995	11	315	5e-39	  143
scaffold58347	OTU_0291	31.03	319	152	13	1738	2571	11	302	7e-19	82.4
scaffold58926	OTU_0176	61.97	71	27	0	22	234	152	222	1e-18	80.9
scaffold59166	OTU_0053	28.57	168	83	4	1417	1812	25	191	7e-11	56.2
scaffold59643	OTU_0227	34.43	305	159	7	331	1128	12	314	1e-36	  135
scaffold60463	OTU_0162	43.90	82	39	2	2445	2221	227	308	1e-13	66.6
scaffold60912	OTU_0129	30.29	274	146	8	1353	2066	2	266	2e-25	  102
scaffold60948	OTU_0241	26.77	269	145	6	1420	2112	11	265	9e-14	66.2
scaffold60975	OTU_0266	33.33	294	151	8	818	1591	17	301	5e-25	  101
scaffold61093	OTU_0084	63.64	44	15	1	314	183	123	165	2e-12	61.2
scaffold61105	OTU_0300	27.88	226	133	7	1358	765	7	230	1e-14	68.6
scaffold62077	OTU_0175	27.60	250	152	6	1648	974	71	316	1e-14	69.7
scaffold62323	OTU_0175	32.79	305	161	5	2416	1625	14	315	8e-43	  154
scaffold62470	OTU_0048	35.06	308	145	8	130	906	1	302	2e-33	  126
scaffold62598	OTU_0020	30.03	313	168	8	2385	1582	8	314	5e-31	  119
scaffold62949	OTU_0038	29.95	207	115	6	697	92	15	196	2e-12	62.8
scaffold63075	OTU_0087	34.50	171	86	4	2573	2139	3	173	7e-16	71.6
scaffold63554	OTU_0140	98.71	311	4	0	1030	98	1	311	0.0	  631
scaffold63889	OTU_0246	31.67	300	145	9	1261	491	20	302	3e-22	92.8
scaffold65470	OTU_0312	36.76	185	85	5	1418	960	119	303	3e-23	95.9
scaffold66921	OTU_0072	36.66	311	156	8	2400	1582	6	313	8e-41	  148
scaffold67606	OTU_0225	27.92	308	154	13	1384	2172	18	302	2e-14	68.6
scaffold68130	OTU_0079	34.86	175	82	5	5	436	126	299	4e-16	73.9
scaffold68639	OTU_0013	30.40	273	132	7	1314	2012	47	301	1e-18	81.6
scaffold68702	OTU_0289	53.49	258	111	3	1735	2505	2	251	1e-76	  246
scaffold69023	OTU_0072	35.10	302	157	6	2353	1559	14	313	3e-38	  140
scaffold69229	OTU_0229	37.79	217	101	6	739	164	2	209	8e-26	  102
scaffold70084	OTU_0103	34.29	315	162	8	201	1016	1	313	5e-32	  122
scaffold70443	OTU_0233	30.06	316	164	11	1178	339	9	303	1e-18	81.3
scaffold70643	OTU_0233	30.10	196	102	3	1349	861	112	305	2e-18	80.9
scaffold70836	OTU_0307	30.10	206	94	7	1038	1532	102	298	8e-12	60.8
scaffold72233	OTU_0200	36.31	179	76	6	1151	1576	124	301	9e-20	84.7
scaffold72666	OTU_0267	30.80	263	137	10	875	1558	43	295	1e-19	84.3
scaffold72691	OTU_0116	28.26	230	115	9	30	590	81	303	1e-10	57.4
scaffold73411	OTU_0183	28.79	264	150	10	1433	2137	49	303	4e-17	77.0
scaffold73921	OTU_0260	31.60	212	106	7	449	973	3	212	1e-18	80.9
scaffold74000	OTU_0217	31.41	191	116	6	575	18	1	181	2e-15	71.6
scaffold75006	OTU_0043	43.86	57	31	1	641	474	245	301	5e-13	48.1
scaffold75006	OTU_0043	33.72	86	49	3	868	632	129	213	5e-13	38.1
scaffold75269	OTU_0249	32.45	188	99	6	863	375	91	275	8e-13	63.5
scaffold75543	OTU_0046	38.06	310	151	13	2353	1541	2	309	3e-42	  151
scaffold76123	OTU_0003	27.27	319	180	11	1379	2206	4	313	5e-11	58.2
scaffold76274	OTU_0227	62.50	72	27	0	61	276	243	314	5e-21	88.6
scaffold76349	OTU_0071	35.12	242	129	5	11	655	75	315	9e-32	  121
scaffold76487	OTU_0144	33.99	203	92	5	1726	2211	100	301	2e-23	96.3
scaffold77283	OTU_0197	51.61	62	30	0	108	293	114	175	4e-14	65.9
scaffold77789	OTU_0030	32.78	180	83	3	916	1341	122	301	2e-19	84.0
scaffold78108	OTU_0248	25.70	323	170	9	638	1507	2	287	8e-13	63.5
scaffold80409	OTU_0267	25.18	278	181	5	488	1264	26	295	2e-14	68.6
scaffold80703	OTU_0284	53.97	63	27	1	965	1153	243	303	2e-15	71.6
scaffold81294	OTU_0150	29.41	221	109	6	1106	558	11	222	4e-15	69.3
scaffold81307	OTU_0114	38.97	195	70	4	2241	1786	1	189	2e-27	  105
scaffold81745	OTU_0003	59.42	69	28	0	110	316	233	301	1e-20	87.4
scaffold82734	OTU_0162	52.63	76	31	1	2	214	227	302	3e-17	77.0
scaffold84151	OTU_0331	30.45	220	120	9	1468	2043	90	304	8e-14	66.6
scaffold84561	OTU_0305	63.64	55	19	1	2216	2055	121	175	1e-14	67.4
scaffold84858	OTU_0200	33.33	174	98	6	1426	959	125	298	8e-16	72.4
scaffold84959	OTU_0075	28.52	298	158	13	1123	1893	17	300	2e-13	65.5
scaffold85332	OTU_0345	29.03	217	112	9	1755	1222	88	301	3e-11	58.5
scaffold85532	OTU_0150	33.02	212	103	4	93	614	5	215	3e-21	88.2
scaffold85966	OTU_0053	32.20	177	80	6	1534	1944	25	201	2e-11	57.4
scaffold87956	OTU_0322	36.08	316	150	11	735	1532	1	314	6e-40	  144
scaffold88043	OTU_0155	28.70	331	162	11	582	1445	4	303	3e-27	  107
scaffold88553	OTU_0163	54.39	57	26	0	2	172	96	152	3e-14	65.9
scaffold89011	OTU_0151	29.89	271	135	11	1455	763	47	302	1e-21	90.5
scaffold89222	OTU_0314	32.86	213	97	5	2141	1617	95	299	2e-21	89.4
scaffold89553	OTU_0287	31.60	269	128	10	1596	907	51	302	5e-15	70.1
scaffold90472	OTU_0295	28.12	320	160	12	832	1665	11	302	2e-19	83.6
scaffold90864	OTU_0236	29.93	274	143	10	1216	1926	45	306	2e-14	68.6
scaffold91615	OTU_0124	38.55	83	37	3	1150	1359	69	150	3e-11	57.0
scaffold92219	OTU_0107	34.64	306	155	6	953	1741	10	313	2e-42	  150
scaffold93297	OTU_0137	30.63	284	157	11	1306	2079	36	305	6e-16	73.2
scaffold96958	OTU_0140	31.44	229	106	5	16	579	80	298	2e-23	95.9
scaffold99112	OTU_0265	54.55	55	25	0	19	183	134	188	3e-15	69.3
scaffold99355	OTU_0317	27.14	280	143	8	861	1556	35	301	8e-14	66.6
scaffold99891	OTU_0233	30.80	224	118	4	523	1086	83	305	2e-21	89.4
scaffold99927	OTU_0219	26.91	275	161	8	1935	1225	29	301	8e-11	57.4
scaffold100865	OTU_0238	36.84	190	81	4	1959	1504	16	204	2e-26	  102
scaffold101364	OTU_0234	29.90	311	164	8	861	1691	11	301	2e-18	80.5
scaffold102180	OTU_0105	33.33	207	96	5	919	1434	41	240	2e-21	89.0
scaffold102590	OTU_0219	25.76	295	177	11	1272	484	18	302	7e-13	63.5
scaffold104449	OTU_0266	29.35	276	141	6	405	1115	41	301	2e-16	74.3
scaffold104854	OTU_0173	56.52	69	30	0	1951	1745	247	315	3e-18	79.7
scaffold105067	OTU_0233	29.28	304	155	11	995	219	15	303	2e-26	  105
scaffold105309	OTU_0031	36.44	236	107	9	594	1196	73	300	3e-27	  107
scaffold106455	OTU_0341	48.00	75	32	2	368	571	224	298	7e-13	63.5
scaffold107433	OTU_0234	26.67	315	169	7	1073	243	10	300	9e-17	75.1
scaffold107808	OTU_0196	27.68	271	146	11	1178	486	40	300	2e-13	65.5
scaffold108461	OTU_0341	48.05	77	40	0	1225	1455	238	314	3e-15	70.5
scaffold109563	OTU_0072	38.36	318	144	10	1272	460	2	314	1e-43	  154
scaffold110256	OTU_0265	69.23	39	12	0	1895	1779	139	177	5e-13	62.4
scaffold110713	OTU_0203	50.00	58	29	0	1872	1699	97	154	6e-16	70.9
scaffold110880	OTU_0016	33.33	213	101	8	1570	1034	55	260	1e-22	92.4
scaffold111083	OTU_0305	62.50	40	15	0	155	274	134	173	6e-13	62.0
scaffold111909	OTU_0206	100.00	306	0	0	431	1348	10	315	0.0	  616
scaffold112915	OTU_0105	50.00	88	43	1	1790	1530	153	240	4e-17	75.5
scaffold113411	OTU_0183	34.90	298	145	7	1551	787	10	301	7e-36	  132
scaffold113487	OTU_0326	78.12	32	7	0	1864	1769	121	152	4e-11	56.2
scaffold113887	OTU_0013	34.42	154	65	4	355	2	120	273	2e-24	73.6
scaffold113887	OTU_0013	32.17	115	74	3	713	378	1	114	2e-24	51.2
scaffold114550	OTU_0155	34.38	288	145	7	1739	1005	14	300	4e-42	  149
scaffold114595	OTU_0176	27.49	211	114	4	1490	960	5	210	1e-12	61.2
scaffold115910	OTU_0328	32.00	225	98	10	1053	1622	20	224	9e-15	67.8
scaffold116183	OTU_0249	71.05	38	11	0	1	114	238	275	1e-11	59.3
scaffold117218	OTU_0107	31.05	306	156	9	862	1659	13	303	9e-25	99.4
scaffold117218	OTU_0107	31.39	223	105	8	59	634	96	301	5e-17	75.9
scaffold117350	OTU_0176	30.85	188	88	6	1370	1825	1	182	4e-12	59.7
scaffold117598	OTU_0341	69.77	43	12	1	1153	1028	247	289	1e-12	63.2
scaffold117652	OTU_0226	26.03	292	162	11	81	833	7	285	3e-12	61.6
scaffold117693	OTU_0243	27.60	192	100	5	197	673	129	314	3e-14	67.8
scaffold117788	OTU_0234	34.46	177	96	7	594	73	16	175	3e-11	58.5
scaffold117925	OTU_0051	26.73	303	169	9	863	66	4	290	1e-13	65.9
scaffold119100	OTU_0301	36.36	308	151	10	1284	493	2	308	2e-40	  144
scaffold120266	OTU_0284	76.92	91	19	1	1202	930	1	89	4e-42	  149
scaffold120319	OTU_0176	33.80	216	103	10	1723	1172	5	212	2e-13	63.9
scaffold120445	OTU_0121	30.49	305	150	9	8	793	16	301	8e-28	  108
scaffold120969	OTU_0101	29.95	217	110	8	648	97	92	299	6e-11	57.4
scaffold121087	OTU_0176	43.88	98	51	2	1765	1484	128	225	2e-19	82.4
scaffold121499	OTU_0341	24.19	310	179	12	1351	551	2	298	4e-11	58.2
scaffold123151	OTU_0198	34.43	244	110	9	1231	602	74	301	4e-24	97.4
scaffold124929	OTU_0200	35.75	179	77	6	1005	580	124	301	8e-20	84.3
scaffold125833	OTU_0176	34.09	220	99	6	672	1226	4	212	1e-19	82.8
scaffold125984	OTU_0094	66.67	54	16	1	599	444	2	55	5e-14	65.1
scaffold126248	OTU_0317	31.41	277	137	10	1332	619	39	301	2e-16	73.9
scaffold126907	OTU_0242	27.40	219	137	5	608	9	88	303	2e-11	58.5
scaffold129036	OTU_0234	28.30	318	167	9	1128	289	7	301	8e-17	75.1
scaffold129096	OTU_0218	33.44	320	166	8	995	162	2	316	1e-41	  147
scaffold129352	OTU_0032	35.10	302	151	7	1724	945	7	305	1e-40	  144
scaffold130071	OTU_0229	32.99	197	91	5	1673	1200	15	209	5e-24	95.5
scaffold130853	OTU_0108	28.28	244	124	11	660	1301	85	307	2e-11	58.9
scaffold130981	OTU_0014	33.33	273	136	13	1271	558	40	301	2e-21	89.0
scaffold132818	OTU_0274	53.85	52	24	0	1645	1490	157	208	6e-11	56.2
scaffold133228	OTU_0029	37.27	110	63	3	1072	1389	65	172	4e-15	68.6
scaffold133555	OTU_0217	34.42	215	92	9	60	581	95	301	4e-21	88.2
scaffold134279	OTU_0072	34.18	316	157	10	390	1199	3	313	6e-38	  137
scaffold134305	OTU_0072	34.39	314	171	8	1244	405	2	314	2e-34	  126
scaffold136179	OTU_0260	27.83	212	113	6	1503	973	7	213	3e-17	75.1
scaffold139001	OTU_0229	33.80	213	112	5	253	825	4	209	6e-23	92.4
scaffold139294	OTU_0157	25.56	223	113	5	33	578	89	299	3e-12	61.2
scaffold139324	OTU_0232	88.00	75	9	0	73	297	206	280	8e-29	  110
scaffold139782	OTU_0317	25.45	224	144	8	1305	655	100	307	3e-13	64.3
scaffold139798	OTU_0233	30.28	284	153	9	758	3	12	282	1e-18	80.5
scaffold139963	OTU_0140	49.30	71	31	1	76	288	235	300	3e-14	67.4
scaffold140564	OTU_0004	40.91	66	37	1	218	27	166	231	1e-11	58.2
scaffold140996	OTU_0238	50.82	61	28	1	240	58	137	195	5e-12	59.3
scaffold141679	OTU_0229	28.50	207	94	6	515	3	7	195	3e-11	57.0
scaffold141766	OTU_0115	36.56	93	58	1	1119	841	77	168	2e-12	60.1
scaffold142152	OTU_0173	28.37	215	127	9	570	1142	91	302	3e-12	61.6
scaffold142199	OTU_0210	29.26	188	110	5	844	1341	120	306	2e-11	58.5
scaffold143492	OTU_0274	55.77	52	23	0	56	211	157	208	1e-11	57.8
scaffold143496	OTU_0013	29.96	277	139	9	638	1345	39	301	9e-18	77.8
scaffold144461	OTU_0101	37.14	175	83	5	722	279	128	302	1e-17	77.4
scaffold144811	OTU_0028	44.72	123	60	5	1586	1224	3	119	1e-22	89.0
scaffold145784	OTU_0140	39.80	98	49	1	1564	1301	214	311	3e-18	79.3
scaffold145890	OTU_0234	27.96	279	143	8	718	1434	41	301	7e-17	75.1
scaffold149141	OTU_0155	26.97	267	141	8	711	4	40	283	7e-18	78.2
scaffold149310	OTU_0176	33.33	213	89	8	666	1253	36	212	4e-22	89.7
scaffold149664	OTU_0154	98.92	185	2	0	1029	1583	2	186	6e-115	  340
scaffold151962	OTU_0284	28.36	201	123	7	984	1562	1	188	8e-12	59.7
scaffold152541	OTU_0196	35.65	115	59	3	1022	1354	97	200	2e-11	56.6
scaffold152541	OTU_0196	28.57	70	38	2	1350	1559	233	290	2e-11	23.9
scaffold154134	OTU_0234	34.06	276	130	9	629	1345	41	301	9e-24	95.9
scaffold155205	OTU_0266	30.42	286	144	13	743	6	19	289	1e-12	62.4
scaffold157181	OTU_0155	34.62	182	87	5	371	820	121	302	2e-24	97.4
scaffold161605	OTU_0031	32.26	310	161	8	1274	462	1	300	1e-28	  109
scaffold162784	OTU_0196	31.05	248	139	8	1484	819	60	301	3e-18	79.3
scaffold165249	OTU_0229	35.41	209	94	5	1432	911	7	209	3e-26	  101
scaffold165648	OTU_0233	26.97	304	167	7	808	2	7	290	1e-13	65.1
scaffold165841	OTU_0241	31.63	215	100	8	1458	910	66	265	4e-15	69.3
scaffold166292	OTU_0235	36.05	147	85	4	1051	1488	39	177	1e-10	55.1
scaffold171188	OTU_0200	31.35	185	77	7	1441	1019	120	298	1e-12	62.4
scaffold171782	OTU_0274	36.36	88	47	2	556	792	117	204	5e-12	58.9
scaffold172956	OTU_0151	31.45	159	92	6	998	1453	11	159	1e-11	58.9
scaffold173468	OTU_0341	69.77	43	12	1	1251	1376	247	289	3e-13	63.9
scaffold173653	OTU_0037	38.38	99	49	1	126	422	218	304	5e-13	63.2
scaffold173949	OTU_0226	36.45	214	93	8	917	1447	90	297	8e-23	92.8
scaffold174332	OTU_0226	29.18	257	136	6	5	673	54	298	8e-15	68.9
scaffold175419	OTU_0105	30.54	239	108	7	584	1159	13	240	9e-25	97.4
scaffold175585	OTU_0052	27.68	177	95	5	23	457	124	299	5e-12	60.1
scaffold175884	OTU_0245	23.97	292	170	7	675	1433	10	288	5e-11	57.0
scaffold176872	OTU_0015	33.46	269	135	8	710	33	9	276	7e-29	  110
scaffold177510	OTU_0341	67.44	43	13	1	1418	1293	247	289	2e-12	61.6
scaffold177831	OTU_0119	30.18	222	107	9	631	86	94	307	4e-15	69.7
scaffold178312	OTU_0320	33.97	312	159	7	207	1016	9	315	3e-40	  142
scaffold182117	OTU_0286	100.00	170	0	0	518	9	1	170	6e-109	  318
scaffold183948	OTU_0157	30.62	307	153	9	303	1097	14	302	1e-28	  109
scaffold184378	OTU_0107	32.70	211	101	5	1102	575	97	301	8e-24	95.5
scaffold184417	OTU_0030	26.47	272	152	8	1391	681	40	298	1e-18	80.1
scaffold184462	OTU_0144	33.08	263	121	10	1192	545	8	262	2e-27	73.9
scaffold184462	OTU_0144	53.85	52	24	0	545	390	263	314	2e-27	60.5
scaffold187474	OTU_0126	29.36	218	128	8	499	1089	84	296	5e-14	66.2
scaffold188825	OTU_0161	48.86	88	36	3	154	390	100	187	3e-18	77.4
scaffold189340	OTU_0339	29.00	231	118	5	686	117	74	299	1e-20	86.3
scaffold191364	OTU_0150	34.56	217	90	6	1360	824	12	214	3e-23	92.0
scaffold191918	OTU_0317	25.00	260	161	7	285	974	41	296	3e-11	57.8
scaffold194176	OTU_0155	26.96	293	164	10	582	1349	16	295	6e-17	75.1
scaffold194626	OTU_0238	27.67	206	97	6	1349	828	19	204	7e-13	61.2
scaffold194749	OTU_0121	25.86	232	131	7	1236	628	85	304	5e-11	57.4
scaffold195285	OTU_0271	33.82	68	44	1	1148	1351	233	299	1e-13	44.3
scaffold195285	OTU_0271	24.37	197	125	8	579	1145	19	199	1e-13	43.1
scaffold195329	OTU_0105	54.69	64	29	0	15	206	177	240	1e-15	70.1
scaffold196760	OTU_0234	31.02	274	141	9	993	277	41	301	6e-21	87.0
scaffold197452	OTU_0031	37.50	184	78	3	1280	840	117	300	3e-28	  107
scaffold199318	OTU_0345	37.17	304	144	11	256	1032	13	314	8e-39	  138
scaffold199326	OTU_0301	25.66	304	168	11	520	1326	12	292	3e-12	60.8
scaffold199859	OTU_0227	36.60	306	153	7	1031	231	12	315	7e-39	  138
scaffold200026	OTU_0140	55.00	60	27	0	253	432	239	298	8e-16	71.6
scaffold200540	OTU_0291	28.62	290	143	10	1322	570	38	302	9e-16	71.6
scaffold203778	OTU_0140	55.22	67	30	0	1247	1047	235	301	2e-19	82.4
scaffold204226	OTU_0148	29.22	154	102	3	462	7	13	161	6e-11	55.1
scaffold204412	OTU_0042	33.90	177	77	6	183	593	125	301	6e-16	72.0
scaffold205241	OTU_0219	27.00	300	156	12	1296	511	41	315	3e-14	67.0
scaffold207118	OTU_0204	68.93	309	96	0	371	1297	1	309	1e-157	  446
scaffold208375	OTU_0242	23.94	284	158	8	7	735	36	302	1e-11	58.9
scaffold208401	OTU_0198	26.56	320	171	9	420	1262	10	304	2e-13	64.7
scaffold211363	OTU_0262	54.69	64	29	0	392	583	136	199	1e-18	78.6
scaffold211470	OTU_0127	50.75	67	33	0	1182	982	114	180	2e-15	68.6
scaffold212491	OTU_0182	27.89	251	129	10	432	1052	50	292	2e-11	57.8
scaffold212795	OTU_0306	33.86	127	74	4	397	765	45	165	4e-11	55.5
scaffold213052	OTU_0203	43.30	97	41	4	1275	1024	57	152	3e-18	76.3
scaffold213703	OTU_0219	35.42	192	83	3	176	628	125	316	3e-26	96.3
scaffold213703	OTU_0219	42.86	49	27	1	6	149	67	115	3e-26	33.5
scaffold213988	OTU_0030	29.03	186	102	8	665	189	129	311	1e-13	64.7
scaffold214894	OTU_0234	27.52	327	180	9	231	1109	11	314	1e-17	77.0
scaffold216429	OTU_0126	32.16	283	149	9	244	993	26	298	1e-23	94.0
scaffold221941	OTU_0265	71.05	38	11	0	1254	1141	142	179	1e-11	57.0
scaffold222147	OTU_0260	39.56	91	49	2	291	19	7	91	3e-13	62.4
scaffold224263	OTU_0012	39.08	87	45	3	226	465	107	192	9e-13	60.8
scaffold224455	OTU_0115	86.30	73	10	0	1247	1029	112	184	4e-39	  135
scaffold225077	OTU_0267	27.43	288	146	10	936	199	32	298	1e-11	58.9
scaffold226757	OTU_0016	34.64	179	82	4	432	1	80	258	2e-24	95.5
scaffold226999	OTU_0311	50.00	60	29	1	874	1050	33	92	8e-13	59.7
scaffold228029	OTU_0140	27.16	324	152	13	75	899	10	298	1e-16	73.9
scaffold229334	OTU_0227	36.60	306	153	7	1031	231	12	315	2e-39	  139
scaffold230954	OTU_0218	34.53	307	154	8	973	179	15	316	7e-44	  151
scaffold231275	OTU_0032	70.04	277	79	2	2	832	33	305	4e-128	  370
scaffold231477	OTU_0150	30.91	165	75	2	383	3	40	203	5e-16	70.5
scaffold231622	OTU_0155	29.10	268	149	6	803	114	2	266	1e-23	94.4
scaffold233205	OTU_0200	32.40	179	77	6	1218	811	124	301	2e-15	70.5
scaffold234766	OTU_0203	66.67	45	15	0	1017	883	111	155	4e-14	64.3
scaffold234954	OTU_0229	37.09	213	106	6	521	1090	2	209	9e-26	98.6
scaffold236715	OTU_0200	30.00	310	152	11	883	68	19	301	2e-22	90.5
scaffold238225	OTU_0234	28.69	237	111	5	836	225	90	301	5e-19	80.9
scaffold239333	OTU_0260	29.00	231	115	10	480	1076	11	224	7e-12	58.2
scaffold239505	OTU_0234	26.90	316	166	10	75	905	12	301	1e-14	67.8
scaffold241729	OTU_0044	44.03	134	73	2	1035	640	171	304	2e-26	  101
scaffold243408	OTU_0067	35.03	157	99	3	608	1072	12	167	3e-24	95.5
scaffold245624	OTU_0233	28.52	277	152	8	731	3	12	276	2e-17	75.9
scaffold245624	OTU_0233	56.82	44	19	0	1092	961	260	303	4e-11	57.0
scaffold245627	OTU_0105	30.90	178	91	4	29	469	64	240	8e-17	73.6
scaffold245766	OTU_0218	38.10	105	58	1	678	971	195	299	1e-12	62.0
scaffold246571	OTU_0155	27.70	278	142	10	942	229	41	299	8e-15	68.2
scaffold246721	OTU_0088	34.95	309	156	8	836	33	10	314	1e-38	  137
scaffold249098	OTU_0162	32.59	313	176	8	1129	206	20	302	5e-30	  112
scaffold254384	OTU_0238	32.24	183	81	6	1115	687	12	191	5e-18	76.3
scaffold255389	OTU_0208	35.21	213	91	6	215	739	99	302	6e-26	  100
scaffold255474	OTU_0284	81.82	33	6	0	891	989	281	313	1e-11	58.5
scaffold257860	OTU_0121	35.24	210	88	6	8	514	99	301	1e-23	93.6
scaffold258175	OTU_0284	39.53	301	175	4	243	1136	3	299	1e-72	  226
scaffold259666	OTU_0176	37.16	218	100	6	632	72	1	212	2e-24	94.4
scaffold260971	OTU_0153	30.20	149	86	3	1140	748	152	300	1e-11	58.5
scaffold261873	OTU_0044	63.27	49	18	0	1127	981	256	304	4e-13	62.8
scaffold263195	OTU_0262	44.16	77	38	2	850	1080	141	212	1e-12	60.5
scaffold264725	OTU_0078	30.32	221	96	7	190	726	6	210	2e-13	62.8
scaffold266664	OTU_0095	31.34	217	96	8	373	915	102	301	1e-16	73.6
scaffold266970	OTU_0341	46.15	65	33	2	685	879	241	303	4e-11	57.0
scaffold267541	OTU_0163	62.50	56	21	0	1120	953	97	152	2e-18	76.3
scaffold267575	OTU_0317	28.75	313	152	10	37	861	22	301	5e-16	71.6
scaffold267788	OTU_0284	58.42	101	32	2	1106	828	1	99	2e-30	  113
scaffold270264	OTU_0200	34.59	292	144	7	771	28	10	298	5e-43	  148
scaffold275463	OTU_0286	66.67	39	13	0	842	726	121	159	5e-11	54.7
scaffold275498	OTU_0079	50.77	65	32	0	915	721	246	310	3e-14	66.2
scaffold278598	OTU_0262	45.90	61	31	1	979	803	139	199	2e-11	56.6
scaffold278693	OTU_0106	32.29	192	84	9	1097	633	115	297	3e-11	57.4
scaffold278763	OTU_0233	32.32	198	97	5	591	1082	112	306	1e-22	90.5
scaffold280130	OTU_0325	30.48	187	90	5	608	144	23	201	2e-12	59.3
scaffold280678	OTU_0305	45.35	86	45	1	638	889	90	175	6e-16	69.3
scaffold281204	OTU_0031	34.86	109	62	3	343	23	89	190	1e-12	61.6
scaffold282663	OTU_0234	28.83	274	147	9	63	779	41	301	8e-14	65.1
scaffold283927	OTU_0107	60.00	55	22	0	1082	918	259	313	2e-16	72.8
scaffold284843	OTU_0020	31.50	273	135	13	717	19	41	301	4e-25	97.4
scaffold285223	OTU_0203	52.31	65	29	1	916	728	91	155	5e-16	69.3
scaffold285284	OTU_0234	31.82	176	100	6	290	817	11	166	3e-11	57.4
scaffold285613	OTU_0305	65.45	55	19	0	848	684	119	173	1e-20	82.8
scaffold285699	OTU_0292	65.00	140	49	0	664	1083	1	140	1e-60	  189
scaffold288701	OTU_0234	32.79	183	101	5	328	876	11	171	8e-15	68.2
scaffold289673	OTU_0235	45.63	103	48	3	654	953	81	178	7e-19	70.9
scaffold289673	OTU_0235	29.49	78	54	1	431	661	3	80	7e-19	33.9
scaffold289917	OTU_0105	31.16	199	94	7	22	501	55	249	5e-15	67.8
scaffold290320	OTU_0258	31.67	180	90	5	569	1012	121	299	3e-11	57.4
scaffold290734	OTU_0049	35.00	140	77	4	470	886	42	168	2e-11	57.8
scaffold291224	OTU_0314	35.71	224	104	5	1033	473	95	315	3e-30	  112
scaffold291882	OTU_0151	31.53	203	78	8	272	760	121	302	4e-14	66.2
scaffold292704	OTU_0072	32.01	303	151	9	108	887	11	301	2e-18	78.2
scaffold295304	OTU_0016	27.41	197	86	4	573	121	72	257	5e-14	65.1
scaffold295959	OTU_0234	27.24	268	148	9	287	997	47	298	3e-14	66.2
scaffold296246	OTU_0197	48.28	58	30	0	144	317	115	172	2e-13	62.0
scaffold300215	OTU_0305	66.15	65	20	2	980	789	113	176	2e-20	81.6
scaffold300580	OTU_0176	34.56	217	101	7	589	44	4	214	7e-26	98.2
scaffold301196	OTU_0234	32.33	266	134	9	1034	339	47	300	5e-19	80.1
scaffold301663	OTU_0176	31.65	218	120	8	869	282	3	213	2e-16	71.2
scaffold302632	OTU_0227	28.98	283	153	8	958	215	40	309	9e-17	73.6
scaffold303571	OTU_0067	36.69	169	104	3	597	97	12	179	1e-26	  102
scaffold304935	OTU_0234	31.91	188	98	6	345	893	13	175	2e-12	60.8
scaffold305773	OTU_0284	82.22	45	8	0	779	913	46	90	4e-16	72.0
scaffold306745	OTU_0140	48.44	64	33	0	113	304	235	298	2e-14	67.0
scaffold306871	OTU_0179	33.64	220	99	6	1022	471	78	286	1e-23	92.8
scaffold307240	OTU_0243	37.63	279	129	8	1032	325	39	315	8e-43	  147
scaffold308656	OTU_0249	40.64	187	74	5	1032	580	102	287	3e-26	  100
scaffold311104	OTU_0305	64.44	45	16	0	862	728	129	173	3e-15	67.0
scaffold312715	OTU_0265	63.46	52	18	1	9	161	130	181	5e-16	69.7
scaffold314556	OTU_0059	31.11	180	103	8	687	187	71	242	9e-11	55.5
scaffold315189	OTU_0162	35.62	306	153	8	81	869	11	315	2e-42	  146
scaffold319340	OTU_0241	28.99	207	106	8	992	492	63	268	1e-14	67.0
scaffold321146	OTU_0265	54.17	48	22	0	1006	863	136	183	2e-12	58.9
scaffold322870	OTU_0351	37.23	188	72	6	1006	566	23	205	3e-23	90.1
scaffold323441	OTU_0013	34.30	207	88	8	435	938	107	304	3e-19	80.5
scaffold325076	OTU_0197	60.00	50	20	0	691	542	126	175	2e-17	73.6
scaffold327828	OTU_0176	36.24	218	97	6	864	319	1	212	2e-28	  105
scaffold327832	OTU_0106	32.60	227	129	9	334	984	88	300	2e-11	57.4
scaffold329081	OTU_0275	39.13	92	42	3	890	648	51	139	2e-11	55.5
scaffold329659	OTU_0076	28.98	314	163	11	832	5	10	301	8e-25	96.3
scaffold330044	OTU_0271	32.09	187	101	5	899	402	118	299	3e-16	72.0
scaffold330468	OTU_0048	31.65	278	149	10	720	4	1	276	9e-28	  105
scaffold330886	OTU_0183	36.99	146	87	4	440	9	10	152	2e-16	72.4
scaffold331884	OTU_0305	68.18	44	14	0	1	132	133	176	8e-15	65.9
scaffold336569	OTU_0126	72.09	172	48	0	518	3	1	172	5e-76	  233
scaffold337169	OTU_0241	28.91	211	105	5	693	154	66	262	3e-12	60.1
scaffold338260	OTU_0001	30.20	202	97	6	235	714	102	301	3e-15	68.9
scaffold340010	OTU_0104	30.92	207	88	5	790	314	31	230	2e-17	73.9
scaffold342756	OTU_0234	31.66	259	125	10	1	666	58	301	4e-16	71.2
scaffold343733	OTU_0319	36.23	138	87	1	497	84	1	137	8e-23	89.7
scaffold344234	OTU_0229	65.91	44	15	0	652	521	169	212	2e-13	62.4
scaffold344642	OTU_0203	58.33	60	25	0	43	222	93	152	5e-17	71.6
scaffold345474	OTU_0229	30.81	185	78	6	1	420	30	209	5e-16	69.7
scaffold345772	OTU_0305	66.15	65	20	2	48	239	113	176	1e-20	81.6
scaffold351912	OTU_0233	30.66	212	106	5	874	344	96	301	5e-15	68.2
scaffold357347	OTU_0144	28.41	271	143	9	863	183	38	301	5e-20	82.4
scaffold359953	OTU_0305	50.00	60	29	1	922	746	114	173	1e-14	64.7
scaffold362752	OTU_0009	28.38	303	157	11	845	63	21	305	3e-19	80.1
scaffold363290	OTU_0246	35.33	184	80	5	936	496	121	302	4e-21	85.1
scaffold364032	OTU_0335	26.97	304	164	9	833	48	13	300	2e-20	83.6
scaffold364415	OTU_0275	67.19	64	21	0	818	627	75	138	5e-23	88.2
scaffold364867	OTU_0015	25.82	213	118	7	57	602	69	272	2e-13	63.5
scaffold366545	OTU_0236	27.65	217	111	4	153	683	100	310	7e-11	55.8
scaffold366688	OTU_0339	37.36	91	55	2	367	639	213	301	8e-11	55.5
scaffold368490	OTU_0011	44.74	76	29	1	769	542	1	63	1e-11	56.2
scaffold370053	OTU_0260	27.83	212	113	6	384	914	7	213	1e-17	73.9
scaffold370800	OTU_0210	25.62	281	164	8	182	919	19	289	8e-16	70.5
scaffold371184	OTU_0249	38.18	165	65	4	926	540	124	287	1e-21	86.3
scaffold372833	OTU_0277	36.27	102	63	2	431	736	52	151	5e-12	57.0
scaffold372876	OTU_0299	56.52	46	20	0	1	138	120	165	5e-11	54.3
scaffold373592	OTU_0320	29.33	208	113	7	121	651	99	303	1e-13	63.9
scaffold374488	OTU_0300	99.57	233	1	0	924	226	10	242	4e-171	  473
scaffold376008	OTU_0229	36.22	185	82	4	766	320	26	210	8e-28	  103
scaffold376380	OTU_0335	36.94	222	102	7	886	317	88	303	2e-28	  106
scaffold376640	OTU_0257	71.79	39	11	0	2	118	72	110	1e-14	63.9
scaffold378503	OTU_0106	27.40	292	151	11	20	778	28	297	1e-15	70.1
scaffold378857	OTU_0235	37.20	164	98	4	641	159	16	177	8e-22	85.9
scaffold379824	OTU_0335	34.45	299	150	6	144	908	2	298	3e-43	  147
scaffold382033	OTU_0260	30.27	185	92	5	325	774	28	210	9e-17	71.6
scaffold383888	OTU_0001	28.70	216	127	8	854	279	89	301	2e-11	57.8
scaffold384173	OTU_0305	65.00	40	14	0	384	503	134	173	7e-14	62.4
scaffold384696	OTU_0320	35.62	306	157	5	905	105	11	315	8e-41	  140
scaffold386844	OTU_0317	26.54	260	158	10	699	1	41	294	2e-13	63.2
scaffold391533	OTU_0229	35.89	209	91	6	234	749	7	209	1e-19	79.3
scaffold392032	OTU_0228	29.43	316	167	16	66	887	2	303	2e-12	60.5
scaffold392233	OTU_0031	34.55	110	58	2	356	667	202	303	9e-11	55.5
scaffold393370	OTU_0208	26.98	189	80	4	70	498	126	302	4e-12	59.3
scaffold395367	OTU_0247	53.28	122	52	2	840	484	1	120	2e-36	  127
scaffold396939	OTU_0217	32.16	227	108	5	718	152	82	300	4e-25	96.7
scaffold397660	OTU_0140	58.33	60	25	0	589	410	239	298	2e-17	74.7
scaffold398584	OTU_0234	30.08	256	133	9	3	668	57	300	2e-13	62.8
scaffold398693	OTU_0128	28.11	217	120	6	84	647	88	297	8e-16	70.1
scaffold399212	OTU_0155	29.19	185	81	6	707	276	128	303	2e-13	63.5
scaffold399666	OTU_0145	30.34	145	85	5	345	767	40	172	2e-12	60.1
scaffold400132	OTU_0105	30.28	251	110	11	32	625	2	240	1e-14	66.2
scaffold401357	OTU_0077	28.25	223	120	8	886	332	74	294	4e-12	59.3
scaffold401878	OTU_0317	27.50	280	174	8	878	120	19	296	1e-18	77.8
scaffold404330	OTU_0225	35.91	181	80	5	180	617	121	300	2e-22	88.6
scaffold406410	OTU_0284	43.37	83	37	1	776	558	65	147	5e-13	62.0
scaffold406912	OTU_0155	30.79	302	155	11	879	85	16	300	6e-31	  113
scaffold407880	OTU_0275	47.69	65	33	1	528	337	71	135	9e-14	62.0
scaffold409549	OTU_0266	32.37	312	148	12	21	836	13	301	3e-22	87.8
scaffold411797	OTU_0238	31.96	194	112	7	286	819	15	204	3e-12	58.5
scaffold412582	OTU_0076	39.35	155	59	3	35	394	133	287	2e-18	77.4
scaffold415243	OTU_0025	27.64	275	132	9	754	92	39	300	3e-15	68.6
scaffold417342	OTU_0203	62.75	51	19	0	658	506	102	152	1e-16	69.7
scaffold417502	OTU_0272	31.19	218	97	9	314	865	94	292	6e-11	55.8
scaffold417678	OTU_0295	31.03	232	107	6	2	568	81	302	2e-23	91.7
scaffold419162	OTU_0256	37.91	211	89	7	691	161	80	282	2e-25	97.4
scaffold419292	OTU_0203	48.44	64	31	1	776	591	89	152	2e-13	60.8
scaffold419533	OTU_0150	31.43	210	94	5	231	719	5	211	5e-19	77.8
scaffold420393	OTU_0013	29.44	214	113	11	857	288	103	302	2e-11	57.4
scaffold421132	OTU_0175	30.58	206	103	8	78	611	104	297	3e-11	56.6
scaffold423968	OTU_0136	30.23	172	107	5	358	858	4	167	3e-12	59.3
scaffold426142	OTU_0107	37.08	178	77	6	692	264	124	301	4e-18	76.3
scaffold427153	OTU_0338	32.61	138	88	4	419	15	11	146	1e-17	74.7
scaffold430716	OTU_0203	33.01	103	64	1	25	318	53	155	5e-13	59.7
scaffold431956	OTU_0351	64.00	50	18	0	622	473	155	204	2e-17	72.8
scaffold435961	OTU_0104	70.00	40	12	0	38	157	196	235	2e-13	62.4
scaffold439033	OTU_0284	91.80	61	3	1	183	1	1	59	9e-31	  112
scaffold440050	OTU_0305	68.63	51	16	0	212	364	124	174	6e-21	82.4
scaffold440077	OTU_0052	29.39	296	163	6	788	9	9	294	2e-24	94.4
scaffold440821	OTU_0096	46.15	65	34	1	612	421	107	171	9e-14	62.0
scaffold442702	OTU_0225	28.57	224	116	7	139	702	87	302	1e-12	60.8
scaffold442958	OTU_0151	34.36	195	91	2	831	358	121	315	2e-27	  102
scaffold448390	OTU_0030	29.83	181	86	7	688	260	122	299	2e-13	62.8
scaffold451946	OTU_0131	99.19	124	1	0	374	3	1	124	2e-70	  215
scaffold466167	OTU_0335	35.29	221	100	7	41	604	89	299	1e-19	80.5
scaffold468379	OTU_0104	27.09	203	101	8	778	299	36	234	4e-11	55.8
scaffold469729	OTU_0104	65.45	55	19	0	197	33	181	235	5e-19	77.4
scaffold471168	OTU_0179	30.66	274	138	7	97	807	25	283	2e-14	65.5
scaffold474170	OTU_0027	41.67	72	42	0	480	265	236	307	9e-12	58.2
scaffold475250	OTU_0105	34.20	193	78	6	176	634	57	240	3e-23	90.1
scaffold476070	OTU_0015	28.47	295	152	11	776	3	10	282	5e-12	58.5
scaffold481465	OTU_0235	42.72	103	57	2	49	354	61	162	4e-14	63.5
scaffold482488	OTU_0245	32.65	196	110	7	645	73	3	181	2e-15	68.6
scaffold490393	OTU_0021	36.79	106	62	2	555	247	151	254	3e-14	64.3
scaffold493609	OTU_0106	31.13	212	114	7	14	562	91	299	3e-15	67.8
scaffold494938	OTU_0212	36.67	120	72	3	434	784	20	138	5e-19	78.6
scaffold496374	OTU_0155	30.92	152	102	3	460	11	2	152	1e-16	72.0
scaffold498393	OTU_0227	59.70	67	27	0	781	581	249	315	2e-18	76.6
scaffold499442	OTU_0115	55.74	61	27	0	3	185	118	178	9e-17	70.1
scaffold502114	OTU_0150	34.07	182	84	2	728	291	33	214	2e-19	78.2
scaffold502246	OTU_0267	31.25	192	91	5	598	140	106	295	5e-23	90.1
scaffold507406	OTU_0234	31.09	193	103	8	724	215	116	301	6e-13	61.2
scaffold508646	OTU_0204	32.18	174	88	6	34	516	150	306	8e-13	60.8
scaffold509820	OTU_0305	53.25	77	33	2	579	352	99	173	2e-21	83.6
scaffold511629	OTU_0341	39.34	61	37	0	160	342	243	303	4e-11	55.8
scaffold512443	OTU_0150	29.82	171	85	4	770	363	44	214	3e-11	55.5
scaffold513198	OTU_0341	30.29	175	78	5	720	313	129	298	7e-12	58.2
scaffold517420	OTU_0107	38.64	176	100	3	520	5	2	173	3e-25	96.3
scaffold517535	OTU_0155	29.56	274	141	10	764	57	41	300	6e-19	78.2
scaffold519837	OTU_0203	41.41	99	40	6	643	389	59	153	3e-11	54.3
scaffold520470	OTU_0173	43.56	101	45	3	651	376	218	315	6e-19	78.2
scaffold521137	OTU_0351	41.18	68	39	1	81	284	141	207	9e-11	53.9
scaffold521553	OTU_0257	59.57	47	19	0	15	155	65	111	1e-14	62.8
scaffold521840	OTU_0155	30.80	289	160	7	758	9	13	300	3e-37	  130
scaffold526149	OTU_0175	49.60	250	123	2	15	755	2	251	2e-67	  209
scaffold526311	OTU_0260	26.89	212	115	7	568	38	7	213	1e-13	62.0
scaffold528270	OTU_0245	26.86	283	154	10	754	5	12	274	3e-13	61.6
scaffold529078	OTU_0249	33.33	264	126	10	14	685	21	274	8e-23	89.0
scaffold529941	OTU_0043	31.27	291	153	8	7	753	8	293	9e-35	  123
scaffold532632	OTU_0030	44.29	70	36	2	99	299	229	298	8e-12	57.8
scaffold536706	OTU_0026	37.96	108	55	2	491	192	86	189	1e-14	64.3
scaffold539888	OTU_0176	36.45	203	91	7	515	3	7	203	6e-22	85.9
scaffold541021	OTU_0291	28.76	233	111	11	662	69	103	315	3e-11	56.2
scaffold543202	OTU_0284	65.52	58	18	1	468	641	13	68	8e-20	80.5
scaffold545513	OTU_0305	30.63	160	77	3	176	553	13	172	9e-12	55.8
scaffold549198	OTU_0218	54.10	61	28	0	271	89	239	299	3e-14	64.7
scaffold552766	OTU_0275	44.62	65	35	1	262	71	71	135	2e-12	57.4
scaffold555363	OTU_0229	33.18	214	90	7	19	531	6	209	5e-22	85.9
scaffold556820	OTU_0336	53.23	62	28	1	636	454	124	185	2e-12	58.2
scaffold559020	OTU_0197	63.64	55	20	0	701	537	121	175	8e-20	78.6
scaffold561396	OTU_0065	73.59	231	61	0	37	729	1	231	1e-111	  320
scaffold563336	OTU_0230	51.61	62	30	0	187	2	6	67	2e-13	62.0
scaffold564009	OTU_0155	27.85	158	102	4	205	672	36	183	1e-12	60.1
scaffold565668	OTU_0223	33.33	186	96	8	656	126	16	182	6e-13	60.5
scaffold566037	OTU_0119	33.17	205	95	5	49	555	106	304	2e-21	85.1
scaffold567016	OTU_0319	33.57	140	79	5	575	159	4	130	8e-13	60.1
scaffold571570	OTU_0021	45.31	64	35	0	13	204	188	251	8e-18	73.9
scaffold573505	OTU_0229	32.61	184	87	4	559	119	26	209	1e-21	84.7
scaffold574386	OTU_0079	60.87	46	18	0	140	3	246	291	1e-13	62.8
scaffold578623	OTU_0217	36.84	190	82	4	707	252	124	313	1e-28	  105
scaffold581031	OTU_0140	51.67	60	29	0	1	180	239	298	6e-15	66.6
scaffold582251	OTU_0155	29.72	212	119	5	706	128	106	306	4e-14	63.9
scaffold583759	OTU_0305	48.48	66	32	1	621	430	108	173	6e-13	58.9
scaffold584140	OTU_0126	31.67	221	109	4	692	135	82	295	3e-23	90.1
scaffold585623	OTU_0054	35.71	168	105	3	160	657	7	173	2e-19	78.6
scaffold585700	OTU_0305	61.22	49	19	0	535	389	125	173	1e-16	68.9
scaffold586393	OTU_0126	81.58	114	20	1	710	369	196	308	1e-59	  187
scaffold587451	OTU_0182	33.65	211	82	10	650	165	91	292	3e-14	64.3
scaffold589032	OTU_0145	27.87	183	114	6	105	653	5	169	6e-11	54.7
scaffold589146	OTU_0012	28.34	187	85	6	257	679	12	195	2e-15	66.2
scaffold589584	OTU_0111	31.70	224	122	7	670	20	10	209	5e-13	60.8
scaffold591443	OTU_0203	69.77	43	13	0	394	266	110	152	2e-17	71.6
scaffold593649	OTU_0305	56.14	57	25	0	109	279	117	173	2e-20	80.1
scaffold594040	OTU_0020	33.19	232	107	5	608	39	89	314	7e-31	  111
scaffold594453	OTU_0229	33.18	214	96	5	96	623	9	213	2e-27	  100
scaffold596351	OTU_0305	52.08	48	23	0	705	562	125	172	2e-12	57.8
scaffold596888	OTU_0150	37.91	182	77	4	684	247	33	214	2e-27	  100
scaffold601975	OTU_0229	33.72	172	70	4	1	396	43	210	1e-22	87.4
scaffold602782	OTU_0043	30.11	186	85	5	643	203	122	301	1e-17	73.9
scaffold603123	OTU_0305	74.51	51	13	0	621	469	124	174	1e-20	81.3
scaffold608720	OTU_0126	32.37	207	94	7	117	626	97	294	7e-11	54.7
scaffold610944	OTU_0203	58.21	67	24	2	576	376	93	155	2e-19	77.4
scaffold611141	OTU_0042	31.28	195	84	8	40	516	118	298	7e-12	57.4
scaffold612638	OTU_0049	34.53	139	77	3	138	551	43	168	9e-12	57.4
scaffold614066	OTU_0305	48.21	56	29	0	219	386	118	173	1e-11	55.5
scaffold614590	OTU_0096	44.59	74	39	2	429	211	108	180	3e-12	57.0
scaffold615048	OTU_0084	42.57	101	53	1	38	325	71	171	3e-16	67.8
scaffold618460	OTU_0351	39.71	209	83	6	117	632	2	204	4e-29	  105
scaffold620881	OTU_0157	100.00	24	0	0	617	688	14	37	3e-11	55.5
scaffold627518	OTU_0275	61.82	55	21	0	237	73	84	138	1e-20	80.5
scaffold627684	OTU_0234	31.79	151	91	4	628	176	41	179	5e-11	55.1
scaffold629283	OTU_0079	73.81	42	11	0	191	316	261	302	1e-14	65.5
scaffold630379	OTU_0208	33.00	100	52	2	631	377	202	301	4e-11	55.5
scaffold630436	OTU_0115	60.00	70	25	2	675	475	115	184	2e-20	80.1
scaffold631193	OTU_0176	36.28	215	90	8	110	631	4	212	6e-26	96.7
scaffold631616	OTU_0305	51.95	77	34	2	517	290	99	173	3e-20	79.7
scaffold631640	OTU_0066	32.16	255	129	11	677	3	44	284	8e-16	68.6
scaffold634004	OTU_0229	24.76	210	129	5	663	118	15	223	3e-11	54.7
scaffold635985	OTU_0260	36.17	94	47	2	658	377	127	207	2e-12	58.2
scaffold637021	OTU_0305	58.73	63	26	0	333	521	114	176	9e-19	75.5
scaffold639322	OTU_0096	61.54	39	15	0	638	522	134	172	1e-11	55.1
scaffold640703	OTU_0084	60.87	46	17	1	167	304	123	167	1e-13	60.5
scaffold642449	OTU_0157	36.31	168	69	4	672	274	136	300	7e-20	80.1
scaffold644535	OTU_0107	32.78	180	82	8	443	3	96	269	4e-14	63.9
scaffold646117	OTU_0351	34.10	173	78	4	670	260	32	204	1e-22	87.0
scaffold646548	OTU_0238	30.90	178	78	5	663	265	14	191	3e-16	68.2
scaffold647010	OTU_0241	28.96	221	99	9	69	620	63	262	9e-11	53.9
scaffold649654	OTU_0303	36.48	159	95	4	115	579	10	166	4e-19	77.8
scaffold650406	OTU_0217	34.11	129	70	4	53	397	89	216	2e-15	67.4
scaffold653729	OTU_0265	47.46	59	28	1	439	263	132	187	7e-13	58.5
scaffold656534	OTU_0157	54.69	64	29	0	30	221	239	302	6e-19	77.4
scaffold658280	OTU_0312	38.96	77	43	1	320	538	227	303	3e-12	58.5
scaffold658800	OTU_0155	28.90	218	110	9	634	92	92	301	3e-11	55.5
scaffold658893	OTU_0044	46.00	100	54	0	596	297	205	304	2e-23	90.1
scaffold659189	OTU_0335	51.56	64	31	0	517	326	238	301	2e-18	75.9
scaffold661548	OTU_0003	44.87	78	41	2	220	453	235	310	1e-14	65.1
scaffold661950	OTU_0341	30.06	163	74	4	653	285	139	301	2e-11	55.8
scaffold663308	OTU_0251	28.23	124	85	4	364	2	11	133	4e-11	55.1
scaffold663981	OTU_0155	28.12	256	138	8	2	661	36	281	1e-20	82.0
scaffold664316	OTU_0015	30.71	267	133	7	662	3	9	270	2e-25	96.3
scaffold664393	OTU_0203	61.70	47	18	0	650	510	109	155	4e-17	70.1
scaffold664861	OTU_0302	34.19	117	72	2	292	627	3	119	4e-18	75.1
scaffold666724	OTU_0328	44.83	58	32	0	107	280	166	223	8e-11	53.5
scaffold667312	OTU_0173	56.00	50	22	0	196	47	248	297	4e-11	55.1
scaffold667571	OTU_0335	33.96	212	99	6	7	540	97	301	8e-19	77.0
scaffold667920	OTU_0246	33.18	223	106	6	1	561	91	306	1e-18	76.6
scaffold669385	OTU_0300	74.07	81	10	2	246	488	173	242	9e-30	  107
scaffold671328	OTU_0292	35.26	156	99	2	484	20	7	161	3e-23	87.8
scaffold672595	OTU_0226	35.56	239	112	6	56	649	58	295	7e-28	  102
scaffold673178	OTU_0260	33.87	186	75	6	582	157	29	210	3e-18	74.3
scaffold675315	OTU_0159	40.86	93	46	3	308	583	30	114	1e-11	54.7
scaffold676109	OTU_0140	47.06	85	37	1	462	208	235	311	7e-17	71.6
scaffold677126	OTU_0151	31.15	183	87	7	637	203	121	302	8e-12	57.0
scaffold677537	OTU_0305	80.00	40	8	0	514	633	134	173	2e-18	73.9
scaffold681009	OTU_0320	29.86	221	109	4	623	72	91	302	5e-19	77.4
scaffold681980	OTU_0275	45.31	64	35	0	563	372	75	138	2e-14	62.0
scaffold686118	OTU_0043	33.33	195	93	3	4	477	120	314	1e-27	  102
scaffold686973	OTU_0125	26.67	180	92	5	568	140	82	258	3e-13	60.8
scaffold689850	OTU_0266	31.53	203	93	7	497	3	93	287	5e-18	74.7
scaffold695749	OTU_0241	29.34	167	92	5	638	201	103	264	2e-12	58.5
scaffold698520	OTU_0026	32.61	184	94	4	571	107	4	186	4e-19	76.6
scaffold699459	OTU_0145	35.90	156	95	5	568	110	15	168	3e-23	89.4
scaffold701119	OTU_0127	32.57	175	88	5	440	3	1	174	2e-19	77.0
scaffold702001	OTU_0328	28.11	185	78	8	214	639	47	219	1e-12	58.5
scaffold703818	OTU_0267	30.49	223	109	4	19	576	85	298	1e-27	  102
scaffold704829	OTU_0010	40.11	177	65	4	9	416	139	315	8e-26	97.1
scaffold706832	OTU_0210	37.87	169	99	5	617	123	10	176	2e-21	84.3
scaffold708710	OTU_0236	32.37	207	92	8	129	629	98	296	3e-22	86.7
scaffold715017	OTU_0192	35.63	87	48	2	175	417	10	94	1e-12	56.2
scaffold715800	OTU_0133	44.29	70	38	1	79	288	78	146	3e-13	58.9
scaffold716968	OTU_0023	37.04	162	81	6	461	3	18	167	2e-15	67.0
scaffold720250	OTU_0305	70.00	40	12	0	487	368	134	173	1e-15	65.9
scaffold721457	OTU_0125	48.61	72	36	1	7	222	188	258	2e-12	58.2
scaffold722629	OTU_0223	30.94	181	110	6	33	554	16	188	8e-12	56.6
scaffold723137	OTU_0026	38.33	180	76	4	624	190	17	196	3e-28	  102
scaffold732919	OTU_0305	64.91	57	20	0	496	326	117	173	2e-20	79.7
scaffold733121	OTU_0157	34.34	99	61	3	290	3	9	106	7e-11	53.9
scaffold734176	OTU_0021	35.47	172	76	5	209	619	74	245	5e-22	85.5
scaffold737382	OTU_0126	41.81	177	67	5	39	461	119	295	2e-28	  104
scaffold742325	OTU_0320	30.73	192	95	7	61	537	118	304	4e-12	57.8
scaffold754362	OTU_0262	37.57	181	73	5	13	438	20	199	6e-22	84.7
scaffold755364	OTU_0127	28.88	187	86	6	2	460	1	174	2e-12	56.6
scaffold756583	OTU_0260	95.56	45	2	0	3	137	179	223	6e-24	90.5
scaffold759563	OTU_0150	45.90	61	33	0	166	348	35	95	6e-13	58.9
scaffold760297	OTU_0111	34.19	155	83	6	594	148	41	182	1e-14	64.7
scaffold762465	OTU_0246	35.71	182	94	4	42	518	121	302	6e-23	88.6
scaffold764719	OTU_0233	45.05	202	105	3	607	8	62	259	7e-48	  156
scaffold765709	OTU_0265	58.54	41	17	0	545	423	132	172	6e-11	52.8
scaffold766045	OTU_0121	38.59	241	104	4	603	1	77	313	2e-35	  123
scaffold773461	OTU_0133	44.29	70	38	1	79	288	78	146	4e-13	58.5
scaffold775005	OTU_0150	29.22	154	81	4	209	604	38	185	6e-12	56.2
scaffold775178	OTU_0226	35.00	180	84	6	149	592	119	297	4e-18	74.7
scaffold776152	OTU_0101	39.80	196	78	6	16	483	121	316	4e-23	89.0
scaffold779186	OTU_0265	49.06	53	24	1	3	161	134	183	4e-11	53.5
scaffold779656	OTU_0275	63.64	55	20	0	58	222	84	138	6e-21	80.5
scaffold784915	OTU_0044	36.04	222	109	5	12	581	51	271	4e-26	97.4
scaffold789615	OTU_0021	39.47	76	44	1	169	390	189	264	1e-12	58.5
scaffold789881	OTU_0176	37.27	110	55	4	547	254	118	225	2e-11	54.7
scaffold790206	OTU_0192	53.12	64	30	0	42	233	32	95	2e-18	72.4
scaffold791800	OTU_0241	36.76	136	65	5	592	215	140	264	3e-15	65.9
scaffold795520	OTU_0131	31.29	147	57	7	13	333	116	258	8e-11	53.5
scaffold798173	OTU_0035	32.59	135	76	5	395	3	5	128	2e-13	58.9
scaffold802922	OTU_0095	38.25	183	72	5	70	498	121	302	2e-25	95.5
scaffold808774	OTU_0241	29.49	217	96	10	45	590	64	258	6e-12	57.0
scaffold810432	OTU_0105	28.83	222	119	9	31	585	12	231	4e-12	57.0
scaffold813562	OTU_0176	30.26	195	115	6	583	56	21	213	4e-12	56.6
scaffold816048	OTU_0305	67.50	40	13	0	488	369	134	173	6e-15	63.9
scaffold820173	OTU_0229	33.70	184	85	6	487	47	26	209	8e-22	84.3
scaffold825352	OTU_0249	32.58	178	93	8	482	15	99	271	3e-11	55.1
scaffold828648	OTU_0229	27.14	199	100	8	467	3	4	201	8e-13	58.2
scaffold831453	OTU_0341	47.89	71	32	1	251	54	228	298	3e-14	63.5
scaffold832727	OTU_0133	45.59	68	36	1	17	220	83	149	8e-11	52.0
scaffold834393	OTU_0141	41.67	96	47	3	280	2	223	312	4e-22	63.2
scaffold834393	OTU_0141	35.45	110	54	4	557	273	83	190	4e-22	51.6
scaffold841804	OTU_0262	53.25	77	33	1	570	340	126	199	4e-20	79.3
scaffold842050	OTU_0003	72.73	44	12	0	318	187	261	304	2e-17	72.4
scaffold843046	OTU_0283	38.81	134	80	2	562	164	35	167	1e-18	75.9
scaffold843333	OTU_0192	62.50	64	24	0	179	370	32	95	7e-22	81.6
scaffold845676	OTU_0031	30.80	224	111	10	572	3	73	286	6e-19	76.6
scaffold848587	OTU_0192	67.31	52	17	0	574	419	47	98	6e-19	73.9
scaffold855719	OTU_0217	26.51	215	127	6	5	568	103	313	7e-15	65.5
scaffold856082	OTU_0319	30.94	139	81	6	166	570	1	128	2e-12	57.8
scaffold857061	OTU_0106	35.36	181	109	6	570	43	2	179	4e-20	80.1
scaffold859479	OTU_0229	35.33	184	77	5	517	92	26	209	3e-23	87.8
scaffold861029	OTU_0197	49.18	61	31	0	343	525	115	175	2e-16	68.2
scaffold862240	OTU_0140	55.22	67	30	0	137	337	235	301	3e-21	83.2
scaffold862549	OTU_0294	34.69	98	52	1	25	318	215	300	3e-11	54.7
scaffold862650	OTU_0162	34.74	190	92	6	12	566	125	287	9e-18	73.6
scaffold864721	OTU_0079	32.76	174	85	5	567	139	127	299	6e-16	68.2
scaffold865297	OTU_0281	32.35	102	58	3	57	332	2	102	3e-11	52.0
scaffold874318	OTU_0140	55.00	60	27	0	142	321	239	298	2e-17	72.4
scaffold874699	OTU_0026	42.33	163	59	6	560	177	35	197	1e-25	94.4
scaffold875429	OTU_0253	42.86	77	43	1	200	430	77	152	6e-13	57.4
scaffold875829	OTU_0296	28.57	175	91	6	558	118	141	309	6e-12	56.6
scaffold876658	OTU_0269	26.92	208	120	7	537	1	1	205	1e-11	54.7
scaffold878800	OTU_0155	26.11	180	95	6	557	132	124	303	6e-11	53.9
scaffold882531	OTU_0176	29.61	179	100	6	552	79	40	213	7e-11	53.1
scaffold883585	OTU_0003	45.57	79	41	2	114	350	235	311	2e-15	66.6
scaffold890940	OTU_0265	45.90	61	30	1	351	169	131	188	5e-12	55.5
scaffold894273	OTU_0305	78.57	42	9	0	385	260	132	173	2e-17	70.5
scaffold895234	OTU_0335	37.04	108	56	3	485	192	202	307	8e-13	59.3
scaffold910258	OTU_0225	26.89	212	119	8	549	10	93	300	1e-11	55.5
scaffold912155	OTU_0157	25.13	195	104	4	69	539	90	280	1e-12	58.9
scaffold913246	OTU_0265	73.81	42	11	0	25	150	134	175	7e-17	69.3
scaffold915628	OTU_0029	58.00	50	17	1	518	381	133	182	2e-13	59.7
scaffold924933	OTU_0197	66.67	42	14	0	512	387	134	175	1e-14	62.8
scaffold927113	OTU_0275	52.56	78	32	2	42	272	65	138	3e-20	78.2
scaffold928282	OTU_0105	35.50	169	72	6	545	150	69	237	4e-19	76.3
scaffold929395	OTU_0203	63.16	57	21	0	1	171	99	155	2e-20	79.0
scaffold930197	OTU_0030	30.05	203	95	10	4	528	121	304	1e-12	58.5
scaffold931397	OTU_0345	29.21	178	84	4	55	471	127	301	5e-11	53.9
scaffold933651	OTU_0162	33.82	204	89	6	44	541	95	290	2e-22	86.3
scaffold935075	OTU_0196	32.06	131	77	3	36	425	60	179	2e-14	63.9
scaffold935876	OTU_0305	67.27	55	18	0	136	300	119	173	3e-21	81.6
scaffold937358	OTU_0249	44.78	67	36	1	441	244	214	280	1e-11	55.5
scaffold937822	OTU_0317	80.92	173	33	0	3	521	142	314	7e-103	  296
scaffold939449	OTU_0042	30.90	178	88	2	541	113	124	301	1e-20	81.3
scaffold941479	OTU_0134	34.68	173	78	3	539	126	130	302	1e-22	87.0
scaffold942565	OTU_0275	38.89	72	43	1	454	242	66	137	8e-11	51.2
scaffold942742	OTU_0291	67.27	55	18	0	259	423	248	302	2e-19	77.8
scaffold943954	OTU_0104	35.75	207	96	6	14	526	30	235	9e-24	89.4
scaffold955060	OTU_0294	37.76	98	49	2	318	25	215	300	8e-13	58.9
scaffold958301	OTU_0281	50.94	53	26	0	2	160	50	102	9e-15	62.0
scaffold958708	OTU_0265	59.52	42	17	0	108	233	131	172	4e-13	58.2
scaffold959284	OTU_0305	64.29	42	15	0	5	130	132	173	3e-13	58.2
scaffold959352	OTU_0260	31.79	173	73	5	508	125	38	210	3e-14	62.0
scaffold959791	OTU_0056	34.06	138	78	6	51	455	43	170	2e-12	57.8
scaffold960828	OTU_0140	53.73	67	31	0	489	289	235	301	9e-20	78.6
scaffold964810	OTU_0030	34.25	181	84	6	496	59	121	301	6e-21	82.0
scaffold965223	OTU_0029	30.63	111	69	4	44	361	65	172	5e-12	55.1
scaffold965934	OTU_0197	47.54	61	32	0	333	151	115	175	4e-17	70.1
scaffold966281	OTU_0023	34.27	178	77	4	34	450	127	303	2e-23	89.0
scaffold967034	OTU_0217	36.52	115	71	2	62	403	68	181	2e-15	66.6
scaffold967567	OTU_0305	72.97	37	10	0	530	420	137	173	1e-15	65.5
scaffold972418	OTU_0048	50.79	63	30	1	228	40	243	304	1e-12	58.5
scaffold974288	OTU_0260	34.00	100	56	2	51	323	124	222	7e-12	55.5
scaffold976338	OTU_0315	61.90	42	16	0	516	391	65	106	4e-14	60.1
scaffold979991	OTU_0225	37.68	69	43	0	163	369	232	300	7e-12	56.2
scaffold980304	OTU_0124	54.69	64	29	0	527	336	103	166	2e-17	70.5
scaffold981975	OTU_0114	47.96	98	41	2	73	336	92	189	1e-22	85.5
scaffold983360	OTU_0012	45.68	81	41	2	90	326	114	193	7e-16	66.2
scaffold989958	OTU_0282	38.04	92	46	2	54	299	101	191	1e-11	54.3
scaffold990267	OTU_0140	61.11	54	21	0	67	228	248	301	5e-20	79.3
scaffold993412	OTU_0031	53.57	56	24	2	192	356	247	301	8e-11	53.1
scaffold996428	OTU_0281	52.54	59	28	0	124	300	31	89	2e-16	66.2
scaffold1000511	OTU_0152	50.00	60	29	1	154	333	194	252	3e-13	59.7
scaffold1002194	OTU_0305	67.27	55	18	0	23	187	119	173	5e-21	80.9
scaffold1002371	OTU_0198	32.14	196	95	6	29	520	90	279	4e-17	71.2
scaffold1006972	OTU_0305	71.43	49	14	0	272	126	125	173	2e-19	76.6
scaffold1007629	OTU_0233	36.71	158	77	7	500	69	36	184	9e-12	55.8
scaffold1008163	OTU_0235	39.66	116	58	4	78	422	62	166	2e-12	56.6
scaffold1013185	OTU_0265	51.25	80	38	1	383	144	100	178	2e-18	73.2
scaffold1030345	OTU_0096	48.05	77	40	0	6	236	109	185	2e-18	73.6
scaffold1032174	OTU_0320	35.93	167	102	4	496	5	11	175	8e-25	92.8
scaffold1035499	OTU_0051	38.60	57	32	2	337	507	69	122	2e-11	40.4
scaffold1035499	OTU_0051	32.31	65	43	1	138	332	1	64	2e-11	38.1
scaffold1039100	OTU_0305	32.40	179	70	7	19	510	28	170	4e-16	66.6
scaffold1039282	OTU_0229	29.76	168	74	3	389	6	26	189	9e-18	72.0
scaffold1041585	OTU_0129	35.93	167	79	5	505	86	100	265	3e-18	73.6
scaffold1042633	OTU_0192	60.00	60	24	0	352	173	36	95	4e-20	76.6
scaffold1048367	OTU_0031	31.07	177	82	4	424	5	121	294	5e-15	65.1
scaffold1055369	OTU_0311	36.23	69	42	1	34	240	26	92	6e-11	50.8
scaffold1057048	OTU_0192	51.61	62	30	0	12	197	36	97	2e-16	66.2
scaffold1057498	OTU_0325	30.43	184	73	6	16	435	24	196	3e-14	61.6
scaffold1061950	OTU_0229	30.00	190	87	5	449	3	6	190	2e-12	57.0
scaffold1061966	OTU_0203	57.38	61	26	0	62	244	92	152	1e-19	76.3
scaffold1062941	OTU_0221	42.05	88	43	3	279	22	53	134	4e-13	57.8
scaffold1063372	OTU_0208	52.46	61	29	0	458	276	242	302	4e-17	70.9
scaffold1073915	OTU_0275	50.00	82	40	1	158	400	57	138	2e-19	75.5
scaffold1077694	OTU_0265	50.88	57	28	0	36	206	132	188	2e-15	65.1
scaffold1082172	OTU_0224	52.46	61	26	1	436	263	121	181	2e-16	67.8
scaffold1083119	OTU_0048	38.61	158	95	2	482	12	11	167	1e-27	  100
scaffold1088309	OTU_0229	34.13	167	70	7	496	107	43	206	1e-12	57.4
scaffold1089764	OTU_0117	35.06	174	85	2	480	43	15	188	8e-20	77.8
scaffold1089980	OTU_0318	34.07	91	54	3	20	280	213	301	4e-11	53.9
scaffold1091706	OTU_0196	59.62	52	21	0	475	320	46	97	9e-18	72.8
scaffold1092063	OTU_0319	41.98	81	39	3	304	68	56	130	8e-11	52.8
scaffold1094157	OTU_0151	43.06	72	38	2	139	348	232	302	4e-11	53.9
scaffold1094475	OTU_0281	56.41	39	17	0	387	271	51	89	2e-11	51.6
scaffold1097293	OTU_0088	50.79	63	27	1	303	115	255	313	2e-14	63.5
scaffold1099273	OTU_0106	32.24	183	82	9	484	44	128	304	1e-12	58.2
scaffold1104263	OTU_0203	60.00	60	24	0	25	204	93	152	4e-20	77.8
scaffold1105837	OTU_0238	43.88	98	48	1	482	210	107	204	6e-21	80.9
scaffold1109273	OTU_0031	35.71	140	74	6	42	446	101	229	6e-13	58.9
scaffold1114240	OTU_0345	29.78	178	83	4	489	73	127	301	5e-12	56.2
scaffold1119657	OTU_0217	27.92	197	86	7	486	1	119	294	8e-11	52.8
scaffold1125100	OTU_0341	35.56	180	82	5	456	19	122	301	1e-26	97.8
scaffold1130249	OTU_0140	54.39	57	26	0	484	314	255	311	5e-17	70.5
scaffold1136070	OTU_0260	40.00	75	39	2	478	269	140	213	1e-11	54.7
scaffold1139600	OTU_0155	37.10	124	77	1	5	376	52	174	4e-21	82.0
scaffold1141979	OTU_0260	33.12	157	69	6	4	366	56	212	4e-15	63.9
scaffold1143816	OTU_0150	39.58	96	54	1	115	402	4	95	4e-14	61.2
scaffold1147182	OTU_0305	69.44	36	10	1	479	372	142	176	3e-11	52.4
scaffold1150518	OTU_0337	29.31	174	97	7	464	6	5	173	3e-12	55.5
scaffold1155148	OTU_0203	47.17	53	28	0	117	275	97	149	1e-11	53.5
scaffold1158371	OTU_0305	59.57	47	19	0	343	203	130	176	8e-17	68.6
scaffold1159779	OTU_0072	35.14	185	85	5	20	469	119	303	4e-21	81.6
scaffold1162533	OTU_0220	38.18	110	55	4	347	51	207	314	2e-11	54.3
scaffold1165446	OTU_0265	71.43	42	12	0	124	249	134	175	4e-16	66.6
scaffold1166779	OTU_0216	31.06	161	76	2	460	83	141	301	2e-17	71.6
scaffold1170043	OTU_0043	32.71	107	51	3	160	456	215	308	3e-11	53.9
scaffold1173678	OTU_0175	48.65	74	37	1	105	323	242	315	7e-16	67.4
scaffold1177429	OTU_0223	33.33	129	76	4	410	36	94	216	6e-14	60.8
scaffold1181834	OTU_0153	81.25	32	6	0	376	471	1	32	3e-12	57.0
scaffold1183106	OTU_0198	35.64	101	56	3	368	72	94	187	9e-12	55.5
scaffold1186591	OTU_0305	74.42	43	11	0	372	244	134	176	8e-18	71.2
scaffold1187236	OTU_0006	42.25	71	40	1	55	267	234	303	2e-12	57.8
scaffold1188548	OTU_0281	65.45	55	19	0	255	419	35	89	4e-20	75.9
scaffold1188890	OTU_0282	37.31	67	38	2	453	265	125	191	1e-10	51.2
scaffold1190021	OTU_0341	55.07	69	31	0	436	230	246	314	4e-21	82.0
scaffold1200752	OTU_0165	36.55	145	87	3	465	37	37	178	3e-20	78.2
scaffold1204476	OTU_0140	100.00	85	0	0	3	257	227	311	5e-56	  175
scaffold1209857	OTU_0155	34.19	155	100	2	4	465	4	157	1e-22	86.3
scaffold1211559	OTU_0299	50.54	93	37	2	354	103	68	160	3e-25	91.3
scaffold1212320	OTU_0319	31.88	138	93	1	445	32	1	137	1e-20	80.1
scaffold1217277	OTU_0203	54.17	48	22	0	464	321	103	150	5e-14	60.5
scaffold1217361	OTU_0274	46.88	64	34	0	23	214	141	204	2e-15	64.7
scaffold1217963	OTU_0267	42.86	84	42	2	80	325	85	164	1e-11	55.1
scaffold1223644	OTU_0079	42.42	99	47	1	444	178	217	315	3e-18	73.9
scaffold1225336	OTU_0173	50.00	98	39	2	62	325	218	315	3e-22	84.7
scaffold1227801	OTU_0235	42.31	104	56	3	6	311	76	177	9e-17	68.6
scaffold1229078	OTU_0305	61.02	59	23	0	445	269	115	173	1e-20	79.3
scaffold1230711	OTU_0021	47.69	65	33	1	2	193	200	264	1e-13	60.5
scaffold1230978	OTU_0132	41.32	121	69	2	458	99	67	186	7e-20	78.2
scaffold1234598	OTU_0305	67.50	40	13	0	110	229	134	173	8e-16	65.5
scaffold1234844	OTU_0048	43.84	73	39	2	38	250	239	311	1e-12	57.8
scaffold1235182	OTU_0249	41.14	175	66	5	461	45	114	287	2e-25	94.0
scaffold1241482	OTU_0317	35.66	129	75	3	25	405	60	182	2e-17	71.6
scaffold1241927	OTU_0150	35.59	177	76	4	455	39	38	214	9e-26	94.0
scaffold1242371	OTU_0326	100.00	153	0	0	1	459	4	156	5e-111	  310
scaffold1245226	OTU_0163	48.15	54	27	1	28	189	97	149	3e-12	55.1
scaffold1249073	OTU_0233	35.15	165	66	4	452	81	151	315	5e-20	78.6
scaffold1249376	OTU_0061	43.24	74	37	3	404	198	119	192	7e-11	51.6
scaffold1251473	OTU_0068	37.14	70	44	0	325	116	76	145	3e-11	52.4
scaffold1261972	OTU_0299	51.02	49	24	0	21	167	117	165	2e-11	52.8
scaffold1262202	OTU_0284	33.54	161	71	7	389	9	121	279	2e-13	60.1
scaffold1268242	OTU_0140	60.00	40	16	0	352	233	256	295	4e-12	56.6
scaffold1273241	OTU_0100	30.57	157	74	7	56	427	148	302	1e-11	54.7
scaffold1275955	OTU_0225	57.81	64	27	0	378	187	237	300	4e-20	79.0
scaffold1279873	OTU_0120	45.76	59	31	1	181	354	6	64	1e-11	52.8
scaffold1280831	OTU_0203	53.33	60	27	1	21	200	97	155	7e-19	73.9
scaffold1281238	OTU_0305	50.85	59	28	1	233	60	115	173	1e-15	65.1
scaffold1282688	OTU_0305	49.21	63	31	1	128	313	108	170	1e-14	62.0
scaffold1284424	OTU_0031	31.15	183	83	7	439	5	121	298	4e-19	75.9
scaffold1286203	OTU_0133	40.00	70	41	1	113	322	78	146	5e-12	54.3
scaffold1291072	OTU_0282	26.79	168	92	4	18	431	22	188	5e-12	54.7
scaffold1296391	OTU_0176	51.46	103	37	3	423	154	120	222	6e-22	83.2
scaffold1296529	OTU_0287	28.07	171	82	4	1	390	132	302	1e-16	69.3
scaffold1298966	OTU_0087	34.64	179	70	7	446	30	3	174	3e-16	66.6
scaffold1305321	OTU_0105	57.81	64	27	0	250	441	177	240	4e-19	75.5
scaffold1307207	OTU_0203	41.94	62	35	1	211	396	92	152	2e-11	52.8
scaffold1311399	OTU_0140	55.22	67	30	0	55	255	235	301	1e-21	82.8
scaffold1312167	OTU_0157	32.95	176	76	6	3	410	128	301	2e-17	71.2
scaffold1316164	OTU_0274	34.04	94	51	1	115	396	3	85	7e-11	52.0
scaffold1318087	OTU_0191	37.12	132	77	4	440	57	42	171	7e-18	72.0
scaffold1321137	OTU_0265	45.00	60	30	1	12	191	131	187	7e-11	51.2
scaffold1321770	OTU_0238	50.00	56	26	2	79	243	135	189	8e-11	51.6
scaffold1325029	OTU_0218	46.88	64	34	0	241	50	239	302	2e-12	57.4
scaffold1325221	OTU_0078	40.22	92	39	3	385	113	6	82	1e-11	53.9
scaffold1326436	OTU_0176	31.40	86	48	1	366	142	127	212	5e-11	52.4
scaffold1332836	OTU_0153	58.06	62	25	1	186	1	254	314	5e-18	72.8
scaffold1333596	OTU_0095	45.16	62	33	1	193	8	242	302	2e-11	54.3
scaffold1343297	OTU_0157	36.65	161	66	4	433	59	142	302	1e-21	83.2
scaffold1344578	OTU_0012	47.56	82	38	2	34	264	107	188	9e-16	65.5
scaffold1346667	OTU_0192	60.87	46	17	1	232	98	47	92	4e-13	56.6
scaffold1351795	OTU_0253	54.72	53	24	0	92	250	100	152	9e-16	65.1
scaffold1351909	OTU_0271	26.92	182	89	3	432	7	101	278	3e-15	65.1
scaffold1351923	OTU_0124	50.88	57	27	1	268	435	92	148	2e-11	52.8
scaffold1352021	OTU_0124	48.15	54	27	1	120	281	98	150	3e-11	52.0
scaffold1356641	OTU_0111	34.96	123	70	3	430	65	64	177	6e-14	61.2
scaffold1357246	OTU_0140	34.25	181	78	4	14	433	118	298	2e-27	99.0
scaffold1359455	OTU_0003	47.17	106	40	4	382	107	201	304	4e-21	81.3
scaffold1360142	OTU_0227	58.90	73	30	0	38	256	243	315	2e-21	82.0
scaffold1361433	OTU_0150	35.22	159	64	4	434	66	59	214	4e-18	72.4
scaffold1361604	OTU_0320	36.21	174	75	4	17	433	97	269	1e-18	74.7
scaffold1362272	OTU_0176	63.93	61	22	0	151	333	152	212	1e-20	79.3
scaffold1367080	OTU_0125	31.21	157	73	4	367	2	85	241	4e-13	58.5
scaffold1372924	OTU_0287	51.95	77	37	0	394	164	239	315	3e-22	84.3
scaffold1374898	OTU_0019	37.37	99	52	4	52	327	203	298	1e-12	57.4
scaffold1378295	OTU_0203	71.43	42	12	0	371	246	111	152	6e-16	65.5
scaffold1382066	OTU_0305	66.67	33	11	0	431	333	141	173	8e-12	53.9
scaffold1382642	OTU_0257	66.67	36	12	0	429	322	73	108	8e-14	58.9
scaffold1388077	OTU_0341	44.93	69	33	1	307	116	230	298	3e-13	59.3
scaffold1389557	OTU_0140	52.24	67	32	0	413	213	235	301	2e-20	79.3
scaffold1389576	OTU_0191	37.67	146	86	5	1	429	18	161	2e-20	79.3
scaffold1394546	OTU_0173	36.59	82	51	1	428	183	235	315	5e-12	55.8
scaffold1398027	OTU_0305	65.45	55	19	0	174	338	119	173	9e-21	79.3
scaffold1403029	OTU_0299	40.00	70	40	1	335	132	80	149	2e-11	52.4
scaffold1404411	OTU_0186	36.64	131	66	3	34	387	37	163	4e-13	57.4
scaffold1408891	OTU_0003	40.18	112	63	3	53	379	2	112	4e-15	64.7
scaffold1409914	OTU_0084	55.10	49	22	0	337	191	123	171	1e-15	64.7
scaffold1410449	OTU_0005	55.93	59	26	0	7	183	61	119	4e-19	73.6
scaffold1410871	OTU_0006	43.66	71	39	1	290	78	234	303	6e-13	58.5
scaffold1415815	OTU_0133	85.29	34	5	0	2	103	126	159	3e-15	63.2
scaffold1416258	OTU_0335	33.33	174	74	5	425	24	130	301	8e-20	77.8
scaffold1419278	OTU_0091	100.00	141	0	0	2	424	9	149	6e-103	  290
scaffold1420852	OTU_0226	32.30	161	72	6	10	384	136	295	5e-11	53.1
scaffold1424381	OTU_0292	42.48	113	54	7	341	3	59	160	2e-12	55.1
scaffold1425908	OTU_0127	84.85	66	10	0	3	200	125	190	3e-36	  120
scaffold1427546	OTU_0260	38.78	98	48	5	117	410	131	216	8e-11	51.6
scaffold1428170	OTU_0096	35.56	90	48	2	2	256	96	180	4e-12	54.3
scaffold1432773	OTU_0179	52.38	63	30	0	25	213	223	285	4e-19	75.5
scaffold1440937	OTU_0192	48.98	49	25	0	10	156	47	95	7e-12	52.8
scaffold1445590	OTU_0281	34.62	78	50	1	165	398	26	102	2e-11	52.0
scaffold1449310	OTU_0113	62.00	50	19	0	4	153	155	204	2e-15	64.3
scaffold1449692	OTU_0265	45.90	61	30	1	55	237	131	188	1e-12	55.8
scaffold1453120	OTU_0203	50.91	55	26	1	293	132	97	151	7e-16	65.1
scaffold1454530	OTU_0229	43.01	93	46	2	283	8	6	92	9e-12	54.3
scaffold1456544	OTU_0192	66.67	51	17	0	415	263	45	95	6e-19	72.8
scaffold1461353	OTU_0278	29.94	157	75	3	417	52	54	210	6e-16	65.9
scaffold1461653	OTU_0133	45.07	71	37	1	285	73	78	146	2e-13	58.5
scaffold1461797	OTU_0133	44.29	70	38	1	363	154	78	146	3e-14	60.5
scaffold1463018	OTU_0099	100.00	84	0	0	416	165	78	161	2e-55	  168
scaffold1467738	OTU_0072	48.21	56	28	1	145	309	242	297	3e-11	53.5
scaffold1471124	OTU_0305	100.00	137	0	0	3	413	33	169	3e-97	  275
scaffold1473922	OTU_0096	41.94	62	35	1	393	211	109	170	2e-12	55.8
scaffold1474001	OTU_0140	55.00	60	27	0	338	159	239	298	1e-17	71.6
scaffold1474401	OTU_0213	50.00	48	24	0	183	40	256	303	1e-12	57.4
scaffold1474470	OTU_0257	74.36	39	10	0	415	299	70	108	5e-16	64.7
scaffold1478073	OTU_0262	37.80	82	45	2	97	342	121	196	6e-11	51.6
scaffold1478516	OTU_0277	52.73	55	26	0	297	133	75	129	2e-13	58.2
scaffold1482162	OTU_0105	29.81	161	72	3	362	3	65	225	4e-13	58.2
scaffold1483362	OTU_0197	55.00	60	27	0	288	109	114	173	1e-16	67.4
scaffold1485951	OTU_0233	37.11	97	54	2	332	45	96	186	2e-11	54.3
scaffold1490562	OTU_0283	37.50	168	65	2	409	26	136	303	7e-23	86.3
scaffold1490698	OTU_0121	81.01	79	15	0	237	1	1	79	1e-42	  140
scaffold1491554	OTU_0163	26.61	124	62	4	85	372	30	152	3e-11	51.6
scaffold1495491	OTU_0085	100.00	69	0	0	207	1	1	69	6e-46	  144
scaffold1498402	OTU_0305	41.94	62	35	1	104	289	113	173	6e-13	56.6
scaffold1499268	OTU_0043	28.74	174	78	6	3	410	120	285	3e-14	62.0
scaffold1501056	OTU_0197	63.16	38	14	0	403	290	136	173	2e-12	55.1
scaffold1505450	OTU_0305	74.42	43	11	0	8	136	131	173	2e-17	70.1
scaffold1510289	OTU_0031	36.60	153	62	4	36	392	149	300	2e-20	79.3
scaffold1520184	OTU_0341	48.15	54	28	0	400	239	250	303	1e-13	60.5
scaffold1524501	OTU_0341	59.42	69	28	0	399	193	246	314	3e-22	84.3
scaffold1528092	OTU_0216	43.06	72	34	2	382	176	246	313	6e-13	58.5
scaffold1528511	OTU_0144	54.35	46	21	0	12	149	256	301	6e-12	55.5
scaffold1534463	OTU_0218	34.38	128	80	4	4	378	20	146	3e-14	62.0
scaffold1535331	OTU_0128	35.53	76	47	2	405	178	237	310	4e-11	53.1
scaffold1537568	OTU_0034	32.67	101	64	3	298	5	5	104	6e-12	53.9
scaffold1541710	OTU_0305	62.50	48	17	1	201	344	127	173	5e-17	68.6
scaffold1542338	OTU_0262	58.33	60	25	0	397	218	138	197	6e-18	71.2
scaffold1545159	OTU_0284	88.72	133	15	0	3	401	86	218	7e-71	  213
scaffold1545302	OTU_0249	48.48	66	34	0	394	197	223	288	2e-15	65.1
scaffold1545376	OTU_0152	39.73	73	39	2	6	212	192	263	9e-11	51.6
scaffold1546973	OTU_0196	29.93	137	87	4	403	5	19	150	5e-11	52.8
scaffold1547566	OTU_0006	44.19	86	34	5	387	166	216	299	8e-11	52.4
scaffold1547798	OTU_0129	43.90	123	67	2	2	367	19	140	2e-24	90.1
scaffold1548016	OTU_0068	50.00	76	33	1	66	278	73	148	1e-19	75.5
scaffold1551440	OTU_0140	36.31	168	72	5	400	2	122	289	2e-22	85.1
scaffold1561389	OTU_0200	36.69	169	68	6	395	3	125	292	1e-19	76.6
scaffold1562091	OTU_0282	37.97	79	38	2	400	194	114	191	5e-11	51.6
scaffold1564644	OTU_0275	49.37	79	35	2	108	341	64	138	1e-18	72.8
scaffold1567029	OTU_0203	46.55	58	28	1	315	142	109	163	3e-11	51.6
scaffold1570880	OTU_0305	66.67	45	15	0	161	27	129	173	1e-17	70.1
scaffold1573181	OTU_0203	48.75	80	34	2	390	169	77	155	2e-20	77.4
scaffold1574110	OTU_0105	38.04	163	60	3	1	366	78	240	4e-21	80.9
scaffold1575542	OTU_0157	30.18	169	82	3	399	1	127	295	2e-18	73.9
scaffold1580704	OTU_0085	35.61	132	72	4	17	391	10	135	2e-15	63.9
scaffold1582969	OTU_0301	40.12	162	56	6	396	34	147	308	4e-26	95.1
scaffold1584601	OTU_0030	54.41	68	31	0	229	26	232	299	5e-19	75.1
scaffold1598096	OTU_0198	79.34	121	25	0	365	3	1	121	5e-53	  166
scaffold1601205	OTU_0260	40.24	82	48	1	387	142	8	88	1e-14	61.6
scaffold1610225	OTU_0121	31.06	161	79	3	388	2	135	295	1e-17	71.6
scaffold1614733	OTU_0217	44.34	106	51	3	390	85	93	194	3e-18	72.8
scaffold1618017	OTU_0246	41.25	80	46	1	255	16	221	299	3e-13	59.3
scaffold1618284	OTU_0278	38.27	81	48	2	3	239	132	212	5e-11	52.0
scaffold1620499	OTU_0256	44.83	58	31	1	69	242	223	279	2e-12	56.2
scaffold1623489	OTU_0096	40.00	85	50	1	135	389	84	167	1e-11	52.8
scaffold1624478	OTU_0314	77.52	129	29	0	2	388	178	306	9e-70	  210
scaffold1626738	OTU_0196	67.86	56	18	0	214	381	1	56	3e-23	87.0
scaffold1629159	OTU_0305	70.00	40	12	0	70	189	134	173	1e-15	64.7
scaffold1633593	OTU_0161	46.15	65	31	2	325	134	122	183	7e-13	56.6
scaffold1634425	OTU_0127	91.43	35	3	0	105	1	154	188	1e-17	70.5
scaffold1636110	OTU_0229	47.62	84	43	1	353	102	127	209	2e-18	72.8
scaffold1646956	OTU_0238	38.82	85	41	1	258	37	107	191	2e-12	55.5
scaffold1652196	OTU_0018	44.26	61	33	1	109	288	114	174	1e-12	55.8
scaffold1657605	OTU_0328	50.88	57	23	1	373	218	167	223	2e-13	58.5
scaffold1665737	OTU_0339	50.00	54	26	1	381	220	263	315	3e-11	53.1
scaffold1666009	OTU_0203	63.64	55	20	0	3	167	98	152	2e-21	80.1
scaffold1667583	OTU_0175	48.28	58	30	0	385	212	247	304	1e-11	54.7
scaffold1669292	OTU_0240	75.00	36	9	0	259	366	64	99	9e-14	58.9
scaffold1670841	OTU_0226	38.26	115	62	3	339	1	56	163	3e-15	64.7
scaffold1674892	OTU_0265	58.14	43	18	0	177	49	132	174	6e-11	51.2
scaffold1691134	OTU_0062	76.14	88	20	1	120	380	1	88	2e-39	  130
scaffold1692106	OTU_0278	67.02	94	30	1	280	2	110	203	2e-39	  129
scaffold1693074	OTU_0262	50.00	54	27	0	219	380	138	191	3e-13	57.8
scaffold1693619	OTU_0105	37.66	154	69	3	2	382	84	237	4e-17	68.9
scaffold1694755	OTU_0133	46.81	47	25	0	22	162	103	149	6e-11	50.8
scaffold1701798	OTU_0104	46.34	82	44	0	25	270	154	235	2e-17	70.1
scaffold1711300	OTU_0150	39.05	105	56	2	26	340	1	97	1e-11	53.1
scaffold1714197	OTU_0265	61.70	47	18	0	1	141	129	175	7e-15	62.0
scaffold1722458	OTU_0026	47.76	67	35	0	215	15	120	186	1e-17	70.5
scaffold1723049	OTU_0305	75.00	40	10	0	256	137	134	173	7e-17	67.8
scaffold1723089	OTU_0115	37.25	153	58	5	347	3	19	171	6e-19	73.6
scaffold1723756	OTU_0335	47.47	99	41	3	67	333	216	313	4e-22	83.6
scaffold1724633	OTU_0300	45.31	64	34	1	20	208	168	231	7e-11	51.6
scaffold1740702	OTU_0302	36.28	113	62	5	58	372	4	114	8e-14	60.5
scaffold1740722	OTU_0232	46.67	60	31	1	144	323	222	280	5e-12	55.1
scaffold1743805	OTU_0315	83.05	59	10	0	374	198	60	118	3e-33	  110
scaffold1745260	OTU_0140	47.14	70	33	3	325	119	229	295	5e-12	55.5
scaffold1746126	OTU_0105	46.43	84	40	2	6	251	35	115	3e-16	66.6
scaffold1746571	OTU_0176	50.00	106	44	2	46	360	115	212	2e-22	84.0
scaffold1746985	OTU_0305	62.50	64	24	0	296	105	113	176	4e-22	82.0
scaffold1749530	OTU_0305	75.00	36	9	0	1	108	139	174	2e-15	63.5
scaffold1757469	OTU_0235	41.24	97	56	1	348	58	89	184	7e-16	65.1
scaffold1766046	OTU_0203	40.24	82	47	2	277	38	71	152	8e-15	61.6
scaffold1768476	OTU_0226	44.87	78	42	1	2	235	96	172	1e-14	62.8
scaffold1769839	OTU_0265	57.45	47	20	0	169	309	129	175	6e-11	50.8
scaffold1771425	OTU_0265	63.41	41	15	0	18	140	132	172	1e-11	53.1
scaffold1777104	OTU_0203	51.79	56	27	0	4	171	97	152	5e-16	65.1
scaffold1780482	OTU_0037	33.55	152	69	3	362	3	136	287	4e-19	75.5
scaffold1782319	OTU_0060	100.00	123	0	0	1	369	32	154	1e-88	  252
scaffold1782836	OTU_0140	49.35	77	39	0	114	344	235	311	4e-23	86.3
scaffold1783146	OTU_0305	33.33	144	61	4	332	3	17	159	2e-16	66.2
scaffold1784209	OTU_0140	36.08	158	60	4	365	15	141	298	3e-23	86.7
scaffold1790365	OTU_0003	57.14	42	18	0	227	102	260	301	1e-12	57.4
scaffold1792790	OTU_0269	91.67	60	5	0	38	217	161	220	9e-36	  119
scaffold1794610	OTU_0140	49.25	67	34	0	22	222	235	301	8e-17	68.9
scaffold1795572	OTU_0341	44.44	63	34	1	369	181	253	314	8e-11	52.0
scaffold1796181	OTU_0335	63.64	55	20	0	348	184	247	301	1e-21	82.0
scaffold1802430	OTU_0115	63.16	57	18	1	67	237	132	185	2e-17	69.3
scaffold1803639	OTU_0155	37.39	115	65	4	350	18	33	144	8e-17	68.9
scaffold1803935	OTU_0150	38.55	83	40	2	317	69	12	83	5e-12	54.3
scaffold1804967	OTU_0183	38.38	99	59	2	293	3	10	108	5e-13	58.2
scaffold1805318	OTU_0265	70.59	34	10	0	259	360	142	175	2e-13	57.8
scaffold1817110	OTU_0192	49.06	53	27	0	271	113	48	100	2e-13	57.0
scaffold1818007	OTU_0203	47.17	53	28	0	66	224	97	149	5e-12	53.5
scaffold1818602	OTU_0140	49.25	67	34	0	323	123	235	301	7e-17	68.9
scaffold1819291	OTU_0043	27.81	151	67	5	40	366	124	274	5e-11	52.4
scaffold1830798	OTU_0249	96.43	28	1	0	362	279	260	287	2e-13	59.3
scaffold1835282	OTU_0218	47.50	80	42	0	104	343	226	305	4e-16	67.0
scaffold1836499	OTU_0125	37.78	90	49	3	7	273	59	142	5e-13	57.8
scaffold1839289	OTU_0140	47.31	93	44	2	343	65	213	300	8e-22	82.4
scaffold1842532	OTU_0334	41.67	72	37	2	91	303	167	234	3e-12	55.5
scaffold1843271	OTU_0339	53.85	39	18	0	181	65	4	42	3e-11	53.1
scaffold1854254	OTU_0006	40.74	81	39	2	221	3	217	296	2e-13	59.3
scaffold1857444	OTU_0222	35.57	149	61	3	3	344	149	297	2e-22	84.0
scaffold1858863	OTU_0278	59.68	62	25	0	28	213	152	213	5e-22	82.4
scaffold1859156	OTU_0226	36.99	73	38	2	143	361	231	295	3e-11	53.1
scaffold1862259	OTU_0203	60.00	50	20	0	357	208	111	160	1e-14	60.8
scaffold1862547	OTU_0305	46.32	95	39	2	70	318	81	175	3e-22	82.4
scaffold1862675	OTU_0096	46.15	52	28	0	361	206	134	185	5e-14	59.3
scaffold1866010	OTU_0274	47.62	63	27	1	172	360	145	201	1e-12	56.2
scaffold1866377	OTU_0133	46.03	63	31	1	359	180	86	148	6e-13	56.2
scaffold1868525	OTU_0337	34.04	94	52	4	328	74	72	164	7e-11	50.4
scaffold1876008	OTU_0140	46.99	83	42	1	110	358	213	293	1e-16	68.6
scaffold1876301	OTU_0025	37.70	122	67	4	357	1	20	135	9e-16	65.9
scaffold1882423	OTU_0203	54.39	57	25	1	173	3	93	148	4e-13	56.6
scaffold1882817	OTU_0180	33.80	71	41	1	195	1	72	142	2e-11	52.0
scaffold1887721	OTU_0257	71.79	39	11	0	358	242	70	108	2e-15	62.8
scaffold1888158	OTU_0203	46.55	58	28	1	276	103	109	163	2e-11	52.0
scaffold1890068	OTU_0341	65.31	49	17	0	149	3	247	295	2e-18	73.6
scaffold1895026	OTU_0176	46.34	82	37	3	77	322	1	75	3e-11	52.4
scaffold1895593	OTU_0305	70.59	51	15	0	291	139	124	174	2e-22	82.8
scaffold1899325	OTU_0305	50.94	53	26	0	90	248	121	173	9e-13	55.8
scaffold1914014	OTU_0235	40.22	92	51	3	270	1	69	158	2e-13	58.2
scaffold1914844	OTU_0163	49.21	63	29	2	351	172	88	150	2e-12	54.3
scaffold1922879	OTU_0226	43.48	69	38	1	39	242	227	295	6e-11	52.4
scaffold1930686	OTU_0265	59.52	42	17	0	279	154	131	172	2e-11	52.0
scaffold1936556	OTU_0125	42.31	78	38	3	120	350	54	125	6e-11	51.6
scaffold1936966	OTU_0191	35.92	103	63	3	22	324	10	111	4e-14	60.8
scaffold1940421	OTU_0218	47.30	74	38	1	79	297	239	312	4e-17	69.7
