scaffold00001	OTU_0335	29.35	276	147	7	385223	385936	35	300	1e-19	93.6
scaffold00005	OTU_0246	32.34	303	143	9	717542	718324	20	302	3e-24	  107
scaffold00007	OTU_0040	29.47	319	171	11	59116	58280	1	305	2e-20	95.9
scaffold00007	OTU_0040	30.00	230	138	4	59973	59302	90	302	6e-13	72.0
scaffold00016	OTU_0246	32.92	243	100	8	17534	18181	95	301	1e-17	85.9
scaffold00022	OTU_0013	56.37	314	137	0	321	1262	1	314	2e-102	  335
scaffold00027	OTU_0072	32.97	185	92	3	251563	251105	119	303	5e-21	96.7
scaffold00028	OTU_0229	30.81	211	97	6	250614	250120	2	209	9e-15	76.3
scaffold00050	OTU_0229	38.92	185	77	5	76747	77193	26	210	6e-25	  106
scaffold00053	OTU_0025	28.77	285	136	6	18531	19241	41	306	2e-25	  110
scaffold00078	OTU_0095	38.57	210	85	7	76287	75769	100	302	2e-21	97.4
scaffold00080	OTU_0031	34.03	238	113	8	38246	38851	73	302	2e-22	  100
scaffold00084	OTU_0020	27.83	309	159	10	79275	80066	12	301	2e-20	94.4
scaffold00089	OTU_0137	32.61	276	128	9	220093	219377	51	305	1e-19	91.7
scaffold00091	OTU_0042	40.11	177	66	8	118389	118799	125	301	3e-16	80.9
scaffold00103	OTU_0076	31.09	312	168	10	183887	184714	1	301	9e-21	95.1
scaffold00106	OTU_0176	33.02	215	95	10	215497	216021	4	209	2e-15	77.4
scaffold00133	OTU_0107	29.94	314	145	12	92515	93309	14	301	1e-20	94.4
scaffold00154	OTU_0267	32.14	224	108	7	20419	19847	85	297	1e-21	97.4
scaffold00172	OTU_0151	34.10	217	91	7	106816	106289	98	303	2e-23	  103
scaffold00189	OTU_0226	29.29	297	154	10	57395	58144	11	298	4e-17	82.8
scaffold00209	OTU_0155	33.94	277	131	9	47421	48134	37	300	6e-30	  122
scaffold00212	OTU_0339	31.10	299	155	10	98842	98069	13	301	8e-18	85.1
scaffold00222	OTU_0157	29.52	227	113	8	145084	145653	89	305	4e-11	64.3
scaffold00251	OTU_0314	31.23	269	128	11	18955	19614	42	302	3e-15	77.0
scaffold00270	OTU_0105	36.52	178	70	7	18413	18000	66	240	3e-16	79.3
scaffold00383	OTU_0031	27.07	314	173	7	11877	11059	1	299	4e-19	88.6
scaffold00396	OTU_0217	31.40	293	140	10	5930	5163	44	312	4e-18	85.5
scaffold00496	OTU_0031	30.00	260	135	8	75157	74489	52	301	5e-22	97.4
scaffold00520	OTU_0043	31.87	273	130	8	14235	13537	45	301	2e-24	  105
scaffold00520	OTU_0043	27.94	272	150	8	13178	12471	40	301	5e-15	75.5
scaffold00521	OTU_0140	35.79	190	79	4	77118	76666	113	298	2e-18	86.3
scaffold00617	OTU_0246	31.41	312	162	9	39088	38234	16	302	2e-23	  102
scaffold00617	OTU_0246	29.32	307	149	11	38096	37317	20	305	1e-19	89.4
scaffold00637	OTU_0200	34.66	176	76	4	48962	48549	127	301	4e-17	81.6
scaffold00682	OTU_0059	25.91	220	129	5	23247	23828	36	247	1e-11	64.3
scaffold00723	OTU_0072	35.68	185	87	4	28849	29307	119	303	6e-22	97.1
scaffold00782	OTU_0301	40.68	177	69	6	14801	14379	119	295	2e-19	88.6
scaffold00816	OTU_0246	33.55	310	140	11	8023	8823	16	302	1e-24	  105
scaffold00816	OTU_0246	29.22	308	148	11	9003	9782	20	305	6e-20	90.1
scaffold00904	OTU_0155	31.94	310	150	12	22835	23650	16	302	3e-25	  107
scaffold00926	OTU_0226	32.41	253	107	8	13020	12394	66	298	6e-20	90.1
scaffold00926	OTU_0226	28.95	228	118	7	11751	11152	87	298	7e-12	65.1
scaffold00935	OTU_0196	30.41	217	113	5	16491	17042	88	299	2e-17	82.4
scaffold00983	OTU_0295	32.78	302	150	12	27699	26905	17	302	1e-24	  104
scaffold01000	OTU_0150	26.18	233	103	6	27634	27077	14	224	2e-12	65.5
scaffold01026	OTU_0155	29.10	299	162	9	29338	30126	16	300	5e-27	  112
scaffold01049	OTU_0121	37.85	177	70	4	20641	20231	125	301	5e-20	90.1
scaffold01097	OTU_0043	30.58	278	136	12	14700	15428	46	301	1e-16	79.3
scaffold01160	OTU_0042	35.23	176	75	3	35661	36074	127	301	1e-17	82.4
scaffold01198	OTU_0203	62.26	53	20	0	97	255	102	154	5e-17	79.0
scaffold01219	OTU_0198	27.15	302	178	10	1064	258	16	308	9e-18	82.8
scaffold01278	OTU_0104	46.34	82	44	0	2345	2100	154	235	6e-14	70.1
scaffold01287	OTU_0043	25.64	312	161	14	26214	25450	1	298	1e-11	63.9
scaffold01300	OTU_0140	31.77	277	134	10	22575	21856	43	301	1e-15	76.3
scaffold01458	OTU_0301	31.79	302	136	15	4402	3638	17	295	1e-24	  104
scaffold01499	OTU_0042	31.23	269	145	8	30525	31235	41	301	1e-18	85.5
scaffold01501	OTU_0351	28.99	238	125	5	18339	17662	1	206	5e-18	82.4
scaffold01559	OTU_0236	28.47	295	161	10	16046	16810	16	300	5e-12	65.1
scaffold01647	OTU_0238	37.44	195	94	4	14614	14093	12	199	7e-25	  102
scaffold01810	OTU_0141	27.46	295	148	6	14160	13357	45	300	3e-19	87.0
scaffold01863	OTU_0226	29.41	306	166	7	16797	17597	7	301	3e-22	96.7
scaffold01863	OTU_0226	62.50	40	15	0	16576	16695	259	298	1e-11	63.5
scaffold01911	OTU_0225	30.23	129	88	2	27550	27167	5	132	1e-11	63.5
scaffold01988	OTU_0266	34.72	265	127	13	15910	16593	46	301	7e-23	98.6
scaffold02068	OTU_0229	36.49	211	93	4	5975	6502	5	209	2e-21	93.2
scaffold02122	OTU_0229	34.10	217	94	6	16339	15809	2	209	2e-17	80.5
scaffold02222	OTU_0344	27.67	206	123	6	737	198	93	298	1e-12	66.6
scaffold02311	OTU_0266	28.88	322	168	14	6229	5393	2	305	9e-21	91.7
scaffold02349	OTU_0196	28.12	256	131	5	11770	11123	58	300	4e-22	95.9
scaffold02433	OTU_0059	30.19	212	121	7	16326	15742	39	240	4e-12	63.9
scaffold02466	OTU_0176	32.72	217	102	6	18593	18054	4	213	1e-21	93.6
scaffold02706	OTU_0245	29.04	303	165	7	13907	14701	10	300	8e-24	  101
scaffold02706	OTU_0245	28.96	221	108	7	13156	13719	96	300	7e-15	73.2
scaffold02839	OTU_0042	36.72	177	72	5	17737	18147	125	301	6e-18	82.4
scaffold02929	OTU_0339	30.12	322	143	14	15479	16312	18	301	1e-18	84.3
scaffold02934	OTU_0157	32.57	261	128	8	10909	10253	49	303	1e-20	90.9
scaffold03249	OTU_0157	28.24	301	157	10	3375	4154	20	302	3e-22	95.9
scaffold03249	OTU_0157	30.56	180	90	4	4664	5098	123	302	2e-11	62.8
scaffold03258	OTU_0229	33.33	219	96	7	6633	7172	2	209	7e-21	90.5
scaffold03280	OTU_0339	33.98	309	148	12	4873	5688	12	301	9e-28	  113
scaffold03528	OTU_0108	24.66	296	183	10	6916	6101	19	298	3e-12	64.7
scaffold03962	OTU_0106	27.04	270	134	9	13108	12440	46	299	4e-14	70.5
scaffold04011	OTU_0341	30.90	233	115	10	8227	8811	90	314	3e-16	76.6
scaffold04024	OTU_0049	100.00	313	0	0	8539	7601	4	316	0.0	  626
scaffold04052	OTU_0183	35.06	308	158	8	2481	3287	10	314	6e-36	  137
scaffold04157	OTU_0217	28.93	318	175	6	1397	579	2	313	5e-34	  131
scaffold04171	OTU_0071	25.81	310	163	10	8492	9271	9	301	1e-15	75.1
scaffold04716	OTU_0351	32.87	216	93	7	4853	5377	1	205	6e-20	87.4
scaffold04741	OTU_0145	33.47	245	118	9	11133	10501	69	302	3e-22	95.9
scaffold04805	OTU_0090	27.67	206	113	5	11445	10936	97	302	7e-11	60.1
scaffold04844	OTU_0219	26.18	340	191	11	6084	7043	3	302	1e-24	  103
scaffold04844	OTU_0219	24.84	322	201	9	5782	4847	15	305	6e-19	85.1
scaffold04867	OTU_0335	26.67	225	112	6	7450	6896	89	300	9e-11	60.1
scaffold05103	OTU_0246	36.77	223	93	7	2760	3311	89	302	3e-20	89.4
scaffold05280	OTU_0124	53.85	130	60	0	4901	5290	37	166	3e-41	  148
scaffold05421	OTU_0217	25.71	210	128	5	786	1361	103	302	1e-11	62.8
scaffold05475	OTU_0065	75.56	45	11	0	11153	11019	211	255	3e-17	79.0
scaffold05555	OTU_0218	28.66	314	156	10	6545	7357	14	302	5e-20	88.2
scaffold05660	OTU_0203	44.62	65	34	1	825	1019	90	152	2e-11	59.7
scaffold05954	OTU_0049	26.33	300	169	12	919	1707	21	305	5e-11	60.5
scaffold06075	OTU_0043	30.05	183	89	4	7259	7693	120	301	2e-18	82.8
scaffold06258	OTU_0001	24.86	177	91	4	5605	6012	125	300	7e-11	60.1
scaffold06699	OTU_0291	36.07	305	138	13	865	1656	14	302	2e-29	  117
scaffold06902	OTU_0217	35.41	257	112	8	7864	8523	73	312	6e-26	  106
scaffold07271	OTU_0226	32.65	294	143	11	5313	4573	13	298	1e-24	  102
scaffold07412	OTU_0144	26.13	222	121	6	554	9	82	300	3e-16	76.3
scaffold07690	OTU_0320	37.57	181	78	8	11	451	126	305	6e-19	84.3
scaffold07871	OTU_0052	26.64	304	165	11	6057	5269	11	297	4e-17	78.6
scaffold07951	OTU_0155	25.83	302	159	10	7725	6937	27	302	2e-13	67.4
scaffold08089	OTU_0229	28.85	208	110	9	2173	1649	2	204	5e-11	58.5
scaffold08275	OTU_0196	32.84	204	103	9	5836	5315	96	295	2e-14	70.1
scaffold08389	OTU_0151	29.31	174	81	4	5143	4742	131	302	1e-13	68.2
scaffold08616	OTU_0001	28.57	231	116	7	3319	2750	87	309	6e-14	68.9
scaffold09320	OTU_0336	35.00	180	81	7	6964	6533	6	185	2e-18	81.6
scaffold09562	OTU_0197	53.45	58	27	0	6518	6691	118	175	2e-13	65.9
scaffold09585	OTU_0197	71.43	49	14	0	7343	7197	127	175	2e-16	75.5
scaffold09627	OTU_0265	69.77	43	13	0	3682	3810	133	175	4e-14	67.8
scaffold09828	OTU_0196	28.68	272	145	9	2958	3662	36	295	2e-19	85.5
scaffold09951	OTU_0320	38.29	175	72	9	1557	1141	128	302	3e-17	79.0
scaffold10013	OTU_0245	29.70	303	163	6	4885	4091	10	300	5e-23	97.1
scaffold10013	OTU_0245	28.78	271	139	8	5865	5170	45	300	2e-14	70.1
scaffold10544	OTU_0249	29.28	181	84	6	5169	5585	98	276	6e-11	59.3
scaffold10609	OTU_0020	45.31	64	35	0	5179	4988	238	301	1e-12	64.7
scaffold10768	OTU_0031	36.60	153	62	4	5214	5570	149	300	4e-18	81.3
scaffold10910	OTU_0351	37.58	165	68	7	4221	4610	30	194	2e-12	62.8
scaffold11262	OTU_0226	31.82	220	106	4	1257	709	84	296	2e-17	79.3
scaffold11785	OTU_0173	29.49	312	160	12	3714	4538	14	302	6e-18	80.9
scaffold12398	OTU_0250	28.81	177	89	4	870	451	123	299	5e-13	65.9
scaffold12736	OTU_0095	28.95	304	163	9	1577	2374	14	302	3e-25	  103
scaffold13270	OTU_0203	62.79	43	16	0	5626	5498	110	152	4e-13	64.3
scaffold13429	OTU_0213	48.68	76	38	1	3788	4015	227	301	6e-15	71.6
scaffold13833	OTU_0234	32.61	230	141	4	2181	1519	77	301	6e-22	93.2
scaffold14097	OTU_0234	24.92	321	191	10	3617	4501	2	298	1e-15	73.6
scaffold14397	OTU_0105	33.16	193	84	6	5000	4536	55	240	6e-19	83.2
scaffold14803	OTU_0274	30.69	189	90	3	1160	711	23	209	2e-17	78.2
scaffold14979	OTU_0198	29.39	228	122	9	812	240	89	314	4e-11	60.1
scaffold15173	OTU_0015	32.17	258	117	10	759	118	57	300	6e-21	90.1
scaffold15454	OTU_0106	28.89	270	146	9	941	234	40	297	2e-13	66.6
scaffold15454	OTU_0106	30.95	210	105	6	4022	4549	96	299	3e-13	66.2
scaffold15503	OTU_0245	26.86	309	174	10	1210	380	12	300	1e-12	64.7
scaffold15520	OTU_0204	35.93	270	116	9	3219	2455	68	295	2e-21	91.7
scaffold15735	OTU_0269	27.94	204	98	8	586	1074	8	203	5e-11	58.2
scaffold15963	OTU_0155	33.76	314	169	5	397	1224	1	313	2e-43	  158
scaffold16499	OTU_0335	30.10	289	137	14	1933	2688	41	301	6e-16	74.3
scaffold16578	OTU_0196	27.36	296	150	10	3278	2490	46	309	1e-15	73.2
scaffold17465	OTU_0106	30.04	273	139	11	2038	1331	40	297	2e-16	76.3
scaffold17545	OTU_0124	41.67	84	35	3	450	238	68	150	2e-11	58.9
scaffold17670	OTU_0131	28.32	279	134	11	2148	1444	2	258	7e-14	67.4
scaffold18229	OTU_0150	36.87	179	74	5	2653	2231	37	214	9e-20	85.5
scaffold19271	OTU_0246	36.60	265	123	11	153	851	51	302	7e-23	95.9
scaffold19483	OTU_0196	28.10	274	155	9	794	60	40	300	8e-20	86.3
scaffold20110	OTU_0295	28.39	310	164	10	1401	583	14	302	3e-16	75.1
scaffold20529	OTU_0026	30.81	185	92	7	672	1133	2	181	2e-11	58.5
scaffold20629	OTU_0181	38.12	160	90	5	3876	4334	2	159	5e-21	87.8
scaffold21459	OTU_0096	31.40	172	80	5	1535	1936	1	172	7e-12	60.1
scaffold21935	OTU_0112	25.46	216	108	5	197	712	3	209	2e-12	62.0
scaffold22078	OTU_0129	35.05	214	100	5	803	1345	59	266	2e-26	  106
scaffold22129	OTU_0101	31.89	301	140	12	3528	2758	23	302	7e-23	95.9
scaffold22129	OTU_0101	28.38	303	172	6	2338	1535	10	302	6e-17	77.4
scaffold22178	OTU_0105	36.87	179	74	6	2855	2433	63	240	2e-20	87.8
scaffold22603	OTU_0200	35.39	178	76	5	2466	2047	125	301	2e-20	87.8
scaffold23959	OTU_0305	75.61	41	10	0	3839	3961	133	173	6e-15	69.7
scaffold25484	OTU_0218	30.28	218	110	8	2626	2078	104	314	6e-12	61.6
scaffold26439	OTU_0155	33.08	266	126	10	988	284	58	302	2e-25	  103
scaffold26965	OTU_0261	28.05	221	111	7	2576	3133	98	305	4e-12	62.4
scaffold27031	OTU_0267	31.39	274	148	8	1238	1996	42	296	5e-22	92.8
scaffold27565	OTU_0137	28.16	316	178	14	1537	689	2	301	6e-11	58.5
scaffold27622	OTU_0155	32.42	219	107	6	1226	1777	88	300	3e-23	96.7
scaffold27695	OTU_0351	57.81	64	27	0	103	294	141	204	7e-16	72.4
scaffold28966	OTU_0226	29.33	300	150	9	1159	404	16	301	3e-19	84.0
scaffold29269	OTU_0234	30.94	223	109	4	1554	2117	89	301	2e-21	90.9
scaffold29392	OTU_0234	29.12	261	139	6	2412	3092	53	301	2e-14	69.3
scaffold29725	OTU_0179	30.66	274	138	7	915	205	25	283	1e-17	79.0
scaffold30183	OTU_0150	36.84	209	90	8	2619	3137	12	214	1e-25	  102
scaffold30264	OTU_0234	28.85	312	168	9	1030	197	10	301	8e-17	76.3
scaffold32144	OTU_0144	32.34	269	135	9	3110	2403	47	301	3e-25	  102
scaffold32401	OTU_0260	32.58	221	99	7	1111	569	3	213	2e-21	90.1
scaffold32575	OTU_0155	33.33	276	140	7	2717	2019	39	313	6e-40	  146
scaffold32614	OTU_0140	66.67	51	17	0	6	158	251	301	6e-17	76.6
scaffold32783	OTU_0233	28.68	265	141	9	782	93	49	300	3e-14	68.6
scaffold32899	OTU_0260	28.57	196	94	5	1943	2407	34	224	2e-13	65.1
scaffold33084	OTU_0291	26.37	311	175	10	2195	3028	13	302	8e-16	73.2
scaffold33464	OTU_0225	32.47	308	155	12	610	1392	12	313	1e-32	  124
scaffold34737	OTU_0233	27.12	236	121	9	996	409	89	313	7e-11	58.2
scaffold34757	OTU_0096	50.91	55	26	1	2728	2889	118	172	1e-11	58.9
scaffold35794	OTU_0155	25.41	307	175	10	2064	1279	3	300	4e-14	68.2
scaffold38123	OTU_0351	38.20	89	53	2	1193	1459	118	204	1e-11	59.3
scaffold38221	OTU_0217	29.36	235	124	5	2436	1837	73	300	4e-22	92.4
scaffold38798	OTU_0320	33.75	240	93	10	1143	1763	95	301	3e-17	77.4
scaffold39193	OTU_0191	78.43	51	11	0	2454	2302	14	64	2e-20	86.7
scaffold39390	OTU_0162	30.56	216	109	10	1215	685	86	299	1e-12	63.5
scaffold40233	OTU_0260	36.76	204	75	5	1627	1160	16	213	3e-20	85.9
scaffold40328	OTU_0026	33.70	181	89	6	682	1131	6	186	7e-21	87.4
scaffold41558	OTU_0226	27.40	219	114	4	2046	1501	87	297	5e-17	76.6
scaffold42209	OTU_0031	30.99	284	144	8	1964	2719	49	312	3e-23	95.9
scaffold42213	OTU_0010	37.50	320	147	10	2689	1868	3	315	8e-40	  145
scaffold42794	OTU_0351	33.18	214	100	7	48	584	3	208	4e-20	85.1
scaffold43821	OTU_0265	78.26	46	10	0	33	170	130	175	7e-18	77.8
scaffold46207	OTU_0303	33.22	304	158	7	2455	1676	10	312	2e-37	  138
scaffold46853	OTU_0114	35.88	170	69	4	2352	1963	7	176	8e-17	74.7
scaffold47086	OTU_0229	32.26	217	98	5	1975	1445	2	209	4e-16	72.8
scaffold47830	OTU_0298	35.29	306	152	8	204	989	10	313	2e-35	  132
scaffold48873	OTU_0136	41.18	85	50	0	1718	1972	218	302	9e-14	66.6
scaffold49353	OTU_0351	34.55	220	98	8	1655	1110	2	213	2e-24	97.8
scaffold49736	OTU_0229	34.33	201	93	5	986	1474	10	209	3e-23	94.7
scaffold50101	OTU_0351	34.09	220	99	7	1208	1753	2	213	9e-24	95.9
scaffold50330	OTU_0305	66.04	53	18	0	2522	2364	124	176	2e-18	79.3
scaffold50501	OTU_0072	34.60	315	159	9	129	941	2	313	2e-41	  149
scaffold50816	OTU_0305	61.29	62	23	1	1384	1202	112	173	3e-19	81.6
scaffold51408	OTU_0053	34.04	188	85	3	151	597	17	204	8e-27	  104
scaffold51430	OTU_0238	35.16	182	86	8	1393	1845	11	191	8e-13	62.4
scaffold51736	OTU_0031	30.36	247	130	8	1784	1143	73	310	2e-22	93.2
scaffold51739	OTU_0031	30.05	203	94	3	497	3	96	288	3e-18	80.1
scaffold51966	OTU_0351	34.55	220	98	6	1695	1150	2	213	1e-21	89.7
scaffold53142	OTU_0134	30.37	214	113	5	1001	465	92	304	3e-15	70.9
scaffold53151	OTU_0320	39.12	317	145	8	2366	1551	2	315	1e-49	  172
scaffold53381	OTU_0217	30.77	156	97	4	468	7	36	182	4e-11	58.5
scaffold53757	OTU_0341	30.18	222	105	4	648	106	97	309	2e-14	68.9
scaffold53887	OTU_0121	27.36	307	151	8	1212	373	40	301	1e-20	87.4
scaffold54656	OTU_0014	32.13	277	144	5	2408	1701	26	299	2e-35	  131
scaffold55439	OTU_0061	61.40	57	19	2	259	423	139	194	3e-13	63.5
scaffold55831	OTU_0258	36.11	180	81	5	786	1223	121	300	1e-18	81.6
scaffold55889	OTU_0132	32.37	173	81	5	2377	1967	130	302	2e-11	59.3
scaffold56750	OTU_0031	34.81	181	77	4	2319	1900	120	300	7e-23	94.4
scaffold57248	OTU_0307	32.57	307	166	7	140	943	10	314	5e-38	  139
scaffold57654	OTU_0204	100.00	39	0	0	2	118	271	309	2e-19	83.6
scaffold58767	OTU_0116	29.05	210	109	7	392	907	94	301	5e-12	61.2
scaffold59448	OTU_0133	62.22	45	17	0	2289	2155	106	150	5e-12	59.3
scaffold60345	OTU_0203	64.81	54	19	0	1765	1926	99	152	5e-17	74.3
scaffold62025	OTU_0157	38.67	181	77	4	1155	712	123	302	8e-26	  103
scaffold62659	OTU_0023	39.18	319	146	10	65	886	2	317	2e-48	  168
scaffold63852	OTU_0234	28.34	314	159	14	1334	516	13	301	6e-21	88.2
scaffold64853	OTU_0233	26.03	315	173	12	1476	655	5	300	5e-11	58.2
scaffold64923	OTU_0001	37.54	317	141	10	128	943	10	314	3e-43	  153
scaffold65365	OTU_0052	32.86	213	101	8	1336	1869	95	300	2e-19	84.0
scaffold65689	OTU_0093	30.07	306	158	8	1111	1905	13	303	1e-23	96.7
scaffold65689	OTU_0093	28.16	277	153	7	102	857	48	303	7e-23	94.4
scaffold65936	OTU_0142	27.65	293	167	10	997	224	6	288	8e-18	78.6
scaffold66710	OTU_0121	33.18	217	97	7	365	898	94	301	4e-21	88.6
scaffold68863	OTU_0072	29.51	305	156	9	1568	780	13	300	6e-19	82.0
scaffold68863	OTU_0072	34.48	174	79	3	2107	1691	124	297	2e-17	77.4
scaffold71376	OTU_0151	31.35	303	156	9	1400	639	3	302	3e-32	  122
scaffold72013	OTU_0104	51.32	76	36	1	1882	1658	174	249	7e-15	68.6
scaffold74091	OTU_0274	65.85	41	14	0	1924	1802	163	203	2e-12	60.8
scaffold74560	OTU_0027	61.54	65	24	1	196	390	239	302	5e-18	79.0
scaffold76718	OTU_0312	36.51	189	74	7	1253	810	119	302	3e-20	85.9
scaffold77189	OTU_0291	28.40	243	133	9	389	1015	76	311	3e-11	58.5
scaffold77372	OTU_0314	69.05	42	13	0	1756	1881	261	302	4e-12	61.2
scaffold77721	OTU_0031	32.97	185	83	6	1270	1704	117	300	3e-15	70.9
scaffold79352	OTU_0268	28.00	225	117	8	976	1527	75	295	2e-11	58.9
scaffold80086	OTU_0027	42.86	70	40	0	1399	1608	238	307	3e-11	58.5
scaffold81677	OTU_0267	34.40	218	98	8	1804	1265	85	295	7e-22	90.9
scaffold83135	OTU_0140	33.65	315	142	15	31	843	10	301	1e-26	  105
scaffold83175	OTU_0229	38.68	212	87	7	1798	1271	5	209	6e-25	98.6
scaffold84240	OTU_0121	31.05	219	99	11	167	724	103	302	5e-11	57.8
scaffold84588	OTU_0043	32.42	182	87	3	1209	1646	120	301	1e-21	90.1
scaffold84682	OTU_0096	50.85	59	28	1	1863	1690	114	172	8e-13	61.6
scaffold87198	OTU_0105	37.04	216	88	8	1306	779	33	240	6e-25	99.0
scaffold87613	OTU_0291	28.42	190	111	6	740	1261	123	303	5e-11	57.8
scaffold88182	OTU_0136	35.41	257	113	10	1182	520	75	314	2e-30	  116
scaffold88902	OTU_0021	30.19	212	103	6	1146	1670	45	248	6e-14	65.9
scaffold89181	OTU_0259	100.00	309	0	0	440	1366	1	309	0.0	  572
scaffold89610	OTU_0106	25.57	305	160	13	1658	870	18	297	2e-12	61.6
scaffold89686	OTU_0249	34.55	165	82	6	1781	1335	132	286	4e-12	60.8
scaffold89710	OTU_0020	31.43	245	111	8	716	1390	94	301	6e-17	75.5
scaffold89877	OTU_0198	36.49	222	99	6	306	863	89	304	5e-26	  103
scaffold90267	OTU_0093	34.48	319	158	12	634	1452	1	314	1e-37	  136
scaffold90425	OTU_0126	40.00	85	45	1	1511	1765	88	166	9e-12	60.1
scaffold90481	OTU_0121	31.20	266	129	9	1798	1121	50	301	2e-19	83.2
scaffold90545	OTU_0072	34.94	312	168	8	412	1245	2	312	3e-37	  135
scaffold90581	OTU_0275	57.38	61	26	0	33	215	78	138	2e-19	80.5
scaffold91542	OTU_0095	32.80	314	152	11	339	1184	16	302	2e-25	  101
scaffold91850	OTU_0157	36.91	149	60	3	62	409	155	302	4e-19	82.4
scaffold92174	OTU_0266	33.64	220	103	9	568	17	93	305	2e-19	82.8
scaffold92859	OTU_0217	34.91	212	94	5	1766	1242	96	300	4e-26	  103
scaffold93682	OTU_0023	31.63	313	156	9	213	1025	21	317	3e-22	91.7
scaffold94138	OTU_0196	32.33	232	118	7	839	237	78	301	1e-19	83.6
scaffold94912	OTU_0175	33.69	187	88	7	445	918	123	302	2e-15	70.9
scaffold95480	OTU_0140	29.30	314	169	11	1355	531	2	301	3e-26	  103
scaffold95480	OTU_0140	54.24	59	25	1	1686	1516	240	298	1e-14	68.9
scaffold96118	OTU_0126	33.90	295	132	9	977	246	13	295	1e-24	99.0
scaffold96891	OTU_0017	30.05	183	91	6	680	243	14	196	5e-11	56.2
scaffold96921	OTU_0155	26.84	272	147	7	240	944	47	303	3e-14	67.4
scaffold97527	OTU_0158	28.57	322	162	12	690	1532	5	299	1e-14	68.6
scaffold97746	OTU_0053	29.74	195	105	5	651	151	2	192	5e-12	58.9
scaffold97764	OTU_0250	30.71	254	122	11	151	786	58	299	4e-14	67.0
scaffold97911	OTU_0305	77.27	44	10	0	1724	1593	133	176	4e-17	74.3
scaffold99670	OTU_0335	31.11	180	85	6	950	1372	121	300	5e-17	75.5
scaffold99900	OTU_0314	60.00	50	20	0	1686	1537	253	302	3e-14	67.8
scaffold100352	OTU_0341	31.53	222	102	4	1443	901	97	309	2e-15	70.9
scaffold100471	OTU_0072	30.90	301	152	11	1600	818	16	300	7e-24	96.7
scaffold101519	OTU_0031	27.60	308	160	7	657	1466	15	297	1e-13	65.1
scaffold101602	OTU_0014	24.67	300	165	9	790	17	20	300	2e-11	58.5
scaffold102239	OTU_0314	40.66	91	47	3	487	230	225	313	2e-11	58.9
scaffold103593	OTU_0067	43.75	96	52	2	286	5	14	109	2e-14	68.2
scaffold104221	OTU_0155	34.48	145	84	4	1183	1605	44	181	2e-11	58.9
scaffold105374	OTU_0341	37.57	189	77	4	2	445	126	314	2e-27	  107
scaffold106025	OTU_0226	34.43	183	88	4	48	500	119	301	4e-24	97.1
scaffold107826	OTU_0121	35.06	271	134	12	1257	541	41	301	1e-26	  104
scaffold108657	OTU_0013	26.21	206	112	6	758	1264	96	298	7e-11	57.0
scaffold110076	OTU_0233	28.57	259	130	10	1350	688	59	300	8e-11	57.0
scaffold111363	OTU_0339	59.32	59	24	0	1450	1274	243	301	4e-16	72.8
scaffold113057	OTU_0176	31.02	216	109	6	561	13	4	212	1e-16	73.6
scaffold115491	OTU_0031	30.12	332	179	10	318	1214	1	312	2e-23	94.7
scaffold116237	OTU_0104	51.32	76	36	1	1386	1162	174	249	4e-15	68.9
scaffold116394	OTU_0265	59.09	44	18	0	38	169	131	174	5e-11	55.8
scaffold116602	OTU_0157	33.11	305	149	7	559	1329	5	302	9e-38	  136
scaffold117822	OTU_0105	32.82	131	62	3	812	420	15	119	1e-11	58.9
scaffold120867	OTU_0151	26.92	208	101	6	517	17	107	304	5e-13	63.5
scaffold121911	OTU_0198	28.00	275	132	8	352	1047	47	298	6e-15	69.3
scaffold122679	OTU_0133	57.41	54	23	0	5	166	106	159	3e-14	65.1
scaffold123681	OTU_0121	32.95	173	78	5	1104	1508	120	292	5e-17	75.5
scaffold125400	OTU_0043	29.56	203	102	4	5	508	102	298	5e-18	78.6
scaffold126708	OTU_0233	37.28	169	70	3	1489	1085	135	301	7e-20	84.0
scaffold126990	OTU_0217	31.13	257	128	6	802	1476	73	312	1e-20	86.3
scaffold127562	OTU_0320	40.00	105	61	2	1046	738	9	113	2e-15	70.9
scaffold128028	OTU_0076	32.08	265	129	8	202	873	47	301	5e-22	90.5
scaffold128899	OTU_0305	66.04	53	18	0	1372	1214	124	176	8e-19	79.0
scaffold129049	OTU_0335	33.80	213	98	5	1432	908	94	301	2e-22	91.7
scaffold129170	OTU_0049	34.43	305	157	7	1221	424	16	316	5e-32	  119
scaffold131180	OTU_0003	44.59	74	39	2	1454	1233	240	311	5e-11	57.0
scaffold133813	OTU_0127	34.94	166	60	3	1442	1089	15	180	5e-18	76.6
scaffold135472	OTU_0227	39.54	306	144	10	952	152	12	315	1e-44	  155
scaffold135589	OTU_0305	76.19	42	10	0	701	576	132	173	7e-17	73.2
scaffold135875	OTU_0226	37.36	182	73	7	629	1057	119	298	4e-21	87.4
scaffold138278	OTU_0150	29.77	215	113	8	262	795	4	217	3e-15	68.6
scaffold140077	OTU_0150	32.09	215	96	6	1087	557	12	214	2e-19	81.6
scaffold141727	OTU_0176	35.71	224	103	6	185	754	4	220	2e-26	  101
scaffold142080	OTU_0229	40.43	188	74	7	814	362	26	212	2e-23	92.4
scaffold143641	OTU_0325	31.75	211	102	4	1327	800	1	204	8e-22	88.2
scaffold143906	OTU_0104	29.79	235	114	7	982	398	21	244	1e-23	94.0
scaffold144667	OTU_0281	79.71	69	14	0	64	270	34	102	1e-32	  114
scaffold144894	OTU_0214	29.93	284	154	8	391	1167	40	303	2e-22	91.3
scaffold145029	OTU_0107	35.96	178	79	4	555	983	124	301	2e-17	76.6
scaffold145862	OTU_0226	32.00	200	95	8	503	6	100	292	2e-15	70.5
scaffold146005	OTU_0339	39.44	180	69	7	1368	949	122	301	9e-22	89.4
scaffold146709	OTU_0301	34.15	284	142	10	1346	627	2	284	2e-33	  123
scaffold146731	OTU_0162	37.42	310	136	8	797	12	3	302	4e-46	  159
scaffold147248	OTU_0023	31.79	302	149	10	1101	310	21	303	1e-20	85.9
scaffold147691	OTU_0140	47.76	67	35	0	49	249	235	301	1e-13	65.1
scaffold148922	OTU_0211	28.74	167	83	5	1353	961	136	302	4e-11	57.4
scaffold150224	OTU_0144	64.81	54	19	0	1352	1191	260	313	3e-16	73.2
scaffold150328	OTU_0227	49.02	102	42	1	1338	1063	214	315	4e-23	93.2
scaffold150937	OTU_0151	27.14	210	117	6	274	813	97	300	2e-14	67.8
scaffold151516	OTU_0217	27.23	224	113	9	680	111	106	313	1e-11	59.3
scaffold153813	OTU_0351	32.86	210	92	6	60	572	5	204	2e-20	83.6
scaffold155235	OTU_0107	38.39	112	64	3	855	529	2	111	1e-14	68.2
scaffold156199	OTU_0266	30.51	295	149	11	249	1010	19	298	1e-22	91.7
scaffold160001	OTU_0262	32.40	179	87	7	16	456	20	196	4e-14	65.1
scaffold160744	OTU_0274	54.69	64	29	0	571	762	141	204	2e-17	75.1
scaffold161069	OTU_0115	30.00	190	85	4	141	584	1	184	6e-18	75.9
scaffold164049	OTU_0341	29.66	236	110	10	703	1284	63	284	3e-17	75.9
scaffold164986	OTU_0084	38.97	136	65	4	488	132	37	171	1e-14	65.9
scaffold165328	OTU_0157	61.82	55	21	0	3	167	248	302	2e-17	76.3
scaffold166591	OTU_0203	51.56	64	31	0	4	195	97	160	4e-14	64.3
scaffold167186	OTU_0320	34.78	299	150	8	780	7	11	305	7e-41	  144
scaffold168870	OTU_0161	46.59	88	38	2	1248	1012	100	187	4e-17	73.6
scaffold170722	OTU_0266	32.25	307	148	12	984	190	13	301	5e-27	  103
scaffold171438	OTU_0197	38.10	105	62	1	1239	925	74	175	9e-16	69.3
scaffold171696	OTU_0317	33.49	212	103	8	649	1173	91	301	6e-16	72.0
scaffold173472	OTU_0061	42.31	78	43	2	1109	879	125	201	5e-13	61.2
scaffold174628	OTU_0267	29.70	202	99	7	1216	722	99	294	1e-11	58.9
scaffold176724	OTU_0084	56.90	58	25	0	125	298	114	171	1e-16	71.6
scaffold176977	OTU_0271	54.39	57	24	1	515	679	241	297	5e-11	57.0
scaffold177721	OTU_0314	35.45	189	82	5	1194	748	114	302	3e-21	87.4
scaffold179377	OTU_0311	48.44	64	32	1	849	661	40	103	3e-12	57.8
scaffold180333	OTU_0015	34.81	135	85	3	946	548	9	142	4e-18	65.9
scaffold180333	OTU_0015	29.51	122	46	3	546	301	143	264	4e-18	36.6
scaffold184755	OTU_0317	25.71	280	173	10	873	121	23	296	3e-14	66.6
scaffold185805	OTU_0144	66.04	53	18	0	1129	971	261	313	2e-16	73.2
scaffold186987	OTU_0042	39.33	178	69	7	708	289	125	301	3e-23	92.8
scaffold187209	OTU_0224	36.81	182	75	6	94	528	2	180	7e-19	78.6
scaffold188442	OTU_0124	40.48	84	36	4	1184	972	68	150	1e-11	56.6
scaffold188501	OTU_0115	35.96	178	74	4	983	570	2	179	3e-19	79.3
scaffold189427	OTU_0124	50.00	54	26	1	202	363	98	150	5e-11	54.7
scaffold190383	OTU_0219	28.18	220	112	8	1183	617	99	303	5e-11	56.6
scaffold190571	OTU_0249	32.66	199	92	6	35	514	93	288	9e-20	82.4
scaffold191900	OTU_0026	52.78	72	34	0	1119	904	125	196	2e-18	77.0
scaffold192710	OTU_0005	99.17	120	1	0	38	397	1	120	6e-83	  247
scaffold193246	OTU_0196	28.47	274	165	8	33	791	39	302	6e-23	91.7
scaffold195960	OTU_0076	36.00	175	108	4	647	1162	2	175	7e-21	85.9
scaffold198926	OTU_0274	51.85	54	26	0	195	34	155	208	2e-11	56.6
scaffold199968	OTU_0072	32.57	304	150	9	770	3	3	299	2e-31	  116
scaffold203039	OTU_0012	27.78	180	93	3	455	883	12	191	1e-15	68.9
scaffold206494	OTU_0339	31.39	223	107	6	17	547	82	304	9e-19	79.7
scaffold210935	OTU_0155	33.33	147	84	5	658	1092	40	174	6e-13	62.4
scaffold212757	OTU_0144	33.97	209	96	8	902	384	102	304	1e-22	90.9
scaffold213023	OTU_0203	37.36	91	53	2	73	345	67	153	3e-11	55.5
scaffold216307	OTU_0260	31.34	217	100	5	283	813	3	210	6e-20	81.6
scaffold223179	OTU_0218	28.14	295	148	12	18	773	39	312	7e-20	82.8
scaffold224012	OTU_0125	26.23	183	99	6	1048	599	79	258	1e-12	60.8
scaffold225631	OTU_0013	28.24	216	109	7	1041	493	96	298	1e-14	67.4
scaffold229081	OTU_0140	31.56	225	107	5	855	274	90	298	5e-19	80.1
scaffold229374	OTU_0037	33.67	294	155	9	295	1062	2	293	3e-35	  127
scaffold229631	OTU_0161	34.07	182	82	4	529	98	3	184	2e-16	70.9
scaffold231122	OTU_0031	35.64	202	87	6	495	1	93	288	4e-17	74.7
scaffold233142	OTU_0308	96.59	88	3	0	279	16	128	215	6e-53	  171
scaffold238240	OTU_0001	22.15	307	184	9	964	194	2	303	7e-11	55.8
scaffold247902	OTU_0198	28.83	274	145	7	1008	295	40	299	2e-18	78.2
scaffold248670	OTU_0105	46.03	63	34	0	768	580	192	254	4e-11	56.2
scaffold249457	OTU_0229	36.96	184	83	3	554	1006	26	209	1e-25	97.4
scaffold250294	OTU_0305	65.79	38	13	0	115	2	125	162	2e-11	55.8
scaffold254218	OTU_0079	29.90	311	150	9	82	873	11	300	1e-26	  102
scaffold254986	OTU_0155	35.71	266	137	6	282	980	36	300	5e-39	  136
scaffold258712	OTU_0104	69.05	42	13	0	997	872	196	237	1e-14	66.2
scaffold259038	OTU_0266	29.15	319	165	12	60	887	1	301	2e-20	83.6
scaffold263445	OTU_0194	36.94	111	56	3	473	790	74	175	9e-12	58.5
scaffold264185	OTU_0267	52.73	55	26	0	49	213	241	295	2e-14	66.2
scaffold267567	OTU_0223	34.48	145	84	5	431	3	40	175	3e-14	65.1
scaffold268808	OTU_0218	32.98	191	88	5	138	593	123	312	9e-19	79.0
scaffold270646	OTU_0260	27.49	211	108	7	72	611	11	207	2e-14	65.5
scaffold272617	OTU_0351	31.41	156	68	4	613	966	33	187	1e-11	57.0
scaffold274566	OTU_0010	35.94	281	133	6	945	235	37	314	8e-43	  146
scaffold279418	OTU_0305	69.57	46	14	0	6	143	128	173	4e-17	72.0
scaffold282050	OTU_0339	34.84	221	97	6	316	870	92	301	2e-24	95.1
scaffold282094	OTU_0287	30.13	312	153	14	896	78	14	299	3e-15	68.9
scaffold288436	OTU_0249	46.03	63	33	1	370	185	215	277	6e-11	55.8
scaffold289853	OTU_0162	29.90	291	156	7	935	174	23	302	1e-25	98.6
scaffold290216	OTU_0267	23.41	299	175	8	890	84	21	295	4e-12	59.7
scaffold290597	OTU_0176	33.19	238	120	5	650	3	4	224	3e-23	90.1
scaffold290922	OTU_0084	55.17	58	26	0	911	738	114	171	8e-16	68.2
scaffold291609	OTU_0229	32.41	216	104	5	316	858	1	209	7e-25	94.7
scaffold293252	OTU_0295	36.21	174	76	5	928	512	131	304	2e-22	89.4
scaffold293372	OTU_0140	29.69	320	157	14	90	926	6	298	4e-20	82.4
scaffold293696	OTU_0046	33.81	139	74	6	417	4	35	156	6e-11	55.8
scaffold294422	OTU_0335	31.82	176	101	6	384	896	2	163	6e-13	62.0
scaffold294841	OTU_0095	32.71	269	114	9	923	258	54	302	1e-21	86.7
scaffold295099	OTU_0260	32.60	181	82	3	46	468	30	210	1e-18	76.6
scaffold295753	OTU_0043	32.07	184	89	4	9	452	120	303	4e-24	94.0
scaffold298073	OTU_0325	31.61	174	79	7	913	512	31	204	6e-13	60.8
scaffold298554	OTU_0125	30.65	186	80	6	914	477	82	258	2e-13	62.4
scaffold301561	OTU_0229	40.54	185	72	6	897	454	26	209	4e-28	  104
scaffold304475	OTU_0101	32.58	178	76	6	14	421	126	301	3e-12	59.7
scaffold311905	OTU_0191	28.99	169	98	5	394	888	31	181	1e-10	54.7
scaffold312019	OTU_0341	34.13	126	55	5	809	507	176	298	3e-14	65.9
scaffold316172	OTU_0054	100.00	220	0	0	233	892	1	220	1e-137	  387
scaffold316270	OTU_0274	35.71	210	94	7	81	605	1	204	4e-27	  100
scaffold316657	OTU_0017	36.31	168	73	4	888	487	29	196	2e-23	90.5
scaffold317694	OTU_0229	59.09	44	18	0	31	162	169	212	3e-14	64.3
scaffold319749	OTU_0177	35.10	302	145	12	10	810	15	300	3e-32	  117
scaffold320822	OTU_0234	38.57	70	43	0	644	853	229	298	2e-11	57.0
scaffold321525	OTU_0265	58.54	41	17	0	62	184	132	172	9e-12	56.6
scaffold323698	OTU_0229	30.67	238	95	8	19	615	2	208	3e-18	75.5
scaffold324363	OTU_0281	100.00	97	0	0	879	589	6	102	3e-66	  200
scaffold325557	OTU_0126	33.49	218	112	5	761	186	88	298	1e-20	83.6
scaffold326111	OTU_0121	44.32	88	49	0	625	362	214	301	3e-19	79.7
scaffold327680	OTU_0229	38.42	190	96	5	31	540	21	209	6e-24	92.0
scaffold329672	OTU_0305	64.44	45	16	0	786	652	129	173	7e-16	68.2
scaffold333630	OTU_0150	31.46	178	90	6	58	498	38	214	2e-16	70.1
scaffold334637	OTU_0198	32.58	264	131	9	204	863	13	273	1e-23	92.4
scaffold335450	OTU_0013	27.80	205	100	7	515	27	103	301	3e-13	62.8
scaffold338248	OTU_0176	32.64	193	96	7	2	556	46	212	2e-18	75.5
scaffold341880	OTU_0305	65.79	38	13	0	115	228	138	175	2e-12	58.2
scaffold342018	OTU_0314	29.03	310	156	13	837	22	20	303	4e-16	70.9
scaffold342370	OTU_0141	32.86	210	103	8	67	597	97	301	4e-17	73.6
scaffold347847	OTU_0024	99.56	225	1	0	676	2	1	225	2e-147	  411
scaffold349647	OTU_0095	36.21	174	69	4	5	403	130	302	5e-21	84.3
scaffold350469	OTU_0155	32.12	137	80	4	406	2	47	172	9e-11	55.1
scaffold352102	OTU_0157	26.91	223	110	8	119	664	89	299	6e-13	61.6
scaffold357744	OTU_0217	27.50	200	105	6	735	235	106	298	2e-13	63.2
scaffold360514	OTU_0140	33.52	182	79	4	103	528	119	298	3e-21	85.1
scaffold362193	OTU_0191	37.58	157	87	5	374	826	8	159	6e-24	92.4
scaffold365168	OTU_0281	71.43	49	14	0	12	158	41	89	4e-18	72.4
scaffold367406	OTU_0234	32.97	273	130	9	18	710	43	304	4e-30	  110
scaffold367788	OTU_0265	73.81	42	11	0	83	208	134	175	2e-16	69.3
scaffold368782	OTU_0140	42.35	85	39	2	773	549	214	298	2e-15	68.6
scaffold368923	OTU_0305	55.74	61	27	0	634	452	114	174	1e-19	78.2
scaffold372827	OTU_0046	81.10	164	31	0	494	3	1	164	6e-77	  234
scaffold375261	OTU_0031	32.17	258	124	8	79	753	73	312	1e-25	97.4
scaffold375828	OTU_0203	57.14	56	24	0	17	184	97	152	1e-16	69.3
scaffold378564	OTU_0260	34.27	213	96	6	807	280	8	213	9e-22	85.5
scaffold380050	OTU_0318	36.31	179	78	7	20	451	128	305	4e-22	87.4
scaffold380843	OTU_0163	46.30	54	29	0	31	192	97	150	1e-11	55.8
scaffold382034	OTU_0155	34.03	191	85	6	339	803	97	282	8e-21	83.6
scaffold383252	OTU_0341	27.66	188	83	5	793	356	125	301	8e-13	60.8
scaffold385580	OTU_0229	33.18	214	89	5	55	552	2	209	2e-15	67.0
scaffold387895	OTU_0095	36.22	185	74	6	777	346	121	302	5e-23	90.1
scaffold389125	OTU_0277	34.78	115	73	2	278	622	39	151	4e-16	67.8
scaffold389359	OTU_0203	61.29	62	23	1	702	517	92	152	3e-19	77.0
scaffold394249	OTU_0155	35.43	223	93	8	762	214	89	300	8e-22	86.3
scaffold395927	OTU_0262	34.33	201	94	6	55	555	3	199	5e-16	68.6
scaffold396482	OTU_0224	30.29	175	80	4	343	744	3	176	4e-15	65.5
scaffold405911	OTU_0104	32.46	228	112	10	633	55	24	244	5e-18	74.7
scaffold407936	OTU_0305	65.79	38	13	0	775	662	139	176	3e-12	57.4
scaffold409401	OTU_0128	43.39	242	132	2	37	762	1	237	1e-57	  184
scaffold410075	OTU_0300	31.19	218	100	11	29	586	31	230	8e-13	60.1
scaffold416093	OTU_0284	47.83	69	29	1	568	383	1	69	2e-16	71.2
scaffold417633	OTU_0315	72.22	36	10	0	577	470	74	109	2e-13	59.7
scaffold418052	OTU_0317	35.24	210	91	8	529	2	92	290	7e-18	75.1
scaffold418729	OTU_0153	27.94	247	127	6	23	649	70	303	3e-14	65.1
scaffold418929	OTU_0218	26.44	208	113	7	672	163	102	307	9e-11	54.7
scaffold422408	OTU_0126	32.43	222	121	5	52	651	82	296	7e-23	89.4
scaffold422955	OTU_0249	39.76	83	45	2	34	273	193	273	1e-11	57.0
scaffold428671	OTU_0052	43.48	69	37	1	586	386	229	297	3e-13	62.0
scaffold429792	OTU_0003	55.88	68	30	0	376	579	234	301	9e-19	77.4
scaffold438467	OTU_0212	36.78	174	93	6	174	668	15	180	1e-21	85.5
scaffold440681	OTU_0232	64.58	48	17	0	2	145	233	280	3e-14	64.3
scaffold440726	OTU_0132	34.25	292	141	7	740	3	13	299	2e-39	  135
scaffold443878	OTU_0104	55.17	58	26	0	740	567	178	235	1e-16	70.5
scaffold446064	OTU_0275	57.81	64	27	0	720	529	75	138	4e-20	79.0
scaffold447218	OTU_0096	57.97	69	29	0	735	529	117	185	5e-21	82.4
scaffold454444	OTU_0107	61.25	240	88	1	722	3	42	276	2e-78	  237
scaffold454829	OTU_0262	53.23	62	29	0	10	195	138	199	6e-14	62.4
scaffold455440	OTU_0203	55.36	56	25	0	77	244	97	152	2e-15	65.5
scaffold456709	OTU_0191	39.81	108	51	3	474	154	86	180	2e-15	67.0
scaffold462551	OTU_0140	35.91	181	77	5	218	643	118	298	4e-21	84.0
scaffold463880	OTU_0023	36.84	209	90	6	720	202	104	306	2e-25	96.3
scaffold466245	OTU_0105	36.30	146	55	3	713	390	95	240	5e-19	77.4
scaffold469285	OTU_0267	32.24	214	97	8	665	150	88	295	6e-19	77.8
scaffold472303	OTU_0068	57.89	57	24	0	712	542	92	148	1e-18	75.1
scaffold473298	OTU_0262	27.69	195	101	6	625	158	3	196	8e-14	62.0
scaffold475450	OTU_0084	62.50	48	18	0	710	567	124	171	4e-15	64.7
scaffold478112	OTU_0300	28.50	214	117	7	706	164	20	230	1e-13	62.0
scaffold482663	OTU_0029	47.76	67	35	0	8	208	107	173	4e-15	64.7
scaffold483662	OTU_0206	29.26	188	99	7	94	579	122	301	1e-12	60.1
scaffold483729	OTU_0274	34.27	213	101	6	620	81	1	207	2e-27	  100
scaffold485425	OTU_0229	29.03	217	107	9	670	116	11	212	4e-13	60.1
scaffold487009	OTU_0315	75.68	37	9	0	166	276	73	109	8e-15	63.2
scaffold494595	OTU_0315	79.41	34	7	0	696	595	87	120	7e-14	60.5
scaffold500644	OTU_0301	30.21	235	114	7	12	587	68	295	5e-23	89.4
scaffold501465	OTU_0247	66.97	218	69	1	654	1	15	229	1e-88	  260
scaffold501483	OTU_0315	55.32	47	21	0	69	209	74	120	4e-12	55.5
scaffold503043	OTU_0042	28.57	245	123	7	16	621	74	309	9e-23	88.6
scaffold505499	OTU_0219	58.70	46	19	0	272	135	255	300	2e-13	62.0
scaffold506600	OTU_0203	72.09	43	12	0	541	413	110	152	9e-18	72.0
scaffold506771	OTU_0275	54.69	64	29	0	607	416	75	138	3e-18	73.6
scaffold507004	OTU_0143	36.53	167	96	6	52	537	9	170	5e-25	94.0
scaffold507861	OTU_0320	32.26	217	96	6	682	158	95	302	3e-22	87.0
scaffold509560	OTU_0068	54.69	64	29	0	2	193	85	148	5e-19	75.9
scaffold514679	OTU_0104	48.65	74	33	1	568	362	162	235	2e-17	72.4
scaffold515097	OTU_0277	29.73	111	76	2	78	407	42	151	9e-12	55.1
scaffold516235	OTU_0320	35.09	228	96	8	8	574	88	302	1e-23	91.3
scaffold523540	OTU_0076	35.85	212	88	7	130	642	99	303	4e-25	95.1
scaffold523607	OTU_0258	36.82	201	87	7	7	507	108	302	4e-26	98.2
scaffold536036	OTU_0306	33.78	74	48	1	232	14	9	82	4e-11	53.1
scaffold541377	OTU_0107	50.75	67	31	1	503	309	237	303	3e-14	63.9
scaffold542800	OTU_0274	96.08	153	6	0	202	660	1	153	8e-96	  277
scaffold546963	OTU_0161	36.24	149	71	3	6	380	36	184	3e-15	65.1
scaffold547949	OTU_0203	65.91	44	15	0	352	483	109	152	2e-17	70.9
scaffold548897	OTU_0257	35.14	111	66	3	329	655	7	113	4e-11	52.4
scaffold549058	OTU_0203	41.51	106	46	3	406	98	60	152	1e-17	72.0
scaffold555465	OTU_0121	36.61	183	77	6	32	466	120	301	2e-22	87.4
scaffold558884	OTU_0164	37.86	103	61	3	347	646	7	109	3e-14	62.8
scaffold559211	OTU_0196	29.76	168	80	5	138	530	134	300	1e-11	56.2
scaffold562090	OTU_0300	26.84	190	95	6	647	183	50	230	1e-11	55.8
scaffold565697	OTU_0137	30.51	177	105	6	642	121	19	180	1e-11	56.6
scaffold569780	OTU_0157	35.80	176	77	5	13	432	127	302	4e-25	95.1
scaffold571052	OTU_0229	81.48	27	5	0	306	226	196	222	7e-11	53.5
scaffold574430	OTU_0226	28.96	221	113	6	27	578	84	297	2e-26	98.6
scaffold578466	OTU_0107	60.38	53	21	0	3	161	261	313	2e-15	67.4
scaffold579985	OTU_0246	29.69	192	111	5	3	572	14	183	3e-11	55.1
scaffold582764	OTU_0229	31.36	220	97	8	636	103	2	209	2e-18	74.3
scaffold584928	OTU_0015	31.30	246	118	11	616	2	48	283	9e-16	68.2
scaffold586189	OTU_0140	47.76	67	35	0	96	296	235	301	6e-16	68.6
scaffold589399	OTU_0208	31.74	167	75	5	386	3	123	289	8e-16	68.2
scaffold590310	OTU_0084	60.38	53	21	0	179	337	119	171	2e-16	68.2
scaffold591660	OTU_0150	36.11	180	77	6	2	439	40	215	2e-26	97.4
scaffold593411	OTU_0019	41.57	89	41	3	283	516	208	296	3e-11	55.1
scaffold594284	OTU_0133	50.00	56	28	0	541	374	88	143	9e-11	52.0
scaffold594784	OTU_0305	56.14	57	25	0	516	346	117	173	7e-20	78.2
scaffold600756	OTU_0229	30.15	199	90	4	478	2	2	191	4e-18	73.6
scaffold606406	OTU_0265	54.55	44	20	0	389	520	132	175	3e-12	56.6
scaffold608923	OTU_0248	34.29	210	90	9	3	524	87	284	9e-23	87.8
scaffold611864	OTU_0229	26.70	191	89	6	44	502	27	204	7e-12	56.2
scaffold614408	OTU_0229	37.30	185	80	5	547	101	26	210	3e-26	96.7
scaffold616889	OTU_0197	50.00	62	31	0	534	349	114	175	2e-15	65.5
scaffold622572	OTU_0246	37.84	185	82	7	97	561	121	302	4e-24	91.7
scaffold631825	OTU_0305	60.87	46	18	0	607	470	128	173	2e-14	62.0
scaffold634729	OTU_0229	37.23	188	85	5	552	76	26	209	6e-21	82.0
scaffold636045	OTU_0084	68.29	41	13	0	606	484	131	171	1e-13	60.5
scaffold636090	OTU_0203	70.73	41	12	0	67	189	110	150	3e-17	70.1
scaffold640867	OTU_0320	36.72	177	76	5	461	39	126	302	3e-22	86.7
scaffold645340	OTU_0133	41.25	80	46	1	134	373	69	147	2e-12	56.2
scaffold645687	OTU_0119	33.82	136	81	3	170	571	94	222	1e-11	56.2
scaffold657302	OTU_0104	56.82	44	19	0	134	3	186	229	4e-12	57.0
scaffold658634	OTU_0165	42.02	119	65	3	481	131	62	178	7e-18	72.4
scaffold667501	OTU_0157	54.10	61	28	0	317	499	242	302	6e-19	77.0
scaffold667969	OTU_0246	33.14	172	75	5	1	402	133	302	3e-18	75.1
scaffold668320	OTU_0305	77.78	36	8	0	178	285	138	173	3e-15	64.7
scaffold669098	OTU_0140	49.25	67	34	0	115	315	235	301	2e-16	69.7
scaffold671569	OTU_0021	28.89	180	94	3	497	60	72	251	3e-14	62.8
scaffold672391	OTU_0203	70.00	40	12	0	102	221	111	150	2e-16	68.2
scaffold677435	OTU_0140	57.81	64	27	0	294	485	235	298	2e-20	80.9
scaffold678010	OTU_0140	47.89	71	32	1	557	345	235	300	2e-15	66.6
scaffold680480	OTU_0157	36.11	180	77	4	12	437	123	302	3e-24	92.0
scaffold683264	OTU_0271	54.39	57	24	1	187	351	241	297	4e-11	54.7
scaffold685679	OTU_0284	56.25	48	17	1	234	91	1	44	2e-11	55.5
scaffold686877	OTU_0116	41.49	94	51	2	187	468	89	178	3e-14	63.5
scaffold689326	OTU_0155	33.01	209	99	6	522	1	98	300	7e-26	96.7
scaffold690764	OTU_0025	35.00	140	70	7	21	431	45	166	1e-11	55.8
scaffold698040	OTU_0155	29.17	216	108	7	531	1	73	282	4e-18	74.3
scaffold707494	OTU_0003	57.63	59	25	0	570	394	243	301	4e-18	74.3
scaffold712351	OTU_0203	65.31	49	17	0	4	150	107	155	1e-19	76.6
scaffold715942	OTU_0203	66.67	60	16	2	43	210	93	152	3e-20	78.6
scaffold720827	OTU_0246	74.00	50	13	0	7	156	253	302	2e-19	78.2
scaffold721769	OTU_0235	36.00	175	92	6	497	6	3	168	1e-19	77.8
scaffold728617	OTU_0114	44.32	88	49	0	11	274	89	176	1e-19	77.4
scaffold729763	OTU_0335	43.48	92	52	0	297	22	222	313	4e-16	68.9
scaffold730943	OTU_0351	41.06	207	80	8	39	560	1	198	6e-21	81.3
scaffold732271	OTU_0183	35.71	140	87	3	132	545	10	148	1e-15	67.4
scaffold734939	OTU_0163	35.05	97	52	4	253	519	59	152	6e-12	54.7
scaffold735543	OTU_0096	38.30	94	56	2	494	216	82	174	2e-11	53.9
scaffold741877	OTU_0084	58.62	58	24	0	185	358	114	171	5e-18	72.4
scaffold742665	OTU_0265	54.55	44	20	0	44	175	131	174	7e-11	52.4
scaffold743843	OTU_0005	43.55	62	33	1	17	202	61	120	3e-11	52.0
scaffold748852	OTU_0203	56.36	55	23	1	5	169	102	155	3e-18	73.2
scaffold749253	OTU_0029	80.00	50	10	0	555	406	134	183	2e-23	87.8
scaffold749937	OTU_0219	39.71	68	40	1	554	351	240	306	2e-11	55.1
scaffold751760	OTU_0043	53.49	43	20	0	535	407	259	301	9e-13	58.9
scaffold752340	OTU_0267	69.77	43	13	0	546	418	253	295	6e-16	68.2
scaffold752375	OTU_0192	65.71	35	12	0	3	107	64	98	2e-12	55.5
scaffold752784	OTU_0260	34.91	169	67	4	1	378	44	212	6e-21	81.3
scaffold755601	OTU_0150	36.84	95	52	3	190	471	8	95	4e-13	58.9
scaffold765808	OTU_0233	54.55	44	20	0	231	362	260	303	1e-11	55.8
scaffold770672	OTU_0150	62.30	61	23	0	88	270	157	217	2e-19	77.0
scaffold771844	OTU_0341	47.89	71	32	1	226	423	228	298	8e-15	65.1
scaffold772210	OTU_0265	67.39	46	15	0	1	138	130	175	3e-16	67.4
scaffold781391	OTU_0133	60.00	65	26	0	540	346	95	159	6e-22	83.2
scaffold781981	OTU_0107	31.40	207	86	6	482	3	102	299	4e-19	76.6
scaffold784254	OTU_0229	30.10	196	89	7	460	8	31	223	3e-12	56.2
scaffold787203	OTU_0197	51.61	62	30	0	532	347	114	175	3e-15	64.7
scaffold788853	OTU_0311	41.27	63	37	0	193	5	28	90	2e-12	55.5
scaffold789889	OTU_0203	59.02	61	25	0	409	227	93	153	2e-22	84.3
scaffold791430	OTU_0165	40.61	165	93	4	498	13	1	163	7e-28	99.4
scaffold791697	OTU_0138	44.29	70	38	1	535	329	1	70	3e-12	55.5
scaffold807629	OTU_0275	45.31	64	35	0	47	238	75	138	3e-15	64.3
scaffold810062	OTU_0247	66.67	51	17	0	379	531	39	89	5e-18	73.2
scaffold812917	OTU_0305	66.67	45	15	0	1	135	129	173	2e-17	70.5
scaffold814823	OTU_0225	30.24	205	99	8	515	9	97	293	8e-11	53.1
scaffold814975	OTU_0203	64.52	62	21	1	473	288	94	154	6e-23	85.9
scaffold815248	OTU_0104	67.35	49	16	0	529	383	196	244	1e-17	72.0
scaffold817318	OTU_0320	29.41	204	93	8	489	1	95	288	4e-15	65.5
scaffold818314	OTU_0163	48.00	75	34	1	317	526	72	146	4e-17	69.3
scaffold827830	OTU_0238	41.67	72	41	1	506	294	133	204	9e-14	60.5
scaffold828745	OTU_0084	51.72	58	28	0	176	3	108	165	1e-16	68.2
scaffold829339	OTU_0121	57.63	59	25	0	156	332	243	301	2e-17	72.0
scaffold832155	OTU_0203	63.64	55	20	0	461	297	98	152	7e-21	80.1
scaffold842979	OTU_0193	32.95	173	101	7	505	2	13	175	2e-11	55.1
scaffold843395	OTU_0124	38.55	83	37	3	67	276	69	150	1e-12	56.6
scaffold847336	OTU_0044	64.10	39	14	0	1	117	250	288	8e-12	55.8
scaffold851650	OTU_0176	34.11	214	88	7	1	516	4	206	2e-23	88.2
scaffold856168	OTU_0176	48.98	98	39	3	410	147	128	224	4e-20	79.0
scaffold856295	OTU_0021	45.76	59	31	1	24	197	193	251	3e-13	59.3
scaffold857336	OTU_0305	41.94	62	35	1	74	259	113	173	3e-12	55.5
scaffold860017	OTU_0121	27.75	191	92	4	467	18	94	279	1e-14	64.3
scaffold863174	OTU_0235	30.77	156	85	7	478	26	76	213	4e-11	53.1
scaffold866788	OTU_0305	55.36	56	25	0	169	2	110	165	2e-15	64.7
scaffold867822	OTU_0305	69.70	33	10	0	512	414	144	176	4e-12	55.1
scaffold872857	OTU_0284	36.26	182	84	6	461	12	121	302	1e-22	86.7
scaffold873116	OTU_0141	38.98	177	60	5	456	70	125	301	5e-25	93.2
scaffold873860	OTU_0203	46.88	96	40	3	413	156	61	155	7e-24	88.2
scaffold875490	OTU_0260	45.16	62	33	1	402	217	152	212	9e-12	55.1
scaffold877594	OTU_0229	31.05	190	89	7	47	508	7	190	1e-15	65.5
scaffold877924	OTU_0258	36.11	180	82	4	508	68	123	302	8e-20	78.6
scaffold880679	OTU_0265	78.26	46	10	0	18	155	130	175	2e-19	76.3
scaffold884000	OTU_0226	44.64	56	31	0	310	143	245	300	6e-11	53.1
scaffold890001	OTU_0044	52.17	46	22	0	365	502	258	303	6e-14	48.1
scaffold890001	OTU_0044	55.26	38	17	0	271	384	223	260	6e-14	38.9
scaffold893467	OTU_0161	47.30	74	31	3	378	157	130	195	2e-11	53.5
scaffold895428	OTU_0340	38.89	126	73	3	493	122	54	177	7e-21	80.9
scaffold895741	OTU_0305	64.29	56	20	0	352	185	119	174	3e-20	78.6
scaffold896906	OTU_0176	28.81	177	85	4	5	412	36	212	3e-16	67.4
scaffold899713	OTU_0246	36.65	191	81	5	494	39	113	302	8e-22	84.0
scaffold901020	OTU_0203	71.74	46	13	0	491	354	107	152	8e-18	71.2
scaffold902503	OTU_0021	31.03	174	66	6	1	366	79	250	5e-14	61.6
scaffold904104	OTU_0197	57.38	61	26	0	128	310	115	175	3e-18	72.8
scaffold905189	OTU_0351	35.80	162	63	6	500	138	40	201	2e-17	70.5
scaffold912223	OTU_0165	30.56	144	89	4	30	455	26	160	3e-13	58.2
scaffold923653	OTU_0265	56.90	58	21	1	24	197	130	183	9e-17	68.6
scaffold928931	OTU_0203	69.77	43	13	0	365	237	110	152	2e-16	67.8
scaffold930455	OTU_0294	35.24	105	62	2	32	346	88	186	9e-12	55.5
scaffold930635	OTU_0234	29.89	184	94	4	464	18	118	301	7e-21	81.3
scaffold933324	OTU_0305	62.90	62	22	1	170	352	114	175	2e-21	81.6
scaffold935974	OTU_0196	34.01	147	94	3	55	489	19	164	6e-16	67.8
scaffold937289	OTU_0274	40.82	98	48	1	490	227	120	217	2e-20	79.3
scaffold944523	OTU_0203	45.90	61	31	1	8	184	97	157	5e-12	54.7
scaffold950041	OTU_0096	48.65	74	31	2	32	232	96	169	6e-16	66.2
scaffold951641	OTU_0256	43.28	67	36	2	287	484	219	284	2e-11	54.3
scaffold952104	OTU_0236	33.97	156	99	4	24	485	2	155	3e-19	76.6
scaffold955993	OTU_0020	34.25	181	86	5	38	484	97	276	3e-21	82.4
scaffold959891	OTU_0126	39.20	176	67	5	484	71	122	295	4e-22	84.7
scaffold963030	OTU_0225	29.71	175	81	6	414	13	126	299	2e-15	65.9
scaffold964786	OTU_0013	36.84	152	91	4	1	444	32	182	1e-21	83.2
scaffold964973	OTU_0235	40.15	137	70	3	6	398	48	178	4e-20	78.2
scaffold966609	OTU_0305	66.15	65	20	2	25	216	113	176	1e-21	82.0
scaffold966763	OTU_0067	37.24	145	90	1	12	446	36	179	4e-16	68.2
scaffold967390	OTU_0219	31.29	147	88	6	19	450	47	183	6e-11	53.1
scaffold975874	OTU_0065	57.78	45	19	0	456	322	209	253	2e-13	59.7
scaffold979406	OTU_0267	28.88	187	93	5	461	3	85	265	5e-13	59.3
scaffold979441	OTU_0140	64.81	54	19	0	164	3	244	297	3e-20	79.3
scaffold980634	OTU_0233	40.22	92	47	2	206	478	92	176	5e-12	56.2
scaffold984881	OTU_0155	26.11	180	92	4	476	60	121	300	3e-15	65.9
scaffold987670	OTU_0305	70.59	51	15	0	249	97	124	174	7e-22	82.8
scaffold992125	OTU_0175	56.41	39	17	0	276	160	264	302	2e-11	54.7
scaffold998062	OTU_0140	51.56	64	31	0	172	363	235	298	7e-19	75.5
scaffold1005028	OTU_0305	69.05	42	13	0	2	127	134	175	3e-16	67.0
scaffold1007815	OTU_0351	35.96	178	80	4	2	433	27	204	3e-17	70.1
scaffold1011120	OTU_0265	71.11	45	13	0	189	55	131	175	8e-18	71.2
scaffold1013050	OTU_0233	58.97	39	16	0	10	126	265	303	3e-11	54.3
scaffold1015878	OTU_0305	64.44	45	16	0	134	268	129	173	3e-16	67.0
scaffold1017587	OTU_0234	34.06	138	79	3	37	450	41	166	5e-12	56.2
scaffold1022787	OTU_0312	34.21	152	98	2	2	454	15	165	3e-24	90.9
scaffold1024175	OTU_0275	43.40	106	53	2	1	297	36	141	3e-23	85.5
scaffold1026115	OTU_0020	52.73	55	26	0	32	196	254	308	5e-13	58.9
scaffold1036424	OTU_0005	81.82	33	6	0	5	103	88	120	5e-13	57.0
scaffold1040596	OTU_0008	99.28	139	1	0	418	2	1	139	4e-75	  222
scaffold1041068	OTU_0079	30.54	167	84	5	54	461	121	286	3e-11	54.3
scaffold1045655	OTU_0275	41.18	85	45	1	395	156	66	150	2e-13	58.2
scaffold1047244	OTU_0150	37.86	103	49	3	55	348	3	95	7e-13	57.8
scaffold1047456	OTU_0124	40.96	83	35	3	356	147	69	150	2e-12	55.8
scaffold1051322	OTU_0222	50.79	63	31	0	147	335	235	297	1e-19	77.4
scaffold1053788	OTU_0150	37.14	175	77	5	1	426	40	214	9e-25	91.3
scaffold1058295	OTU_0351	34.88	172	79	3	450	34	33	204	1e-19	76.6
scaffold1060166	OTU_0217	35.36	181	86	7	455	3	119	298	3e-24	90.5
scaffold1062503	OTU_0223	25.52	145	97	4	449	21	49	184	9e-11	52.0
scaffold1065285	OTU_0152	30.86	162	77	3	454	74	94	255	1e-16	68.9
scaffold1068985	OTU_0189	64.91	57	20	0	31	201	257	313	1e-19	77.4
scaffold1072653	OTU_0325	31.84	179	87	3	3	434	29	207	8e-22	82.8
scaffold1076094	OTU_0079	32.12	165	67	6	374	3	114	274	2e-11	54.3
scaffold1086148	OTU_0305	59.38	64	26	0	6	197	113	176	1e-20	79.0
scaffold1086877	OTU_0175	56.00	50	22	0	270	121	236	285	7e-14	61.6
scaffold1087634	OTU_0203	37.66	77	47	1	336	109	75	151	7e-11	50.8
scaffold1094181	OTU_0265	53.33	45	21	0	6	140	130	174	3e-11	52.4
scaffold1094748	OTU_0197	49.18	61	31	0	1	183	115	175	2e-14	61.2
scaffold1095288	OTU_0339	57.63	59	25	0	385	209	243	301	4e-17	70.5
scaffold1102713	OTU_0305	78.57	42	9	0	62	187	132	173	2e-18	73.2
scaffold1102924	OTU_0053	85.39	89	4	1	447	181	125	204	1e-45	  145
scaffold1103181	OTU_0092	38.24	102	58	4	361	68	2	102	4e-13	57.4
scaffold1103850	OTU_0335	33.66	101	60	3	22	312	217	314	9e-11	52.4
scaffold1107447	OTU_0278	64.71	51	18	0	403	251	160	210	2e-17	70.1
scaffold1108633	OTU_0335	34.44	151	67	5	360	1	125	274	2e-11	54.3
scaffold1109886	OTU_0275	45.45	55	29	1	268	432	88	141	3e-12	55.1
scaffold1111924	OTU_0030	61.02	59	19	1	55	219	243	301	2e-17	71.2
scaffold1116347	OTU_0341	48.04	102	41	3	361	83	216	314	5e-24	89.7
scaffold1120610	OTU_0133	43.10	58	33	0	6	179	87	144	9e-11	50.4
scaffold1121106	OTU_0176	39.34	61	37	0	46	228	30	90	8e-13	57.4
scaffold1121512	OTU_0312	76.26	139	30	1	422	6	52	187	5e-53	  167
scaffold1132551	OTU_0283	41.49	94	53	2	277	2	5	98	6e-14	61.6
scaffold1138205	OTU_0315	59.57	47	19	0	438	298	68	114	3e-15	62.8
scaffold1143164	OTU_0140	51.47	68	33	0	1	204	244	311	6e-20	78.2
scaffold1146597	OTU_0203	40.68	59	33	1	259	83	93	149	3e-11	52.0
scaffold1152547	OTU_0262	32.12	137	56	4	311	9	63	198	3e-11	52.8
scaffold1166580	OTU_0003	44.30	79	42	2	87	323	235	311	9e-16	66.6
scaffold1167062	OTU_0140	53.33	60	28	0	411	232	239	298	9e-18	72.0
scaffold1167460	OTU_0030	62.90	62	23	0	170	355	243	304	7e-21	80.9
scaffold1170329	OTU_0203	63.41	41	15	0	272	394	112	152	1e-16	67.4
scaffold1173701	OTU_0140	33.72	172	79	5	15	428	116	286	9e-17	69.3
scaffold1188194	OTU_0315	100.00	120	0	0	65	424	1	120	2e-87	  249
scaffold1188570	OTU_0299	40.82	98	49	2	4	270	68	165	4e-21	80.1
scaffold1194793	OTU_0159	36.51	63	39	1	311	126	52	114	4e-11	51.6
scaffold1196215	OTU_0219	36.54	104	57	3	327	25	91	188	9e-11	52.4
scaffold1196588	OTU_0044	67.21	61	20	0	426	244	244	304	2e-20	79.7
scaffold1201694	OTU_0257	70.00	30	9	0	427	338	79	108	2e-11	52.0
scaffold1210245	OTU_0048	31.21	157	67	4	75	425	104	259	1e-12	57.8
scaffold1212211	OTU_0105	37.66	154	58	5	6	353	89	242	3e-19	75.5
scaffold1213611	OTU_0351	44.55	101	51	1	110	412	109	204	1e-21	82.0
scaffold1226278	OTU_0176	38.10	168	63	3	40	420	32	199	1e-15	65.1
scaffold1229607	OTU_0351	62.71	59	19	1	416	249	144	202	1e-18	73.2
scaffold1237796	OTU_0335	56.72	67	29	0	388	188	238	304	1e-20	80.1
scaffold1237981	OTU_0140	53.73	67	31	0	372	172	235	301	5e-20	78.2
scaffold1244053	OTU_0247	34.55	110	57	3	323	15	81	182	9e-11	51.6
scaffold1246882	OTU_0030	35.16	128	79	3	2	379	28	153	7e-13	58.2
scaffold1247791	OTU_0348	100.00	108	0	0	325	2	1	108	4e-63	  187
scaffold1250756	OTU_0012	31.03	145	87	4	400	2	48	191	2e-15	63.9
scaffold1254065	OTU_0305	67.35	49	16	0	290	144	125	173	7e-18	70.9
scaffold1260344	OTU_0265	69.23	39	12	0	415	299	137	175	3e-14	60.8
scaffold1263499	OTU_0341	50.00	98	39	2	5	268	217	314	1e-23	88.2
scaffold1272777	OTU_0103	42.45	139	78	1	413	3	129	267	3e-29	  103
scaffold1277940	OTU_0203	66.67	45	15	0	8	142	110	154	3e-18	72.0
scaffold1278455	OTU_0294	36.07	122	67	4	379	17	66	177	1e-11	54.3
scaffold1279210	OTU_0265	62.50	40	15	0	1	120	133	172	3e-11	52.4
scaffold1286093	OTU_0341	40.83	120	54	4	390	82	182	301	8e-20	77.8
scaffold1287815	OTU_0008	96.39	83	3	0	163	411	2	84	7e-48	  151
scaffold1293827	OTU_0271	44.79	96	49	1	407	132	218	313	5e-15	64.3
scaffold1294599	OTU_0133	41.43	70	41	0	219	10	74	143	1e-11	52.8
scaffold1299639	OTU_0016	33.71	175	75	6	2	406	82	255	5e-23	86.3
scaffold1300998	OTU_0093	47.52	101	53	0	68	370	217	317	1e-26	96.7
scaffold1303736	OTU_0140	60.94	64	25	0	154	345	235	298	3e-21	81.6
scaffold1325889	OTU_0233	36.84	95	50	2	28	309	92	177	4e-12	56.2
scaffold1327620	OTU_0231	28.99	169	84	5	404	6	19	187	3e-12	55.1
scaffold1327722	OTU_0270	81.40	43	8	0	274	402	1	43	2e-18	73.2
scaffold1329012	OTU_0155	36.89	103	48	3	342	37	88	174	5e-11	52.8
scaffold1345632	OTU_0203	55.56	54	24	0	136	297	102	155	1e-15	64.3
scaffold1352181	OTU_0351	59.26	54	22	0	135	296	148	201	3e-18	72.0
scaffold1365108	OTU_0305	58.62	58	23	1	226	396	114	171	6e-19	73.6
scaffold1368873	OTU_0305	80.95	42	8	0	397	272	133	174	4e-20	77.0
scaffold1370643	OTU_0246	39.04	146	52	4	381	55	157	302	1e-19	76.6
scaffold1380756	OTU_0275	50.00	84	31	1	4	222	55	138	4e-22	82.0
scaffold1382147	OTU_0213	48.08	52	27	0	387	232	135	186	1e-10	52.0
scaffold1383365	OTU_0016	40.30	67	39	1	213	16	196	262	7e-11	52.0
scaffold1391419	OTU_0235	43.82	89	44	4	75	335	96	180	5e-13	57.4
scaffold1392026	OTU_0224	42.05	88	32	4	172	387	92	176	5e-14	59.7
scaffold1392642	OTU_0256	46.07	89	40	3	24	287	80	161	2e-11	53.9
scaffold1392708	OTU_0213	92.59	27	2	0	286	206	289	315	4e-12	55.8
scaffold1394338	OTU_0012	44.26	61	33	1	389	207	144	203	2e-12	55.5
scaffold1400867	OTU_0218	87.80	41	5	0	390	268	276	316	4e-20	78.2
scaffold1404667	OTU_0257	44.19	86	45	2	84	338	29	112	2e-18	71.2
scaffold1407094	OTU_0047	46.99	83	43	1	119	364	1	83	1e-19	75.1
scaffold1408101	OTU_0102	100.00	31	0	0	296	388	1	31	3e-16	66.2
scaffold1408839	OTU_0163	34.69	147	66	2	372	22	6	152	8e-20	75.9
scaffold1409827	OTU_0306	29.55	132	90	3	1	390	24	154	3e-16	65.9
scaffold1414809	OTU_0306	63.16	114	42	0	347	6	1	114	3e-45	  142
scaffold1417341	OTU_0205	100.00	115	0	0	45	389	1	115	6e-78	  224
scaffold1419522	OTU_0161	42.86	63	33	1	76	264	125	184	7e-12	53.9
scaffold1422778	OTU_0125	40.00	95	56	1	20	304	47	140	5e-16	66.2
scaffold1423844	OTU_0274	31.48	162	76	4	384	4	23	184	2e-16	66.6
scaffold1424916	OTU_0341	62.71	59	22	0	42	218	256	314	1e-20	79.3
scaffold1425027	OTU_0150	49.12	57	28	1	225	58	35	91	9e-11	51.2
scaffold1434764	OTU_0076	34.93	146	61	5	23	358	156	301	4e-20	77.8
scaffold1435815	OTU_0238	28.32	173	78	4	382	2	4	176	3e-13	57.8
scaffold1436156	OTU_0315	72.73	33	9	0	3	101	74	106	3e-13	56.6
scaffold1436716	OTU_0319	41.98	81	39	3	297	61	56	130	2e-11	53.5
scaffold1442518	OTU_0265	64.58	48	17	0	355	212	131	178	6e-17	68.2
scaffold1444134	OTU_0203	59.32	59	24	0	267	91	97	155	4e-18	71.2
scaffold1450572	OTU_0157	29.76	168	74	5	5	382	131	296	3e-11	53.1
scaffold1454459	OTU_0265	58.54	41	17	0	175	53	132	172	3e-11	52.0
scaffold1458646	OTU_0140	51.47	68	33	0	43	246	231	298	6e-18	72.0
scaffold1461881	OTU_0219	61.76	68	26	0	4	207	248	315	6e-22	83.2
scaffold1466461	OTU_0140	56.25	64	28	0	355	164	235	298	2e-20	79.0
scaffold1468670	OTU_0046	35.94	128	76	5	5	376	2	127	4e-14	61.6
scaffold1473371	OTU_0240	41.18	85	49	1	379	125	49	132	3e-11	52.0
scaffold1475041	OTU_0105	38.16	76	46	1	307	80	41	115	8e-13	57.0
scaffold1477909	OTU_0305	66.67	33	11	0	1	99	141	173	2e-12	55.1
scaffold1478140	OTU_0320	40.74	108	62	2	43	363	61	167	2e-16	68.2
scaffold1478716	OTU_0203	58.49	53	22	0	161	3	97	149	1e-16	67.0
scaffold1478996	OTU_0305	89.29	28	3	0	1	84	134	161	2e-12	54.7
scaffold1480513	OTU_0278	73.17	41	11	0	1	123	173	213	2e-16	67.0
scaffold1481872	OTU_0305	66.67	42	14	0	234	359	132	173	4e-16	65.5
scaffold1491837	OTU_0305	67.39	46	15	0	149	12	128	173	4e-19	73.9
scaffold1492764	OTU_0305	54.12	85	30	3	90	317	89	173	2e-22	82.8
scaffold1496523	OTU_0274	36.20	163	64	4	377	9	42	204	2e-18	72.8
scaffold1496884	OTU_0197	48.39	62	32	0	317	132	114	175	4e-15	62.8
scaffold1497116	OTU_0131	45.65	46	25	0	176	313	213	258	1e-11	53.9
scaffold1507718	OTU_0274	43.55	62	35	0	343	158	141	202	2e-13	58.5
scaffold1511839	OTU_0013	37.07	116	66	3	344	3	184	294	3e-13	58.9
scaffold1513464	OTU_0265	54.17	48	22	0	371	228	136	183	5e-13	56.6
scaffold1515492	OTU_0229	41.54	65	38	0	51	245	26	90	7e-11	51.2
scaffold1517572	OTU_0305	57.89	57	24	0	332	162	117	173	2e-21	80.1
scaffold1519694	OTU_0247	72.92	48	13	0	146	3	1	48	9e-20	76.3
scaffold1519842	OTU_0260	38.37	86	52	1	46	303	123	207	1e-13	58.9
scaffold1536942	OTU_0305	50.98	51	25	0	298	146	120	170	3e-13	57.4
scaffold1537721	OTU_0282	34.62	78	50	1	18	248	113	190	3e-11	52.0
scaffold1537842	OTU_0226	54.10	61	27	1	9	188	238	298	1e-15	65.9
scaffold1538497	OTU_0275	46.77	62	31	2	187	369	79	139	6e-11	50.4
scaffold1541045	OTU_0001	43.08	65	36	1	27	218	238	302	1e-11	54.3
scaffold1544167	OTU_0282	60.47	43	17	0	8	136	146	188	1e-11	53.1
scaffold1553315	OTU_0127	61.54	39	15	0	368	252	139	177	7e-13	56.2
scaffold1563089	OTU_0162	34.46	148	64	7	360	1	157	299	5e-13	58.5
scaffold1569255	OTU_0204	40.91	154	56	6	365	9	142	295	1e-22	85.1
scaffold1569980	OTU_0304	68.60	121	37	1	361	2	43	163	5e-34	  116
scaffold1573346	OTU_0155	32.47	154	68	8	13	366	119	272	1e-12	57.4
scaffold1575662	OTU_0115	38.81	67	40	1	150	347	102	168	5e-11	50.8
scaffold1576220	OTU_0012	38.46	78	47	1	21	254	127	203	3e-15	63.2
scaffold1587566	OTU_0030	56.92	65	28	0	12	206	245	309	3e-21	81.3
scaffold1593835	OTU_0300	46.88	64	32	2	300	115	165	228	4e-11	52.4
scaffold1598897	OTU_0124	38.78	98	46	5	109	363	48	144	2e-11	52.0
scaffold1605294	OTU_0207	48.81	84	42	1	9	260	62	144	2e-17	70.1
scaffold1606237	OTU_0140	34.64	153	57	5	357	28	143	295	5e-19	74.7
scaffold1609620	OTU_0305	71.74	46	13	0	362	225	128	173	1e-18	72.8
scaffold1610303	OTU_0335	72.13	61	17	0	225	43	1	61	5e-28	  100
scaffold1618288	OTU_0143	58.68	121	48	2	2	361	42	161	5e-41	  132
scaffold1627613	OTU_0197	46.97	66	35	0	158	355	108	173	3e-15	62.8
scaffold1627956	OTU_0305	81.08	37	7	0	360	250	138	174	1e-17	69.7
scaffold1643745	OTU_0116	41.83	153	53	7	3	356	151	302	4e-21	80.5
scaffold1651049	OTU_0265	58.54	41	17	0	147	269	132	172	2e-11	52.4
scaffold1651075	OTU_0161	37.25	102	50	4	20	283	80	181	5e-12	53.9
scaffold1653295	OTU_0192	100.00	106	0	0	356	39	3	108	2e-76	  219
scaffold1680131	OTU_0312	37.18	78	41	2	332	102	95	165	8e-11	52.0
scaffold1687313	OTU_0073	65.96	47	16	0	184	324	225	271	1e-17	70.5
scaffold1697431	OTU_0175	40.52	116	65	3	2	349	62	173	5e-20	77.4
scaffold1707140	OTU_0312	93.94	33	2	0	6	104	281	313	3e-16	67.0
scaffold1709738	OTU_0104	56.25	64	28	0	297	106	172	235	4e-20	77.0
scaffold1711537	OTU_0305	58.62	58	24	0	68	241	119	176	6e-20	76.3
scaffold1720225	OTU_0225	57.81	64	27	0	203	12	237	300	2e-20	78.6
scaffold1721453	OTU_0311	39.76	83	43	3	65	298	12	92	8e-11	49.7
scaffold1722273	OTU_0335	36.63	101	60	3	48	341	8	107	4e-12	55.5
scaffold1722323	OTU_0124	49.06	53	26	1	175	17	99	150	5e-11	50.4
scaffold1723439	OTU_0290	35.37	82	52	1	254	12	1	82	2e-11	53.1
scaffold1724055	OTU_0021	47.69	65	33	1	103	294	200	264	1e-14	62.0
scaffold1725237	OTU_0229	48.33	60	29	1	185	6	27	84	8e-11	50.8
scaffold1726033	OTU_0305	73.81	42	11	0	159	34	132	173	7e-20	75.9
scaffold1726496	OTU_0162	42.86	98	53	1	345	61	205	302	1e-18	73.9
scaffold1726830	OTU_0292	42.71	96	47	3	311	30	73	162	2e-12	54.3
scaffold1730439	OTU_0257	54.00	50	21	1	170	27	57	106	3e-13	56.6
scaffold1731945	OTU_0084	72.55	51	14	0	191	343	18	68	7e-19	72.8
scaffold1735553	OTU_0271	66.67	114	38	0	343	2	97	210	2e-48	  154
scaffold1743788	OTU_0126	38.46	78	47	1	345	112	94	170	6e-13	57.8
scaffold1748312	OTU_0111	36.28	113	62	3	346	11	55	158	9e-15	62.8
scaffold1750122	OTU_0265	70.00	40	12	0	271	152	136	175	6e-16	64.7
scaffold1752117	OTU_0031	34.93	146	59	3	14	343	148	293	9e-19	73.9
scaffold1753131	OTU_0186	35.29	119	61	4	334	5	59	170	3e-14	60.1
scaffold1755052	OTU_0197	48.08	52	27	0	159	4	115	166	4e-13	57.0
scaffold1755249	OTU_0074	51.61	62	30	0	218	33	97	158	6e-18	70.5
scaffold1756111	OTU_0267	63.64	44	16	0	277	146	252	295	2e-15	65.1
scaffold1761565	OTU_0231	65.12	86	30	0	260	3	17	102	1e-34	  115
scaffold1765369	OTU_0346	28.97	145	62	5	15	344	27	165	2e-11	52.0
scaffold1771687	OTU_0275	55.41	74	28	2	29	247	69	138	7e-21	78.2
scaffold1773380	OTU_0008	100.00	38	0	0	1	114	207	244	7e-21	79.3
scaffold1773802	OTU_0305	58.18	55	23	0	3	167	119	173	4e-19	73.6
scaffold1773865	OTU_0253	41.56	77	41	2	86	310	63	137	7e-11	50.1
scaffold1779880	OTU_0031	52.46	61	29	0	291	109	240	300	1e-16	68.6
scaffold1780651	OTU_0095	31.29	147	68	4	1	342	130	276	3e-14	61.6
scaffold1781897	OTU_0261	37.29	59	37	0	5	181	241	299	9e-11	51.6
scaffold1782709	OTU_0351	71.43	42	12	0	180	305	163	204	4e-16	65.5
scaffold1786511	OTU_0230	83.19	113	19	0	2	340	115	227	2e-50	  159
scaffold1794501	OTU_0240	34.65	101	49	2	339	40	49	133	3e-11	51.6
scaffold1800824	OTU_0203	43.33	60	33	1	253	74	97	155	4e-12	53.9
scaffold1805291	OTU_0341	54.67	75	34	0	336	112	240	314	6e-22	82.8
scaffold1812527	OTU_0150	43.33	90	44	3	55	321	12	95	2e-11	52.8
scaffold1820299	OTU_0341	49.15	59	28	1	234	58	242	298	6e-11	52.0
scaffold1820853	OTU_0144	76.19	42	10	0	212	337	259	300	4e-19	75.1
scaffold1832641	OTU_0096	49.12	57	28	1	258	88	117	172	2e-12	54.7
scaffold1844708	OTU_0026	44.68	94	40	2	87	332	84	177	5e-17	68.2
scaffold1848449	OTU_0218	40.22	92	55	0	50	325	199	290	8e-17	68.6
scaffold1853734	OTU_0265	68.42	38	12	0	221	334	136	173	1e-14	61.2
scaffold1854422	OTU_0320	63.64	55	20	0	274	110	248	302	8e-18	71.2
scaffold1857715	OTU_0198	38.38	99	50	3	61	330	195	291	3e-11	53.1
scaffold1861974	OTU_0315	72.22	36	10	0	331	224	71	106	2e-15	62.8
scaffold1863263	OTU_0059	48.28	58	30	0	36	209	62	119	7e-11	51.6
scaffold1872595	OTU_0048	43.94	66	35	2	197	3	237	301	7e-11	52.0
scaffold1876771	OTU_0203	59.09	44	18	0	321	190	109	152	1e-16	66.6
scaffold1886797	OTU_0217	29.29	140	67	4	326	3	134	273	4e-13	58.2
scaffold1892721	OTU_0218	40.00	105	63	0	12	326	198	302	5e-19	74.3
scaffold1892787	OTU_0305	61.82	55	21	0	176	12	119	173	8e-21	78.2
scaffold1906858	OTU_0265	58.33	48	20	0	1	144	131	178	8e-14	58.5
scaffold1917977	OTU_0125	47.83	46	24	0	286	149	213	258	4e-11	52.0
scaffold1918079	OTU_0084	42.86	70	35	2	200	3	91	159	6e-12	53.1
scaffold1921266	OTU_0084	70.73	41	12	0	5	127	131	171	2e-16	66.2
scaffold1931457	OTU_0197	67.50	40	13	0	327	208	136	175	1e-14	61.2
scaffold1937229	OTU_0260	41.46	82	46	2	275	33	3	83	8e-13	56.2
scaffold1939964	OTU_0114	54.90	51	23	0	100	252	126	176	7e-12	53.1
scaffold1940693	OTU_0066	68.75	48	15	0	3	146	248	295	2e-17	70.1
scaffold1952121	OTU_0336	36.64	131	48	4	36	323	40	170	3e-13	57.0
scaffold1957070	OTU_0249	40.82	98	54	3	318	34	62	158	2e-12	55.8
scaffold1960481	OTU_0207	100.00	102	0	0	18	323	1	102	1e-69	  206
scaffold1963251	OTU_0314	63.77	69	25	0	98	304	237	305	2e-23	87.0
scaffold1968750	OTU_0130	33.56	146	58	4	3	323	11	156	7e-14	58.5
scaffold1974250	OTU_0339	59.32	59	24	0	312	136	243	301	2e-17	70.5
scaffold1980099	OTU_0155	31.78	107	72	1	1	321	37	142	3e-15	63.9
scaffold1984337	OTU_0203	67.39	46	15	0	149	12	107	152	1e-17	68.9
scaffold1984702	OTU_0305	51.95	77	36	1	321	91	98	173	3e-21	79.3
scaffold1990413	OTU_0287	64.91	57	20	0	202	32	246	302	8e-21	79.3
scaffold1993627	OTU_0305	39.01	141	52	3	321	1	28	168	8e-22	80.9
scaffold1996420	OTU_0087	63.64	44	16	0	172	303	131	174	5e-17	67.8
scaffold2008800	OTU_0262	47.17	53	27	1	11	166	145	197	3e-12	54.3
scaffold2026280	OTU_0305	69.77	43	12	1	128	3	119	161	3e-14	59.7
scaffold2032247	OTU_0124	52.08	48	23	0	144	1	90	137	5e-11	50.4
scaffold2033874	OTU_0163	47.96	98	43	2	270	1	55	152	8e-22	80.1
scaffold2038826	OTU_0203	62.75	51	19	0	18	170	102	152	5e-18	70.1
