scaffold00003	OTU_0305	80.00	40	8	0	75592	75473	134	173	3e-13	69.3
scaffold00020	OTU_0229	30.10	206	108	9	12383	12904	8	209	6e-11	61.2
scaffold00181	OTU_0072	31.77	299	157	8	22537	21749	16	303	2e-20	90.5
scaffold00197	OTU_0196	29.74	306	162	10	4494	3682	13	300	8e-17	79.0
scaffold00526	OTU_0229	31.78	214	103	6	8855	8325	2	209	5e-22	93.6
scaffold00590	OTU_0351	37.62	210	88	7	4433	4951	5	208	1e-19	85.9
scaffold00683	OTU_0217	36.46	181	77	4	1355	924	121	300	1e-23	99.4
scaffold01121	OTU_0218	32.72	272	118	9	3007	3657	41	302	9e-26	  105
scaffold01312	OTU_0204	78.29	152	33	0	770	1225	1	152	2e-125	  207
scaffold01312	OTU_0204	73.26	86	23	0	1221	1478	151	236	2e-125	  146
scaffold01312	OTU_0204	86.96	69	9	0	1483	1689	241	309	2e-125	  131
scaffold01365	OTU_0155	32.42	182	90	5	3864	4310	121	302	4e-21	91.3
scaffold01934	OTU_0155	31.13	318	164	12	5841	4996	2	300	2e-27	  110
scaffold02148	OTU_0203	53.23	62	29	0	4385	4200	93	154	1e-16	75.1
scaffold02438	OTU_0021	33.01	209	94	6	4965	4459	49	251	2e-21	91.3
scaffold02608	OTU_0121	36.96	184	78	6	4874	4434	122	304	3e-18	81.3
scaffold02633	OTU_0226	31.91	188	83	7	1987	2445	119	296	1e-13	67.4
scaffold02764	OTU_0302	32.46	305	155	10	4952	4173	5	303	4e-20	87.4
scaffold03094	OTU_0121	32.73	278	128	9	2642	3361	45	301	4e-22	93.6
scaffold03201	OTU_0235	33.33	171	109	4	4172	4675	3	171	6e-16	73.6
scaffold03230	OTU_0274	35.71	210	97	6	1230	697	1	204	7e-23	94.7
scaffold03599	OTU_0246	33.47	242	95	7	1811	1179	95	301	3e-20	87.8
scaffold03660	OTU_0336	38.46	182	79	7	1880	2326	6	187	3e-22	92.0
scaffold03697	OTU_0320	35.83	307	155	6	3365	2565	11	315	1e-37	  140
scaffold04250	OTU_0246	29.72	323	171	10	2413	3285	4	302	3e-23	96.7
scaffold04842	OTU_0291	100.00	314	0	0	197	1138	1	314	0.0	  636
scaffold04888	OTU_0155	30.92	262	138	7	2891	3571	47	300	5e-24	99.4
scaffold06352	OTU_0305	57.81	64	27	0	3465	3274	110	173	3e-18	79.3
scaffold06970	OTU_0316	34.23	298	158	10	2426	1644	4	300	2e-38	  142
scaffold06975	OTU_0067	34.75	282	149	7	2921	2178	12	292	3e-36	  135
scaffold07874	OTU_0196	33.55	307	169	6	2717	1896	8	312	1e-37	  139
scaffold08543	OTU_0176	35.35	215	94	6	2382	2909	4	212	2e-20	86.7
scaffold09436	OTU_0250	35.64	303	156	10	2520	1726	14	315	1e-29	  115
scaffold09512	OTU_0066	77.00	287	66	0	2925	2065	22	308	4e-152	  450
scaffold10497	OTU_0256	37.04	297	141	6	2313	1555	1	295	8e-36	  133
scaffold10739	OTU_0072	34.19	313	171	8	2408	1572	2	313	3e-34	  129
scaffold11210	OTU_0107	35.00	320	144	10	88	888	5	313	3e-39	  144
scaffold11673	OTU_0258	30.43	322	168	10	2024	1155	5	302	3e-23	95.9
scaffold11686	OTU_0226	28.57	315	170	11	858	1700	5	298	1e-23	97.1
scaffold11944	OTU_0312	33.33	306	165	7	2442	1636	10	313	8e-38	  139
scaffold12125	OTU_0235	100.00	213	0	0	222	860	6	218	8e-121	  363
scaffold13011	OTU_0157	32.06	315	165	6	2131	1322	5	315	2e-38	  141
scaffold13306	OTU_0218	33.01	306	166	7	2394	1591	11	315	4e-33	  125
scaffold13795	OTU_0101	29.53	298	154	9	31	795	17	301	9e-19	81.6
scaffold14023	OTU_0256	37.84	296	140	6	1257	499	1	295	2e-40	  146
scaffold15850	OTU_0105	31.84	201	83	3	1848	1390	46	240	2e-18	79.7
scaffold16301	OTU_0037	31.99	272	153	6	596	1324	40	308	1e-28	  112
scaffold16679	OTU_0124	51.85	54	25	1	368	207	98	150	4e-11	56.6
scaffold16974	OTU_0140	39.46	223	97	5	2295	1738	90	311	2e-32	  123
scaffold16980	OTU_0266	35.94	217	106	7	1739	2308	88	298	3e-21	89.4
scaffold17526	OTU_0084	50.00	58	29	0	445	618	114	171	1e-14	67.8
scaffold17796	OTU_0155	34.32	303	155	6	2093	1314	2	303	1e-41	  149
scaffold18503	OTU_0226	30.57	193	80	5	1527	1084	115	298	1e-11	60.1
scaffold19268	OTU_0217	34.78	184	83	1	1	441	130	313	6e-25	  100
scaffold19383	OTU_0315	67.57	37	12	0	233	123	73	109	2e-12	59.7
scaffold19433	OTU_0072	35.14	313	165	5	1842	1015	2	313	5e-44	  155
scaffold19534	OTU_0175	38.42	190	82	3	2137	1670	128	316	3e-28	  110
scaffold20637	OTU_0267	28.25	308	159	9	1040	240	9	295	1e-23	96.3
scaffold20856	OTU_0211	30.73	192	84	7	1648	1199	118	302	2e-11	59.3
scaffold20954	OTU_0335	33.12	311	163	6	250	1050	5	314	2e-40	  145
scaffold21152	OTU_0320	73.33	45	12	0	995	861	258	302	8e-16	72.4
scaffold22063	OTU_0140	32.00	300	150	11	1522	743	13	298	1e-26	  105
scaffold22475	OTU_0140	50.70	71	30	1	130	342	235	300	2e-14	68.2
scaffold22528	OTU_0012	50.00	56	28	0	432	265	131	186	5e-12	59.3
scaffold23686	OTU_0196	29.48	268	158	7	991	272	39	303	2e-28	  111
scaffold23772	OTU_0345	31.80	283	136	10	1051	1788	36	298	2e-16	74.3
scaffold23973	OTU_0351	37.29	177	72	4	741	328	28	204	9e-21	86.3
scaffold24412	OTU_0314	45.21	73	40	0	1928	1710	230	302	2e-14	68.2
scaffold24574	OTU_0335	30.53	321	165	10	56	868	2	314	1e-32	  123
scaffold24653	OTU_0300	37.74	212	96	7	3	536	33	242	3e-28	  108
scaffold26605	OTU_0217	33.22	307	152	10	1647	871	12	313	4e-33	  124
scaffold26790	OTU_0087	38.37	172	68	5	1935	1531	4	174	1e-20	85.5
scaffold29037	OTU_0016	35.91	181	81	5	936	1373	80	260	2e-24	97.8
scaffold29908	OTU_0335	31.86	317	165	9	1347	538	2	314	3e-36	  132
scaffold31270	OTU_0295	27.45	204	114	6	1401	883	104	304	1e-12	62.4
scaffold32023	OTU_0095	33.18	220	100	5	784	1338	97	304	7e-21	87.4
scaffold32023	OTU_0095	36.05	172	62	6	5	391	136	302	4e-18	79.0
scaffold35492	OTU_0253	57.63	59	25	0	1479	1655	80	138	7e-18	76.3
scaffold35907	OTU_0196	29.41	306	159	14	1178	381	13	301	3e-19	82.4
scaffold38875	OTU_0305	80.95	42	8	0	960	1085	132	173	5e-17	73.9
scaffold39089	OTU_0137	37.29	303	151	9	1106	312	14	315	1e-35	  130
scaffold39571	OTU_0155	32.37	241	111	11	614	3	58	283	9e-14	65.9
scaffold39649	OTU_0320	33.33	312	160	7	1359	553	9	315	1e-40	  144
scaffold40406	OTU_0107	33.23	313	159	6	424	1224	5	313	1e-39	  141
scaffold41637	OTU_0076	28.82	170	70	6	250	606	129	298	1e-11	59.3
scaffold42273	OTU_0179	36.16	271	155	8	1321	524	37	294	7e-24	95.9
scaffold42742	OTU_0229	34.91	212	97	6	616	1149	7	211	3e-24	96.3
scaffold43358	OTU_0140	52.86	70	32	1	870	664	229	298	1e-17	77.8
scaffold44952	OTU_0229	82.86	35	6	0	1580	1476	175	209	2e-13	63.5
scaffold45664	OTU_0126	35.05	214	85	5	1258	761	88	295	2e-21	88.6
scaffold46294	OTU_0226	30.89	314	155	11	561	1376	5	298	3e-28	  108
scaffold47297	OTU_0043	41.11	90	44	2	1221	952	218	298	5e-12	60.5
scaffold47944	OTU_0234	31.83	311	158	8	578	1408	10	300	1e-24	98.2
scaffold49010	OTU_0283	33.88	307	162	7	1220	417	10	314	6e-42	  148
scaffold49863	OTU_0226	29.97	317	154	14	1327	509	5	297	2e-27	  106
scaffold50112	OTU_0274	38.28	209	93	3	1	522	10	217	3e-31	  114
scaffold50797	OTU_0320	31.96	316	173	6	1327	500	2	315	2e-39	  140
scaffold50870	OTU_0155	36.84	228	110	5	126	710	87	313	3e-34	  125
scaffold51008	OTU_0046	34.15	287	148	10	1293	550	2	286	1e-22	92.4
scaffold51987	OTU_0249	33.33	285	140	8	1097	378	8	287	4e-31	  116
scaffold53067	OTU_0176	43.75	80	39	1	1224	1463	4	77	2e-11	57.4
scaffold53307	OTU_0030	31.58	209	94	7	504	1	87	287	3e-14	67.0
scaffold53349	OTU_0155	29.81	265	148	8	686	3	2	265	1e-20	86.3
scaffold53535	OTU_0093	100.00	168	0	0	506	3	1	168	2e-113	  336
scaffold55423	OTU_0150	36.22	196	87	6	1114	641	19	214	5e-27	  103
scaffold56862	OTU_0121	36.54	312	143	7	113	901	10	315	2e-42	  149
scaffold57746	OTU_0126	36.36	154	83	4	666	214	21	162	3e-15	69.7
scaffold57858	OTU_0226	34.23	222	107	7	781	215	85	300	2e-22	91.3
scaffold58444	OTU_0144	32.09	215	92	5	1036	518	102	304	4e-22	90.5
scaffold60259	OTU_0128	32.62	279	151	5	112	840	36	313	4e-34	  125
scaffold61827	OTU_0176	35.44	158	74	3	1386	997	55	212	1e-15	69.7
scaffold62174	OTU_0031	64.52	62	21	1	1289	1104	240	300	2e-15	70.5
scaffold62913	OTU_0351	39.01	182	75	6	822	1259	23	204	2e-19	81.3
scaffold63400	OTU_0184	66.67	36	12	0	880	987	2	37	7e-11	55.1
scaffold63603	OTU_0238	36.84	190	81	4	13	468	16	204	9e-27	  101
scaffold65034	OTU_0305	65.57	61	20	1	1285	1106	113	173	2e-20	83.2
scaffold65618	OTU_0275	63.41	41	15	0	2	124	98	138	1e-12	59.7
scaffold65944	OTU_0278	61.82	55	21	0	216	380	156	210	3e-16	71.6
scaffold66652	OTU_0229	30.63	222	99	5	1145	591	6	209	1e-22	90.5
scaffold67526	OTU_0059	26.54	211	117	6	879	358	36	245	9e-12	58.9
scaffold68768	OTU_0080	60.00	70	28	0	1121	1330	139	208	5e-21	85.5
scaffold69146	OTU_0059	100.00	258	0	0	2	775	1	258	0.0	  528
scaffold69156	OTU_0157	35.76	302	150	8	198	974	15	315	5e-41	  144
scaffold69182	OTU_0348	42.42	66	38	0	526	329	1	66	6e-12	57.4
scaffold69302	OTU_0305	67.69	65	19	2	16	207	113	176	1e-20	83.6
scaffold70710	OTU_0094	100.00	163	0	0	526	38	1	163	5e-104	  305
scaffold71103	OTU_0283	34.08	223	92	8	355	879	86	301	5e-14	66.2
scaffold71417	OTU_0246	32.10	243	103	7	925	278	95	302	1e-17	77.4
scaffold74083	OTU_0256	81.48	81	15	0	1050	1292	196	276	2e-43	  143
scaffold74083	OTU_0256	60.53	38	15	0	952	1065	163	200	2e-43	44.3
scaffold74083	OTU_0256	62.22	45	17	0	807	941	1	45	1e-13	64.3
scaffold77355	OTU_0291	33.22	304	148	11	1027	236	14	302	1e-28	  108
scaffold78560	OTU_0260	35.12	205	89	8	526	1029	16	213	8e-20	82.0
scaffold78862	OTU_0236	29.84	315	158	10	16	849	14	302	3e-21	87.4
scaffold78937	OTU_0218	53.75	80	37	0	67	306	237	316	1e-21	88.6
scaffold79033	OTU_0265	72.09	43	12	0	705	833	135	177	1e-16	72.4
scaffold80412	OTU_0217	34.98	303	156	6	223	1011	12	313	1e-36	  132
scaffold80423	OTU_0305	73.81	42	11	0	1225	1100	132	173	1e-17	74.7
scaffold80953	OTU_0196	31.10	299	174	10	2	817	7	300	5e-33	  121
scaffold82143	OTU_0233	25.56	313	177	11	159	980	5	300	3e-11	57.4
scaffold83172	OTU_0256	35.96	178	77	5	5	430	110	286	2e-18	78.6
scaffold83640	OTU_0126	37.73	220	95	6	845	294	84	297	4e-26	  100
scaffold83945	OTU_0305	60.29	68	26	1	1053	850	110	176	3e-19	79.3
scaffold88162	OTU_0044	36.21	301	152	4	301	1086	5	304	2e-40	  141
scaffold89236	OTU_0155	33.12	314	171	5	38	865	1	313	8e-44	  151
scaffold90613	OTU_0157	32.69	312	167	6	822	13	5	315	1e-33	  122
scaffold91353	OTU_0301	31.61	310	166	8	1039	242	2	309	9e-35	  126
scaffold91485	OTU_0305	70.21	47	14	0	1172	1032	130	176	2e-18	76.6
scaffold91556	OTU_0155	33.33	171	112	2	670	1179	1	170	5e-24	94.7
scaffold92802	OTU_0155	34.07	182	85	4	1153	713	121	302	4e-27	  103
scaffold92818	OTU_0335	33.96	318	160	10	122	937	1	314	2e-38	  136
scaffold93260	OTU_0258	36.77	223	96	10	465	1016	100	316	9e-22	88.6
scaffold94255	OTU_0249	34.77	279	148	6	18	755	10	287	2e-33	  121
scaffold95105	OTU_0320	33.87	310	162	8	919	110	9	315	2e-36	  130
scaffold95479	OTU_0105	34.52	252	103	9	967	371	1	243	1e-26	  101
scaffold95953	OTU_0265	68.18	44	14	0	952	821	134	177	3e-16	70.9
scaffold95960	OTU_0124	50.00	54	26	1	898	1059	98	150	6e-11	54.7
scaffold96123	OTU_0175	26.07	280	159	6	1	714	43	316	2e-13	63.9
scaffold96883	OTU_0126	34.10	173	94	6	292	792	4	162	4e-14	66.2
scaffold97060	OTU_0351	33.64	220	85	8	414	938	1	204	2e-22	88.6
scaffold100049	OTU_0137	29.61	179	94	8	385	831	126	302	6e-11	56.6
scaffold103309	OTU_0031	35.68	213	94	6	253	786	96	300	2e-20	84.3
scaffold104198	OTU_0262	53.25	77	36	0	115	345	136	212	2e-21	85.5
scaffold106095	OTU_0155	36.32	223	97	9	66	620	89	304	1e-28	  108
scaffold106622	OTU_0345	29.21	202	101	8	1054	566	102	300	1e-11	58.5
scaffold107277	OTU_0251	71.88	64	18	0	601	410	1	64	1e-24	96.3
scaffold107277	OTU_0251	84.21	38	6	0	373	260	278	315	1e-16	72.8
scaffold107277	OTU_0251	57.14	21	8	1	434	372	259	278	1e-16	24.3
scaffold107709	OTU_0155	30.80	263	130	10	437	1108	39	288	2e-22	89.7
scaffold108398	OTU_0173	29.45	275	142	9	307	1020	41	300	4e-16	72.0
scaffold109251	OTU_0043	32.54	209	96	7	701	204	95	301	2e-25	99.0
scaffold110188	OTU_0233	28.95	266	146	9	674	3	3	267	3e-23	92.4
scaffold110509	OTU_0208	31.16	215	97	7	748	221	100	302	1e-23	93.2
scaffold110687	OTU_0003	39.62	159	59	7	8	376	147	304	3e-20	83.6
scaffold111295	OTU_0151	60.34	58	18	3	191	364	263	315	2e-11	58.2
scaffold111704	OTU_0305	83.33	30	5	0	96	7	132	161	7e-12	57.4
scaffold114387	OTU_0044	35.63	174	75	1	1080	670	131	304	6e-24	94.0
scaffold115203	OTU_0029	53.23	62	29	0	53	238	112	173	7e-16	69.3
scaffold115867	OTU_0260	37.09	213	90	6	3	530	8	213	7e-27	  101
scaffold116139	OTU_0217	34.50	229	105	6	212	775	89	313	4e-30	  112
scaffold116990	OTU_0140	54.69	64	29	0	903	712	235	298	6e-18	77.0
scaffold117961	OTU_0196	31.43	315	174	6	1012	185	2	313	1e-36	  130
scaffold118948	OTU_0305	64.06	64	23	0	391	200	113	176	5e-21	83.6
scaffold121471	OTU_0105	34.52	252	103	9	89	685	1	243	1e-26	  101
scaffold124462	OTU_0262	60.78	51	20	0	873	1025	149	199	7e-17	72.4
scaffold124932	OTU_0020	35.29	187	83	6	31	477	115	301	1e-18	78.6
scaffold126293	OTU_0335	31.62	253	124	8	211	855	60	301	3e-25	97.8
scaffold128718	OTU_0161	100.00	163	0	0	1033	545	35	197	3e-116	  333
scaffold128939	OTU_0203	69.57	46	14	0	835	698	107	152	7e-18	74.3
scaffold129171	OTU_0140	53.33	60	28	0	169	348	239	298	7e-16	70.9
scaffold130488	OTU_0348	58.33	60	25	0	656	477	1	60	2e-17	72.4
scaffold131495	OTU_0314	34.81	316	150	12	38	844	2	308	8e-34	  122
scaffold136916	OTU_0217	33.22	307	157	6	866	75	12	313	1e-39	  138
scaffold137173	OTU_0178	30.41	217	106	7	252	794	95	302	6e-13	62.4
scaffold137446	OTU_0294	30.03	303	173	8	4	819	6	300	2e-35	  127
scaffold138461	OTU_0131	86.71	143	19	0	431	3	1	143	3e-78	  238
scaffold140118	OTU_0234	28.41	271	146	7	47	754	41	298	8e-14	65.1
scaffold140131	OTU_0016	30.59	255	126	9	346	996	4	245	7e-17	73.2
scaffold140630	OTU_0305	72.34	47	13	0	256	396	130	176	1e-18	76.3
scaffold141834	OTU_0079	32.72	272	128	7	235	930	46	302	2e-26	  101
scaffold144281	OTU_0315	67.57	37	12	0	324	434	73	109	9e-13	58.9
scaffold145397	OTU_0328	30.63	222	101	9	976	428	16	223	8e-16	69.3
scaffold148761	OTU_0183	38.26	149	89	3	533	973	10	157	1e-19	81.3
scaffold150828	OTU_0243	37.70	252	113	6	962	333	66	315	5e-39	  136
scaffold151253	OTU_0106	31.05	219	105	9	820	275	88	297	8e-13	61.6
scaffold153275	OTU_0043	32.51	323	162	9	14	841	2	315	3e-41	  142
scaffold155015	OTU_0260	36.27	204	88	5	562	59	16	213	9e-24	91.7
scaffold156564	OTU_0262	33.51	188	82	5	924	484	16	201	8e-22	85.9
scaffold157846	OTU_0198	33.65	211	101	5	325	876	103	301	2e-22	89.4
scaffold158542	OTU_0032	80.43	46	9	0	750	887	234	279	5e-24	77.4
scaffold158542	OTU_0032	78.26	23	5	0	881	949	278	300	5e-24	44.7
scaffold161398	OTU_0253	66.67	120	40	0	362	3	5	124	1e-49	  159
scaffold161593	OTU_0126	37.58	165	67	5	940	554	134	298	8e-20	81.6
scaffold161730	OTU_0140	50.00	98	43	1	23	298	214	311	5e-24	94.0
scaffold161865	OTU_0226	29.68	283	143	8	54	785	33	298	1e-18	78.6
scaffold163755	OTU_0278	92.65	68	5	0	592	795	156	223	7e-37	  128
scaffold167291	OTU_0335	65.45	55	19	0	850	686	247	301	4e-18	77.0
scaffold167723	OTU_0232	99.61	257	1	0	926	156	24	280	1e-169	  471
scaffold170019	OTU_0306	33.10	142	75	4	79	492	40	165	2e-13	61.2
scaffold172232	OTU_0320	34.27	178	79	5	807	385	126	302	6e-19	79.0
scaffold174469	OTU_0351	35.16	182	82	5	37	474	23	204	1e-23	91.3
scaffold175390	OTU_0126	33.33	162	93	4	240	716	13	162	2e-12	60.1
scaffold175708	OTU_0246	35.16	219	107	7	12	611	100	302	5e-24	93.6
scaffold178110	OTU_0175	43.75	64	36	0	651	842	244	307	3e-11	57.0
scaffold178505	OTU_0144	31.02	245	114	6	135	743	73	304	6e-25	96.3
scaffold178632	OTU_0242	96.50	286	10	0	45	902	19	304	0.0	  570
scaffold178636	OTU_0105	29.81	208	88	6	578	93	45	240	4e-14	64.3
scaffold180857	OTU_0267	33.12	157	86	6	487	35	46	189	1e-12	60.8
scaffold181033	OTU_0073	46.67	60	32	0	401	222	225	284	3e-11	56.6
scaffold182709	OTU_0150	40.43	94	50	1	333	52	19	106	2e-12	59.3
scaffold183877	OTU_0179	28.48	309	155	9	837	31	1	283	3e-18	76.6
scaffold186361	OTU_0150	35.03	177	76	6	880	467	38	214	2e-22	87.8
scaffold190157	OTU_0155	31.02	274	143	9	736	23	37	300	6e-33	  119
scaffold191107	OTU_0121	37.97	187	72	9	539	99	122	304	1e-22	89.7
scaffold191494	OTU_0199	67.89	109	35	0	531	857	7	115	7e-47	  155
scaffold194633	OTU_0065	36.36	220	98	5	742	191	43	256	5e-26	99.0
scaffold197803	OTU_0326	69.62	79	24	0	443	207	78	156	2e-32	  114
scaffold198768	OTU_0105	34.72	193	81	6	78	542	55	240	1e-19	79.7
scaffold199078	OTU_0284	64.29	70	23	1	864	655	6	73	1e-24	95.1
scaffold202318	OTU_0155	27.17	184	91	6	429	4	92	274	3e-22	65.5
scaffold202318	OTU_0155	32.93	82	54	1	704	462	2	83	3e-22	50.4
scaffold202462	OTU_0048	34.50	200	84	7	372	857	100	290	1e-20	83.2
scaffold202504	OTU_0176	32.00	225	105	6	27	569	5	225	9e-26	97.1
scaffold203403	OTU_0341	26.80	306	176	10	851	42	8	301	3e-21	85.1
scaffold203892	OTU_0104	61.02	59	19	1	827	663	177	235	1e-16	70.9
scaffold204213	OTU_0126	33.70	270	127	9	55	744	41	298	6e-27	  102
scaffold205095	OTU_0351	40.56	180	67	7	849	424	27	204	3e-24	92.8
scaffold206326	OTU_0283	30.07	153	87	4	252	680	12	154	3e-11	56.6
scaffold210018	OTU_0150	32.81	192	90	6	382	843	4	194	3e-16	69.7
scaffold211258	OTU_0229	26.89	212	117	6	48	590	6	210	2e-17	72.8
scaffold211574	OTU_0161	57.14	42	18	0	24	149	146	187	4e-11	54.7
scaffold212217	OTU_0235	37.60	125	73	4	395	760	10	132	1e-11	57.0
scaffold212634	OTU_0157	33.15	178	84	6	342	770	125	302	3e-11	56.6
scaffold213009	OTU_0003	46.96	115	39	4	755	441	202	304	1e-21	85.9
scaffold213286	OTU_0052	34.52	84	44	1	790	572	216	299	7e-11	55.5
scaffold213390	OTU_0054	29.67	182	117	5	643	104	8	180	3e-11	55.8
scaffold216191	OTU_0261	33.53	170	87	8	835	392	139	304	1e-13	63.5
scaffold216213	OTU_0294	50.91	55	27	0	569	405	246	300	5e-11	55.8
scaffold216956	OTU_0208	32.95	176	85	3	404	832	121	296	9e-21	83.6
scaffold217150	OTU_0150	35.32	201	76	5	242	700	20	214	1e-23	90.9
scaffold217402	OTU_0225	30.14	209	100	5	201	689	92	300	6e-18	75.9
scaffold221809	OTU_0351	61.22	49	19	0	813	667	156	204	5e-16	68.6
scaffold225836	OTU_0305	65.91	44	15	0	132	1	113	156	3e-11	54.7
scaffold226335	OTU_0026	38.36	159	63	5	820	449	39	197	8e-18	73.6
scaffold227586	OTU_0105	37.65	162	52	5	816	478	82	243	2e-17	73.2
scaffold228290	OTU_0032	33.99	306	158	7	22	810	1	305	2e-36	  128
scaffold232588	OTU_0150	37.70	191	84	6	812	333	28	214	8e-21	82.4
scaffold234852	OTU_0305	66.67	42	14	0	604	479	132	173	2e-14	63.5
scaffold235129	OTU_0155	34.29	175	113	2	165	686	1	174	3e-25	96.7
scaffold236348	OTU_0155	33.22	289	155	9	51	806	2	289	2e-28	  105
scaffold242102	OTU_0058	100.00	266	0	0	1	798	9	274	1e-159	  444
scaffold242146	OTU_0351	43.80	121	62	3	20	382	90	204	2e-20	81.3
scaffold242405	OTU_0048	35.23	176	108	5	588	73	13	186	7e-22	86.7
scaffold243843	OTU_0278	37.31	201	71	8	340	795	16	210	1e-22	87.8
scaffold244856	OTU_0001	38.25	251	110	8	761	138	66	314	3e-34	  121
scaffold250689	OTU_0212	100.00	218	0	0	654	1	1	218	1e-161	  450
scaffold251688	OTU_0274	53.85	52	24	0	622	777	141	192	3e-12	58.2
scaffold252012	OTU_0106	86.36	66	9	0	3	200	248	313	8e-34	  120
scaffold258577	OTU_0212	28.38	229	103	10	689	108	97	299	3e-14	65.1
scaffold260732	OTU_0176	35.98	214	93	8	135	662	5	212	2e-23	89.7
scaffold260863	OTU_0197	40.95	105	48	2	570	298	71	175	2e-18	75.1
scaffold262457	OTU_0010	33.72	258	127	6	760	113	59	314	2e-30	  111
scaffold262740	OTU_0162	36.10	277	134	6	13	717	40	315	1e-41	  141
scaffold263043	OTU_0275	64.81	54	19	0	703	542	85	138	4e-20	79.3
scaffold268752	OTU_0155	35.15	202	96	6	764	258	105	304	3e-26	99.4
scaffold270531	OTU_0027	40.00	70	42	0	760	551	238	307	8e-12	57.8
scaffold270847	OTU_0351	46.30	108	51	3	17	340	106	206	5e-21	82.8
scaffold275306	OTU_0125	87.61	226	28	0	78	755	2	227	4e-138	  387
scaffold275452	OTU_0003	69.09	55	17	0	643	479	247	301	4e-20	81.3
scaffold275984	OTU_0121	33.15	178	101	8	724	209	1	166	2e-14	65.5
scaffold276327	OTU_0270	83.33	60	10	0	182	3	15	74	1e-29	  108
scaffold276470	OTU_0315	62.16	37	14	0	181	291	73	109	5e-12	55.8
scaffold276532	OTU_0202	100.00	196	0	0	166	753	1	196	2e-138	  386
scaffold277280	OTU_0265	60.00	45	18	0	753	619	139	183	5e-11	53.9
scaffold278390	OTU_0227	47.00	100	43	2	631	362	216	315	4e-19	78.2
scaffold279086	OTU_0175	36.53	167	100	5	489	1	3	167	6e-21	83.6
scaffold285297	OTU_0003	52.70	74	35	0	93	314	240	313	3e-20	81.6
scaffold285588	OTU_0335	49.12	57	29	0	6	176	252	308	7e-14	63.5
scaffold285911	OTU_0103	40.68	59	35	0	498	674	181	239	5e-11	55.5
scaffold286454	OTU_0218	50.51	99	39	2	696	430	218	316	4e-23	90.1
scaffold287474	OTU_0217	37.22	180	77	4	52	483	121	300	5e-24	92.4
scaffold288403	OTU_0197	69.05	42	13	0	729	604	134	175	3e-15	65.9
scaffold293404	OTU_0229	33.33	213	103	8	13	549	2	209	4e-23	89.0
scaffold295985	OTU_0203	58.62	58	24	0	282	109	95	152	5e-18	73.2
scaffold296028	OTU_0229	30.99	213	104	5	127	651	2	209	6e-23	88.6
scaffold297744	OTU_0140	33.48	227	103	9	698	144	80	300	6e-28	  103
scaffold297856	OTU_0322	33.71	267	142	6	25	723	19	284	5e-30	  109
scaffold297860	OTU_0105	84.31	102	16	0	3	308	153	254	7e-59	  184
scaffold298422	OTU_0262	72.50	40	11	0	674	555	160	199	2e-16	69.3
scaffold302040	OTU_0351	56.06	66	29	0	719	522	141	206	5e-20	79.7
scaffold302220	OTU_0023	40.09	222	91	6	9	551	97	317	2e-34	  121
scaffold303558	OTU_0129	64.15	53	19	0	277	119	214	266	4e-20	80.5
scaffold303708	OTU_0351	33.16	190	78	4	468	22	23	204	4e-23	89.0
scaffold304827	OTU_0260	58.90	73	30	0	18	236	152	224	9e-20	79.0
scaffold306614	OTU_0191	39.18	171	90	5	608	120	1	165	6e-20	80.1
scaffold307662	OTU_0112	100.00	224	0	0	718	47	1	224	3e-169	  464
scaffold313286	OTU_0305	60.94	64	25	0	46	237	113	176	8e-21	81.6
scaffold313867	OTU_0320	29.71	276	139	9	710	3	17	277	2e-14	65.5
scaffold315370	OTU_0339	34.29	175	73	4	715	317	127	301	4e-21	84.0
scaffold316266	OTU_0187	58.57	70	29	0	347	556	1	70	2e-25	94.0
scaffold321457	OTU_0106	29.03	248	128	9	709	86	61	300	2e-11	56.2
scaffold322558	OTU_0284	75.86	58	12	1	533	706	1	56	1e-24	94.4
scaffold324949	OTU_0305	60.94	64	25	0	153	344	113	176	3e-20	79.7
scaffold325825	OTU_0234	31.98	222	94	7	7	543	97	304	7e-21	83.2
scaffold326386	OTU_0003	50.00	72	28	2	408	205	234	301	2e-16	70.9
scaffold328411	OTU_0191	35.10	151	95	3	449	3	10	159	1e-19	78.6
scaffold336637	OTU_0016	77.68	112	25	0	1	336	71	182	3e-92	  196
scaffold336637	OTU_0016	84.88	86	13	0	338	595	185	270	3e-92	  153
scaffold336824	OTU_0341	47.00	100	42	2	658	386	217	314	2e-22	87.8
scaffold337520	OTU_0074	34.51	142	74	2	692	324	17	158	2e-17	71.2
scaffold338417	OTU_0265	60.00	50	20	0	299	150	129	178	2e-15	65.9
scaffold340735	OTU_0072	34.04	188	110	6	152	688	2	184	3e-19	78.6
scaffold344873	OTU_0068	68.89	45	14	0	686	552	112	156	8e-16	66.6
scaffold344941	OTU_0154	73.39	124	32	1	317	688	70	192	2e-50	  127
scaffold344941	OTU_0154	68.52	54	17	0	163	324	2	55	2e-50	83.6
scaffold345247	OTU_0274	58.18	55	23	0	687	523	161	215	3e-14	62.8
scaffold345801	OTU_0107	67.31	52	17	0	1	156	262	313	7e-17	71.6
scaffold348054	OTU_0238	99.48	192	1	0	109	684	1	192	5e-141	  392
scaffold356037	OTU_0150	30.46	197	81	6	467	3	16	198	8e-11	53.5
scaffold358367	OTU_0124	50.00	54	26	1	193	32	98	150	2e-11	54.3
scaffold358453	OTU_0175	49.21	126	63	1	377	3	143	268	3e-42	99.8
scaffold358453	OTU_0175	51.02	98	48	0	675	382	40	137	3e-42	83.2
scaffold359255	OTU_0306	56.25	160	68	1	182	661	1	158	1e-38	  129
scaffold359655	OTU_0306	38.12	160	94	4	521	51	9	166	1e-27	99.8
scaffold361502	OTU_0284	56.10	41	18	0	339	217	262	302	1e-11	56.6
scaffold361656	OTU_0243	28.00	200	104	5	4	501	107	300	6e-13	60.5
scaffold365119	OTU_0305	72.73	55	15	0	630	466	119	173	1e-23	89.0
scaffold368143	OTU_0121	31.64	177	105	7	54	569	1	166	1e-12	59.7
scaffold373862	OTU_0234	37.41	147	80	5	23	463	41	175	1e-12	59.3
scaffold377361	OTU_0144	33.18	223	95	5	617	75	94	304	8e-27	  100
scaffold377632	OTU_0023	37.06	197	76	7	190	663	104	291	5e-16	69.3
scaffold377856	OTU_0270	85.59	118	17	0	308	661	1	118	6e-66	  202
scaffold383149	OTU_0203	62.50	56	21	0	100	267	97	152	3e-21	82.0
scaffold383765	OTU_0191	38.85	157	93	3	541	77	10	165	6e-26	97.1
scaffold384030	OTU_0105	31.78	214	92	3	581	84	33	240	8e-22	85.1
scaffold384814	OTU_0072	34.19	155	60	5	486	145	148	301	1e-14	65.5
scaffold390134	OTU_0175	37.58	149	89	4	216	653	20	167	4e-19	77.8
scaffold390636	OTU_0155	27.46	244	129	9	624	1	48	279	3e-17	72.8
scaffold395632	OTU_0284	69.39	147	43	1	446	6	1	145	2e-57	  181
scaffold400170	OTU_0267	33.76	237	100	8	46	618	70	295	1e-25	96.7
scaffold401108	OTU_0351	67.35	49	16	0	24	170	156	204	7e-16	67.4
scaffold402746	OTU_0305	67.74	62	19	1	49	231	112	173	9e-23	86.7
scaffold404032	OTU_0294	31.65	237	134	6	632	3	36	271	3e-24	92.4
scaffold405725	OTU_0229	35.98	214	89	6	573	43	7	209	4e-22	85.5
scaffold405858	OTU_0284	65.14	109	35	2	330	4	1	106	7e-42	  140
scaffold408020	OTU_0236	29.28	222	114	5	48	608	88	301	3e-24	92.4
scaffold408089	OTU_0111	35.04	137	87	2	229	636	5	140	2e-17	72.0
scaffold409974	OTU_0305	67.69	65	19	2	140	331	113	176	3e-22	85.1
scaffold411288	OTU_0217	35.75	207	88	7	510	1	93	291	5e-20	80.1
scaffold413119	OTU_0173	32.42	256	120	8	6	638	20	267	2e-23	90.1
scaffold415162	OTU_0119	34.45	209	95	6	538	20	102	304	6e-21	82.8
scaffold417397	OTU_0257	45.36	97	44	2	592	329	24	120	6e-20	77.4
scaffold418116	OTU_0203	52.46	61	29	0	632	450	94	154	6e-19	75.5
scaffold418133	OTU_0106	33.49	218	98	9	8	550	90	297	2e-15	67.4
scaffold418183	OTU_0170	78.72	47	10	0	495	635	91	137	2e-20	80.1
scaffold418345	OTU_0093	100.00	135	0	0	630	226	183	317	2e-96	  282
scaffold418536	OTU_0049	78.26	69	15	0	207	1	3	71	1e-32	  115
scaffold423177	OTU_0229	31.02	216	103	4	571	44	2	211	2e-26	97.4
scaffold424595	OTU_0096	25.14	175	103	4	623	180	1	174	1e-11	54.7
scaffold424884	OTU_0065	85.95	121	17	0	626	264	146	266	8e-70	  212
scaffold425282	OTU_0343	99.52	208	1	0	625	2	1	208	6e-155	  426
scaffold426099	OTU_0094	100.00	35	0	0	524	628	1	35	7e-19	75.5
scaffold430531	OTU_0203	59.18	49	20	0	548	402	104	152	2e-17	71.2
scaffold431284	OTU_0079	31.67	180	88	2	59	493	121	300	7e-21	82.4
scaffold432328	OTU_0200	37.22	180	70	5	25	444	125	301	3e-24	92.4
scaffold432623	OTU_0281	54.79	73	33	0	40	258	30	102	8e-23	84.7
scaffold434135	OTU_0016	61.67	60	23	0	541	362	201	260	6e-21	82.4
scaffold435037	OTU_0140	54.17	72	32	1	544	332	230	301	4e-20	80.5
scaffold436024	OTU_0343	75.16	153	38	0	165	623	1	153	4e-81	  239
scaffold437549	OTU_0175	43.33	60	34	0	1	180	256	315	7e-12	57.0
scaffold439675	OTU_0230	36.46	96	60	1	309	593	18	113	4e-12	57.8
scaffold441153	OTU_0098	35.71	140	83	5	195	602	10	146	8e-19	75.5
scaffold445731	OTU_0265	61.36	44	17	0	430	299	131	174	3e-12	56.6
scaffold447102	OTU_0170	61.67	120	39	2	169	516	1	117	9e-37	  124
scaffold447102	OTU_0170	52.38	147	57	3	198	617	11	151	5e-34	  116
scaffold449064	OTU_0292	30.30	132	90	2	221	613	2	132	5e-15	63.9
scaffold449470	OTU_0193	36.91	149	74	7	168	587	58	195	3e-13	60.5
scaffold451042	OTU_0287	62.50	64	24	0	6	197	248	311	3e-20	80.5
scaffold451868	OTU_0099	43.02	86	40	2	51	281	63	148	7e-17	69.3
scaffold452130	OTU_0203	69.57	46	14	0	602	465	107	152	1e-18	74.3
scaffold452574	OTU_0105	34.72	193	79	5	121	579	55	240	6e-23	87.8
scaffold454786	OTU_0101	31.63	215	97	5	593	63	100	302	1e-18	75.9
scaffold458041	OTU_0200	35.57	149	63	4	7	354	153	301	3e-19	77.8
scaffold458166	OTU_0351	56.25	64	28	0	222	413	141	204	2e-18	74.3
scaffold458340	OTU_0281	52.73	55	26	0	161	325	35	89	3e-12	55.1
scaffold461749	OTU_0133	51.79	56	26	1	235	68	91	145	1e-13	59.7
scaffold464017	OTU_0284	85.39	89	13	0	606	340	225	313	5e-50	  161
scaffold466162	OTU_0109	78.57	56	12	0	514	347	162	217	6e-26	95.9
scaffold466764	OTU_0351	44.26	122	61	3	1	366	90	204	4e-23	87.8
scaffold467358	OTU_0105	37.42	163	61	3	24	389	92	254	1e-22	87.4
scaffold468354	OTU_0229	58.73	63	18	2	573	391	153	209	6e-18	73.2
scaffold471842	OTU_0140	57.97	69	26	3	115	318	235	301	2e-18	75.5
scaffold471996	OTU_0274	50.79	63	31	0	602	414	155	217	2e-15	65.5
scaffold473590	OTU_0175	34.62	156	96	4	485	30	14	167	2e-17	72.8
scaffold475214	OTU_0206	27.69	195	119	6	599	27	14	190	1e-11	56.2
scaffold477360	OTU_0075	74.04	104	24	2	3	314	216	316	4e-47	  154
scaffold485008	OTU_0231	97.74	177	4	0	66	596	1	177	2e-114	  322
scaffold485256	OTU_0311	31.96	97	51	2	577	290	20	102	5e-11	51.6
scaffold490303	OTU_0203	53.23	62	29	0	578	393	93	154	1e-18	74.3
scaffold495569	OTU_0126	76.24	101	24	0	287	589	1	101	5e-51	  164
scaffold497037	OTU_0140	48.57	70	36	0	534	325	229	298	1e-16	70.5
scaffold498660	OTU_0191	39.49	157	92	3	559	95	10	165	5e-26	96.3
scaffold499992	OTU_0070	90.91	55	5	0	3	167	162	216	4e-31	  109
scaffold501495	OTU_0083	99.35	155	1	0	586	122	5	159	2e-112	  316
scaffold501534	OTU_0234	33.69	187	99	2	572	87	115	301	1e-26	99.0
scaffold501843	OTU_0021	32.60	181	86	4	35	469	74	254	1e-21	84.0
scaffold509311	OTU_0079	42.86	84	48	0	574	323	217	300	7e-16	68.2
scaffold510194	OTU_0284	76.92	130	28	1	193	582	1	128	3e-66	  203
scaffold512534	OTU_0305	80.00	40	8	0	58	177	134	173	6e-18	72.4
scaffold514529	OTU_0111	36.92	130	80	2	194	580	3	131	3e-16	68.6
scaffold519822	OTU_0035	35.11	131	75	4	547	158	29	150	3e-11	53.1
scaffold519897	OTU_0305	72.50	40	11	0	409	528	134	173	4e-15	63.9
scaffold523015	OTU_0170	97.79	136	3	0	410	3	1	136	1e-92	  266
scaffold523837	OTU_0267	33.49	209	95	7	575	57	95	295	3e-23	88.6
scaffold525086	OTU_0305	80.00	40	8	0	203	322	134	173	5e-18	72.4
scaffold526918	OTU_0191	39.49	157	92	3	91	555	10	165	2e-30	  108
scaffold528785	OTU_0299	43.93	107	51	2	542	249	59	165	1e-21	82.4
scaffold532112	OTU_0217	36.07	183	80	5	1	441	131	312	2e-22	86.7
scaffold535257	OTU_0152	86.67	105	14	0	571	257	161	265	2e-53	  169
scaffold535844	OTU_0111	33.73	166	104	3	35	529	1	161	1e-24	92.4
scaffold539532	OTU_0192	54.69	64	29	0	12	203	32	95	5e-17	68.6
scaffold542123	OTU_0278	96.77	93	3	0	566	288	131	223	5e-60	  184
scaffold543086	OTU_0155	30.94	139	93	3	155	565	2	139	2e-15	66.6
scaffold544099	OTU_0001	33.64	214	94	6	530	6	99	303	1e-24	92.8
scaffold544238	OTU_0292	37.16	148	85	6	440	12	17	161	5e-18	72.4
scaffold547136	OTU_0249	37.06	197	92	7	537	43	91	287	5e-27	99.4
scaffold552695	OTU_0320	38.71	155	85	4	2	448	33	183	5e-22	85.5
scaffold552737	OTU_0305	69.09	55	17	0	103	267	119	173	1e-23	88.2
scaffold552873	OTU_0176	34.48	116	61	3	164	484	1	110	1e-11	55.1
scaffold558810	OTU_0229	49.28	69	34	1	459	256	141	209	9e-17	69.3
scaffold560240	OTU_0275	43.01	93	51	2	542	264	62	152	4e-17	69.7
scaffold563686	OTU_0196	42.19	64	35	1	251	436	237	300	1e-11	55.8
scaffold564077	OTU_0262	36.99	146	62	4	185	532	54	199	2e-17	71.2
scaffold567768	OTU_0006	47.69	65	29	1	179	358	232	296	5e-12	57.0
scaffold569585	OTU_0021	41.12	107	48	2	32	346	160	253	8e-20	78.6
scaffold571534	OTU_0229	50.00	64	32	0	455	264	146	209	2e-16	68.2
scaffold574061	OTU_0127	33.90	177	81	4	23	445	1	177	7e-23	86.3
scaffold578673	OTU_0148	29.65	172	103	5	2	514	30	184	3e-13	58.9
scaffold578681	OTU_0305	70.91	55	16	0	168	332	119	173	1e-23	88.2
scaffold583529	OTU_0270	76.16	172	41	0	31	546	1	172	8e-75	  223
scaffold584248	OTU_0013	39.31	145	85	3	9	437	39	182	2e-22	86.3
scaffold584516	OTU_0023	66.67	63	21	0	1	189	255	317	3e-21	83.2
scaffold585256	OTU_0324	67.10	155	51	0	465	1	2	156	7e-72	  217
scaffold586815	OTU_0331	61.67	180	68	1	539	3	1	180	2e-68	  208
scaffold588576	OTU_0203	55.93	59	26	0	425	249	97	155	3e-18	72.8
scaffold590877	OTU_0181	36.77	155	90	5	452	3	11	162	1e-19	76.6
scaffold591060	OTU_0265	54.55	44	20	0	366	235	132	175	3e-12	55.8
scaffold595739	OTU_0246	40.70	172	60	6	1	390	131	302	5e-22	85.1
scaffold595945	OTU_0253	61.82	55	21	0	1	165	98	152	4e-18	72.4
scaffold599802	OTU_0138	28.16	174	99	7	32	538	3	155	1e-11	53.9
scaffold601524	OTU_0140	48.21	56	27	1	332	165	244	297	7e-11	53.5
scaffold603601	OTU_0305	50.00	98	36	4	21	278	80	176	3e-21	81.6
scaffold607488	OTU_0037	86.11	180	25	0	540	1	86	265	2e-117	  333
scaffold609237	OTU_0141	36.50	137	75	2	3	413	50	174	3e-16	68.6
scaffold609646	OTU_0181	35.94	128	78	4	377	3	20	146	6e-12	54.7
scaffold609915	OTU_0125	25.56	180	94	5	70	498	82	258	6e-13	58.9
scaffold615332	OTU_0129	64.15	53	19	0	194	352	214	266	5e-20	79.3
scaffold616556	OTU_0072	37.22	180	81	4	531	88	124	303	3e-26	97.1
scaffold616811	OTU_0275	57.81	64	27	0	4	195	75	138	7e-20	77.4
scaffold619225	OTU_0150	37.04	216	94	3	535	11	3	217	7e-32	  111
scaffold627575	OTU_0197	69.05	42	13	0	3	128	134	175	7e-16	66.2
scaffold630196	OTU_0107	57.14	70	30	0	16	225	244	313	5e-21	82.4
scaffold630734	OTU_0235	33.33	147	93	4	432	1	3	147	3e-15	64.7
scaffold635905	OTU_0144	58.51	94	38	1	281	3	33	126	2e-26	97.8
scaffold638823	OTU_0203	54.10	61	28	0	457	275	94	154	1e-19	76.6
scaffold639485	OTU_0275	42.19	64	35	2	67	255	75	137	9e-11	51.2
scaffold640100	OTU_0072	31.47	143	95	2	468	46	39	180	6e-19	76.3
scaffold640329	OTU_0229	33.50	203	96	5	16	525	7	203	2e-21	82.8
scaffold646996	OTU_0115	64.15	53	17	1	43	195	119	171	6e-17	69.3
scaffold649967	OTU_0176	39.13	184	77	6	525	79	42	225	7e-25	92.0
scaffold650131	OTU_0200	34.66	176	77	6	2	418	127	301	8e-21	81.6
scaffold655898	OTU_0155	33.17	202	94	5	23	523	93	288	1e-24	92.4
scaffold658174	OTU_0335	56.67	60	26	0	69	248	242	301	1e-18	75.5
scaffold659092	OTU_0087	44.00	100	56	0	516	217	88	187	4e-23	86.7
scaffold659310	OTU_0233	29.41	170	85	5	64	468	132	301	1e-12	58.5
scaffold659380	OTU_0241	30.94	139	82	5	31	414	130	265	1e-10	52.8
scaffold660064	OTU_0203	68.75	48	15	0	495	352	105	152	2e-18	73.2
scaffold660141	OTU_0229	76.47	34	8	0	3	104	176	209	4e-13	58.5
scaffold666217	OTU_0176	63.93	61	22	0	462	280	152	212	7e-21	80.9
scaffold666447	OTU_0203	54.10	61	28	0	188	370	94	154	2e-19	75.9
scaffold666621	OTU_0048	30.68	176	87	4	31	453	127	302	2e-16	68.9
scaffold666780	OTU_0218	55.13	78	35	0	363	130	225	302	2e-21	83.2
scaffold667809	OTU_0016	89.80	49	5	0	437	291	222	270	4e-25	93.6
scaffold669998	OTU_0191	39.29	140	83	2	515	99	27	165	3e-23	87.8
scaffold670782	OTU_0341	84.21	57	9	0	514	344	258	314	5e-29	  104
scaffold671684	OTU_0203	62.79	43	16	0	147	275	109	151	1e-15	65.5
scaffold672277	OTU_0229	37.93	174	70	7	515	105	37	209	8e-20	77.8
scaffold672438	OTU_0324	43.70	135	57	4	362	3	143	273	1e-23	89.4
scaffold673741	OTU_0079	85.58	104	15	0	504	193	1	104	2e-68	  174
scaffold673741	OTU_0079	73.13	67	18	0	203	3	101	167	2e-68	95.5
scaffold674390	OTU_0040	51.56	64	31	0	468	277	239	302	1e-17	72.8
scaffold675698	OTU_0203	69.77	43	13	0	139	267	113	155	3e-17	69.7
scaffold678994	OTU_0305	73.81	42	11	0	355	230	132	173	1e-16	68.2
scaffold680672	OTU_0098	63.70	146	53	0	440	3	2	147	6e-57	  176
scaffold685107	OTU_0076	43.75	96	46	4	388	107	89	178	3e-11	54.7
scaffold685518	OTU_0278	86.27	51	7	0	2	154	173	223	3e-25	93.2
scaffold686341	OTU_0074	49.06	53	27	0	343	501	105	157	6e-12	54.7
scaffold687832	OTU_0126	39.13	115	62	3	464	126	54	162	4e-14	62.4
scaffold691765	OTU_0278	37.29	177	76	6	445	20	34	210	4e-23	87.4
scaffold691773	OTU_0103	40.87	115	53	3	499	197	187	300	8e-19	75.9
scaffold697070	OTU_0129	34.07	182	82	7	478	47	85	266	4e-20	79.3
scaffold699885	OTU_0246	39.80	196	70	4	447	4	121	316	8e-29	  103
scaffold702396	OTU_0278	34.18	158	76	4	505	116	53	210	4e-18	73.2
scaffold702642	OTU_0262	37.57	181	75	5	70	501	20	199	7e-23	86.3
scaffold702683	OTU_0235	40.44	136	80	1	8	415	44	178	2e-19	77.0
scaffold703052	OTU_0260	35.71	112	62	4	390	64	3	107	4e-11	53.1
scaffold703848	OTU_0072	40.26	154	90	2	5	463	11	163	4e-28	  102
scaffold704573	OTU_0107	35.03	157	91	5	53	505	5	156	2e-21	83.2
scaffold705066	OTU_0154	72.52	131	34	1	112	504	19	147	2e-51	  163
scaffold705524	OTU_0155	36.97	165	64	3	11	385	149	313	5e-25	93.2
scaffold708045	OTU_0221	43.85	130	67	4	497	117	11	137	2e-21	81.3
scaffold713730	OTU_0144	70.83	48	14	0	24	167	255	302	8e-19	75.9
scaffold715833	OTU_0234	28.87	194	98	5	23	502	103	290	5e-11	53.5
scaffold717453	OTU_0191	36.73	98	60	2	292	5	10	107	4e-12	56.2
scaffold717603	OTU_0305	70.00	40	12	0	503	384	134	173	3e-15	64.3
scaffold719363	OTU_0208	76.58	158	37	0	28	501	2	159	7e-88	  258
scaffold719546	OTU_0005	40.58	69	40	1	467	261	51	118	7e-11	50.8
scaffold720414	OTU_0258	56.52	69	30	0	1	207	91	159	1e-24	72.8
scaffold720414	OTU_0258	60.47	43	17	0	219	347	165	207	1e-24	50.4
scaffold721867	OTU_0283	82.35	34	6	0	4	105	274	307	8e-15	64.7
scaffold722778	OTU_0305	69.05	42	13	0	418	293	132	173	2e-17	70.5
scaffold723826	OTU_0291	83.70	92	15	0	224	499	2	93	9e-50	  159
scaffold724330	OTU_0150	36.26	182	80	6	464	27	33	214	3e-24	90.1
scaffold725848	OTU_0010	37.23	137	82	3	498	94	42	176	4e-18	73.6
scaffold726857	OTU_0191	34.81	158	96	4	41	496	1	157	1e-19	77.8
scaffold729686	OTU_0275	67.27	55	18	0	73	237	84	138	5e-22	82.8
scaffold732743	OTU_0138	41.43	70	40	1	460	254	5	74	4e-12	54.7
scaffold734211	OTU_0192	71.05	38	11	0	496	383	61	98	1e-13	58.5
scaffold736480	OTU_0203	66.67	45	15	0	296	162	108	152	2e-17	70.5
scaffold742484	OTU_0115	33.70	181	83	4	493	62	5	185	4e-24	89.0
scaffold750050	OTU_0315	71.79	39	11	0	491	375	71	109	1e-14	61.6
scaffold750057	OTU_0010	39.31	173	64	4	3	398	143	315	4e-26	96.3
scaffold750119	OTU_0155	28.28	198	98	8	9	491	89	279	1e-14	64.3
scaffold751217	OTU_0183	37.91	153	92	3	455	3	10	161	5e-21	81.6
scaffold751322	OTU_0225	29.95	187	77	8	20	448	124	300	6e-12	56.2
scaffold755469	OTU_0305	76.19	42	10	0	1	126	132	173	2e-18	73.6
scaffold755540	OTU_0213	75.00	92	23	0	491	216	14	105	3e-49	  115
scaffold755540	OTU_0213	64.79	71	25	0	213	1	138	208	3e-49	90.1
scaffold756425	OTU_0315	69.44	36	11	0	490	383	74	109	3e-13	57.4
scaffold757782	OTU_0249	33.17	199	95	5	491	3	46	242	3e-17	70.9
scaffold758880	OTU_0197	73.17	41	11	0	425	303	135	175	1e-14	62.4
scaffold764357	OTU_0198	53.66	82	25	2	480	241	231	301	5e-19	75.9
scaffold768499	OTU_0031	32.00	125	75	4	109	474	73	190	1e-15	66.6
scaffold769226	OTU_0155	34.27	143	93	1	16	444	33	174	5e-17	70.5
scaffold769991	OTU_0111	31.62	136	82	4	81	485	5	130	4e-11	53.5
scaffold771177	OTU_0203	58.06	62	25	1	194	9	94	154	9e-21	79.3
scaffold774297	OTU_0256	69.30	114	35	0	342	1	12	125	5e-49	  157
scaffold776043	OTU_0150	29.70	202	83	4	482	24	23	214	8e-24	89.0
scaffold777248	OTU_0003	41.80	122	53	4	41	361	189	307	3e-14	62.8
scaffold777668	OTU_0074	90.57	106	10	0	3	320	58	163	5e-69	  204
scaffold778125	OTU_0111	36.69	139	85	3	418	5	3	139	1e-14	63.5
scaffold779087	OTU_0264	82.35	34	6	0	384	485	2	35	4e-16	66.2
scaffold779979	OTU_0305	64.06	64	23	0	286	477	113	176	4e-22	83.6
scaffold787089	OTU_0126	80.52	77	13	2	3	230	233	308	1e-33	  117
scaffold787220	OTU_0305	65.91	44	15	0	132	1	113	156	4e-12	54.7
scaffold795096	OTU_0235	71.59	88	25	0	216	479	1	88	5e-40	  131
scaffold795746	OTU_0030	46.88	96	46	1	431	159	209	304	4e-19	76.3
scaffold796636	OTU_0305	83.78	37	6	0	1	111	137	173	8e-16	65.9
scaffold799473	OTU_0009	76.92	130	29	1	395	9	183	312	2e-68	  207
scaffold799901	OTU_0087	37.93	145	53	4	4	327	28	172	5e-18	72.0
scaffold800454	OTU_0159	99.37	159	0	1	1	477	8	165	2e-113	  317
scaffold800659	OTU_0344	36.54	156	94	4	13	471	15	168	3e-23	87.8
scaffold801468	OTU_0183	37.82	119	71	3	127	477	10	127	1e-12	58.2
scaffold802575	OTU_0134	76.92	39	9	0	117	1	7	45	2e-15	66.2
scaffold807683	OTU_0106	69.92	133	40	0	77	475	1	133	4e-62	  191
scaffold809546	OTU_0196	75.00	44	11	0	275	144	1	44	4e-20	79.3
scaffold809546	OTU_0196	56.52	46	20	0	141	4	228	273	1e-12	58.5
scaffold810332	OTU_0331	81.60	125	23	0	1	375	188	312	5e-63	  194
scaffold811173	OTU_0157	47.37	57	29	1	245	412	246	302	8e-11	52.8
scaffold812082	OTU_0030	61.02	59	19	1	346	182	243	301	7e-18	72.8
scaffold812153	OTU_0261	32.35	170	78	8	443	45	129	298	1e-12	58.2
scaffold814929	OTU_0029	27.27	187	87	4	474	16	1	172	4e-14	60.8
scaffold817492	OTU_0048	37.82	156	93	4	6	464	22	176	3e-26	96.7
scaffold819317	OTU_0003	52.00	75	31	1	459	250	227	301	4e-18	73.6
scaffold819865	OTU_0140	53.03	66	31	0	3	200	246	311	2e-19	76.6
scaffold821594	OTU_0341	56.16	73	31	1	473	255	243	314	9e-21	80.9
scaffold825344	OTU_0150	34.54	194	84	7	473	3	12	199	3e-17	70.1
scaffold828697	OTU_0305	76.74	43	10	0	398	270	131	173	5e-19	74.7
scaffold829027	OTU_0115	49.49	99	40	2	458	192	87	185	7e-24	88.2
scaffold837156	OTU_0095	26.70	191	98	4	470	3	101	284	6e-12	56.2
scaffold837598	OTU_0305	51.67	60	29	0	3	182	114	173	5e-18	72.0
scaffold837641	OTU_0314	42.35	85	40	2	107	340	219	301	2e-11	54.7
scaffold837976	OTU_0157	30.06	163	72	3	451	86	154	315	2e-20	79.7
scaffold838460	OTU_0179	54.24	59	26	1	217	44	227	285	7e-17	69.7
scaffold839839	OTU_0043	26.67	195	97	6	467	3	89	277	6e-12	55.8
scaffold842652	OTU_0155	36.92	130	81	1	454	65	46	174	3e-23	87.8
scaffold843139	OTU_0140	47.89	71	37	0	118	330	230	300	6e-20	78.6
scaffold843644	OTU_0010	39.74	78	44	2	234	7	228	304	5e-11	53.5
scaffold843713	OTU_0197	60.78	51	20	0	452	300	125	175	1e-16	68.2
scaffold844867	OTU_0044	60.00	50	20	0	6	155	255	304	8e-15	63.9
scaffold845139	OTU_0341	48.08	104	53	1	418	110	211	314	6e-26	95.5
scaffold847994	OTU_0305	77.50	40	9	0	76	195	134	173	5e-17	69.3
scaffold853146	OTU_0335	39.29	112	63	4	140	463	5	115	9e-14	61.2
scaffold854475	OTU_0203	59.09	44	18	0	3	134	109	152	2e-15	64.3
scaffold855588	OTU_0341	47.52	101	41	3	36	311	217	314	6e-23	87.0
scaffold855811	OTU_0247	31.30	131	73	3	460	68	60	173	1e-12	57.0
scaffold857954	OTU_0003	41.27	126	67	5	370	5	2	124	2e-17	71.6
scaffold861393	OTU_0217	37.06	197	78	5	1	462	96	289	4e-29	  104
scaffold862549	OTU_0299	53.42	73	34	0	89	307	93	165	9e-21	79.3
scaffold862583	OTU_0227	36.11	180	83	5	1	444	135	314	6e-24	89.7
scaffold864460	OTU_0347	64.86	37	13	0	351	461	13	49	8e-14	59.7
scaffold868599	OTU_0163	55.56	72	31	1	48	260	81	152	3e-23	85.5
scaffold870309	OTU_0300	38.82	85	42	3	456	232	145	229	7e-11	52.4
scaffold871944	OTU_0069	100.00	153	0	0	2	460	12	164	3e-95	  271
scaffold872587	OTU_0229	31.72	186	85	7	10	459	7	186	4e-16	66.6
scaffold872623	OTU_0157	37.78	180	76	4	455	24	123	302	1e-22	86.3
scaffold874532	OTU_0315	67.57	37	12	0	347	237	73	109	1e-13	58.5
scaffold878301	OTU_0203	41.43	70	37	1	200	3	80	149	1e-13	59.3
scaffold886467	OTU_0176	34.42	154	60	4	6	344	59	212	8e-19	74.3
scaffold887267	OTU_0203	52.46	61	29	0	283	101	94	154	9e-20	76.6
scaffold888337	OTU_0105	50.00	82	36	2	63	302	36	114	3e-16	67.4
scaffold890544	OTU_0077	39.18	97	55	3	167	448	6	101	7e-13	58.5
scaffold892348	OTU_0048	39.47	152	89	3	3	452	18	168	4e-23	87.4
scaffold892450	OTU_0305	52.38	42	20	0	3	128	129	170	1e-11	53.5
scaffold893625	OTU_0233	47.67	86	44	1	36	293	94	178	8e-16	67.0
scaffold894031	OTU_0262	43.90	82	40	3	440	213	115	196	2e-11	53.1
scaffold897045	OTU_0018	26.47	170	90	4	453	49	2	171	1e-13	59.3
scaffold897789	OTU_0238	39.44	71	42	1	13	222	134	204	6e-11	52.0
scaffold898607	OTU_0125	31.38	188	84	7	1	453	60	239	4e-18	72.8
scaffold899527	OTU_0010	40.68	177	64	4	48	455	127	303	1e-27	  100
scaffold899540	OTU_0203	45.76	59	30	1	415	245	94	152	2e-12	55.5
scaffold903683	OTU_0203	63.83	47	17	0	317	177	109	155	4e-18	72.0
scaffold905407	OTU_0165	36.57	134	81	4	400	8	9	141	6e-19	74.3
scaffold907106	OTU_0096	39.53	172	63	5	57	449	1	172	5e-29	  101
scaffold909849	OTU_0181	35.34	133	74	4	448	50	42	162	3e-11	52.0
scaffold911500	OTU_0305	56.45	62	26	1	315	133	112	173	5e-20	77.4
scaffold912877	OTU_0203	54.84	62	28	0	334	149	94	155	5e-21	79.7
scaffold916293	OTU_0105	70.27	37	11	0	341	231	207	243	5e-13	58.2
scaffold918353	OTU_0233	40.00	95	50	2	6	287	96	184	7e-12	55.8
scaffold919015	OTU_0006	60.29	68	27	0	1	204	247	314	3e-22	85.1
scaffold919592	OTU_0247	79.05	148	28	1	5	448	14	158	5e-78	  229
scaffold921115	OTU_0175	35.57	149	90	5	439	5	18	164	8e-17	69.7
scaffold922082	OTU_0335	58.06	62	26	0	439	254	240	301	2e-20	79.3
scaffold924574	OTU_0235	38.19	144	79	4	13	429	39	177	9e-20	77.0
scaffold930687	OTU_0188	38.33	120	59	4	361	5	42	147	7e-13	56.6
scaffold932424	OTU_0305	53.85	78	29	3	80	310	105	176	4e-17	68.9
scaffold932764	OTU_0021	30.32	188	82	5	15	446	57	239	1e-15	65.5
scaffold933639	OTU_0137	30.29	175	90	7	435	1	130	302	2e-12	57.0
scaffold934234	OTU_0216	91.22	148	13	0	3	446	69	216	7e-76	  226
scaffold936038	OTU_0125	29.07	172	82	6	445	41	90	258	3e-11	53.1
scaffold936071	OTU_0203	55.38	65	25	1	42	236	95	155	2e-19	75.5
scaffold936367	OTU_0333	65.00	60	21	0	266	445	1	60	2e-23	87.4
scaffold936775	OTU_0208	75.21	121	24	1	345	1	25	145	9e-61	  187
scaffold944325	OTU_0267	50.00	60	30	0	424	245	236	295	3e-16	67.8
scaffold945139	OTU_0203	57.14	56	24	0	313	146	97	152	1e-20	78.6
scaffold947949	OTU_0226	43.86	114	57	3	14	337	186	298	5e-18	72.8
scaffold948169	OTU_0029	34.04	94	60	2	438	157	80	171	3e-14	60.8
scaffold950749	OTU_0085	37.38	107	65	2	317	3	2	108	2e-13	58.2
scaffold952163	OTU_0266	69.39	147	45	0	441	1	64	210	3e-42	  139
scaffold953856	OTU_0025	32.54	126	75	3	392	18	64	180	7e-12	55.8
scaffold955588	OTU_0115	82.47	97	17	0	443	153	89	185	2e-55	  169
scaffold957542	OTU_0191	40.00	75	38	2	423	202	95	163	1e-10	52.0
scaffold965996	OTU_0133	41.98	81	44	3	384	145	69	147	7e-12	53.9
scaffold966097	OTU_0187	50.63	79	36	3	438	208	5	82	6e-19	73.9
scaffold967061	OTU_0222	69.75	119	36	0	439	83	192	310	2e-52	  166
scaffold975731	OTU_0088	77.24	123	28	0	6	374	193	315	7e-66	  200
scaffold979726	OTU_0305	70.59	51	15	0	364	212	123	173	4e-20	77.4
scaffold981145	OTU_0173	56.67	60	26	0	259	438	234	293	2e-17	71.2
scaffold982729	OTU_0115	57.14	63	26	1	435	247	120	181	1e-19	76.3
scaffold983511	OTU_0124	39.76	83	38	3	254	42	68	150	1e-11	53.5
scaffold985340	OTU_0305	73.08	52	14	0	25	180	123	174	1e-22	84.3
scaffold990412	OTU_0004	41.41	99	49	1	9	278	146	244	1e-19	76.6
scaffold999668	OTU_0305	66.67	42	14	0	204	79	132	173	1e-15	64.7
scaffold1004252	OTU_0016	59.32	59	24	0	407	231	201	259	6e-20	77.8
scaffold1007018	OTU_0311	39.34	61	37	0	230	48	43	103	8e-12	52.8
scaffold1013481	OTU_0175	80.31	127	25	0	431	51	181	307	1e-75	  225
scaffold1018033	OTU_0185	34.52	84	54	1	126	374	219	302	2e-11	54.3
scaffold1019193	OTU_0203	29.66	145	65	2	415	92	7	151	2e-17	70.1
scaffold1019244	OTU_0029	65.91	44	15	0	11	142	127	170	6e-15	62.8
scaffold1028575	OTU_0079	80.99	142	27	0	428	3	162	303	6e-81	  239
scaffold1031263	OTU_0277	41.94	62	35	1	127	309	77	138	5e-11	51.2
scaffold1035154	OTU_0074	100.00	142	0	0	426	1	5	146	2e-104	  293
scaffold1035883	OTU_0337	87.50	80	10	0	424	185	98	177	5e-47	  147
scaffold1036726	OTU_0305	74.42	43	11	0	427	299	131	173	5e-20	77.0
scaffold1045270	OTU_0265	74.47	47	12	0	141	281	129	175	2e-19	75.9
scaffold1045546	OTU_0305	67.35	49	16	0	1	147	125	173	7e-19	73.9
scaffold1049081	OTU_0155	29.71	175	82	6	5	424	98	266	1e-13	60.8
scaffold1049630	OTU_0115	39.31	173	70	4	422	9	13	185	1e-23	87.4
scaffold1050864	OTU_0339	34.25	181	71	10	424	2	100	272	7e-11	52.4
scaffold1058356	OTU_0035	98.58	141	2	0	423	1	8	148	2e-100	  283
scaffold1071851	OTU_0087	83.81	105	17	0	1	315	84	188	8e-60	  181
scaffold1074340	OTU_0126	40.52	116	61	4	413	72	53	162	6e-14	61.2
scaffold1076623	OTU_0299	50.00	78	39	0	40	273	88	165	4e-22	82.8
scaffold1076756	OTU_0305	69.23	65	18	2	229	420	113	176	5e-23	85.1
scaffold1076988	OTU_0203	65.96	47	16	0	3	143	109	155	5e-18	71.2
scaffold1077566	OTU_0150	35.95	153	56	5	420	82	64	214	2e-17	70.1
scaffold1083522	OTU_0299	52.38	42	20	0	419	294	124	165	8e-11	50.8
scaffold1084639	OTU_0121	30.11	176	84	5	3	413	125	300	4e-17	70.5
scaffold1086281	OTU_0203	50.00	50	25	0	168	317	100	149	2e-13	57.8
scaffold1087816	OTU_0274	48.05	77	40	0	410	180	128	204	7e-18	71.2
scaffold1092392	OTU_0335	46.67	75	40	0	334	110	224	298	5e-15	64.3
scaffold1096002	OTU_0251	71.23	73	21	0	196	414	1	73	6e-34	  117
scaffold1101966	OTU_0114	68.14	113	25	3	384	79	78	190	7e-45	  142
scaffold1104141	OTU_0127	78.45	116	25	0	66	413	69	184	3e-67	  199
scaffold1104158	OTU_0043	43.09	123	50	4	61	390	199	314	4e-25	92.8
scaffold1106371	OTU_0086	40.82	98	51	2	334	44	44	135	1e-13	58.9
scaffold1109592	OTU_0155	36.43	129	81	1	387	1	34	161	1e-21	82.8
scaffold1117993	OTU_0319	41.03	78	39	3	368	138	59	130	5e-11	52.8
scaffold1118944	OTU_0087	83.61	61	10	0	187	369	124	184	8e-31	  105
scaffold1121477	OTU_0275	52.94	68	32	0	307	104	71	138	1e-20	78.2
scaffold1124412	OTU_0010	35.36	181	67	6	13	408	122	301	7e-23	86.3
scaffold1125585	OTU_0229	31.46	178	77	4	399	1	26	203	4e-17	69.3
scaffold1125867	OTU_0065	81.15	122	23	0	367	2	1	122	4e-57	  176
scaffold1127208	OTU_0087	88.71	62	7	0	411	226	127	188	2e-34	  115
scaffold1127334	OTU_0059	50.94	53	26	0	180	22	67	119	5e-12	55.5
scaffold1134229	OTU_0310	100.00	136	0	0	410	3	16	151	9e-86	  246
scaffold1134738	OTU_0305	78.57	42	9	0	148	273	132	173	5e-19	73.9
scaffold1134816	OTU_0042	37.50	176	67	6	1	402	127	301	5e-24	89.4
scaffold1138645	OTU_0284	71.43	84	21	1	157	408	1	81	5e-38	  127
scaffold1139792	OTU_0258	39.49	157	61	7	41	409	126	282	9e-17	69.3
scaffold1141311	OTU_0274	38.64	176	66	5	3	407	10	184	7e-24	88.2
scaffold1142459	OTU_0335	61.67	60	23	0	403	224	242	301	5e-19	75.5
scaffold1142487	OTU_0265	73.17	41	11	0	43	165	135	175	2e-16	67.0
scaffold1142891	OTU_0277	41.18	68	39	1	403	200	87	153	4e-12	54.3
scaffold1146105	OTU_0300	47.37	76	39	1	235	8	16	90	2e-15	64.3
scaffold1147000	OTU_0183	32.84	134	85	4	394	2	10	141	7e-14	61.2
scaffold1153908	OTU_0274	35.23	176	70	6	405	1	2	174	1e-14	62.0
scaffold1154077	OTU_0315	59.57	47	19	0	7	147	68	114	5e-14	59.3
scaffold1155323	OTU_0203	62.50	56	21	0	193	360	97	152	7e-22	81.6
scaffold1155808	OTU_0305	66.67	57	19	0	10	180	120	176	1e-20	78.2
scaffold1155831	OTU_0159	37.04	81	48	2	402	160	30	107	1e-12	55.8
scaffold1156197	OTU_0170	48.81	84	41	2	388	140	1	83	3e-17	69.3
scaffold1156372	OTU_0006	51.06	47	23	0	175	35	250	296	6e-11	52.8
scaffold1157794	OTU_0234	36.36	132	72	4	10	405	41	160	2e-11	53.9
scaffold1159112	OTU_0057	52.05	73	33	2	217	2	6	77	3e-18	73.2
scaffold1159801	OTU_0238	73.21	56	15	0	239	72	149	204	8e-24	87.8
scaffold1161800	OTU_0347	60.00	65	26	0	197	3	1	65	4e-19	73.9
scaffold1165434	OTU_0274	40.00	85	41	1	53	277	120	204	3e-16	66.2
scaffold1166214	OTU_0203	70.45	44	13	0	405	274	109	152	1e-17	70.1
scaffold1166659	OTU_0249	46.67	60	32	0	112	291	216	275	7e-12	55.5
scaffold1173073	OTU_0305	47.06	85	35	3	360	136	89	173	9e-16	64.7
scaffold1175479	OTU_0165	100.00	133	0	0	401	3	28	160	2e-91	  260
scaffold1180331	OTU_0044	46.00	100	53	1	106	402	205	304	3e-22	84.3
scaffold1186003	OTU_0305	64.91	57	20	0	4	174	120	176	3e-20	77.4
scaffold1186241	OTU_0105	36.90	168	53	7	398	48	78	243	1e-18	73.6
scaffold1189337	OTU_0233	39.58	96	50	2	7	291	92	180	2e-11	54.3
scaffold1192762	OTU_0098	41.44	111	62	3	397	71	69	178	4e-14	60.5
scaffold1193632	OTU_0229	30.72	166	79	6	392	3	26	191	4e-15	63.2
scaffold1198737	OTU_0256	35.15	165	71	4	391	5	106	270	1e-18	73.9
scaffold1207752	OTU_0203	57.38	61	26	0	27	209	94	154	2e-20	77.8
scaffold1207965	OTU_0101	33.33	168	73	3	390	1	121	287	1e-24	91.3
scaffold1209915	OTU_0047	31.36	118	78	2	40	393	33	147	3e-14	60.5
scaffold1211564	OTU_0305	72.73	55	15	0	271	107	119	173	2e-24	88.6
scaffold1211935	OTU_0049	33.75	160	77	5	4	396	127	286	1e-12	57.4
scaffold1214275	OTU_0197	64.15	53	17	1	177	329	123	175	3e-18	72.0
scaffold1216521	OTU_0181	41.67	84	45	3	1	246	73	154	1e-12	55.8
scaffold1222142	OTU_0155	36.15	130	80	3	394	11	18	146	1e-17	71.6
scaffold1224014	OTU_0318	83.33	30	5	0	305	394	34	63	6e-12	55.5
scaffold1226984	OTU_0003	48.48	99	35	5	97	351	208	304	1e-20	79.3
scaffold1229053	OTU_0133	60.00	60	24	0	50	229	87	146	7e-20	76.3
scaffold1239055	OTU_0105	53.57	84	34	1	45	281	157	240	2e-20	78.2
scaffold1239931	OTU_0072	34.68	173	68	4	389	3	128	299	4e-22	83.6
scaffold1240773	OTU_0335	76.15	130	31	0	3	392	37	166	5e-64	  195
scaffold1241572	OTU_0125	33.94	109	62	3	371	48	31	130	5e-11	52.4
scaffold1244521	OTU_0274	69.23	39	12	0	386	270	166	204	1e-13	59.3
scaffold1245168	OTU_0155	32.26	124	82	2	371	3	34	156	5e-17	69.7
scaffold1246187	OTU_0157	35.33	167	69	6	384	1	120	286	6e-14	61.2
scaffold1246590	OTU_0207	42.86	84	47	1	133	384	62	144	2e-15	64.7
scaffold1246766	OTU_0198	29.11	158	76	4	366	1	122	279	3e-11	53.5
scaffold1248455	OTU_0143	64.06	128	46	0	2	385	39	166	1e-53	  165
scaffold1249678	OTU_0192	80.00	40	8	0	390	271	56	95	4e-17	67.4
scaffold1251450	OTU_0223	74.62	130	33	0	1	390	29	158	7e-57	  175
scaffold1253893	OTU_0225	45.28	106	46	3	390	109	208	313	4e-21	81.3
scaffold1258635	OTU_0305	69.05	42	13	0	11	136	134	175	2e-16	66.6
scaffold1260122	OTU_0136	27.54	167	83	4	389	3	133	299	6e-11	52.4
scaffold1260312	OTU_0150	30.00	150	66	3	336	1	38	186	1e-12	56.6
scaffold1262516	OTU_0320	82.61	69	12	0	209	3	1	69	1e-34	  118
scaffold1265659	OTU_0235	34.07	135	74	5	10	390	4	131	5e-13	57.4
scaffold1268233	OTU_0115	48.75	80	41	0	99	338	92	171	2e-18	72.4
scaffold1273465	OTU_0258	38.99	159	67	4	1	387	130	288	2e-16	68.2
scaffold1274163	OTU_0155	33.33	162	72	4	380	3	119	280	1e-20	79.3
scaffold1274406	OTU_0274	34.71	170	69	5	1	387	10	178	5e-17	68.6
scaffold1274915	OTU_0203	62.75	51	19	0	145	297	102	152	1e-18	72.8
scaffold1275372	OTU_0265	72.73	44	12	0	137	6	134	177	1e-18	73.2
scaffold1280241	OTU_0203	38.89	162	58	5	367	5	2	163	2e-23	85.5
scaffold1280875	OTU_0152	65.52	58	20	0	327	154	198	255	2e-22	84.3
scaffold1281478	OTU_0203	60.38	53	19	2	37	192	100	151	5e-17	68.2
scaffold1284514	OTU_0315	66.67	33	11	0	1	99	77	109	5e-11	50.4
scaffold1287666	OTU_0304	78.91	128	27	0	386	3	85	212	5e-48	  152
scaffold1289783	OTU_0155	35.43	127	81	1	7	387	34	159	9e-22	82.8
scaffold1291491	OTU_0217	41.46	123	68	3	373	11	58	178	8e-21	80.1
scaffold1291539	OTU_0093	91.53	59	5	0	95	271	2	60	4e-45	  116
scaffold1291539	OTU_0093	85.71	42	6	0	262	387	58	99	4e-45	75.1
scaffold1293320	OTU_0284	46.90	113	55	3	345	10	44	152	2e-25	92.8
scaffold1294826	OTU_0217	40.83	120	69	2	385	29	63	181	2e-20	79.0
scaffold1298577	OTU_0212	98.94	94	1	0	386	105	222	315	1e-62	  191
scaffold1299050	OTU_0219	63.64	66	24	0	5	202	251	316	2e-21	81.6
scaffold1307305	OTU_0229	28.48	158	74	4	363	1	21	176	3e-11	52.4
scaffold1309673	OTU_0067	35.20	125	80	1	381	7	41	164	8e-18	72.0
scaffold1311514	OTU_0161	47.78	90	47	0	68	337	95	184	3e-20	77.4
scaffold1314463	OTU_0196	72.97	74	20	0	222	1	1	74	2e-35	  120
scaffold1314468	OTU_0113	62.90	62	23	0	376	191	133	194	5e-19	74.3
scaffold1316358	OTU_0105	39.63	164	57	6	3	383	65	223	2e-22	84.3
scaffold1317027	OTU_0133	46.77	62	32	1	53	238	86	146	4e-14	59.7
scaffold1317166	OTU_0105	32.45	151	61	4	49	378	64	214	8e-20	76.6
scaffold1318326	OTU_0283	34.73	167	68	5	3	383	108	273	2e-17	70.9
scaffold1319867	OTU_0265	61.36	44	17	0	164	33	132	175	2e-14	61.2
scaffold1327206	OTU_0133	63.89	72	26	0	305	90	88	159	2e-27	95.9
scaffold1330650	OTU_0246	59.15	71	26	1	360	157	246	316	4e-21	80.9
scaffold1331568	OTU_0093	57.14	63	27	0	371	183	255	317	4e-18	72.4
scaffold1334270	OTU_0155	44.26	61	34	0	380	198	121	181	5e-12	55.5
scaffold1340769	OTU_0199	80.95	126	24	0	380	3	6	131	7e-73	  216
scaffold1347613	OTU_0265	78.38	37	8	0	374	264	139	175	3e-15	63.2
scaffold1349783	OTU_0212	40.32	62	36	1	215	33	244	305	3e-11	53.5
scaffold1355838	OTU_0229	40.79	76	39	1	4	231	10	79	1e-11	53.5
scaffold1356680	OTU_0305	80.00	40	8	0	1	120	134	173	3e-19	74.7
scaffold1359861	OTU_0096	36.36	88	47	2	311	75	85	172	4e-14	60.1
scaffold1360455	OTU_0060	34.48	145	56	3	320	3	3	147	3e-18	71.2
scaffold1360500	OTU_0203	56.45	62	27	0	345	160	94	155	2e-20	77.4
scaffold1360529	OTU_0262	67.50	40	13	0	244	125	160	199	4e-16	65.9
scaffold1360939	OTU_0265	71.43	42	12	0	368	243	134	175	1e-16	67.0
scaffold1361932	OTU_0231	59.17	120	49	0	377	18	4	123	3e-45	  142
scaffold1363098	OTU_0203	56.82	44	19	0	167	36	106	149	7e-11	50.4
scaffold1366405	OTU_0034	75.20	125	31	0	375	1	2	126	7e-65	  192
scaffold1369691	OTU_0226	37.74	159	58	4	374	21	153	311	1e-23	87.8
scaffold1370616	OTU_0299	47.96	98	41	2	25	288	68	165	7e-24	86.7
scaffold1374169	OTU_0106	32.73	165	68	6	368	3	127	291	1e-12	57.0
scaffold1376455	OTU_0153	62.10	124	47	0	374	3	110	233	6e-54	  169
scaffold1377974	OTU_0048	39.82	113	65	3	368	39	1	113	2e-18	73.6
scaffold1378573	OTU_0133	42.62	61	35	0	238	56	85	145	3e-12	54.3
scaffold1380467	OTU_0351	32.67	150	72	5	375	4	32	178	3e-12	55.1
scaffold1381148	OTU_0174	76.61	124	29	0	2	373	34	157	8e-57	  172
scaffold1395652	OTU_0270	65.71	105	34	1	309	1	1	105	3e-38	  126
scaffold1397036	OTU_0341	44.90	98	42	3	68	334	217	311	5e-21	80.5
scaffold1402812	OTU_0011	48.21	56	29	0	250	83	2	57	1e-12	55.5
scaffold1405968	OTU_0191	39.17	120	66	3	23	367	56	173	2e-16	67.0
scaffold1405988	OTU_0265	53.66	41	19	0	327	205	132	172	5e-11	51.2
scaffold1408395	OTU_0305	75.00	44	11	0	337	206	133	176	9e-19	73.2
scaffold1410559	OTU_0345	47.57	103	50	3	366	64	71	171	2e-19	75.9
scaffold1412138	OTU_0283	37.27	161	61	2	365	3	128	288	2e-24	89.7
scaffold1412155	OTU_0071	55.74	122	54	0	4	369	121	242	3e-47	  151
scaffold1416426	OTU_0003	62.71	59	18	1	179	15	243	301	1e-18	73.6
scaffold1421422	OTU_0331	85.25	122	18	0	2	367	191	312	1e-63	  194
scaffold1422759	OTU_0305	73.81	42	11	0	360	235	132	173	1e-16	67.4
scaffold1423814	OTU_0140	61.67	60	22	1	194	370	238	297	3e-19	75.5
scaffold1424914	OTU_0257	67.74	31	10	0	369	277	78	108	1e-11	52.4
scaffold1426888	OTU_0115	35.80	162	63	3	2	364	23	184	2e-23	85.9
scaffold1430179	OTU_0075	79.07	43	9	0	240	368	1	43	2e-17	70.9
scaffold1431590	OTU_0226	53.01	83	38	1	266	18	217	298	6e-20	77.4
scaffold1434743	OTU_0265	73.53	34	9	0	228	127	142	175	8e-14	58.9
scaffold1438680	OTU_0172	41.82	55	32	0	204	368	121	175	1e-10	50.1
scaffold1441253	OTU_0188	43.80	121	66	2	361	2	40	159	6e-23	84.3
scaffold1443860	OTU_0115	57.14	77	33	0	358	128	108	184	8e-24	87.0
scaffold1444934	OTU_0078	30.77	143	64	3	42	365	39	181	1e-13	58.9
scaffold1446866	OTU_0159	40.00	85	49	2	61	312	25	108	1e-11	52.8
scaffold1447603	OTU_0199	72.45	98	27	0	296	3	1	98	1e-47	  151
scaffold1448067	OTU_0284	62.20	82	29	1	117	362	1	80	4e-30	  105
scaffold1448083	OTU_0039	34.38	160	63	2	362	9	1	160	6e-23	84.0
scaffold1450318	OTU_0050	61.64	73	23	1	108	326	1	68	6e-27	95.1
scaffold1450681	OTU_0126	33.13	166	63	5	12	365	116	281	6e-14	60.8
scaffold1453827	OTU_0127	48.21	56	25	1	197	364	123	174	1e-11	53.1
scaffold1459627	OTU_0274	47.52	101	43	2	60	332	117	217	3e-23	85.5
scaffold1460701	OTU_0314	39.75	161	56	4	362	3	140	300	5e-24	88.6
scaffold1466669	OTU_0151	34.57	81	52	1	268	29	222	302	6e-11	52.4
scaffold1469858	OTU_0256	61.84	76	28	1	233	6	155	229	6e-28	99.8
scaffold1470278	OTU_0257	78.43	51	11	0	1	153	71	121	4e-24	85.9
scaffold1471927	OTU_0016	66.95	118	39	0	362	9	67	184	1e-57	  177
scaffold1475031	OTU_0292	49.30	71	35	1	318	106	92	161	3e-16	65.5
scaffold1482013	OTU_0269	69.77	43	13	0	140	12	161	203	7e-16	65.1
scaffold1482032	OTU_0187	45.98	87	43	3	258	4	3	87	2e-20	77.4
scaffold1485345	OTU_0217	76.19	42	10	0	15	140	9	50	2e-19	76.3
scaffold1487089	OTU_0203	46.24	93	37	2	361	83	75	154	2e-21	80.1
scaffold1498984	OTU_0341	49.09	55	27	1	356	195	250	304	7e-12	55.1
scaffold1499621	OTU_0078	39.24	79	35	3	7	204	132	210	2e-11	52.4
scaffold1504870	OTU_0079	67.21	61	16	1	251	81	242	302	1e-20	79.0
scaffold1509995	OTU_0305	72.09	43	12	0	50	178	134	176	1e-18	72.8
scaffold1511097	OTU_0305	65.62	64	20	2	320	132	113	175	1e-21	80.5
scaffold1514297	OTU_0305	64.44	45	16	0	184	50	129	173	2e-16	65.9
scaffold1516867	OTU_0043	61.82	55	21	0	63	227	247	301	4e-21	80.5
scaffold1517595	OTU_0203	64.81	54	19	0	302	141	102	155	2e-21	79.7
scaffold1519123	OTU_0305	57.35	68	29	0	20	223	109	176	1e-21	80.9
scaffold1520204	OTU_0082	37.50	88	50	2	107	355	1	88	8e-11	52.0
scaffold1528787	OTU_0240	35.90	117	73	2	356	9	16	131	1e-16	67.4
scaffold1531267	OTU_0003	56.52	69	30	0	16	222	245	313	2e-20	78.6
scaffold1533186	OTU_0003	59.32	59	20	1	185	21	243	301	2e-16	67.4
scaffold1537219	OTU_0075	83.82	68	10	1	351	148	250	316	8e-33	  113
scaffold1543406	OTU_0213	74.74	95	24	0	289	5	14	108	3e-49	  156
scaffold1544026	OTU_0217	30.07	153	70	5	4	351	121	273	5e-12	55.5
scaffold1544542	OTU_0074	44.83	58	31	1	290	120	99	156	4e-11	51.2
scaffold1549445	OTU_0285	66.67	45	14	1	355	224	105	149	2e-14	60.8
scaffold1555867	OTU_0034	96.23	53	2	0	195	353	1	53	3e-32	  108
scaffold1557911	OTU_0305	71.43	42	12	0	326	201	132	173	3e-17	68.6
scaffold1565547	OTU_0226	37.74	159	58	4	354	1	150	308	2e-21	81.3
scaffold1565957	OTU_0260	37.78	90	45	3	91	336	127	213	5e-11	51.6
scaffold1566591	OTU_0203	62.22	45	16	1	173	42	107	151	1e-15	63.9
scaffold1572561	OTU_0175	39.47	76	44	1	57	278	226	301	9e-13	57.4
scaffold1575249	OTU_0229	39.53	86	46	2	255	1	2	82	4e-11	51.6
scaffold1577410	OTU_0217	34.67	150	61	5	10	351	146	294	2e-17	70.5
scaffold1587407	OTU_0084	57.14	56	24	0	170	3	113	168	6e-17	67.8
scaffold1595336	OTU_0268	46.00	100	43	2	299	33	210	309	5e-23	85.9
scaffold1596692	OTU_0203	67.39	46	15	0	7	144	107	152	9e-19	72.8
scaffold1600847	OTU_0178	100.00	67	0	0	350	150	251	317	8e-43	  139
scaffold1601842	OTU_0351	33.96	159	59	7	2	349	35	190	4e-13	57.0
scaffold1607575	OTU_0284	90.00	50	5	0	319	170	264	313	7e-27	96.7
scaffold1610666	OTU_0192	75.68	37	9	0	349	239	59	95	1e-14	60.1
scaffold1618013	OTU_0239	35.10	151	55	5	329	3	128	277	4e-16	66.6
scaffold1618128	OTU_0305	54.69	64	27	1	5	196	112	173	1e-18	72.4
scaffold1620238	OTU_0299	46.94	98	42	2	70	333	68	165	4e-20	76.3
scaffold1623244	OTU_0096	51.25	80	39	0	332	93	106	185	2e-22	82.8
scaffold1636619	OTU_0218	55.13	78	35	0	236	3	225	302	1e-21	82.0
scaffold1637712	OTU_0018	58.97	39	16	0	298	182	153	191	4e-11	51.2
scaffold1640157	OTU_0219	36.44	118	70	4	1	345	18	133	1e-14	62.8
scaffold1640626	OTU_0305	63.49	63	23	0	157	345	113	175	8e-21	78.6
scaffold1641841	OTU_0105	44.04	109	53	4	320	6	5	109	3e-17	69.3
scaffold1646548	OTU_0203	68.00	50	16	0	50	199	103	152	5e-20	75.9
scaffold1647845	OTU_0040	62.83	113	42	0	3	341	64	176	2e-44	  144
scaffold1654874	OTU_0200	35.29	153	58	4	6	341	125	277	6e-20	77.0
scaffold1668494	OTU_0050	29.46	112	77	2	10	342	19	129	8e-13	55.8
scaffold1671237	OTU_0197	42.86	70	39	1	344	138	106	175	1e-11	52.4
scaffold1672754	OTU_0231	67.05	88	29	0	2	265	54	141	6e-41	  131
scaffold1674773	OTU_0203	67.39	46	15	0	151	14	107	152	1e-17	69.3
scaffold1682199	OTU_0232	79.25	53	11	0	4	162	227	279	5e-25	90.9
scaffold1683417	OTU_0198	62.90	62	23	0	341	156	253	314	2e-19	75.9
scaffold1686852	OTU_0265	72.50	40	11	0	16	135	136	175	9e-16	64.3
scaffold1709624	OTU_0203	59.32	59	24	0	162	338	94	152	2e-21	79.7
scaffold1709960	OTU_0289	63.64	110	40	0	340	11	73	182	6e-47	  149
scaffold1712375	OTU_0099	46.00	50	27	0	4	153	112	161	1e-12	55.5
scaffold1714787	OTU_0305	80.00	40	8	0	331	212	134	173	2e-17	68.9
scaffold1715128	OTU_0199	77.78	36	8	0	110	3	1	36	2e-14	60.8
scaffold1718020	OTU_0155	42.31	104	59	1	22	333	63	165	3e-19	75.5
scaffold1724153	OTU_0213	56.25	64	28	0	244	53	238	301	3e-19	75.1
scaffold1724306	OTU_0270	76.79	112	26	0	2	337	12	123	3e-58	  177
scaffold1730362	OTU_0275	39.36	94	57	0	40	321	45	138	1e-19	75.1
scaffold1731171	OTU_0245	92.00	50	4	0	336	187	264	313	2e-27	97.8
scaffold1731477	OTU_0318	83.78	74	12	0	227	6	1	74	5e-40	  132
scaffold1734658	OTU_0183	36.19	105	55	3	38	331	10	109	3e-11	53.1
scaffold1737757	OTU_0339	59.32	59	24	0	191	15	243	301	4e-18	72.0
scaffold1739634	OTU_0284	85.59	111	14	1	335	3	18	126	1e-64	  196
scaffold1742030	OTU_0175	45.45	66	34	2	132	326	239	303	4e-11	52.8
scaffold1742180	OTU_0161	91.43	35	3	0	190	86	163	197	7e-18	70.5
scaffold1743822	OTU_0087	63.64	55	18	1	24	182	120	174	3e-18	71.2
scaffold1744427	OTU_0176	35.71	154	53	6	334	2	50	200	5e-17	68.2
scaffold1744679	OTU_0228	64.29	112	40	0	337	2	115	226	3e-50	  158
scaffold1746336	OTU_0152	56.25	64	24	1	309	118	196	255	3e-18	71.6
scaffold1748617	OTU_0208	80.00	95	19	0	52	336	182	276	1e-49	  157
scaffold1754053	OTU_0095	50.00	82	41	0	18	263	221	302	8e-22	82.4
scaffold1757961	OTU_0341	50.00	102	39	4	294	16	216	314	7e-24	88.2
scaffold1762898	OTU_0229	76.47	34	8	0	335	234	176	209	1e-13	58.5
scaffold1763238	OTU_0250	36.61	112	67	4	4	330	24	134	6e-12	55.1
scaffold1769877	OTU_0203	65.91	44	15	0	296	165	111	154	3e-17	68.2
scaffold1771240	OTU_0325	52.46	61	17	1	335	153	169	217	6e-14	59.3
scaffold1772354	OTU_0238	37.50	64	40	0	312	121	128	191	2e-11	52.0
scaffold1779946	OTU_0227	47.00	100	43	1	311	42	216	315	2e-21	80.9
scaffold1787552	OTU_0053	43.66	71	36	3	123	326	132	201	1e-11	52.8
scaffold1798784	OTU_0196	69.49	59	18	0	273	97	1	59	3e-25	92.0
scaffold1805575	OTU_0274	55.07	69	30	1	332	126	12	79	9e-13	56.2
scaffold1808675	OTU_0165	42.31	78	38	2	235	11	90	163	3e-13	57.0
scaffold1809904	OTU_0229	58.33	60	25	0	41	220	150	209	7e-21	79.0
scaffold1811797	OTU_0317	52.00	75	34	2	227	6	232	305	1e-14	62.8
scaffold1812516	OTU_0151	48.44	64	33	0	15	206	239	302	2e-16	67.8
scaffold1813822	OTU_0305	61.02	59	23	0	16	192	115	173	3e-20	76.6
scaffold1814001	OTU_0270	73.39	109	29	0	329	3	1	109	4e-51	  159
scaffold1825003	OTU_0196	40.32	62	36	1	34	219	240	300	5e-12	55.1
scaffold1826715	OTU_0341	47.19	89	35	3	85	324	216	301	1e-20	78.6
scaffold1845989	OTU_0292	35.51	107	56	4	15	326	66	162	5e-11	50.4
scaffold1846301	OTU_0181	32.11	109	70	3	325	5	40	146	4e-14	59.3
scaffold1854351	OTU_0257	73.68	38	10	0	328	215	73	110	5e-16	64.3
scaffold1855041	OTU_0105	39.62	106	62	2	6	320	1	105	9e-18	70.5
scaffold1860643	OTU_0121	62.26	53	18	1	78	230	249	301	6e-18	71.6
scaffold1863021	OTU_0083	93.52	108	7	0	2	325	52	159	3e-72	  210
scaffold1867757	OTU_0305	66.10	59	18	2	176	3	113	170	1e-19	74.7
scaffold1869267	OTU_0114	50.00	54	26	1	308	150	113	166	2e-11	52.0
scaffold1869597	OTU_0053	90.57	53	5	0	2	160	152	204	1e-29	  102
scaffold1875382	OTU_0265	77.42	31	7	0	98	6	133	163	6e-13	56.2
scaffold1878971	OTU_0281	63.64	55	20	0	295	131	35	89	6e-21	76.6
scaffold1883494	OTU_0284	89.19	37	4	0	325	215	277	313	3e-18	72.4
scaffold1884292	OTU_0193	61.67	60	22	1	316	140	1	60	3e-20	77.4
scaffold1885332	OTU_0305	58.33	60	25	0	311	132	114	173	2e-20	77.4
scaffold1891159	OTU_0305	57.81	64	27	0	52	243	113	176	9e-21	78.2
scaffold1897214	OTU_0038	93.55	31	2	0	230	322	2	32	4e-15	63.5
scaffold1900107	OTU_0233	46.77	62	32	1	284	102	120	181	3e-11	52.8
scaffold1902386	OTU_0159	64.08	103	37	0	11	319	23	125	1e-40	  129
scaffold1904761	OTU_0025	74.42	43	11	0	324	196	261	303	1e-16	67.8
scaffold1905365	OTU_0014	75.56	45	11	0	1	135	119	163	1e-19	75.9
