scaffold00019	OTU_0291	29.38	211	105	4	57091	56576	97	302	9e-11	63.5
scaffold00024	OTU_0283	25.67	300	184	8	458	1264	12	303	1e-14	75.5
scaffold00054	OTU_0023	31.16	276	121	8	45729	45040	51	303	7e-22	97.8
scaffold00062	OTU_0043	26.90	316	168	12	9737	8934	2	302	3e-16	79.3
scaffold00179	OTU_0042	37.85	177	70	6	19608	20018	125	301	3e-18	84.7
scaffold00180	OTU_0266	32.36	309	140	12	14747	15544	19	301	2e-26	  110
scaffold00180	OTU_0266	30.10	309	170	8	15736	16554	3	301	2e-24	  104
scaffold00188	OTU_0144	32.65	196	90	5	49538	49071	121	314	5e-18	84.0
scaffold00322	OTU_0303	38.20	178	75	5	7838	8266	126	303	2e-20	91.3
scaffold00338	OTU_0183	27.60	279	155	10	18028	17306	42	311	3e-15	74.7
scaffold00341	OTU_0020	29.65	226	105	7	22171	22719	87	301	1e-16	79.0
scaffold00348	OTU_0249	33.73	249	118	10	26452	27084	35	274	8e-15	73.2
scaffold00356	OTU_0125	30.55	275	133	11	3049	2345	2	258	3e-15	73.9
scaffold00371	OTU_0306	29.35	184	100	6	13172	12630	9	165	4e-12	63.5
scaffold00373	OTU_0271	42.17	83	41	1	20462	20214	238	313	3e-11	62.8
scaffold00408	OTU_0226	32.51	203	109	6	26811	26278	96	295	1e-12	66.6
scaffold00427	OTU_0107	31.82	308	157	10	14941	15747	10	303	2e-25	  106
scaffold00427	OTU_0107	30.74	309	175	13	13832	14725	21	301	5e-17	80.1
scaffold00493	OTU_0150	37.14	210	90	6	24784	24263	11	214	9e-24	  100
scaffold00521	OTU_0041	31.44	299	159	7	5490	4702	12	300	5e-24	  102
scaffold00521	OTU_0041	29.80	255	124	8	6326	5661	68	300	4e-16	77.0
scaffold00533	OTU_0318	26.91	249	139	7	12428	13063	60	302	1e-13	69.3
scaffold00551	OTU_0228	28.76	233	133	7	17103	16486	87	313	6e-15	73.6
scaffold00593	OTU_0229	38.39	211	88	6	6849	7373	5	209	2e-24	  102
scaffold00597	OTU_0108	27.74	292	146	10	6443	7168	23	299	9e-11	60.5
scaffold00613	OTU_0218	30.72	306	172	5	1028	228	11	315	9e-34	  131
scaffold00749	OTU_0112	27.63	228	129	6	14623	14030	1	222	4e-17	79.0
scaffold00755	OTU_0107	30.19	308	150	15	5197	4415	11	300	7e-15	72.8
scaffold00806	OTU_0217	32.06	287	140	9	11886	12635	44	312	9e-21	91.3
scaffold00850	OTU_0291	33.67	300	152	12	1673	2464	14	302	4e-23	98.6
scaffold00886	OTU_0072	46.81	94	50	0	12680	12399	1	94	2e-17	80.5
scaffold01010	OTU_0260	31.16	199	79	6	15152	15607	23	210	8e-13	65.1
scaffold01070	OTU_0093	27.36	296	184	8	6137	5313	18	303	2e-14	71.6
scaffold01211	OTU_0067	32.74	226	109	4	8982	8431	92	316	1e-32	  105
scaffold01211	OTU_0067	37.66	77	47	1	9220	8993	12	88	1e-32	49.7
scaffold01217	OTU_0246	32.47	271	128	8	4682	5374	47	302	2e-23	99.4
scaffold01217	OTU_0246	32.73	275	119	10	5608	6294	48	302	8e-22	94.4
scaffold01334	OTU_0217	37.16	183	73	5	10129	9698	121	300	1e-23	  100
scaffold01348	OTU_0155	31.33	316	172	6	9203	10027	2	313	5e-36	  137
scaffold01372	OTU_0175	33.88	242	118	5	6507	7109	75	315	7e-30	  119
scaffold01380	OTU_0234	31.77	277	133	12	6180	6893	41	300	6e-13	66.6
scaffold01648	OTU_0317	26.04	288	177	11	10912	11688	23	303	2e-14	71.2
scaffold01713	OTU_0073	69.05	42	13	0	3777	3902	230	271	8e-14	68.9
scaffold02128	OTU_0261	27.72	303	163	11	2340	3110	11	303	7e-16	75.1
scaffold02259	OTU_0226	28.62	276	151	11	3800	4528	36	298	8e-17	78.2
scaffold02284	OTU_0319	27.44	277	145	11	749	30	1	258	2e-16	76.3
scaffold02358	OTU_0233	38.30	94	47	2	4571	4819	211	304	1e-11	62.4
scaffold02514	OTU_0256	33.48	233	106	9	2602	3180	62	285	2e-18	83.2
scaffold02583	OTU_0319	28.08	260	142	10	828	154	9	258	4e-16	75.5
scaffold02691	OTU_0183	35.71	140	87	3	3572	3985	10	148	3e-13	67.0
scaffold02755	OTU_0126	37.20	207	82	6	4033	4536	98	295	3e-21	92.0
scaffold02755	OTU_0126	40.00	115	62	2	3027	3368	54	162	1e-12	65.1
scaffold02765	OTU_0317	30.18	275	136	9	5537	6235	41	301	2e-21	92.0
scaffold02795	OTU_0339	27.89	294	136	9	4509	5279	47	301	2e-16	76.6
scaffold03222	OTU_0196	30.38	293	167	9	1008	220	16	301	3e-22	95.1
scaffold03464	OTU_0233	32.33	266	130	9	6976	7665	49	300	6e-16	75.1
scaffold03505	OTU_0298	98.73	316	1	1	6613	5666	1	313	5e-179	  548
scaffold03553	OTU_0234	31.70	224	109	5	3697	3131	98	312	7e-23	97.1
scaffold04090	OTU_0320	33.05	239	102	10	3037	2423	91	305	2e-19	85.5
scaffold04132	OTU_0226	29.62	314	174	7	4307	5116	1	311	5e-39	  145
scaffold04429	OTU_0067	25.00	304	176	11	236	1033	18	307	5e-15	72.4
scaffold04736	OTU_0072	27.83	345	162	12	191	1129	12	301	5e-16	75.1
scaffold06708	OTU_0295	30.17	242	119	7	3281	3898	75	302	2e-20	89.0
scaffold07739	OTU_0179	31.37	322	162	13	1152	292	1	298	2e-16	76.3
scaffold08201	OTU_0003	41.77	79	44	2	2165	1929	235	311	2e-12	63.9
scaffold08428	OTU_0200	98.73	315	4	0	516	1460	1	315	0.0	  630
scaffold09252	OTU_0312	35.21	213	96	6	3345	3875	97	303	2e-24	  100
scaffold09504	OTU_0096	54.55	55	24	1	4082	3921	118	172	4e-12	61.2
scaffold10033	OTU_0176	31.96	219	105	6	2368	1823	1	212	7e-23	94.7
scaffold10085	OTU_0258	32.27	251	113	8	4125	4727	59	302	1e-18	82.4
scaffold10244	OTU_0198	31.82	198	90	6	3253	2783	103	296	5e-16	74.7
scaffold11469	OTU_0043	29.79	292	144	10	3456	4211	31	301	5e-24	99.8
scaffold11811	OTU_0344	29.47	207	110	9	2664	2149	98	303	7e-13	65.1
scaffold12100	OTU_0067	27.18	298	180	10	3602	4414	18	305	2e-16	75.9
scaffold12709	OTU_0229	34.24	184	97	4	2154	1675	26	209	7e-18	79.3
scaffold13362	OTU_0314	53.16	79	37	0	4392	4156	224	302	8e-19	82.8
scaffold13651	OTU_0287	31.40	293	166	8	871	2	16	276	2e-19	85.1
scaffold14043	OTU_0226	31.37	322	147	12	2494	1649	11	298	9e-24	98.6
scaffold14254	OTU_0049	34.44	302	161	7	3906	3109	16	316	5e-33	  127
scaffold14260	OTU_0116	28.37	208	109	7	2215	2724	96	301	4e-11	59.7
scaffold14384	OTU_0105	27.94	204	101	7	1439	951	41	239	2e-12	62.8
scaffold14724	OTU_0317	25.76	295	174	10	2971	2189	28	311	6e-11	58.9
scaffold14939	OTU_0150	28.77	212	113	6	2800	3324	4	214	1e-12	62.8
scaffold15968	OTU_0341	30.39	181	84	3	567	148	122	301	3e-14	68.9
scaffold16527	OTU_0219	30.41	217	117	6	3255	2692	91	302	2e-20	87.8
scaffold16633	OTU_0262	55.22	67	30	0	2315	2115	131	197	6e-17	76.3
scaffold16940	OTU_0317	25.77	260	159	7	2539	3228	41	296	9e-12	61.2
scaffold17803	OTU_0351	37.67	215	87	6	1766	1227	2	204	3e-23	95.5
scaffold18004	OTU_0241	30.17	179	73	6	3187	3567	87	265	1e-11	60.5
scaffold18124	OTU_0246	31.91	282	136	7	1176	451	37	302	2e-18	82.0
scaffold18284	OTU_0150	35.85	212	95	6	1455	1988	12	216	5e-22	91.7
scaffold18402	OTU_0125	29.20	274	138	9	2879	3583	2	258	2e-13	65.1
scaffold19396	OTU_0234	30.95	294	142	9	1222	461	41	313	4e-16	74.3
scaffold19447	OTU_0150	28.51	228	108	8	2628	3212	9	214	1e-14	68.9
scaffold19765	OTU_0116	36.70	109	56	4	1022	1312	194	301	5e-11	58.9
scaffold20332	OTU_0044	35.94	281	127	4	3710	3003	32	304	2e-35	  133
scaffold20679	OTU_0072	37.26	314	147	7	596	1399	5	314	1e-40	  149
scaffold20884	OTU_0226	27.92	283	159	8	1336	614	16	295	6e-15	70.9
scaffold20896	OTU_0268	99.35	309	2	0	2873	1947	1	309	2e-180	  531
scaffold20920	OTU_0066	30.07	306	154	11	598	1404	10	292	7e-20	85.9
scaffold20968	OTU_0059	32.09	187	76	9	2689	3117	66	245	1e-11	60.5
scaffold21183	OTU_0245	29.26	311	168	11	1043	207	10	300	1e-15	73.2
scaffold21287	OTU_0287	29.56	318	163	12	2498	3328	2	299	4e-19	83.6
scaffold21524	OTU_0179	31.15	305	142	11	1059	268	8	285	4e-15	70.9
scaffold21584	OTU_0140	27.35	340	168	11	1280	396	6	311	2e-16	75.5
scaffold22008	OTU_0157	32.80	311	166	6	1464	658	6	315	8e-33	  125
scaffold22282	OTU_0226	34.95	186	79	7	3543	3103	119	301	6e-21	89.4
scaffold22345	OTU_0017	39.77	88	46	2	2681	2439	109	196	3e-15	70.5
scaffold22625	OTU_0226	28.05	303	167	9	1794	1000	10	299	9e-25	  101
scaffold22738	OTU_0179	30.14	292	141	11	2208	2960	26	295	1e-17	78.6
scaffold22972	OTU_0227	36.16	307	159	8	1104	1919	11	315	1e-40	  149
scaffold23069	OTU_0218	31.85	292	148	8	3082	2315	28	304	1e-25	  103
scaffold23552	OTU_0096	49.28	69	31	2	3055	2861	103	171	2e-13	64.7
scaffold23863	OTU_0198	27.95	297	168	7	2371	3159	15	299	2e-18	81.3
scaffold24025	OTU_0079	31.29	294	146	9	1558	806	20	300	5e-23	95.5
scaffold24043	OTU_0234	49.21	63	30	2	2443	2628	241	302	6e-11	58.5
scaffold24739	OTU_0155	33.89	301	151	9	2848	2072	19	313	2e-36	  136
scaffold24879	OTU_0095	31.68	303	145	10	2479	3261	20	302	2e-24	  100
scaffold24953	OTU_0016	34.64	179	84	7	543	106	78	256	2e-20	87.0
scaffold25043	OTU_0155	33.70	184	87	4	2908	3354	119	302	2e-22	93.6
scaffold25347	OTU_0282	27.27	187	109	5	2661	3140	2	188	2e-13	64.3
scaffold25769	OTU_0233	28.49	337	175	12	1214	312	8	314	2e-17	78.6
scaffold26036	OTU_0233	31.43	280	140	8	2399	3130	40	303	1e-18	82.0
scaffold26085	OTU_0059	30.38	237	115	8	722	120	20	242	1e-13	66.2
scaffold27084	OTU_0031	33.46	272	130	10	1370	2068	41	300	7e-22	92.0
scaffold27238	OTU_0339	27.30	304	185	10	2018	2839	16	313	4e-18	80.1
scaffold27425	OTU_0229	32.54	209	90	5	4	504	10	209	7e-18	79.0
scaffold27880	OTU_0009	38.37	86	46	3	2626	2372	221	300	5e-11	45.1
scaffold27880	OTU_0009	31.17	154	90	7	3078	2620	43	181	5e-11	34.7
scaffold28080	OTU_0229	28.64	213	112	6	2325	1798	2	211	3e-14	67.4
scaffold28702	OTU_0226	26.25	301	172	14	587	1378	20	307	4e-11	58.9
scaffold28860	OTU_0260	27.83	212	113	7	2455	1925	7	213	1e-13	65.5
scaffold29418	OTU_0155	32.91	316	169	6	2691	1864	1	313	2e-36	  136
scaffold29638	OTU_0116	43.06	72	39	1	725	516	238	309	3e-14	57.0
scaffold29638	OTU_0116	28.23	124	72	3	1137	772	90	198	3e-14	33.9
scaffold29647	OTU_0229	35.98	214	92	8	757	1281	2	209	2e-22	92.4
scaffold30635	OTU_0227	67.39	46	15	0	20	157	243	288	6e-12	61.2
scaffold30684	OTU_0198	31.99	272	132	10	968	270	41	298	1e-20	87.8
scaffold31409	OTU_0196	28.46	260	144	9	2197	1520	44	295	8e-11	57.8
scaffold31593	OTU_0141	35.55	301	155	8	456	1244	15	314	1e-34	  130
scaffold31830	OTU_0191	35.54	121	60	3	1551	1868	46	163	3e-11	58.9
scaffold32251	OTU_0218	31.33	316	176	7	222	1052	2	315	7e-35	  131
scaffold32253	OTU_0155	31.95	313	178	8	2652	1816	2	313	6e-26	  104
scaffold32255	OTU_0157	33.90	295	148	9	484	1242	9	298	2e-37	  138
scaffold32276	OTU_0132	31.51	311	174	6	2428	1607	7	315	1e-30	  119
scaffold32842	OTU_0072	36.59	317	147	9	2652	1843	5	314	1e-43	  156
scaffold33210	OTU_0105	28.76	226	114	7	2774	2202	28	241	9e-17	75.1
scaffold33611	OTU_0302	31.25	320	174	9	1687	2595	13	303	4e-24	98.6
scaffold33889	OTU_0260	34.86	218	98	8	1287	745	3	213	2e-24	98.6
scaffold33952	OTU_0155	32.81	256	126	8	517	1176	55	300	8e-27	  107
scaffold34332	OTU_0234	29.81	322	164	10	1642	2484	1	301	3e-16	74.3
scaffold34474	OTU_0071	31.50	273	143	12	2866	2150	39	301	2e-24	99.8
scaffold34635	OTU_0267	29.74	306	169	10	2036	1224	1	295	4e-22	92.4
scaffold34635	OTU_0267	33.33	144	61	3	2637	2311	152	295	1e-14	69.7
scaffold34713	OTU_0001	26.00	200	109	5	640	1125	102	300	1e-11	60.1
scaffold34763	OTU_0229	29.60	250	125	11	2664	1966	8	223	2e-15	70.5
scaffold34786	OTU_0185	28.74	334	205	9	452	1435	3	309	3e-24	99.0
scaffold35052	OTU_0141	23.51	268	158	7	140	817	39	301	8e-12	61.2
scaffold35248	OTU_0226	29.04	303	167	7	2648	1851	7	298	4e-25	  101
scaffold35465	OTU_0320	35.56	315	157	7	1232	2044	3	315	2e-43	  156
scaffold35835	OTU_0351	35.23	176	75	5	1913	2326	30	204	2e-17	77.0
scaffold36720	OTU_0265	67.39	46	15	0	174	311	130	175	2e-13	64.3
scaffold37147	OTU_0245	29.43	299	165	6	1759	971	12	300	7e-25	  101
scaffold37147	OTU_0245	31.69	183	98	5	2368	1892	121	300	3e-17	77.4
scaffold37200	OTU_0072	34.52	310	159	5	264	1064	5	313	2e-36	  135
scaffold37442	OTU_0015	26.39	288	167	6	1437	679	18	295	1e-15	72.4
scaffold38275	OTU_0155	33.23	313	177	9	97	942	2	313	9e-32	  122
scaffold38688	OTU_0344	26.73	217	138	7	1503	913	90	305	1e-11	60.1
scaffold38702	OTU_0014	30.82	292	159	5	300	1049	9	299	6e-36	  133
scaffold38867	OTU_0283	31.05	219	110	7	2085	2621	81	298	5e-17	76.6
scaffold38974	OTU_0183	33.66	303	160	9	2341	1550	14	314	1e-37	  139
scaffold39521	OTU_0234	30.67	313	161	12	558	1391	10	301	2e-18	80.9
scaffold39774	OTU_0107	36.94	314	146	10	2429	1629	5	313	6e-39	  142
scaffold39979	OTU_0150	38.57	210	88	6	2000	1476	12	215	6e-24	96.7
scaffold40390	OTU_0048	35.56	315	158	9	2479	1667	1	314	2e-40	  147
scaffold40433	OTU_0071	32.19	292	168	7	2380	1589	12	301	1e-33	  127
scaffold40985	OTU_0013	26.57	286	150	13	1100	342	40	298	2e-11	59.7
scaffold42477	OTU_0243	36.45	299	149	9	304	1083	18	314	5e-37	  137
scaffold42662	OTU_0341	29.59	267	142	7	1116	427	46	303	9e-24	97.4
scaffold43184	OTU_0108	26.03	315	177	16	1076	228	13	303	4e-13	64.7
scaffold43581	OTU_0227	33.69	279	138	9	285	986	12	288	2e-31	  120
scaffold43658	OTU_0107	34.83	178	81	6	474	902	124	301	2e-16	74.3
scaffold43762	OTU_0217	33.11	305	161	8	2424	1630	12	313	7e-37	  136
scaffold43990	OTU_0076	24.74	287	167	7	239	964	18	300	1e-12	63.5
scaffold44457	OTU_0032	30.36	224	113	9	1304	1855	74	294	3e-14	67.8
scaffold44629	OTU_0311	46.88	64	32	2	2176	2364	36	98	8e-11	55.1
scaffold45248	OTU_0335	33.22	307	161	6	2436	1645	2	307	2e-41	  149
scaffold46379	OTU_0218	34.20	307	155	8	441	1235	15	316	7e-41	  148
scaffold46615	OTU_0300	28.70	230	126	7	762	172	10	234	9e-16	71.6
scaffold47013	OTU_0234	30.51	272	143	10	1578	2291	41	300	1e-14	69.3
scaffold47369	OTU_0305	71.11	45	13	0	2339	2205	132	176	6e-16	71.6
scaffold47996	OTU_0054	27.05	207	143	7	1621	2238	9	208	1e-12	62.0
scaffold48042	OTU_0044	47.00	100	53	0	2450	2151	205	304	2e-21	90.1
scaffold48417	OTU_0140	36.84	247	117	5	15	641	66	311	8e-30	  115
scaffold48728	OTU_0150	34.84	221	92	10	1838	2398	12	214	4e-21	87.8
scaffold49169	OTU_0107	38.02	242	100	8	2021	1422	80	313	3e-26	  104
scaffold50874	OTU_0317	28.00	225	130	7	792	205	83	304	6e-11	57.8
scaffold51961	OTU_0179	28.89	270	146	9	1430	2137	26	283	3e-12	61.6
scaffold52032	OTU_0266	31.25	256	131	8	383	1045	56	301	3e-19	82.8
scaffold52540	OTU_0295	34.54	304	148	8	1276	473	14	302	8e-33	  124
scaffold52626	OTU_0140	31.66	319	155	8	2160	1357	5	311	1e-37	  138
scaffold53085	OTU_0219	100.00	316	0	0	1061	114	1	316	0.0	  648
scaffold53275	OTU_0072	36.31	314	165	10	2252	1413	2	314	2e-38	  140
scaffold53830	OTU_0072	35.99	314	164	10	1280	444	2	313	7e-41	  147
scaffold55398	OTU_0137	31.25	208	90	10	12	497	99	299	9e-15	69.7
scaffold56406	OTU_0127	35.16	182	84	7	1472	1927	3	180	7e-18	77.4
scaffold57544	OTU_0225	27.14	199	105	6	603	1085	106	302	3e-12	62.0
scaffold57706	OTU_0208	33.95	215	91	7	1425	1952	100	302	3e-24	98.6
scaffold58447	OTU_0053	31.28	179	85	5	2123	1698	25	202	8e-11	55.8
scaffold58579	OTU_0031	34.63	257	119	9	1453	2127	73	312	2e-27	  108
scaffold58892	OTU_0226	28.73	275	144	11	1520	2227	16	277	7e-15	69.7
scaffold59021	OTU_0106	29.20	250	129	7	650	3	58	293	4e-20	85.5
scaffold60864	OTU_0046	27.27	275	153	6	1821	1093	50	309	1e-13	65.9
scaffold61046	OTU_0111	35.33	167	101	4	1664	2158	1	162	1e-17	78.2
scaffold61284	OTU_0059	30.33	211	109	9	1813	1292	36	245	1e-11	59.3
scaffold62359	OTU_0155	33.65	315	168	6	1816	989	1	313	2e-44	  156
scaffold62361	OTU_0229	33.33	186	82	5	902	1339	26	209	4e-19	81.6
scaffold63752	OTU_0105	34.68	248	126	3	1981	1343	8	254	9e-29	  110
scaffold64581	OTU_0121	30.73	179	81	7	689	249	133	300	3e-11	58.5
scaffold65278	OTU_0234	26.55	177	94	6	839	414	125	300	1e-11	60.1
scaffold65281	OTU_0013	26.43	280	150	8	2115	1414	33	302	5e-14	67.0
scaffold66380	OTU_0150	33.33	201	96	4	2033	1545	14	214	4e-24	96.7
scaffold66380	OTU_0150	32.04	181	88	4	1008	571	34	214	1e-16	73.9
scaffold67172	OTU_0283	35.14	111	70	2	533	859	3	113	1e-11	60.1
scaffold67991	OTU_0307	30.51	177	83	5	979	566	97	272	1e-13	65.9
scaffold68754	OTU_0249	34.12	170	77	5	409	5	93	262	9e-18	78.2
scaffold68831	OTU_0241	28.50	214	119	8	243	806	67	272	2e-11	58.5
scaffold70885	OTU_0335	32.17	314	169	6	35	847	2	314	1e-41	  148
scaffold70981	OTU_0021	30.94	181	82	6	175	588	71	251	2e-12	62.0
scaffold71071	OTU_0157	34.08	311	162	6	1574	768	6	315	1e-42	  151
scaffold72095	OTU_0140	42.42	99	47	1	1988	1722	213	311	2e-19	83.2
scaffold72915	OTU_0084	54.90	51	23	0	1850	2002	119	169	2e-13	63.5
scaffold73638	OTU_0331	26.71	277	143	11	1355	615	51	297	5e-12	60.8
scaffold75859	OTU_0236	41.49	94	47	3	1604	1879	92	179	1e-11	60.1
scaffold76530	OTU_0212	63.92	316	111	2	1226	282	2	315	1e-139	  409
scaffold76763	OTU_0140	31.61	310	165	7	1731	934	5	311	3e-39	  141
scaffold76928	OTU_0292	34.81	135	86	2	1183	782	13	146	2e-18	78.2
scaffold77092	OTU_0204	34.38	96	59	2	126	404	211	305	2e-11	59.3
scaffold77555	OTU_0335	32.79	308	167	7	766	1572	8	314	2e-37	  136
scaffold78844	OTU_0312	33.33	303	163	7	1440	643	13	313	7e-41	  145
scaffold78972	OTU_0043	30.03	293	144	10	1906	1145	31	301	5e-26	  103
scaffold78972	OTU_0043	25.78	322	187	9	924	76	1	309	9e-23	93.6
scaffold80466	OTU_0243	39.74	78	46	1	398	628	238	315	2e-11	58.9
scaffold81124	OTU_0287	29.81	312	163	9	871	1701	12	302	3e-14	67.8
scaffold81293	OTU_0249	39.19	222	98	4	1856	1299	67	287	6e-36	  131
scaffold81586	OTU_0261	26.10	295	176	12	983	195	19	303	5e-13	63.9
scaffold82443	OTU_0075	99.03	310	3	0	1132	203	7	316	7e-180	  511
scaffold83508	OTU_0217	34.63	257	115	8	650	1312	73	312	6e-31	  117
scaffold83944	OTU_0079	28.67	300	168	5	1536	745	11	300	9e-25	99.4
scaffold83944	OTU_0079	65.22	46	15	1	1866	1729	261	305	2e-13	65.1
scaffold84178	OTU_0249	38.98	177	71	4	4	426	112	287	5e-24	97.1
scaffold85012	OTU_0198	28.49	172	103	3	1338	1853	10	161	8e-11	57.0
scaffold85128	OTU_0234	28.21	312	173	8	174	995	3	301	2e-23	95.5
scaffold85259	OTU_0010	35.07	268	131	4	1803	1126	37	303	4e-37	  135
scaffold87545	OTU_0155	32.86	210	102	6	197	727	98	301	4e-24	97.8
scaffold88678	OTU_0020	27.33	311	170	13	991	179	19	313	1e-17	77.4
scaffold89965	OTU_0235	34.64	179	93	7	1096	1608	55	217	2e-13	63.9
scaffold90228	OTU_0126	36.87	217	91	6	350	886	87	295	6e-26	  102
scaffold90478	OTU_0320	30.79	315	160	10	1226	408	4	302	1e-26	  105
scaffold90478	OTU_0320	69.05	42	13	0	1788	1663	261	302	3e-14	67.4
scaffold90759	OTU_0225	29.66	263	135	10	872	198	52	302	6e-15	69.7
scaffold91698	OTU_0320	35.24	315	158	7	115	927	3	315	2e-44	  156
scaffold91915	OTU_0131	29.58	213	102	9	697	188	51	258	7e-11	56.6
scaffold92011	OTU_0150	32.02	228	97	6	623	1174	1	214	4e-18	78.2
scaffold92838	OTU_0016	26.82	261	147	9	671	1357	6	254	1e-15	71.2
scaffold93182	OTU_0128	28.89	180	91	5	1752	1324	121	300	1e-11	59.7
scaffold94390	OTU_0197	58.46	65	27	0	1759	1565	124	188	2e-17	75.9
scaffold94998	OTU_0256	69.57	46	14	0	790	927	250	295	3e-14	67.0
scaffold95839	OTU_0291	29.81	208	103	7	1102	581	99	297	2e-14	67.8
scaffold95864	OTU_0019	30.04	243	109	9	231	881	94	301	4e-17	76.3
scaffold96331	OTU_0218	46.15	78	42	0	1597	1364	238	315	2e-15	71.2
scaffold97280	OTU_0153	59.68	62	25	0	1729	1544	255	316	1e-18	80.5
scaffold98997	OTU_0105	34.10	217	89	4	1067	561	33	243	7e-25	98.6
scaffold99087	OTU_0291	34.30	309	164	8	1030	218	9	316	6e-32	  120
scaffold99454	OTU_0095	26.69	281	159	8	499	1206	23	301	2e-24	98.2
scaffold99634	OTU_0114	38.86	193	73	3	1677	1222	1	189	2e-28	  107
scaffold99882	OTU_0057	26.73	303	174	6	910	1707	5	296	1e-16	74.7
scaffold99895	OTU_0218	36.58	298	140	8	1539	784	11	305	3e-39	  140
scaffold101290	OTU_0233	43.21	81	36	2	1385	1624	96	167	8e-12	60.1
scaffold101936	OTU_0044	37.42	302	149	7	1441	650	5	304	1e-41	  147
scaffold102576	OTU_0072	36.45	310	158	6	1559	741	6	313	1e-41	  147
scaffold103543	OTU_0350	100.00	157	0	0	601	1071	1	157	3e-109	  322
scaffold103677	OTU_0292	39.78	93	54	2	918	643	58	149	5e-11	55.5
scaffold106808	OTU_0132	31.73	271	127	7	253	939	48	302	1e-20	86.7
scaffold107203	OTU_0198	36.12	299	148	10	236	1012	19	314	2e-36	  132
scaffold107609	OTU_0173	29.85	268	136	10	938	246	47	299	7e-15	69.3
scaffold109316	OTU_0234	28.33	293	144	10	761	3	10	276	6e-11	57.4
scaffold109414	OTU_0203	55.36	56	25	0	197	364	97	152	1e-14	66.6
scaffold110438	OTU_0058	30.10	309	154	11	355	1155	12	300	9e-22	90.1
scaffold111146	OTU_0287	36.77	310	148	10	248	1051	12	315	4e-42	  149
scaffold111732	OTU_0132	27.72	267	154	11	926	195	51	301	8e-11	56.6
scaffold111933	OTU_0140	34.60	289	136	4	1603	872	31	311	2e-39	  141
scaffold112331	OTU_0335	58.33	60	25	0	485	306	242	301	2e-17	77.0
scaffold112965	OTU_0192	74.36	39	10	0	4	120	57	95	5e-14	63.9
scaffold113591	OTU_0043	33.23	319	163	9	204	1028	2	314	1e-39	  141
scaffold113931	OTU_0305	61.90	42	16	0	1598	1473	135	176	5e-12	58.5
scaffold114127	OTU_0341	78.05	41	8	1	1395	1276	249	289	2e-13	65.1
scaffold114330	OTU_0198	27.85	298	171	11	533	1324	16	303	9e-19	80.9
scaffold114698	OTU_0203	71.43	42	12	0	799	924	111	152	2e-15	68.9
scaffold115545	OTU_0183	34.41	311	155	9	164	967	10	314	3e-39	  140
scaffold115722	OTU_0023	31.05	306	142	11	824	45	21	303	2e-23	94.7
scaffold116440	OTU_0043	33.33	306	157	8	1423	632	14	314	1e-40	  144
scaffold116566	OTU_0105	35.80	257	116	9	79	714	1	253	1e-33	  122
scaffold116728	OTU_0236	34.89	321	154	10	84	902	2	315	2e-35	  129
scaffold116842	OTU_0106	35.83	240	102	13	835	1434	73	300	3e-23	94.4
scaffold116844	OTU_0265	54.55	44	20	0	1178	1309	132	175	3e-11	56.2
scaffold117032	OTU_0140	36.03	247	119	5	1562	936	66	311	5e-33	  122
scaffold117150	OTU_0312	37.97	79	45	1	645	869	227	305	2e-11	58.5
scaffold118854	OTU_0300	45.07	71	38	1	1243	1452	172	242	9e-12	58.5
scaffold120011	OTU_0305	70.59	51	15	0	1487	1335	124	174	4e-20	82.8
scaffold120178	OTU_0265	53.85	52	24	0	210	55	132	183	9e-11	54.7
scaffold121301	OTU_0336	39.62	106	49	5	105	386	83	185	3e-15	68.6
scaffold124464	OTU_0338	30.74	309	165	11	89	955	23	302	1e-22	92.4
scaffold124806	OTU_0175	35.78	218	93	6	1523	999	101	314	3e-27	  105
scaffold125160	OTU_0016	33.33	213	101	8	959	423	55	260	7e-23	92.4
scaffold125374	OTU_0137	34.20	307	151	6	1321	539	14	315	1e-41	  147
scaffold125869	OTU_0229	34.80	204	96	4	518	3	4	202	2e-19	81.3
scaffold126049	OTU_0197	49.18	61	31	0	1	183	115	175	1e-13	63.5
scaffold127736	OTU_0265	67.39	46	15	0	19	156	130	175	2e-14	66.2
scaffold129563	OTU_0017	24.24	198	112	6	1461	973	14	208	3e-11	56.6
scaffold129578	OTU_0179	34.35	230	109	6	1348	767	63	286	6e-21	87.0
scaffold129931	OTU_0305	72.92	48	13	0	1478	1335	128	175	7e-19	79.0
scaffold130816	OTU_0305	72.34	47	13	0	1274	1134	130	176	8e-18	75.9
scaffold131854	OTU_0311	45.31	64	34	1	844	1035	38	100	9e-12	57.0
scaffold132915	OTU_0020	32.19	320	167	5	238	1065	1	314	6e-37	  133
scaffold132997	OTU_0246	31.41	312	144	10	651	1475	14	292	1e-18	80.1
scaffold134115	OTU_0214	33.11	293	152	10	1199	366	40	303	1e-23	94.7
scaffold135640	OTU_0140	30.19	308	158	11	580	1380	10	301	2e-23	94.7
scaffold136673	OTU_0020	30.45	220	98	5	730	200	94	301	8e-20	84.0
scaffold138415	OTU_0155	32.07	184	92	4	75	527	119	302	1e-23	95.1
scaffold138591	OTU_0208	31.09	193	102	6	860	1354	114	303	1e-15	70.9
scaffold138608	OTU_0182	50.00	86	43	0	525	268	224	309	8e-26	75.9
scaffold138608	OTU_0182	44.33	97	43	4	794	534	100	195	8e-26	53.1
scaffold139063	OTU_0140	38.33	227	94	4	1390	833	90	311	4e-34	  125
scaffold139263	OTU_0339	36.71	207	93	5	700	1206	97	303	8e-25	98.6
scaffold139936	OTU_0298	29.65	317	174	8	1439	600	1	305	5e-22	90.1
scaffold140241	OTU_0144	66.07	56	19	0	1384	1217	258	313	2e-18	79.3
scaffold140368	OTU_0203	56.45	62	27	0	1391	1206	94	155	1e-19	80.9
scaffold141656	OTU_0057	95.92	49	2	0	1428	1282	266	314	6e-26	  101
scaffold144105	OTU_0217	33.62	232	113	10	844	185	99	301	4e-21	87.4
scaffold144457	OTU_0020	29.73	222	123	9	805	224	87	303	2e-14	67.4
scaffold144467	OTU_0043	29.46	224	117	10	734	1369	19	213	2e-11	58.9
scaffold145399	OTU_0267	27.36	201	104	6	933	445	98	294	1e-12	62.0
scaffold147969	OTU_0016	37.19	121	54	6	1296	982	151	265	2e-13	63.9
scaffold149196	OTU_0127	41.84	98	44	2	70	327	84	180	3e-15	68.6
scaffold150070	OTU_0090	25.09	283	168	8	630	1355	20	299	8e-15	68.6
scaffold150140	OTU_0344	26.28	274	151	9	892	203	41	307	1e-16	74.3
scaffold151252	OTU_0233	26.57	286	153	11	820	80	48	315	3e-11	57.8
scaffold151974	OTU_0151	27.39	241	128	10	919	308	75	305	4e-11	57.8
scaffold152100	OTU_0196	28.04	296	174	11	271	1062	13	301	4e-21	87.4
scaffold152972	OTU_0260	26.09	207	102	5	911	420	9	207	3e-13	62.8
scaffold153201	OTU_0015	30.16	252	125	9	101	745	60	297	5e-14	66.2
scaffold153222	OTU_0127	52.24	67	32	0	1222	1022	114	180	4e-16	70.9
scaffold154524	OTU_0043	25.70	214	120	6	1266	703	100	300	3e-11	57.8
scaffold157204	OTU_0019	26.81	235	119	9	1219	638	79	301	1e-11	59.3
scaffold157743	OTU_0233	23.03	317	174	9	516	1262	1	315	5e-11	57.0
scaffold157984	OTU_0173	28.32	226	112	7	1153	593	101	315	7e-15	68.9
scaffold158111	OTU_0051	32.77	177	101	6	600	79	4	165	1e-12	62.0
scaffold159622	OTU_0234	29.06	265	142	7	948	256	46	298	4e-16	72.8
scaffold160032	OTU_0317	25.38	260	160	7	968	279	41	296	1e-11	59.3
scaffold160550	OTU_0260	52.54	59	23	2	950	1111	151	209	4e-11	56.2
scaffold161705	OTU_0229	35.35	215	97	8	705	1241	2	210	2e-24	95.1
scaffold162101	OTU_0079	26.07	303	175	11	1007	204	9	297	4e-12	60.5
scaffold162442	OTU_0269	83.65	104	17	0	1331	1020	117	220	9e-51	  168
scaffold162888	OTU_0200	40.45	178	67	8	768	1187	125	301	3e-22	90.5
scaffold163969	OTU_0124	42.86	84	34	4	436	224	68	150	6e-11	55.1
scaffold164111	OTU_0229	32.61	184	89	3	1320	874	26	209	5e-20	82.8
scaffold164874	OTU_0319	26.77	254	120	10	656	3	8	231	4e-11	57.0
scaffold165440	OTU_0104	24.88	201	114	6	718	1221	36	232	6e-11	56.2
scaffold165465	OTU_0072	35.20	321	150	8	1072	260	2	314	3e-41	  145
scaffold167631	OTU_0233	30.00	280	145	11	203	940	38	300	2e-15	70.5
scaffold168777	OTU_0196	33.44	308	152	6	194	982	14	313	2e-44	  153
scaffold168822	OTU_0066	30.65	310	151	10	1267	455	10	294	2e-20	85.1
scaffold169151	OTU_0212	24.14	290	162	9	1073	348	20	299	5e-13	63.2
scaffold169158	OTU_0155	24.07	270	143	10	1258	599	40	297	1e-12	62.4
scaffold169966	OTU_0198	29.73	222	131	9	502	1113	88	302	8e-14	65.5
scaffold170362	OTU_0226	26.83	287	154	9	533	1291	13	277	3e-14	66.6
scaffold170406	OTU_0048	35.23	88	44	2	815	555	97	172	3e-12	60.8
scaffold170716	OTU_0140	58.33	60	25	0	975	796	239	298	7e-17	74.7
scaffold172370	OTU_0261	30.59	219	117	9	522	1112	102	307	1e-11	58.9
scaffold173063	OTU_0341	31.98	172	79	4	149	556	129	298	9e-12	59.3
scaffold173451	OTU_0012	46.77	62	32	1	226	411	133	193	6e-13	61.2
scaffold173620	OTU_0112	26.75	228	131	6	534	1127	1	222	3e-17	74.7
scaffold173777	OTU_0032	27.31	260	142	7	786	121	50	300	3e-12	60.8
scaffold174578	OTU_0234	27.99	318	163	9	1031	198	10	301	8e-18	77.4
scaffold174731	OTU_0010	32.79	247	122	6	1258	644	70	314	5e-27	  103
scaffold174963	OTU_0072	35.14	313	160	5	1160	348	2	313	6e-45	  155
scaffold175328	OTU_0345	31.80	283	136	10	1103	366	36	298	2e-16	73.2
scaffold175364	OTU_0333	29.47	190	97	7	387	932	8	168	7e-11	55.5
scaffold176465	OTU_0267	27.50	200	105	8	557	1045	98	294	4e-11	57.4
scaffold178235	OTU_0125	30.90	178	85	4	1252	830	82	258	3e-13	62.8
scaffold178599	OTU_0155	32.28	285	149	5	34	768	33	313	3e-37	  133
scaffold179544	OTU_0217	28.66	314	164	10	827	3	1	293	3e-21	87.4
scaffold179613	OTU_0140	36.27	193	82	4	9	464	119	311	5e-28	  107
scaffold179628	OTU_0320	38.98	177	72	8	1178	756	126	302	2e-20	85.1
scaffold179926	OTU_0140	27.88	330	174	10	1117	242	6	309	5e-18	78.2
scaffold180487	OTU_0196	26.95	282	172	9	769	11	19	295	7e-20	83.6
scaffold182757	OTU_0243	33.33	171	91	7	460	909	130	298	3e-13	63.9
scaffold183531	OTU_0072	34.19	313	172	8	294	1133	2	313	2e-35	  128
scaffold184224	OTU_0072	32.41	216	100	7	611	87	90	300	8e-16	71.2
scaffold184473	OTU_0239	32.27	282	145	11	505	1245	17	287	2e-18	79.0
scaffold184794	OTU_0275	50.79	63	31	0	1165	977	75	137	4e-15	67.0
scaffold186290	OTU_0226	31.36	220	106	5	708	169	87	301	3e-22	90.1
scaffold186572	OTU_0336	35.68	213	88	8	1	612	13	185	4e-20	82.0
scaffold188181	OTU_0157	32.48	274	143	7	534	1232	5	277	1e-30	  114
scaffold188252	OTU_0114	52.24	67	32	0	1196	996	110	176	3e-16	70.9
scaffold188805	OTU_0341	40.98	61	36	0	744	926	243	303	2e-12	61.2
scaffold192415	OTU_0344	29.33	208	105	8	1173	664	98	301	2e-13	64.7
scaffold193509	OTU_0155	30.11	186	88	7	452	3	97	276	1e-13	65.1
scaffold195563	OTU_0229	31.00	200	96	5	709	1203	11	203	3e-14	65.1
scaffold196378	OTU_0020	27.13	317	169	10	963	145	3	301	4e-23	92.4
scaffold197659	OTU_0282	39.24	79	40	1	751	963	110	188	5e-11	55.1
scaffold200817	OTU_0141	31.56	282	139	7	946	224	33	301	2e-28	  107
scaffold201014	OTU_0173	28.73	181	92	4	1	444	123	299	1e-11	58.5
scaffold202281	OTU_0171	26.67	315	165	12	327	1154	2	289	5e-11	57.0
scaffold202857	OTU_0265	41.67	60	32	1	961	782	132	188	4e-11	55.5
scaffold203291	OTU_0225	28.48	302	160	13	1085	297	18	302	1e-14	67.8
scaffold204037	OTU_0059	27.98	243	146	7	1182	529	19	257	4e-18	77.0
scaffold208514	OTU_0150	32.56	172	87	5	887	456	43	213	2e-17	74.3
scaffold209456	OTU_0072	36.33	300	152	6	808	20	6	303	1e-40	  142
scaffold210259	OTU_0338	35.51	245	107	6	3	599	76	315	2e-36	  130
scaffold210738	OTU_0305	70.83	48	14	0	27	170	128	175	2e-17	73.9
scaffold210817	OTU_0312	35.41	305	159	6	129	932	10	313	2e-44	  152
scaffold210835	OTU_0125	29.48	268	129	11	1006	326	10	258	1e-16	72.4
scaffold212150	OTU_0229	37.09	213	90	7	1026	499	7	212	1e-25	97.8
scaffold213952	OTU_0079	33.65	211	98	5	137	664	97	300	1e-20	85.1
scaffold214766	OTU_0132	33.87	186	82	9	630	1073	120	302	1e-12	61.6
scaffold215245	OTU_0066	29.08	306	157	11	333	1139	10	292	2e-18	79.0
scaffold215768	OTU_0229	36.92	214	90	5	1002	478	2	209	1e-23	92.4
scaffold216020	OTU_0317	36.62	213	93	6	1139	603	99	303	1e-26	  102
scaffold216465	OTU_0266	33.02	215	103	5	179	718	93	301	1e-25	99.4
scaffold220195	OTU_0226	26.67	210	128	8	501	1097	1	195	4e-17	74.7
scaffold220239	OTU_0227	48.04	102	43	1	1097	822	214	315	4e-22	89.4
scaffold220623	OTU_0131	30.99	213	101	8	877	362	51	258	4e-13	62.4
scaffold223163	OTU_0029	60.00	60	24	0	952	773	115	174	5e-18	75.5
scaffold224059	OTU_0265	67.39	46	15	0	678	541	130	175	7e-15	66.6
scaffold225577	OTU_0351	35.24	210	94	6	548	1069	2	205	2e-25	97.1
scaffold226283	OTU_0104	46.94	98	46	1	1114	839	151	248	6e-20	82.0
scaffold229478	OTU_0125	25.57	262	150	7	743	63	7	258	3e-22	88.6
scaffold229497	OTU_0320	37.29	177	71	7	1043	633	126	302	4e-20	83.6
scaffold229752	OTU_0095	34.25	181	73	5	177	611	131	301	1e-16	73.6
scaffold231480	OTU_0325	32.09	187	85	4	1103	666	32	217	1e-21	86.3
scaffold231496	OTU_0176	28.99	207	104	7	178	690	10	209	3e-13	62.4
scaffold232170	OTU_0140	52.38	63	30	0	149	337	239	301	5e-15	68.6
scaffold233979	OTU_0095	32.34	303	143	11	934	152	20	302	2e-24	95.9
scaffold236833	OTU_0030	36.02	211	92	8	1087	560	99	301	7e-24	94.0
scaffold238613	OTU_0203	65.31	49	17	0	5	151	107	155	8e-18	74.3
scaffold238868	OTU_0217	37.22	180	102	6	524	1039	2	178	1e-23	93.6
scaffold240750	OTU_0015	35.84	293	144	7	960	211	9	300	5e-40	  140
scaffold241407	OTU_0249	39.45	218	94	5	7	552	72	287	3e-33	  120
scaffold242757	OTU_0218	40.95	105	62	0	8	322	198	302	3e-17	75.1
scaffold243303	OTU_0043	28.14	295	164	10	775	2	9	292	2e-19	81.3
scaffold244104	OTU_0328	31.98	222	121	11	1002	403	10	223	2e-13	62.4
scaffold244462	OTU_0256	29.41	204	97	10	381	866	83	281	5e-11	56.6
scaffold244643	OTU_0320	27.03	185	97	5	1010	561	121	302	9e-11	55.8
scaffold245084	OTU_0079	29.83	181	94	5	805	359	126	305	5e-11	56.6
scaffold247891	OTU_0219	25.44	228	145	7	775	158	90	314	2e-13	64.3
scaffold250914	OTU_0009	30.43	207	100	8	544	1053	101	300	4e-12	60.1
scaffold252812	OTU_0040	33.96	318	162	8	32	850	1	315	1e-43	  149
scaffold259643	OTU_0271	25.45	220	120	4	712	173	85	300	3e-16	72.0
scaffold260426	OTU_0191	41.35	133	76	2	1018	623	34	165	2e-20	83.2
scaffold262544	OTU_0176	39.37	221	96	6	16	570	7	225	5e-33	  118
scaffold263355	OTU_0196	28.12	288	174	10	993	214	19	301	6e-23	91.3
scaffold263371	OTU_0121	61.02	59	23	0	933	757	243	301	9e-17	73.6
scaffold263730	OTU_0111	29.77	262	135	9	660	4	1	256	9e-25	95.9
scaffold263951	OTU_0043	27.04	318	157	10	141	959	21	308	8e-20	82.0
scaffold266388	OTU_0015	33.48	227	106	7	1027	479	60	285	1e-25	98.6
scaffold266716	OTU_0072	34.34	166	104	5	360	848	2	165	8e-19	79.3
scaffold266860	OTU_0267	29.82	285	144	14	291	1001	26	302	5e-15	68.6
scaffold267476	OTU_0155	27.18	309	172	13	852	37	9	301	2e-14	66.6
scaffold268289	OTU_0121	29.58	142	85	2	500	75	59	185	2e-11	57.4
scaffold268314	OTU_0157	33.33	297	143	9	268	1020	9	296	2e-37	  133
scaffold268558	OTU_0266	34.16	161	100	4	473	3	9	167	7e-13	62.0
scaffold268895	OTU_0305	68.89	45	14	0	3	137	131	175	1e-16	71.2
scaffold270407	OTU_0317	38.50	213	93	7	430	972	97	303	3e-29	  109
scaffold270459	OTU_0121	25.54	278	140	9	269	1018	47	285	1e-14	67.4
scaffold270698	OTU_0320	30.25	324	160	13	965	96	14	305	1e-23	93.2
scaffold273464	OTU_0196	35.11	188	83	7	1011	544	114	294	2e-17	75.5
scaffold274071	OTU_0274	31.11	225	100	8	804	244	1	208	1e-19	79.7
scaffold274929	OTU_0305	72.34	47	13	0	758	618	130	176	2e-18	75.9
scaffold277936	OTU_0203	58.49	53	22	0	898	740	100	152	5e-18	74.7
scaffold278237	OTU_0305	51.16	86	31	4	902	675	89	173	5e-20	80.1
scaffold278721	OTU_0196	31.20	234	101	6	46	645	93	300	2e-21	86.7
scaffold278767	OTU_0225	47.92	96	44	2	72	341	217	312	8e-21	84.7
scaffold279192	OTU_0128	30.39	204	110	7	736	203	102	299	2e-15	69.3
scaffold279239	OTU_0246	34.88	215	94	6	995	462	97	302	7e-24	93.6
scaffold279896	OTU_0162	33.18	211	90	9	261	770	100	300	6e-18	76.6
scaffold280083	OTU_0265	59.52	42	17	0	753	628	131	172	6e-11	54.7
scaffold281854	OTU_0229	33.49	218	107	2	949	407	7	223	1e-27	  103
scaffold283142	OTU_0238	41.89	74	40	1	774	986	118	191	1e-13	62.8
scaffold285945	OTU_0041	29.89	271	136	9	195	890	45	300	5e-26	99.8
scaffold286697	OTU_0307	35.84	293	146	7	768	13	10	301	3e-41	  142
scaffold290690	OTU_0176	30.15	199	98	8	931	419	40	225	1e-11	57.0
scaffold291768	OTU_0196	28.93	280	148	12	970	236	32	295	5e-16	71.2
scaffold291901	OTU_0175	31.65	139	87	4	387	791	20	154	2e-13	63.5
scaffold292530	OTU_0140	55.74	61	22	1	977	795	245	300	6e-14	65.1
scaffold294240	OTU_0005	59.62	52	21	0	7	162	68	119	3e-14	62.8
scaffold294794	OTU_0065	54.35	46	21	0	332	469	208	253	3e-11	57.0
scaffold295558	OTU_0250	30.48	210	100	6	1	513	102	304	3e-11	57.0
scaffold295886	OTU_0155	30.47	279	155	5	238	960	2	279	3e-31	  115
scaffold296405	OTU_0165	37.80	164	98	4	352	834	1	163	6e-24	91.3
scaffold296956	OTU_0006	26.79	265	144	8	109	765	41	301	7e-15	67.8
scaffold297792	OTU_0238	29.83	181	90	5	918	484	15	194	1e-11	57.0
scaffold299365	OTU_0109	26.80	194	104	3	451	921	22	214	2e-12	59.7
scaffold300378	OTU_0243	33.89	239	127	9	683	6	14	234	1e-26	  101
scaffold302173	OTU_0072	31.76	170	113	3	456	959	2	170	7e-15	67.8
scaffold302598	OTU_0079	31.37	271	118	9	946	275	51	300	7e-25	96.3
scaffold302899	OTU_0217	34.50	313	146	9	43	837	12	313	2e-44	  150
scaffold303190	OTU_0336	32.39	176	80	7	55	477	13	184	8e-12	57.0
scaffold307480	OTU_0084	58.49	53	22	0	2	160	119	171	5e-15	65.9
scaffold307858	OTU_0351	32.99	197	85	6	464	949	2	186	6e-14	63.5
scaffold309116	OTU_0140	36.78	242	114	5	947	336	71	311	2e-33	  120
scaffold309133	OTU_0236	33.89	180	112	5	378	905	9	185	3e-22	88.6
scaffold309692	OTU_0196	39.36	94	51	3	74	352	212	300	6e-14	65.1
scaffold309972	OTU_0137	34.15	287	138	6	723	1	14	295	2e-38	  134
scaffold312831	OTU_0217	35.65	230	108	4	2	577	86	313	1e-30	  113
scaffold312845	OTU_0157	33.91	289	148	5	201	941	1	288	5e-42	  144
scaffold312923	OTU_0140	26.92	312	170	8	846	19	6	295	5e-16	70.9
scaffold313539	OTU_0087	58.54	41	17	0	125	247	134	174	7e-11	54.3
scaffold315014	OTU_0157	36.16	177	75	5	325	741	126	302	1e-17	75.9
scaffold318348	OTU_0106	32.68	205	96	7	86	595	102	299	2e-12	60.8
scaffold318604	OTU_0203	60.47	43	17	0	1	129	110	152	3e-15	66.6
scaffold318635	OTU_0305	51.16	86	31	3	157	384	89	173	8e-20	79.3
scaffold319142	OTU_0042	33.33	183	74	3	931	527	119	301	2e-14	66.6
scaffold319994	OTU_0292	36.94	111	66	3	600	929	40	147	1e-11	56.2
scaffold320879	OTU_0351	36.52	178	73	6	930	517	27	204	9e-18	74.3
scaffold321846	OTU_0312	35.08	305	160	7	868	65	10	313	4e-44	  149
scaffold323690	OTU_0218	40.00	105	63	0	16	330	198	302	2e-17	74.7
scaffold326298	OTU_0155	34.28	283	148	8	740	3	2	283	6e-36	  127
scaffold326690	OTU_0061	28.21	156	87	3	340	732	31	186	2e-12	58.9
scaffold327061	OTU_0165	37.80	164	98	4	578	96	1	163	8e-24	90.9
scaffold327734	OTU_0249	37.39	222	102	4	901	344	67	287	2e-33	  120
scaffold328322	OTU_0242	37.40	123	74	3	368	6	46	167	6e-17	73.6
scaffold329316	OTU_0206	25.52	290	166	7	837	73	40	314	3e-13	62.8
scaffold330437	OTU_0024	79.88	169	34	0	409	915	1	169	1e-77	  234
scaffold331230	OTU_0233	29.43	265	140	8	124	813	49	301	8e-19	78.6
scaffold331496	OTU_0305	48.86	88	34	3	884	651	89	175	8e-19	76.6
scaffold332929	OTU_0067	36.78	174	108	2	658	140	12	184	4e-26	99.8
scaffold335372	OTU_0012	48.39	62	31	1	107	292	133	193	3e-11	55.5
scaffold335439	OTU_0188	33.76	157	82	6	499	32	12	147	4e-11	54.7
scaffold335906	OTU_0249	36.17	282	142	6	13	750	8	287	2e-40	  139
scaffold339067	OTU_0015	32.20	177	81	4	118	531	124	300	8e-16	70.1
scaffold340333	OTU_0351	45.54	101	49	2	18	317	109	204	5e-19	77.4
scaffold340526	OTU_0150	36.32	212	96	7	614	93	4	214	2e-26	99.4
scaffold341286	OTU_0106	30.69	202	100	4	823	320	102	297	1e-14	66.6
scaffold342314	OTU_0344	28.14	263	143	6	893	207	52	302	1e-14	66.6
scaffold342637	OTU_0243	52.73	55	25	1	316	477	247	301	5e-11	56.2
scaffold343238	OTU_0161	43.53	85	32	3	628	410	104	184	2e-12	58.5
scaffold345082	OTU_0153	30.98	184	110	7	692	156	15	186	6e-15	67.8
scaffold345767	OTU_0317	30.63	160	91	5	441	893	14	162	1e-11	58.2
scaffold346077	OTU_0305	73.91	46	12	0	25	162	131	176	6e-19	76.6
scaffold348191	OTU_0320	34.48	290	149	8	138	890	15	302	4e-40	  139
scaffold349070	OTU_0165	35.76	165	101	4	613	128	1	163	1e-23	90.1
scaffold350644	OTU_0233	34.72	144	81	4	359	787	49	180	7e-11	55.5
scaffold351299	OTU_0196	30.19	159	67	4	885	541	140	298	3e-16	71.2
scaffold351340	OTU_0229	35.68	185	83	3	447	1	26	210	4e-24	92.4
scaffold353011	OTU_0203	58.93	56	23	0	798	631	97	152	2e-17	72.0
scaffold353040	OTU_0150	37.36	182	78	8	813	376	33	214	4e-24	92.4
scaffold353044	OTU_0126	35.00	180	69	3	15	410	116	295	1e-23	92.4
scaffold356472	OTU_0183	36.43	140	86	3	447	860	10	148	1e-15	69.7
scaffold362454	OTU_0351	32.24	214	101	8	193	726	1	206	5e-14	63.5
scaffold363345	OTU_0260	29.69	192	90	7	9	491	30	207	1e-14	65.5
scaffold365266	OTU_0298	62.35	85	28	1	415	161	14	94	2e-28	  105
scaffold365291	OTU_0335	35.29	306	145	7	86	862	2	301	7e-45	  151
scaffold366164	OTU_0006	32.31	294	146	10	793	29	22	301	5e-31	  113
scaffold368146	OTU_0305	75.00	40	10	0	607	488	134	173	6e-16	68.2
scaffold372451	OTU_0227	41.80	189	78	4	821	351	127	315	2e-33	  120
scaffold372672	OTU_0140	54.39	57	26	0	3	173	255	311	2e-15	68.6
scaffold373396	OTU_0203	45.05	91	38	2	9	245	65	155	2e-19	77.4
scaffold373826	OTU_0198	25.56	270	155	4	6	713	44	301	8e-18	75.5
scaffold374112	OTU_0257	65.91	44	15	0	858	727	65	108	3e-15	65.1
scaffold374442	OTU_0192	38.64	88	54	0	7	270	8	95	2e-17	70.9
scaffold375218	OTU_0335	47.25	91	44	1	248	520	228	314	9e-19	78.2
scaffold375585	OTU_0229	34.67	150	63	3	854	510	60	209	1e-18	76.6
scaffold376709	OTU_0001	30.20	245	121	8	165	776	66	301	2e-16	71.6
scaffold379189	OTU_0144	33.48	233	111	6	185	766	74	301	1e-22	89.4
scaffold379793	OTU_0140	33.33	222	110	7	103	672	86	301	4e-25	96.7
scaffold381272	OTU_0140	46.27	67	36	0	100	300	235	301	5e-15	67.8
scaffold381471	OTU_0208	32.09	215	95	7	807	280	100	302	5e-23	90.5
scaffold382841	OTU_0229	33.64	214	112	7	21	596	4	209	1e-22	88.2
scaffold383956	OTU_0121	32.31	229	97	8	1	588	98	301	4e-15	68.2
scaffold384160	OTU_0300	26.84	231	120	6	768	163	24	234	3e-12	58.5
scaffold384368	OTU_0121	27.59	319	169	13	15	845	1	299	2e-21	85.9
scaffold384516	OTU_0104	29.49	217	101	6	37	567	28	232	2e-11	56.2
scaffold385270	OTU_0234	28.26	276	148	6	759	37	41	301	1e-13	63.5
scaffold385486	OTU_0233	37.85	177	74	3	745	317	127	301	1e-23	92.0
scaffold385606	OTU_0198	29.24	236	126	9	804	190	78	303	9e-11	55.1
scaffold386961	OTU_0105	37.35	257	116	6	835	191	1	254	5e-33	  117
scaffold388459	OTU_0044	43.53	85	46	1	2	250	207	291	8e-17	72.4
scaffold388484	OTU_0010	57.81	64	26	1	67	255	238	301	2e-17	74.3
scaffold389289	OTU_0150	35.32	218	105	4	566	3	3	214	4e-27	  100
scaffold389613	OTU_0182	35.50	262	130	9	8	763	63	295	1e-23	91.7
scaffold390955	OTU_0339	40.74	81	42	2	618	385	94	171	5e-15	52.4
scaffold390955	OTU_0339	36.36	66	41	1	836	642	19	84	5e-15	38.9
scaffold391356	OTU_0010	38.08	260	115	7	18	665	58	315	7e-34	  121
scaffold392065	OTU_0096	50.59	85	42	0	776	522	101	185	2e-22	86.7
scaffold392467	OTU_0265	71.74	46	13	0	689	552	130	175	1e-16	69.7
scaffold394974	OTU_0151	38.24	204	93	4	2	517	100	302	4e-30	  110
scaffold396156	OTU_0140	53.33	60	28	0	827	648	239	298	3e-18	76.3
scaffold397151	OTU_0173	48.53	68	29	3	227	415	237	303	2e-11	57.4
scaffold398465	OTU_0072	33.01	306	156	10	821	15	10	303	1e-27	  103
scaffold399903	OTU_0226	29.67	182	106	7	183	725	16	176	4e-11	56.2
scaffold399914	OTU_0084	39.02	82	35	1	426	626	90	171	2e-11	55.1
scaffold402549	OTU_0233	29.15	199	101	6	775	290	120	315	3e-11	56.6
scaffold404263	OTU_0019	32.56	215	108	7	270	824	87	294	5e-18	75.9
scaffold404300	OTU_0260	33.33	183	74	3	704	300	28	210	3e-19	78.2
scaffold404333	OTU_0054	32.69	104	68	2	352	47	7	110	6e-11	55.1
scaffold405074	OTU_0140	49.44	89	34	3	71	307	214	301	5e-19	78.6
scaffold406137	OTU_0249	38.60	228	107	6	767	180	62	288	1e-33	  120
scaffold409531	OTU_0262	54.69	64	29	0	794	603	136	199	7e-16	68.2
scaffold415298	OTU_0199	100.00	248	0	0	744	1	1	248	0.0	  508
scaffold417009	OTU_0006	28.31	219	128	8	1	585	100	313	4e-16	70.5
scaffold419131	OTU_0076	34.83	178	76	5	789	376	124	301	2e-21	85.5
scaffold420140	OTU_0206	31.87	182	78	5	80	493	119	298	9e-17	72.4
scaffold420780	OTU_0067	38.55	166	99	3	226	717	12	176	1e-27	  103
scaffold420917	OTU_0351	43.24	111	46	3	82	399	106	204	8e-20	79.7
scaffold423799	OTU_0203	70.45	44	13	0	217	348	109	152	3e-16	68.2
scaffold424053	OTU_0299	44.90	98	44	2	16	279	68	165	7e-14	62.0
scaffold425343	OTU_0177	39.43	175	76	5	624	190	126	300	1e-20	83.2
scaffold427291	OTU_0119	29.82	275	132	9	691	2	40	298	2e-22	88.2
scaffold433967	OTU_0044	67.21	61	20	0	3	185	244	304	2e-19	79.7
scaffold434275	OTU_0306	37.50	152	87	5	353	793	9	157	4e-22	85.1
scaffold435353	OTU_0233	33.81	210	94	10	41	565	101	300	4e-13	61.6
scaffold435961	OTU_0262	60.66	61	24	0	165	347	139	199	9e-21	82.4
scaffold436785	OTU_0072	33.73	166	105	4	639	154	16	180	6e-14	64.3
scaffold437464	OTU_0095	35.67	171	72	4	784	386	132	302	2e-21	85.1
scaffold440592	OTU_0335	35.09	228	104	6	752	183	88	309	2e-25	96.7
scaffold442530	OTU_0217	31.73	249	130	7	631	2	12	259	3e-26	99.4
scaffold445001	OTU_0203	67.39	46	15	0	210	347	107	152	4e-17	70.9
scaffold446890	OTU_0171	59.15	71	29	0	775	563	232	302	9e-20	80.1
scaffold447026	OTU_0325	36.36	154	54	5	772	443	51	204	4e-20	80.5
scaffold451719	OTU_0192	52.54	59	28	0	3	179	39	97	3e-14	62.0
scaffold453425	OTU_0249	44.44	99	43	2	713	453	177	275	2e-18	76.3
scaffold454101	OTU_0157	33.22	286	144	9	50	775	5	287	7e-38	  131
scaffold456148	OTU_0016	27.71	249	150	10	84	761	16	257	3e-11	55.8
scaffold462270	OTU_0203	50.91	55	25	1	588	430	98	152	9e-12	55.8
scaffold462362	OTU_0095	34.20	269	114	8	46	717	52	302	9e-26	97.8
scaffold463323	OTU_0140	52.38	63	30	0	548	360	239	301	7e-16	69.3
scaffold464461	OTU_0265	78.79	33	7	0	3	101	143	175	5e-13	59.7
scaffold465656	OTU_0124	50.00	54	26	1	586	425	98	150	8e-11	53.1
scaffold465745	OTU_0072	36.50	137	76	5	367	759	5	136	3e-17	73.2
scaffold468103	OTU_0235	38.79	165	96	4	518	33	16	178	8e-26	96.7
scaffold469110	OTU_0312	29.46	241	124	8	672	67	67	300	2e-14	65.5
scaffold470248	OTU_0305	56.60	53	23	0	657	499	119	171	4e-15	65.1
scaffold470367	OTU_0229	29.68	219	110	7	743	183	7	213	3e-19	77.8
scaffold470835	OTU_0305	60.00	55	22	0	130	294	119	173	6e-18	73.2
scaffold473150	OTU_0305	74.29	35	9	0	1	105	141	175	2e-13	60.8
scaffold473768	OTU_0051	32.96	179	101	8	595	74	1	165	3e-13	62.0
scaffold479475	OTU_0265	60.98	41	16	0	25	147	132	172	7e-11	53.5
scaffold480000	OTU_0116	30.48	210	109	9	106	654	103	302	2e-12	59.7
scaffold481089	OTU_0193	30.68	176	110	6	119	634	13	180	5e-12	58.2
scaffold481570	OTU_0226	39.13	115	70	0	746	402	187	301	4e-18	75.5
scaffold481743	OTU_0071	29.70	202	115	6	140	670	103	302	4e-17	72.8
scaffold482079	OTU_0124	53.85	78	35	1	751	518	90	166	3e-20	79.7
scaffold482151	OTU_0191	35.33	150	95	2	300	746	13	161	7e-24	91.7
scaffold482160	OTU_0140	28.33	180	91	4	11	445	122	298	6e-12	58.2
scaffold482730	OTU_0140	55.22	67	30	0	61	261	235	301	2e-20	82.4
scaffold485088	OTU_0021	28.02	207	91	6	512	33	56	251	1e-13	62.8
scaffold488079	OTU_0229	38.83	188	77	6	132	584	26	212	4e-24	92.0
scaffold488897	OTU_0260	32.34	201	82	4	141	599	16	210	9e-19	76.3
scaffold489599	OTU_0341	29.07	172	88	4	744	331	129	300	3e-11	56.2
scaffold491367	OTU_0021	31.20	125	74	4	600	253	130	251	3e-11	55.5
scaffold491481	OTU_0265	74.42	43	11	0	5	133	133	175	1e-15	66.6
scaffold491547	OTU_0229	28.10	210	113	6	10	543	9	212	6e-14	62.8
scaffold493049	OTU_0265	71.43	42	12	0	650	525	134	175	2e-15	65.9
scaffold495414	OTU_0107	57.14	49	21	0	149	3	265	313	3e-13	62.0
scaffold495925	OTU_0298	28.41	176	112	6	34	555	6	169	3e-11	55.8
scaffold495959	OTU_0115	39.39	99	46	3	69	323	73	171	6e-13	59.3
scaffold498073	OTU_0071	30.41	171	88	5	643	221	129	298	9e-13	60.5
scaffold498295	OTU_0335	27.84	176	96	5	8	451	130	302	2e-11	57.0
scaffold498362	OTU_0341	59.09	66	26	1	727	530	250	314	1e-19	79.7
scaffold499998	OTU_0155	32.39	176	114	4	586	68	1	174	6e-24	92.0
scaffold505083	OTU_0229	32.61	184	88	4	717	274	26	209	3e-18	74.7
scaffold505175	OTU_0155	26.22	225	115	7	641	57	99	302	5e-14	63.9
scaffold506633	OTU_0229	27.64	199	102	5	51	527	10	206	1e-14	64.3
scaffold506875	OTU_0133	60.66	61	24	0	730	548	99	159	1e-15	65.9
scaffold506938	OTU_0157	37.50	176	103	5	206	721	6	178	4e-26	98.6
scaffold508177	OTU_0221	32.31	130	72	4	387	7	17	133	2e-11	54.7
scaffold510789	OTU_0305	70.59	51	15	0	196	348	125	175	8e-20	78.6
scaffold511432	OTU_0190	32.40	179	91	6	543	22	14	167	7e-11	54.7
scaffold511695	OTU_0260	35.07	211	95	6	727	203	9	213	1e-25	96.3
scaffold512041	OTU_0229	34.78	184	84	4	1	444	28	211	2e-23	89.7
scaffold513902	OTU_0115	57.81	64	27	0	18	209	108	171	2e-17	71.6
scaffold515239	OTU_0200	35.96	178	72	7	59	469	125	301	6e-18	75.1
scaffold515714	OTU_0341	63.08	65	24	0	6	200	250	314	5e-22	86.7
scaffold515770	OTU_0137	32.79	183	84	6	496	65	120	302	7e-18	74.7
scaffold516172	OTU_0249	36.76	185	82	6	675	226	93	277	3e-21	84.0
scaffold518577	OTU_0229	48.65	74	37	1	616	395	150	222	2e-18	75.5
scaffold519343	OTU_0072	33.33	267	129	9	30	719	47	301	1e-23	91.3
scaffold519953	OTU_0238	33.71	178	78	5	9	422	28	205	2e-19	77.8
scaffold520720	OTU_0333	34.51	142	84	5	296	706	10	147	1e-18	75.9
scaffold521023	OTU_0226	29.61	179	87	5	78	503	119	295	7e-13	60.5
scaffold521713	OTU_0039	30.30	132	80	5	706	332	1	127	8e-11	52.8
scaffold522246	OTU_0305	70.83	48	14	0	207	350	128	175	3e-19	77.0
scaffold522563	OTU_0121	35.71	182	79	4	450	19	120	301	1e-21	85.5
scaffold524385	OTU_0144	28.76	226	127	6	37	618	78	301	2e-16	70.9
scaffold524829	OTU_0154	34.36	163	101	4	239	718	1	160	1e-23	91.3
scaffold527983	OTU_0107	32.10	271	146	5	702	1	2	271	2e-31	  113
scaffold529353	OTU_0096	56.36	55	23	1	634	473	118	172	3e-14	62.4
scaffold529629	OTU_0067	33.14	169	108	4	553	56	14	180	3e-24	93.2
scaffold530475	OTU_0249	34.26	216	104	7	22	561	33	246	7e-28	82.8
scaffold530475	OTU_0249	59.52	42	17	0	560	685	246	287	7e-28	52.0
scaffold530503	OTU_0042	38.50	187	77	4	689	240	119	304	1e-27	  102
scaffold534330	OTU_0317	35.18	253	122	5	705	70	38	289	1e-33	  119
scaffold534788	OTU_0262	45.12	82	41	2	65	298	116	197	2e-11	55.5
scaffold539903	OTU_0265	63.64	44	16	0	58	189	131	174	5e-15	64.7
scaffold541020	OTU_0105	50.00	44	22	0	198	67	65	108	6e-11	54.7
scaffold546047	OTU_0051	33.55	155	84	8	5	454	9	149	8e-11	54.3
scaffold546505	OTU_0043	47.54	61	31	1	43	225	240	299	2e-11	56.6
scaffold548451	OTU_0181	34.15	164	96	4	46	531	9	162	5e-16	67.0
scaffold552034	OTU_0197	40.95	105	59	3	70	384	74	175	5e-15	64.7
scaffold552560	OTU_0079	31.92	213	103	4	609	76	95	300	2e-22	87.8
scaffold556196	OTU_0298	60.42	48	19	0	694	551	266	313	6e-15	66.2
scaffold556603	OTU_0072	35.14	185	108	4	665	132	2	181	2e-23	90.1
scaffold556700	OTU_0125	27.78	180	90	6	551	123	82	258	7e-11	54.3
scaffold558430	OTU_0042	38.78	196	84	4	675	196	119	314	1e-31	  114
scaffold559003	OTU_0339	31.16	215	98	7	602	81	94	299	2e-20	81.6
scaffold560018	OTU_0043	38.14	118	64	2	665	339	197	314	2e-19	78.6
scaffold560331	OTU_0304	33.90	177	94	6	52	582	11	164	1e-13	62.4
scaffold561077	OTU_0079	31.11	180	89	2	73	507	121	300	6e-21	83.2
scaffold566022	OTU_0175	33.72	86	46	1	283	507	218	303	1e-11	57.0
scaffold566158	OTU_0351	56.90	58	25	0	661	488	147	204	4e-17	71.2
scaffold567175	OTU_0266	32.09	215	131	4	604	2	2	215	7e-22	85.9
scaffold569324	OTU_0029	32.23	121	68	3	612	250	59	165	2e-11	54.7
scaffold570649	OTU_0124	44.78	67	28	2	55	255	109	166	2e-11	54.3
scaffold570869	OTU_0084	59.18	49	20	0	680	534	123	171	1e-14	63.5
scaffold571969	OTU_0107	38.32	167	94	6	205	684	1	165	2e-20	81.3
scaffold575374	OTU_0155	34.10	217	106	4	683	141	98	313	9e-29	  105
scaffold576128	OTU_0104	44.57	92	40	2	600	358	145	236	3e-20	80.9
scaffold582658	OTU_0325	99.51	206	0	1	3	620	13	217	2e-138	  385
scaffold582694	OTU_0026	42.37	59	34	0	372	548	125	183	6e-12	56.2
scaffold584502	OTU_0325	32.64	193	90	3	634	176	25	217	7e-24	90.5
scaffold584651	OTU_0144	30.56	180	92	5	495	52	121	299	6e-15	66.2
scaffold585070	OTU_0319	29.32	249	127	8	5	643	26	261	2e-16	69.7
scaffold591516	OTU_0144	54.55	55	25	0	673	509	260	314	1e-16	70.9
scaffold591872	OTU_0105	36.88	160	60	3	673	317	78	237	1e-23	90.5
scaffold593092	OTU_0085	34.97	143	87	5	433	17	5	145	4e-19	75.9
scaffold595663	OTU_0052	40.48	84	48	2	416	165	222	303	5e-11	55.1
scaffold597133	OTU_0320	34.90	255	122	4	30	668	35	287	5e-38	  130
scaffold598470	OTU_0155	33.98	259	133	4	4	669	46	303	7e-40	  135
scaffold600080	OTU_0282	38.04	92	46	2	653	408	101	191	3e-11	54.3
scaffold600815	OTU_0314	26.46	189	96	6	668	195	101	277	8e-11	54.3
scaffold601410	OTU_0131	90.48	63	6	0	667	479	63	125	6e-21	82.8
scaffold601993	OTU_0198	36.92	130	77	4	265	645	8	135	6e-17	71.6
scaffold603327	OTU_0217	32.88	219	107	8	558	7	60	273	1e-23	90.9
scaffold604067	OTU_0015	27.46	244	136	9	11	649	69	302	4e-17	72.4
scaffold604147	OTU_0053	47.83	69	35	1	587	381	124	191	8e-12	55.8
scaffold607177	OTU_0261	33.53	170	76	8	51	449	129	298	7e-13	60.1
scaffold610142	OTU_0119	34.86	218	88	9	131	661	86	290	9e-18	73.9
scaffold610789	OTU_0067	37.13	167	103	2	47	544	12	177	1e-24	94.0
scaffold611501	OTU_0176	48.57	70	34	1	371	168	147	216	3e-15	65.9
scaffold618117	OTU_0227	40.68	59	35	0	201	377	243	301	6e-11	54.7
scaffold618618	OTU_0134	41.24	177	67	5	86	505	126	302	1e-26	99.4
scaffold620146	OTU_0235	34.39	189	107	5	619	74	16	194	3e-21	83.2
scaffold620773	OTU_0065	28.50	214	102	5	11	535	52	253	3e-18	74.7
scaffold620952	OTU_0312	39.34	61	37	0	271	453	242	302	2e-12	58.5
scaffold622146	OTU_0270	32.46	191	111	7	589	38	2	181	5e-14	62.8
scaffold624111	OTU_0072	34.23	149	89	6	219	644	1	147	2e-14	64.3
scaffold624338	OTU_0246	35.45	189	84	5	612	160	114	302	1e-23	90.5
scaffold624492	OTU_0203	63.64	44	16	0	365	496	109	152	5e-17	69.7
scaffold624824	OTU_0196	32.40	179	81	6	652	212	131	301	5e-15	66.2
scaffold627846	OTU_0335	28.81	177	89	6	473	54	125	301	4e-13	60.8
scaffold629842	OTU_0305	47.62	84	41	2	75	323	92	173	9e-20	78.2
scaffold631104	OTU_0162	34.90	192	84	5	29	487	126	315	3e-26	98.2
scaffold631727	OTU_0181	32.84	134	86	4	256	648	20	152	5e-13	58.5
scaffold633431	OTU_0225	33.73	255	122	11	641	12	22	274	6e-29	  105
scaffold634043	OTU_0320	36.78	174	103	5	548	39	15	185	9e-24	91.3
scaffold634540	OTU_0227	33.33	102	59	2	363	64	204	298	7e-12	57.4
scaffold636949	OTU_0234	37.16	148	80	6	453	10	41	175	1e-13	62.0
scaffold637218	OTU_0124	40.96	83	35	3	117	326	69	150	4e-12	55.8
scaffold637377	OTU_0051	34.36	163	88	8	129	602	1	149	4e-13	60.5
scaffold637825	OTU_0317	31.84	245	127	9	647	6	61	296	3e-20	80.9
scaffold638222	OTU_0140	53.73	67	31	0	2	202	245	311	8e-20	79.7
scaffold638650	OTU_0053	34.52	84	44	2	81	299	107	190	9e-11	52.8
scaffold640867	OTU_0241	32.14	196	88	7	59	514	84	278	7e-14	62.8
scaffold641239	OTU_0229	33.94	218	100	7	614	72	2	212	2e-24	92.4
scaffold641325	OTU_0315	70.27	37	11	0	414	304	73	109	1e-13	59.7
scaffold643900	OTU_0246	40.94	171	59	6	644	258	132	302	3e-21	83.6
scaffold644593	OTU_0048	31.87	160	105	4	173	643	1	159	4e-14	63.5
scaffold645000	OTU_0265	47.46	59	28	1	594	418	131	186	4e-11	53.9
scaffold646212	OTU_0260	31.79	173	70	6	207	590	41	210	4e-15	65.1
scaffold648388	OTU_0203	59.38	64	26	0	602	411	97	160	1e-19	77.4
scaffold648520	OTU_0105	36.36	176	72	6	1	411	66	240	1e-21	84.3
scaffold648731	OTU_0211	29.51	183	80	5	157	576	124	300	2e-14	64.3
scaffold651923	OTU_0013	32.26	155	64	4	294	635	123	277	1e-20	61.6
scaffold651923	OTU_0013	32.65	98	61	4	1	282	23	119	1e-20	48.5
scaffold654080	OTU_0197	48.28	58	30	0	565	392	115	172	3e-14	62.0
scaffold654656	OTU_0203	59.65	57	22	1	27	197	97	152	2e-19	77.0
scaffold657344	OTU_0176	36.93	176	71	6	3	419	37	209	6e-15	64.7
scaffold657501	OTU_0150	38.89	90	48	2	213	479	12	95	8e-11	53.1
scaffold657749	OTU_0171	34.47	235	108	9	36	611	57	288	6e-25	94.4
scaffold658982	OTU_0005	31.37	102	56	2	134	397	19	120	4e-11	52.4
scaffold659751	OTU_0010	41.15	192	72	4	9	461	124	315	3e-26	98.2
scaffold663528	OTU_0227	34.89	235	117	7	30	632	39	271	8e-30	  108
scaffold664990	OTU_0029	32.20	118	66	3	6	359	62	165	1e-11	55.1
scaffold665691	OTU_0257	64.86	37	13	0	629	519	72	108	2e-13	58.5
scaffold669409	OTU_0351	37.26	212	87	7	539	18	2	205	5e-29	  104
scaffold671154	OTU_0192	50.94	53	26	0	466	308	43	95	5e-11	52.0
scaffold671353	OTU_0305	64.81	54	19	0	387	226	123	176	5e-20	79.0
scaffold671431	OTU_0081	100.00	210	0	0	630	1	11	220	7e-132	  368
scaffold672924	OTU_0095	35.56	225	95	7	612	22	100	302	2e-25	96.3
scaffold672926	OTU_0010	48.44	64	32	1	565	377	238	301	2e-11	55.8
scaffold673787	OTU_0234	35.36	181	74	7	9	437	125	300	5e-15	66.2
scaffold675552	OTU_0155	31.93	238	124	5	26	628	34	270	5e-25	94.7
scaffold675933	OTU_0021	51.85	54	25	1	229	390	196	248	6e-13	59.7
scaffold676499	OTU_0135	40.43	94	45	3	337	606	69	155	8e-11	52.4
scaffold677523	OTU_0044	56.25	48	21	0	1	144	257	304	3e-12	57.8
scaffold678082	OTU_0106	34.34	99	53	3	141	401	215	313	8e-11	53.9
scaffold683065	OTU_0152	35.47	172	70	3	33	425	94	265	3e-23	89.0
scaffold684110	OTU_0129	36.93	176	73	4	414	1	90	265	6e-25	94.0
scaffold687363	OTU_0087	63.64	44	16	0	126	257	131	174	8e-16	66.6
scaffold688563	OTU_0111	34.39	157	98	4	590	129	7	161	7e-24	90.9
scaffold689321	OTU_0155	35.26	173	75	5	619	212	128	300	5e-22	85.9
scaffold692766	OTU_0162	32.08	212	102	5	530	3	91	296	3e-23	89.4
scaffold693395	OTU_0257	36.36	88	46	2	439	176	28	105	1e-12	56.6
scaffold698369	OTU_0124	50.91	55	24	2	277	438	98	150	6e-12	55.5
scaffold701655	OTU_0111	34.87	238	110	7	611	6	55	283	9e-26	96.3
scaffold703340	OTU_0305	65.12	43	15	0	605	477	133	175	2e-16	68.2
scaffold705011	OTU_0006	28.17	213	119	6	2	568	96	298	3e-12	57.8
scaffold707665	OTU_0014	28.63	241	129	6	12	611	38	276	1e-24	93.2
scaffold707822	OTU_0229	33.80	213	99	5	533	3	2	208	2e-28	  102
scaffold708154	OTU_0140	49.25	67	34	0	2	202	245	311	5e-18	74.3
scaffold709682	OTU_0183	38.89	108	64	2	567	247	39	145	7e-15	65.5
scaffold711400	OTU_0262	63.16	57	20	1	326	159	143	199	1e-17	72.0
scaffold715453	OTU_0337	60.87	69	27	0	577	371	109	177	1e-21	83.2
scaffold716895	OTU_0054	33.82	136	87	3	201	602	9	143	7e-17	70.1
scaffold718738	OTU_0281	52.54	59	28	0	594	418	31	89	5e-16	65.9
scaffold723594	OTU_0262	37.22	180	82	7	34	480	20	199	4e-21	82.0
scaffold723637	OTU_0320	33.33	207	98	6	522	1	91	290	5e-21	82.8
scaffold728653	OTU_0183	26.83	205	119	7	529	2	87	289	4e-14	63.2
scaffold731487	OTU_0228	63.16	38	14	0	489	602	250	287	3e-11	55.1
scaffold733111	OTU_0260	29.61	179	73	7	592	149	51	207	2e-12	57.8
scaffold733112	OTU_0305	65.00	60	20	1	120	296	112	171	8e-20	77.8
scaffold733734	OTU_0121	59.18	49	18	1	394	254	253	301	8e-16	68.2
scaffold733956	OTU_0189	39.06	192	82	6	119	589	122	313	6e-22	85.5
scaffold739800	OTU_0341	49.41	85	33	2	11	235	217	301	1e-19	79.0
scaffold740821	OTU_0235	36.36	110	55	3	422	102	92	189	6e-12	56.2
scaffold741063	OTU_0017	30.00	190	109	6	39	596	14	183	8e-14	61.2
scaffold743278	OTU_0107	60.00	70	28	0	590	381	244	313	1e-20	81.6
scaffold745087	OTU_0247	41.30	92	47	2	292	564	93	178	4e-11	53.9
scaffold748086	OTU_0315	72.22	36	10	0	436	329	74	109	2e-13	58.5
scaffold748329	OTU_0095	32.21	208	106	8	6	587	37	223	2e-11	55.5
scaffold751448	OTU_0088	37.87	235	100	8	589	8	63	292	3e-33	  117
scaffold752009	OTU_0269	50.85	59	29	0	1	177	156	214	4e-17	70.5
scaffold757805	OTU_0183	35.71	168	103	4	569	75	10	175	7e-25	94.0
scaffold757829	OTU_0335	38.95	190	84	6	571	95	125	313	2e-27	  101
scaffold759251	OTU_0298	30.86	175	106	5	4	519	1	163	2e-14	64.3
scaffold759309	OTU_0274	38.99	218	91	6	11	541	1	217	3e-30	  107
scaffold761196	OTU_0161	41.38	87	34	3	161	388	101	181	6e-11	52.8
scaffold762746	OTU_0124	42.86	84	34	4	486	274	68	150	4e-12	55.5
scaffold765085	OTU_0277	29.91	117	80	2	528	178	39	153	2e-12	56.6
scaffold767134	OTU_0191	31.03	174	108	4	542	24	19	181	3e-12	57.4
scaffold767282	OTU_0107	33.54	161	90	6	566	111	5	157	1e-19	79.0
scaffold769566	OTU_0265	68.57	35	11	0	587	483	139	173	6e-12	55.5
scaffold770530	OTU_0030	31.96	194	84	6	469	5	93	277	1e-13	61.6
scaffold773613	OTU_0218	36.72	177	71	3	1	408	140	316	2e-26	98.2
scaffold773862	OTU_0087	65.52	58	20	0	454	281	118	175	6e-20	78.2
scaffold774773	OTU_0265	72.50	40	11	0	151	270	136	175	6e-16	66.6
scaffold776124	OTU_0265	58.14	43	18	0	554	426	130	172	4e-14	61.6
scaffold776617	OTU_0026	42.03	138	52	5	22	351	60	197	8e-23	86.7
scaffold777215	OTU_0245	28.67	150	97	4	452	6	17	157	2e-11	55.5
scaffold782441	OTU_0012	26.92	182	98	7	18	464	20	199	7e-12	55.5
scaffold783198	OTU_0140	60.47	43	17	0	398	270	256	298	3e-14	63.5
scaffold783199	OTU_0176	34.42	215	101	7	545	3	1	209	1e-25	94.7
scaffold783666	OTU_0245	34.05	185	83	6	136	579	98	280	7e-16	68.2
scaffold785767	OTU_0162	29.94	177	87	8	522	103	126	302	6e-11	53.9
scaffold788447	OTU_0013	29.15	223	114	6	35	574	37	258	1e-17	73.2
scaffold790598	OTU_0087	58.62	58	24	0	507	334	125	182	1e-14	63.2
scaffold791361	OTU_0305	50.59	85	31	2	202	423	89	173	3e-20	79.0
scaffold792726	OTU_0246	33.01	206	86	6	512	15	97	290	1e-21	84.7
scaffold794450	OTU_0155	34.64	153	98	2	2	457	23	174	1e-24	92.8
scaffold795756	OTU_0095	33.33	204	101	8	1	570	37	219	3e-12	57.8
scaffold796380	OTU_0222	48.44	64	33	0	139	330	234	297	7e-17	70.9
scaffold796523	OTU_0140	56.72	67	29	0	85	285	235	301	6e-20	79.3
scaffold796719	OTU_0155	28.87	142	100	1	58	483	34	174	4e-17	71.6
scaffold798131	OTU_0006	36.96	92	53	2	71	343	208	295	6e-11	53.9
scaffold799724	OTU_0140	33.86	189	85	5	29	475	123	311	5e-26	97.1
scaffold800853	OTU_0006	51.56	64	30	1	362	171	240	302	4e-14	63.2
scaffold800945	OTU_0291	67.27	55	18	0	519	355	248	302	4e-19	77.0
scaffold801613	OTU_0229	28.57	182	96	4	37	480	26	207	3e-16	67.8
scaffold801911	OTU_0266	41.35	104	59	2	308	3	1	104	2e-15	67.0
scaffold804457	OTU_0196	29.47	207	112	7	28	558	99	301	4e-17	71.6
scaffold806256	OTU_0067	38.00	150	91	2	572	126	14	162	1e-22	87.0
scaffold807313	OTU_0266	31.25	176	108	5	32	538	9	178	1e-11	55.8
scaffold808015	OTU_0249	35.44	79	47	1	66	290	197	275	1e-11	56.2
scaffold813097	OTU_0314	39.63	164	58	4	11	379	152	315	1e-21	84.0
scaffold814696	OTU_0096	54.55	55	24	1	191	352	118	172	1e-13	60.1
scaffold815181	OTU_0127	39.02	82	36	1	410	165	121	188	7e-14	60.8
scaffold817855	OTU_0234	33.57	140	79	5	33	452	41	166	1e-11	55.8
scaffold821579	OTU_0341	47.52	101	41	3	81	356	217	314	6e-22	85.1
scaffold826585	OTU_0158	90.37	187	18	0	563	3	28	214	7e-109	  312
scaffold827148	OTU_0229	31.94	191	92	5	562	95	26	213	7e-15	63.9
scaffold828842	OTU_0267	24.00	200	112	6	10	498	98	294	5e-11	54.3
scaffold830081	OTU_0183	34.31	137	87	3	142	546	13	148	2e-18	75.1
scaffold833310	OTU_0326	68.89	45	13	1	82	213	107	151	3e-14	61.6
scaffold833484	OTU_0124	32.50	120	70	2	93	419	33	152	6e-11	52.0
scaffold833513	OTU_0225	40.16	122	68	4	205	561	9	128	6e-18	73.6
scaffold835098	OTU_0044	38.01	221	92	4	545	6	88	304	3e-28	  102
scaffold835542	OTU_0262	32.66	199	100	7	48	548	3	199	9e-18	72.4
scaffold836139	OTU_0215	78.30	106	23	0	319	2	1	106	5e-43	  138
scaffold836253	OTU_0162	38.03	71	43	1	118	327	232	302	8e-12	56.2
scaffold837019	OTU_0176	27.96	211	119	6	556	2	13	216	2e-12	57.4
scaffold844443	OTU_0229	50.00	66	27	3	226	408	146	210	3e-11	53.9
scaffold846990	OTU_0265	68.75	48	15	0	534	391	136	183	2e-17	70.9
scaffold847064	OTU_0048	36.11	180	101	5	551	36	13	186	1e-22	87.0
scaffold850975	OTU_0203	52.38	63	30	0	99	287	93	155	3e-20	79.0
scaffold851222	OTU_0157	32.32	164	96	7	52	534	14	165	9e-11	53.1
scaffold854046	OTU_0281	54.17	48	22	0	556	413	53	100	3e-11	51.6
scaffold855053	OTU_0128	36.31	168	100	5	2	493	12	176	1e-22	87.0
scaffold855217	OTU_0238	41.89	74	40	2	41	253	118	191	1e-14	62.8
scaffold856929	OTU_0126	35.16	128	69	3	76	459	46	159	8e-17	70.5
scaffold857207	OTU_0225	39.62	106	60	3	245	553	1	105	1e-15	67.4
scaffold859082	OTU_0197	62.50	48	18	0	467	324	126	173	1e-16	68.6
scaffold859571	OTU_0045	36.73	147	54	6	536	210	151	296	6e-16	68.2
scaffold862992	OTU_0217	36.52	178	73	5	421	5	97	273	1e-21	84.3
scaffold865384	OTU_0157	32.98	188	80	6	454	14	117	299	1e-21	84.0
scaffold865917	OTU_0140	56.67	60	26	0	524	345	239	298	2e-17	72.4
scaffold866328	OTU_0067	34.11	214	92	4	6	515	108	316	6e-25	93.6
scaffold867668	OTU_0320	31.67	221	97	6	530	3	90	301	9e-20	79.0
scaffold867902	OTU_0043	32.60	227	101	5	551	3	97	315	1e-32	  115
scaffold869299	OTU_0310	75.76	33	8	0	21	119	103	135	1e-11	53.9
scaffold870360	OTU_0003	30.64	173	81	8	479	63	147	314	1e-10	53.1
scaffold872326	OTU_0235	40.88	137	77	3	5	409	44	178	2e-24	91.3
scaffold874101	OTU_0235	40.44	136	72	4	404	12	16	147	3e-15	64.7
scaffold874534	OTU_0294	50.91	55	27	0	201	365	246	300	2e-11	55.1
scaffold875163	OTU_0341	37.13	167	64	5	543	157	151	314	5e-23	88.2
scaffold875327	OTU_0196	36.78	87	46	1	417	184	209	295	4e-12	57.0
scaffold877404	OTU_0245	32.52	163	95	6	58	531	12	164	5e-11	53.9
scaffold878034	OTU_0197	51.85	54	25	1	134	295	120	172	7e-12	55.1
scaffold878926	OTU_0155	28.77	219	114	7	542	3	47	262	2e-19	78.2
scaffold879881	OTU_0229	34.50	200	89	5	494	3	2	195	9e-23	86.7
scaffold880275	OTU_0274	61.22	49	19	0	358	212	169	217	2e-13	59.7
scaffold885848	OTU_0013	30.11	186	85	5	518	78	122	301	1e-17	72.8
scaffold887570	OTU_0121	61.22	49	17	1	357	217	253	301	3e-16	68.9
scaffold888970	OTU_0040	38.10	168	102	2	13	513	11	177	2e-23	89.4
scaffold890200	OTU_0240	38.98	118	70	2	440	90	15	131	3e-19	75.9
scaffold892845	OTU_0104	58.06	62	26	0	33	218	174	235	2e-19	77.4
scaffold893466	OTU_0188	31.40	172	106	4	510	1	2	163	2e-13	59.3
scaffold898908	OTU_0054	71.60	81	22	1	472	230	1	80	2e-35	  120
scaffold903032	OTU_0119	35.03	177	72	7	419	3	124	295	8e-18	73.2
scaffold905937	OTU_0155	33.53	167	107	3	45	539	1	165	1e-25	95.5
scaffold907489	OTU_0265	61.90	42	16	0	28	153	131	172	1e-11	54.3
scaffold909424	OTU_0305	56.82	44	19	0	357	226	130	173	1e-12	56.6
scaffold909553	OTU_0203	51.16	43	21	0	527	399	107	149	1e-11	53.9
scaffold915651	OTU_0046	35.11	131	67	6	536	147	43	156	4e-11	54.3
scaffold918705	OTU_0203	62.75	51	19	0	430	278	102	152	6e-18	72.0
scaffold922545	OTU_0111	31.79	173	94	6	13	516	40	193	6e-12	56.2
scaffold923280	OTU_0257	78.12	32	7	0	2	97	77	108	5e-13	57.0
scaffold923834	OTU_0266	42.17	83	41	2	277	522	88	164	1e-11	55.8
scaffold927576	OTU_0351	33.49	209	97	6	14	532	2	204	3e-24	90.1
scaffold931099	OTU_0012	37.10	62	38	1	400	215	128	188	3e-11	53.1
scaffold931437	OTU_0262	51.61	62	30	0	530	345	138	199	3e-15	64.3
scaffold934968	OTU_0269	100.00	176	0	0	3	530	2	177	4e-120	  337
scaffold935270	OTU_0197	54.55	55	25	0	513	349	121	175	4e-15	63.9
scaffold935328	OTU_0031	29.73	185	87	6	517	77	121	300	5e-18	73.9
scaffold937907	OTU_0157	32.09	215	98	4	516	4	89	299	3e-26	97.4
scaffold939843	OTU_0203	55.56	54	24	0	8	169	107	160	3e-14	60.8
scaffold941512	OTU_0305	68.42	38	12	0	6	119	134	171	8e-14	60.1
scaffold941638	OTU_0225	42.06	107	56	3	315	1	1	103	1e-16	70.1
scaffold946780	OTU_0079	33.33	201	95	6	3	524	97	285	1e-22	86.7
scaffold947042	OTU_0012	28.24	170	88	4	502	95	19	188	2e-11	53.5
scaffold947117	OTU_0274	45.54	101	44	1	66	335	117	217	1e-21	82.8
scaffold953140	OTU_0175	31.55	187	80	7	518	3	140	293	8e-16	67.4
scaffold957848	OTU_0043	28.65	178	89	3	54	473	124	301	1e-18	75.5
scaffold959022	OTU_0197	37.36	174	68	4	24	422	15	188	2e-27	98.2
scaffold959795	OTU_0267	69.77	43	13	0	12	140	253	295	4e-16	68.2
scaffold961273	OTU_0275	50.00	64	32	0	521	330	75	138	7e-18	71.6
scaffold962977	OTU_0292	30.40	125	78	4	1	372	44	160	9e-12	53.9
scaffold965088	OTU_0232	36.73	98	49	4	355	98	176	272	2e-11	54.7
scaffold965528	OTU_0012	31.65	158	81	5	125	520	18	174	4e-13	58.5
scaffold966023	OTU_0012	47.69	65	33	1	168	362	131	194	2e-13	59.3
scaffold966185	OTU_0255	31.65	139	80	5	103	510	1	127	6e-11	52.4
scaffold968800	OTU_0044	34.68	173	76	1	2	409	132	304	9e-25	92.8
scaffold969543	OTU_0274	39.29	196	86	4	27	518	1	195	8e-31	  108
scaffold971354	OTU_0141	37.08	178	78	5	435	4	124	301	1e-26	98.2
scaffold971755	OTU_0257	67.57	37	12	0	519	409	75	111	5e-14	60.1
scaffold973761	OTU_0211	30.57	157	85	4	477	28	89	228	8e-13	58.9
scaffold977169	OTU_0233	35.98	164	65	3	500	129	153	316	3e-25	94.4
scaffold985834	OTU_0096	43.10	58	33	0	353	180	114	171	8e-11	52.0
scaffold987880	OTU_0298	55.17	58	26	0	15	188	256	313	1e-17	72.4
scaffold989934	OTU_0253	45.10	51	28	0	493	341	100	150	2e-11	53.1
scaffold993519	OTU_0281	53.03	66	27	1	17	214	28	89	3e-18	71.2
scaffold994899	OTU_0042	34.07	182	85	3	1	441	120	301	4e-23	88.2
scaffold998120	OTU_0236	35.77	137	75	5	23	430	59	183	5e-13	59.7
scaffold998939	OTU_0042	37.64	178	69	7	38	448	125	301	1e-21	83.6
scaffold1000210	OTU_0306	40.91	132	74	3	478	89	38	167	4e-21	80.5
scaffold1006067	OTU_0236	27.75	173	90	2	510	97	130	302	6e-17	70.5
scaffold1010566	OTU_0155	29.53	193	95	6	477	4	97	283	3e-18	74.3
scaffold1016734	OTU_0269	32.34	201	91	9	12	506	4	195	2e-17	71.2
scaffold1017787	OTU_0233	37.50	96	52	2	418	134	92	180	9e-12	55.8
scaffold1018317	OTU_0155	33.08	133	75	4	38	433	60	179	7e-13	58.9
scaffold1018416	OTU_0150	31.05	190	79	7	496	44	38	214	5e-14	61.2
scaffold1021068	OTU_0254	97.78	90	2	0	236	505	1	90	2e-48	  153
scaffold1022798	OTU_0305	59.65	57	23	0	475	305	117	173	2e-20	79.0
scaffold1024231	OTU_0265	68.63	51	16	0	469	317	133	183	8e-20	77.4
scaffold1024335	OTU_0176	29.78	178	89	6	59	493	37	211	4e-12	55.8
scaffold1027148	OTU_0265	60.47	43	17	0	219	91	132	174	2e-12	56.2
scaffold1027257	OTU_0203	52.31	65	31	0	393	199	96	160	3e-18	72.4
scaffold1027607	OTU_0265	64.10	39	14	0	504	388	137	175	2e-11	53.5
scaffold1029428	OTU_0203	54.90	51	23	0	27	179	102	152	3e-17	69.7
scaffold1030009	OTU_0315	82.28	79	14	0	500	264	42	120	5e-46	  144
scaffold1030991	OTU_0311	35.71	70	44	1	257	466	25	93	2e-11	52.4
scaffold1033738	OTU_0176	42.68	82	33	3	352	149	128	209	2e-12	56.6
scaffold1036967	OTU_0197	62.26	53	18	1	185	337	123	175	2e-17	70.9
scaffold1038203	OTU_0235	34.76	164	85	6	9	488	21	166	1e-11	54.7
scaffold1039527	OTU_0265	55.81	43	19	0	374	246	133	175	3e-11	53.1
scaffold1039688	OTU_0140	29.01	162	76	5	378	1	119	277	5e-12	56.6
scaffold1040752	OTU_0012	41.49	94	43	3	440	186	107	197	5e-15	63.5
scaffold1041512	OTU_0030	33.67	196	86	7	25	501	99	287	7e-17	70.5
scaffold1041618	OTU_0235	39.38	160	92	4	29	499	10	167	6e-24	89.4
scaffold1041913	OTU_0140	50.00	74	36	1	75	293	228	301	5e-20	79.0
scaffold1043543	OTU_0150	31.67	180	84	6	60	500	12	185	3e-11	53.1
scaffold1048341	OTU_0155	54.10	61	26	1	381	199	242	300	2e-13	60.5
scaffold1050662	OTU_0014	36.25	160	100	2	13	489	9	167	4e-19	76.3
scaffold1050942	OTU_0111	37.17	113	49	4	166	471	77	178	5e-12	56.2
scaffold1051590	OTU_0245	34.75	118	68	4	461	114	89	199	8e-12	55.8
scaffold1052491	OTU_0192	34.78	92	53	3	36	305	3	89	1e-12	55.8
scaffold1053811	OTU_0281	55.77	52	22	1	106	258	37	88	9e-13	55.8
scaffold1056970	OTU_0351	60.94	64	25	0	460	269	141	204	7e-23	86.3
scaffold1059268	OTU_0010	37.80	164	96	3	495	13	23	183	1e-21	83.6
scaffold1060777	OTU_0005	60.00	40	16	0	496	377	80	119	9e-11	50.4
scaffold1060952	OTU_0044	54.10	61	23	1	45	212	244	304	1e-13	60.8
scaffold1062682	OTU_0101	39.68	189	76	5	41	493	128	316	9e-23	86.7
scaffold1065458	OTU_0124	49.06	53	26	1	274	432	99	150	2e-11	53.1
scaffold1067525	OTU_0006	32.65	98	63	2	365	78	217	313	2e-11	55.1
scaffold1067801	OTU_0265	39.76	83	45	1	116	349	90	172	3e-12	55.5
scaffold1069027	OTU_0305	63.93	61	21	1	70	249	113	173	2e-22	84.0
scaffold1071101	OTU_0226	29.13	127	77	4	118	492	56	171	2e-11	55.1
scaffold1072428	OTU_0204	95.83	120	5	0	493	134	190	309	1e-81	  241
scaffold1076806	OTU_0351	31.68	202	91	5	4	486	6	201	4e-20	78.6
scaffold1078592	OTU_0157	35.22	159	62	3	485	132	157	315	1e-21	83.6
scaffold1078818	OTU_0328	41.77	79	31	3	113	316	149	223	2e-12	57.0
scaffold1080512	OTU_0105	36.56	93	45	2	264	28	65	157	7e-11	52.8
scaffold1084353	OTU_0229	43.21	81	39	3	268	26	1	74	9e-13	57.4
scaffold1085442	OTU_0341	52.70	74	31	1	8	229	245	314	8e-20	78.2
scaffold1085646	OTU_0155	32.39	176	84	5	425	3	121	296	5e-22	84.7
scaffold1085677	OTU_0331	59.26	81	33	0	247	489	138	218	3e-30	  107
scaffold1086684	OTU_0096	34.04	94	60	2	5	283	82	174	7e-11	51.6
scaffold1087203	OTU_0140	48.96	96	43	1	490	221	216	311	4e-22	84.7
scaffold1091828	OTU_0272	31.49	181	88	6	441	7	115	295	2e-15	66.2
scaffold1095333	OTU_0351	32.65	196	90	6	482	3	2	191	2e-18	73.2
scaffold1095334	OTU_0351	32.65	196	90	7	482	3	2	191	5e-18	72.4
scaffold1095706	OTU_0262	51.79	56	25	1	464	297	143	196	7e-12	54.7
scaffold1095824	OTU_0107	56.67	60	26	0	488	309	254	313	1e-17	72.4
scaffold1102318	OTU_0203	76.74	43	10	0	203	75	110	152	1e-20	79.0
scaffold1103794	OTU_0026	37.43	171	64	5	1	390	29	197	3e-22	84.3
scaffold1104837	OTU_0044	55.77	52	23	0	485	330	253	304	1e-13	60.8
scaffold1105462	OTU_0226	34.30	172	74	3	3	401	140	311	4e-22	84.7
scaffold1106475	OTU_0203	54.84	62	28	0	451	266	94	155	7e-21	79.7
scaffold1108812	OTU_0150	34.44	180	81	5	16	444	35	214	9e-24	88.6
scaffold1111377	OTU_0319	32.73	110	61	3	102	431	32	128	4e-12	56.2
scaffold1114205	OTU_0300	37.31	67	40	2	327	130	166	231	5e-11	53.1
scaffold1117161	OTU_0265	72.09	43	12	0	117	245	136	178	7e-18	71.6
scaffold1119484	OTU_0029	59.18	49	20	0	480	334	135	183	4e-15	63.9
scaffold1122258	OTU_0311	45.71	70	36	2	100	306	30	98	5e-11	50.8
scaffold1122356	OTU_0175	32.12	165	71	2	4	375	152	316	2e-23	88.6
scaffold1123954	OTU_0294	29.78	178	82	6	425	3	129	300	1e-11	55.5
scaffold1126443	OTU_0235	36.02	161	92	4	4	459	41	199	2e-20	79.3
scaffold1126705	OTU_0203	57.14	56	24	0	8	175	97	152	9e-18	70.9
scaffold1134371	OTU_0241	31.82	176	84	7	459	28	80	251	4e-12	56.6
scaffold1136141	OTU_0159	36.78	87	53	2	180	440	25	109	4e-14	60.8
scaffold1137779	OTU_0233	37.30	185	76	5	441	1	120	302	6e-28	  101
scaffold1139513	OTU_0021	41.43	70	39	2	389	183	195	263	6e-11	52.8
scaffold1141671	OTU_0305	63.41	41	15	0	477	355	133	173	4e-16	66.6
scaffold1142360	OTU_0181	62.30	61	18	1	244	77	50	110	1e-20	79.3
scaffold1142798	OTU_0121	56.90	58	25	0	282	109	244	301	3e-18	73.9
scaffold1147050	OTU_0023	58.33	72	30	0	69	284	246	317	3e-19	76.6
scaffold1147067	OTU_0229	34.74	95	55	3	416	135	2	90	9e-11	52.0
scaffold1147216	OTU_0096	38.14	97	47	5	113	367	77	172	7e-11	51.6
scaffold1150348	OTU_0200	36.56	186	81	4	27	473	119	304	3e-29	  104
scaffold1153223	OTU_0183	37.50	96	58	2	193	474	10	105	2e-11	54.3
scaffold1154679	OTU_0122	42.70	89	44	2	458	201	20	104	4e-15	63.5
scaffold1155354	OTU_0318	35.16	91	53	1	391	119	222	306	2e-13	60.5
scaffold1158667	OTU_0155	40.68	177	69	8	428	3	98	273	2e-25	94.0
scaffold1160950	OTU_0249	33.33	180	92	3	1	459	27	205	3e-20	79.3
scaffold1161373	OTU_0006	37.78	90	52	3	405	145	217	305	4e-13	59.7
scaffold1161532	OTU_0317	28.02	182	101	5	1	471	111	287	1e-12	58.2
scaffold1168109	OTU_0058	78.95	38	8	0	1	114	264	301	9e-16	67.0
scaffold1173061	OTU_0227	38.42	190	81	5	4	468	96	284	3e-27	99.0
scaffold1173697	OTU_0229	41.86	86	44	2	256	2	6	86	4e-12	55.5
scaffold1177595	OTU_0310	54.76	42	19	0	18	143	105	146	8e-12	53.9
scaffold1181025	OTU_0275	41.11	90	46	2	418	149	55	137	8e-17	68.2
scaffold1188479	OTU_0085	36.70	109	65	3	326	9	5	112	3e-14	60.8
scaffold1191190	OTU_0140	38.50	187	76	4	449	3	116	301	2e-27	99.8
scaffold1194179	OTU_0203	58.33	60	24	1	28	207	97	155	6e-20	77.0
scaffold1194672	OTU_0157	33.93	168	73	4	390	1	123	290	1e-20	80.5
scaffold1198115	OTU_0012	44.05	84	36	1	156	374	108	191	2e-17	70.5
scaffold1200177	OTU_0207	36.73	147	86	4	463	35	7	150	4e-19	75.5
scaffold1201250	OTU_0203	70.73	41	12	0	457	335	112	152	8e-17	68.2
scaffold1214221	OTU_0059	47.54	61	32	0	246	428	64	124	5e-12	55.8
scaffold1217753	OTU_0176	29.41	187	88	7	5	460	35	212	4e-14	61.2
scaffold1219769	OTU_0026	38.79	165	66	5	1	390	33	197	6e-25	91.3
scaffold1221349	OTU_0235	38.52	122	70	4	102	458	10	129	2e-12	56.2
scaffold1221507	OTU_0328	30.41	171	94	6	449	6	50	218	2e-13	59.3
scaffold1224144	OTU_0238	37.85	177	75	3	458	33	28	204	3e-31	  108
scaffold1226314	OTU_0341	47.52	101	42	2	11	286	216	314	6e-24	89.7
scaffold1226315	OTU_0341	47.52	101	42	2	11	286	216	314	5e-24	89.7
scaffold1226338	OTU_0085	35.87	92	56	2	172	438	5	96	5e-11	51.2
scaffold1227361	OTU_0305	50.57	87	34	3	399	166	89	175	2e-20	79.0
scaffold1235166	OTU_0059	30.94	181	86	9	449	21	66	245	2e-13	59.7
scaffold1235999	OTU_0032	52.73	55	25	1	436	275	238	292	6e-13	58.9
scaffold1241347	OTU_0196	43.75	64	35	1	306	115	238	300	3e-11	53.9
scaffold1241692	OTU_0341	36.69	169	69	7	61	456	122	289	4e-20	79.0
scaffold1243755	OTU_0016	34.73	167	74	5	397	2	80	246	7e-20	77.8
scaffold1246646	OTU_0175	33.33	84	45	1	427	209	218	301	8e-12	55.5
scaffold1247385	OTU_0265	58.82	51	18	1	451	308	138	188	2e-14	61.2
scaffold1250981	OTU_0234	33.78	148	86	4	455	12	41	176	8e-12	55.5
scaffold1251984	OTU_0305	34.59	159	68	4	7	378	17	174	6e-21	79.7
scaffold1253932	OTU_0305	68.57	35	11	0	2	106	137	171	5e-12	54.3
scaffold1257767	OTU_0262	48.28	58	28	1	280	107	141	196	3e-11	52.8
scaffold1261438	OTU_0260	32.00	175	79	3	1	405	36	210	4e-20	78.2
scaffold1266822	OTU_0203	57.14	56	24	0	253	86	97	152	3e-20	77.8
scaffold1267249	OTU_0203	63.04	46	17	0	452	315	110	155	9e-17	68.2
scaffold1268032	OTU_0183	37.04	135	81	3	425	27	34	166	1e-19	77.4
scaffold1269569	OTU_0282	53.70	54	24	1	220	381	139	191	8e-13	57.0
scaffold1272639	OTU_0242	44.44	72	38	2	234	446	93	163	5e-11	53.1
scaffold1274153	OTU_0235	40.78	103	50	3	388	83	96	188	4e-14	60.8
scaffold1281386	OTU_0203	37.86	103	60	2	22	330	54	152	7e-16	65.5
scaffold1283047	OTU_0076	50.91	55	24	1	441	286	257	311	5e-12	56.2
scaffold1285545	OTU_0155	35.86	145	91	2	436	5	1	144	1e-24	91.3
scaffold1285670	OTU_0284	32.98	188	78	8	8	445	119	300	9e-11	52.4
scaffold1288274	OTU_0132	44.12	102	42	4	411	121	214	305	2e-17	71.2
scaffold1288640	OTU_0163	39.04	146	63	3	13	372	7	152	4e-22	82.4
scaffold1289136	OTU_0265	53.33	45	21	0	280	146	131	175	3e-11	52.4
scaffold1290440	OTU_0233	38.54	96	51	2	5	289	92	180	3e-11	53.9
scaffold1292873	OTU_0176	39.49	157	60	5	369	4	39	195	5e-22	83.6
scaffold1295166	OTU_0183	33.59	128	66	6	363	10	14	132	2e-11	54.3
scaffold1296805	OTU_0115	47.22	72	38	0	389	174	108	179	5e-18	71.6
scaffold1297780	OTU_0121	35.44	158	62	4	93	446	125	282	9e-13	58.2
scaffold1299448	OTU_0218	49.18	61	31	0	64	246	239	299	2e-13	60.1
scaffold1303912	OTU_0003	58.93	56	23	0	1	168	258	313	2e-18	73.9
scaffold1307033	OTU_0161	44.44	63	31	2	25	210	122	181	1e-11	53.9
scaffold1307499	OTU_0303	44.93	69	37	1	53	259	243	310	7e-12	55.8
scaffold1308762	OTU_0026	49.25	67	34	0	330	130	120	186	2e-18	73.2
scaffold1309384	OTU_0111	30.39	181	84	5	2	436	95	269	2e-15	65.1
scaffold1309618	OTU_0125	46.25	80	42	1	349	110	180	258	1e-13	60.1
scaffold1311152	OTU_0313	42.19	64	35	1	361	176	207	270	8e-11	52.4
scaffold1312633	OTU_0347	37.18	78	48	1	200	430	7	84	5e-11	51.2
scaffold1315067	OTU_0249	68.32	101	32	0	443	141	187	287	1e-39	  131
scaffold1316340	OTU_0059	37.43	179	77	4	441	10	70	248	3e-26	95.5
scaffold1323228	OTU_0067	33.56	146	91	5	428	3	14	157	2e-15	65.9
scaffold1323270	OTU_0124	41.67	84	35	4	91	303	68	150	1e-11	53.1
scaffold1330751	OTU_0229	32.20	177	82	5	13	435	26	200	2e-13	58.9
scaffold1332841	OTU_0165	38.19	144	85	4	425	3	14	156	1e-20	79.0
scaffold1334833	OTU_0175	32.14	84	46	1	39	257	218	301	1e-10	52.4
scaffold1336008	OTU_0260	40.96	83	42	2	80	325	16	92	2e-11	53.5
scaffold1337741	OTU_0299	48.48	99	41	2	360	94	67	165	1e-23	86.7
scaffold1342927	OTU_0085	34.72	72	46	1	214	2	4	75	9e-11	50.4
scaffold1343213	OTU_0284	67.39	46	15	0	323	186	255	300	2e-14	62.8
scaffold1345709	OTU_0115	60.00	45	18	0	429	295	130	174	2e-13	58.5
scaffold1348251	OTU_0253	46.23	106	47	2	13	312	50	151	6e-26	92.8
scaffold1348394	OTU_0303	32.77	177	79	5	3	419	127	301	3e-14	62.4
scaffold1353555	OTU_0021	37.22	180	77	8	435	1	72	250	1e-25	93.6
scaffold1359246	OTU_0203	57.14	63	27	0	261	73	93	155	3e-22	83.2
scaffold1359911	OTU_0021	45.16	62	33	1	388	203	193	253	2e-14	62.0
scaffold1362612	OTU_0317	26.79	168	85	2	41	433	97	263	2e-14	62.8
scaffold1367306	OTU_0155	35.40	113	62	4	424	89	63	165	1e-13	60.8
scaffold1367923	OTU_0107	38.60	171	73	5	422	6	124	294	3e-25	93.2
scaffold1371683	OTU_0155	33.54	158	70	6	371	3	121	278	4e-16	67.4
scaffold1372600	OTU_0133	33.33	87	53	2	109	369	64	145	8e-11	50.4
scaffold1375955	OTU_0051	35.77	123	77	2	372	7	1	122	2e-15	65.5
scaffold1376624	OTU_0148	31.21	141	92	4	17	430	14	152	4e-16	66.2
scaffold1377826	OTU_0203	62.75	51	19	0	176	328	102	152	5e-19	74.3
scaffold1379357	OTU_0233	34.86	175	74	7	410	3	114	287	7e-15	64.3
scaffold1380882	OTU_0084	56.90	58	25	0	429	256	114	171	8e-17	68.2
scaffold1381106	OTU_0105	34.05	185	76	6	426	1	27	208	3e-20	78.6
scaffold1382441	OTU_0238	40.62	96	42	2	365	123	107	202	5e-15	63.2
scaffold1384948	OTU_0303	34.09	176	81	6	3	425	126	301	4e-20	78.6
scaffold1384950	OTU_0067	35.77	123	75	3	427	65	44	164	1e-19	77.4
scaffold1386608	OTU_0197	60.00	55	22	0	410	246	121	175	1e-20	79.0
scaffold1387665	OTU_0203	67.44	43	14	0	1	129	113	155	6e-18	71.2
scaffold1389752	OTU_0203	49.06	53	27	0	72	230	97	149	3e-14	60.5
scaffold1392761	OTU_0225	30.23	129	69	3	38	397	95	211	1e-11	54.7
scaffold1394672	OTU_0127	58.33	48	18	2	3	146	135	180	9e-11	50.8
scaffold1396704	OTU_0292	37.40	131	77	4	389	6	7	135	2e-18	72.4
scaffold1397454	OTU_0335	63.24	68	25	0	345	142	236	303	5e-23	86.7
scaffold1397963	OTU_0218	37.14	105	66	0	359	45	198	302	1e-17	71.6
scaffold1398733	OTU_0021	40.59	101	47	2	19	291	167	264	9e-19	74.3
scaffold1399868	OTU_0007	99.20	125	1	0	53	427	1	125	1e-74	  218
scaffold1400801	OTU_0315	55.81	43	19	0	417	289	39	81	1e-12	55.8
scaffold1406468	OTU_0005	66.67	51	17	0	428	276	69	119	7e-19	72.8
scaffold1409418	OTU_0325	44.34	106	45	3	92	379	116	217	3e-21	80.9
scaffold1411451	OTU_0045	81.45	124	23	0	30	401	1	124	1e-67	  204
scaffold1412570	OTU_0124	38.46	104	50	5	281	9	48	150	2e-11	52.4
scaffold1416892	OTU_0015	31.46	178	80	5	15	425	96	272	8e-16	66.6
scaffold1418974	OTU_0196	45.16	62	33	1	260	75	240	300	3e-11	53.9
scaffold1423650	OTU_0197	51.61	62	30	0	260	75	114	175	3e-17	69.3
scaffold1426128	OTU_0067	45.78	83	43	2	329	81	90	170	4e-14	62.0
scaffold1427480	OTU_0140	63.04	46	17	0	423	286	256	301	3e-16	67.8
scaffold1429924	OTU_0292	48.33	60	30	1	54	233	103	161	2e-12	55.1
scaffold1431074	OTU_0121	59.32	59	24	0	145	321	243	301	1e-17	71.6
scaffold1434229	OTU_0141	36.78	87	48	2	304	50	75	156	8e-12	55.5
scaffold1437494	OTU_0260	38.37	86	42	1	415	158	5	79	5e-12	55.1
scaffold1444248	OTU_0107	50.85	59	26	1	373	197	232	287	4e-13	58.9
scaffold1453611	OTU_0341	52.53	99	36	3	419	150	218	314	7e-26	94.7
scaffold1454852	OTU_0247	80.00	50	10	0	369	220	9	58	2e-38	90.5
scaffold1454852	OTU_0247	76.00	75	15	1	226	2	57	128	2e-38	79.0
scaffold1459031	OTU_0249	71.94	139	39	0	3	419	118	256	6e-67	  202
scaffold1460641	OTU_0135	35.00	100	62	3	296	3	54	152	5e-12	53.9
scaffold1461317	OTU_0248	76.19	42	10	0	267	392	256	297	1e-24	70.9
scaffold1461317	OTU_0248	70.37	54	16	0	109	270	203	256	1e-24	52.0
scaffold1461707	OTU_0059	41.56	77	39	1	305	75	41	111	2e-11	53.9
scaffold1464243	OTU_0232	53.06	49	23	0	367	221	231	279	5e-14	61.2
scaffold1466071	OTU_0173	34.71	121	73	4	59	415	22	138	3e-15	65.1
scaffold1468327	OTU_0105	34.66	176	69	3	396	1	60	233	1e-26	96.7
scaffold1470632	OTU_0305	62.90	62	21	2	54	236	113	173	6e-20	76.6
scaffold1471349	OTU_0305	54.72	53	24	0	317	159	119	171	3e-15	63.5
scaffold1472171	OTU_0320	37.14	175	73	2	4	417	131	305	2e-29	  104
scaffold1473213	OTU_0128	38.27	81	45	2	25	252	217	297	2e-11	54.3
scaffold1476679	OTU_0305	64.62	65	21	2	304	113	113	176	7e-21	79.3
scaffold1477599	OTU_0021	52.83	53	24	1	138	296	197	248	5e-13	58.2
scaffold1478271	OTU_0155	33.08	130	86	1	4	393	46	174	3e-19	75.9
scaffold1478692	OTU_0012	43.75	64	35	1	9	200	141	203	4e-13	57.4
scaffold1482449	OTU_0233	36.27	102	57	2	54	356	92	186	1e-12	57.4
scaffold1482515	OTU_0157	37.21	86	51	2	163	411	5	90	4e-11	53.1
scaffold1482882	OTU_0021	41.54	65	37	1	8	199	200	264	3e-11	53.1
scaffold1483817	OTU_0218	50.00	68	32	1	143	340	230	297	6e-14	61.6
scaffold1485283	OTU_0181	44.26	61	33	1	143	322	94	154	2e-11	52.4
scaffold1486098	OTU_0344	72.84	81	22	0	173	415	2	82	2e-38	  129
scaffold1491248	OTU_0305	55.38	65	29	0	366	172	110	174	1e-21	81.3
scaffold1493108	OTU_0203	41.54	65	32	1	373	197	89	153	1e-14	62.0
scaffold1493311	OTU_0079	29.81	161	80	4	388	2	126	285	6e-11	52.8
scaffold1495513	OTU_0311	40.62	64	35	1	11	202	35	95	4e-11	50.8
scaffold1496148	OTU_0275	47.67	86	36	1	19	276	62	138	6e-22	81.6
scaffold1496174	OTU_0076	37.13	167	64	5	17	412	124	284	7e-21	80.5
scaffold1497230	OTU_0217	30.94	139	85	5	408	10	180	313	5e-13	58.9
scaffold1498692	OTU_0140	43.43	99	56	0	2	298	213	311	9e-23	85.9
scaffold1501894	OTU_0351	55.17	58	26	0	164	337	147	204	2e-17	70.1
scaffold1507042	OTU_0120	33.64	110	59	2	60	386	7	103	8e-12	53.1
scaffold1513730	OTU_0115	37.13	167	65	4	381	1	5	171	3e-25	91.3
scaffold1514828	OTU_0101	68.42	95	30	0	120	404	1	95	3e-42	  139
scaffold1515116	OTU_0305	59.09	66	26	1	200	6	110	175	3e-21	80.1
scaffold1516666	OTU_0173	43.24	111	52	2	340	41	205	315	1e-20	80.1
scaffold1517075	OTU_0257	54.69	64	29	0	286	95	45	108	2e-17	68.6
scaffold1520420	OTU_0155	33.58	137	87	3	1	405	10	144	7e-20	77.8
scaffold1524555	OTU_0043	43.75	48	22	1	244	101	1	43	5e-13	42.7
scaffold1524555	OTU_0043	57.14	28	12	0	114	31	39	66	5e-13	40.8
scaffold1525894	OTU_0305	77.50	40	9	0	1	120	134	173	2e-16	66.6
scaffold1528138	OTU_0179	50.00	64	32	0	344	153	223	286	1e-17	71.6
scaffold1529354	OTU_0312	40.32	62	37	0	223	38	242	303	4e-11	53.1
scaffold1531674	OTU_0116	48.05	77	40	0	325	95	238	314	9e-21	80.1
scaffold1532720	OTU_0121	62.50	56	21	0	142	309	244	299	3e-18	73.2
scaffold1533467	OTU_0133	42.86	77	42	2	40	270	73	147	7e-12	53.5
scaffold1538775	OTU_0191	33.33	135	74	3	5	406	50	169	5e-11	52.4
scaffold1541633	OTU_0105	47.32	112	55	3	395	66	5	114	3e-20	78.6
scaffold1544432	OTU_0176	37.78	90	52	1	405	136	5	90	4e-17	68.9
scaffold1545609	OTU_0325	30.91	165	70	6	19	405	21	177	2e-13	58.5
scaffold1550696	OTU_0029	31.48	108	57	3	406	83	82	172	4e-12	54.3
scaffold1561499	OTU_0054	32.04	103	68	2	305	3	7	109	7e-12	54.3
scaffold1564697	OTU_0191	35.79	95	58	3	283	5	10	103	6e-12	55.1
scaffold1565510	OTU_0043	55.10	49	22	0	404	258	256	304	7e-15	63.9
scaffold1567167	OTU_0152	32.95	88	54	2	4	255	179	265	2e-11	53.9
scaffold1569862	OTU_0260	31.58	171	79	3	404	3	7	176	1e-15	65.1
scaffold1571484	OTU_0305	65.12	43	15	0	1	129	129	171	1e-14	61.6
scaffold1576632	OTU_0341	48.86	88	35	2	398	162	228	314	3e-21	81.3
scaffold1581355	OTU_0176	53.03	66	31	0	108	305	150	215	3e-18	72.4
scaffold1590313	OTU_0265	76.47	34	8	0	1	102	142	175	3e-13	57.8
scaffold1591206	OTU_0305	60.42	48	19	0	74	217	125	172	6e-15	62.4
scaffold1596456	OTU_0203	56.36	55	24	0	44	208	98	152	3e-17	68.9
scaffold1597507	OTU_0344	31.58	114	76	2	60	398	16	128	8e-14	60.8
scaffold1598123	OTU_0115	38.18	165	53	4	397	32	26	184	4e-25	90.9
scaffold1598360	OTU_0225	29.34	167	73	4	13	396	128	288	9e-11	52.0
scaffold1601444	OTU_0043	46.46	99	46	1	35	310	217	315	7e-26	94.7
scaffold1603593	OTU_0047	43.24	74	42	0	235	14	1	74	1e-15	64.3
scaffold1604095	OTU_0048	28.98	176	73	5	398	3	100	267	7e-14	61.2
scaffold1605995	OTU_0283	33.85	130	79	4	2	379	20	146	1e-15	65.9
scaffold1606153	OTU_0351	32.39	176	71	4	1	399	5	175	6e-18	71.2
scaffold1606706	OTU_0157	34.12	170	73	4	394	2	123	292	2e-17	70.9
scaffold1612569	OTU_0233	39.58	96	50	2	347	63	92	180	4e-12	56.2
scaffold1614765	OTU_0015	49.28	69	35	0	208	2	5	73	2e-17	70.5
scaffold1614919	OTU_0021	49.35	77	39	0	47	277	188	264	3e-21	81.3
scaffold1615625	OTU_0143	74.51	51	13	0	244	396	18	68	3e-20	78.2
scaffold1618979	OTU_0203	38.89	90	47	1	5	274	69	150	7e-16	65.1
scaffold1620452	OTU_0281	54.55	55	24	1	302	141	34	88	1e-13	57.8
scaffold1621526	OTU_0140	47.76	67	35	0	234	34	235	301	2e-16	68.2
scaffold1626704	OTU_0110	56.16	73	32	0	357	139	137	209	4e-22	83.2
scaffold1627995	OTU_0155	28.48	165	82	3	2	388	124	288	1e-17	71.6
scaffold1628015	OTU_0335	44.07	118	55	3	55	378	197	313	4e-23	86.7
scaffold1628301	OTU_0265	54.35	46	21	0	323	186	130	175	7e-11	51.2
scaffold1628353	OTU_0305	66.15	65	20	2	348	157	113	176	1e-20	78.2
scaffold1634913	OTU_0150	36.08	97	51	3	35	322	5	91	3e-13	58.2
scaffold1638195	OTU_0140	64.71	51	18	0	3	155	251	301	2e-20	79.0
scaffold1645697	OTU_0339	59.32	59	24	0	305	129	243	301	2e-18	73.6
scaffold1647026	OTU_0208	38.82	85	39	3	279	64	217	301	9e-14	60.8
scaffold1652507	OTU_0203	42.71	96	44	2	387	130	61	155	3e-22	82.4
scaffold1653602	OTU_0171	34.71	121	66	3	12	338	181	300	5e-13	58.5
scaffold1657846	OTU_0284	71.01	69	18	1	185	391	1	67	9e-31	  107
scaffold1658554	OTU_0335	29.70	165	81	5	3	392	130	294	8e-11	52.0
scaffold1660115	OTU_0151	43.33	90	50	1	21	290	87	175	3e-17	70.5
scaffold1660133	OTU_0025	50.51	99	45	2	68	364	222	316	3e-16	67.4
scaffold1660999	OTU_0322	79.37	63	13	0	392	204	250	312	1e-29	  105
scaffold1661105	OTU_0249	34.97	163	68	4	386	12	112	274	7e-19	74.3
scaffold1662490	OTU_0339	32.52	163	72	1	1	375	139	301	7e-22	83.2
scaffold1664058	OTU_0245	38.76	129	71	3	389	15	41	165	9e-20	77.0
scaffold1664060	OTU_0155	36.80	125	78	1	389	15	42	165	4e-22	84.0
scaffold1672223	OTU_0133	37.33	75	46	1	60	284	82	155	7e-12	53.5
scaffold1673775	OTU_0162	46.00	50	26	1	343	197	253	302	8e-11	52.0
scaffold1676897	OTU_0155	26.97	152	76	4	353	3	121	272	7e-11	52.4
scaffold1677741	OTU_0121	56.90	58	25	0	39	212	244	301	1e-17	71.2
scaffold1682217	OTU_0150	38.10	84	48	3	16	261	11	92	4e-11	52.0
scaffold1685172	OTU_0305	64.91	57	20	0	19	189	117	173	7e-22	81.6
scaffold1685472	OTU_0265	59.52	42	17	0	358	233	131	172	1e-11	52.8
scaffold1685522	OTU_0140	54.39	57	26	0	382	212	255	311	1e-17	71.2
scaffold1686252	OTU_0183	35.59	118	70	4	350	9	33	148	2e-15	65.1
scaffold1696614	OTU_0121	56.90	58	25	0	359	186	244	301	9e-18	71.6
scaffold1701204	OTU_0217	35.48	124	76	3	20	385	57	178	1e-16	68.6
scaffold1708565	OTU_0071	31.29	147	60	5	53	382	126	268	2e-12	56.6
scaffold1709115	OTU_0317	59.62	52	21	0	10	165	263	314	2e-15	65.5
scaffold1711031	OTU_0173	42.86	70	38	2	210	1	235	302	1e-11	54.7
scaffold1711304	OTU_0265	58.62	58	20	1	58	231	130	183	1e-16	67.0
scaffold1711977	OTU_0197	54.76	42	19	0	154	29	131	172	9e-11	50.4
scaffold1713412	OTU_0043	34.76	164	68	4	378	1	138	300	9e-24	88.6
scaffold1713413	OTU_0043	34.76	164	68	4	378	1	138	300	7e-24	88.6
scaffold1719628	OTU_0351	29.19	161	78	3	10	384	23	183	5e-14	60.1
scaffold1719859	OTU_0071	39.34	122	73	1	2	367	57	177	1e-20	79.3
scaffold1725658	OTU_0265	40.70	86	40	2	332	99	90	172	2e-12	55.1
scaffold1727140	OTU_0073	56.14	57	25	0	6	176	228	284	2e-17	70.1
scaffold1728147	OTU_0203	66.67	51	17	0	376	224	102	152	1e-19	75.5
scaffold1728852	OTU_0115	100.00	42	0	0	2	127	7	48	2e-22	83.2
scaffold1728852	OTU_0115	97.06	34	1	0	127	228	152	185	4e-17	68.6
scaffold1731835	OTU_0018	38.24	68	40	1	151	354	123	188	1e-11	52.8
scaffold1733040	OTU_0298	56.25	48	21	0	383	240	266	313	7e-13	58.2
scaffold1736168	OTU_0232	37.93	116	49	5	72	377	155	261	7e-11	52.0
scaffold1736409	OTU_0335	38.39	112	64	4	374	51	5	115	2e-13	59.7
scaffold1737055	OTU_0203	55.32	47	21	0	143	3	98	144	1e-13	58.5
scaffold1737291	OTU_0341	55.07	69	31	0	355	149	246	314	2e-19	75.9
scaffold1740589	OTU_0059	50.00	54	26	1	357	196	62	114	5e-11	52.4
scaffold1745069	OTU_0305	27.95	161	71	5	368	3	13	167	9e-14	58.9
scaffold1745271	OTU_0048	45.31	64	34	1	61	252	242	304	6e-12	55.5
scaffold1745449	OTU_0341	32.65	98	65	1	311	18	217	313	8e-12	55.1
scaffold1751343	OTU_0192	38.46	65	39	1	352	161	43	107	8e-12	52.8
scaffold1756201	OTU_0030	49.40	83	37	1	327	94	220	302	2e-22	84.3
scaffold1766451	OTU_0277	39.71	68	40	1	106	309	87	153	6e-11	50.4
scaffold1768333	OTU_0051	31.40	121	81	2	9	368	21	140	8e-11	52.0
scaffold1769961	OTU_0021	45.76	59	31	1	34	207	193	251	4e-13	58.2
scaffold1773181	OTU_0191	33.33	105	69	1	66	377	1	105	1e-11	53.9
scaffold1779476	OTU_0265	73.17	41	11	0	228	350	135	175	3e-16	66.2
scaffold1781173	OTU_0115	62.26	53	18	1	261	109	119	171	7e-17	68.2
scaffold1782137	OTU_0006	55.56	54	23	1	4	165	251	303	1e-13	60.5
scaffold1782210	OTU_0084	38.22	157	56	3	356	3	17	171	8e-25	89.4
scaffold1783476	OTU_0341	39.47	76	41	2	18	245	243	313	8e-11	52.0
scaffold1787194	OTU_0232	54.76	42	19	0	7	132	225	266	2e-11	53.1
scaffold1788766	OTU_0225	32.00	125	83	2	375	4	9	132	3e-15	64.7
scaffold1793185	OTU_0175	29.58	142	67	5	42	371	163	303	7e-11	52.0
scaffold1805390	OTU_0043	41.25	80	40	2	243	25	221	300	4e-12	55.8
scaffold1806880	OTU_0314	61.29	62	24	0	7	192	255	316	6e-18	72.0
scaffold1808380	OTU_0012	42.86	56	31	1	166	333	137	191	2e-11	52.8
scaffold1820289	OTU_0031	37.11	159	63	5	366	1	134	292	4e-19	75.5
scaffold1823725	OTU_0043	39.09	110	51	3	10	312	213	315	6e-20	77.4
scaffold1825706	OTU_0339	65.08	63	22	0	372	184	247	309	5e-23	86.3
scaffold1844842	OTU_0183	41.59	113	60	4	38	367	39	148	2e-16	67.8
scaffold1846904	OTU_0217	40.98	122	68	3	1	360	62	181	2e-19	76.3
scaffold1847759	OTU_0260	38.95	95	51	2	356	75	8	96	2e-11	52.8
scaffold1848699	OTU_0351	48.10	79	40	1	351	115	1	78	1e-15	64.7
scaffold1849163	OTU_0031	32.43	148	59	4	49	369	121	268	6e-13	58.2
scaffold1867411	OTU_0233	36.46	96	53	2	352	68	92	180	2e-11	53.9
scaffold1868905	OTU_0265	41.38	58	31	1	277	104	133	187	7e-11	50.8
scaffold1874405	OTU_0292	46.55	58	30	1	194	21	105	161	8e-11	50.1
scaffold1875549	OTU_0260	65.75	73	25	0	128	346	147	219	2e-27	97.4
scaffold1886931	OTU_0105	31.95	169	67	4	364	2	71	239	9e-12	54.3
scaffold1888539	OTU_0006	39.68	63	36	1	138	326	238	298	5e-11	52.8
scaffold1890049	OTU_0217	44.44	99	51	2	357	61	93	187	7e-18	71.6
scaffold1890438	OTU_0341	39.68	63	37	1	128	316	241	302	8e-12	55.1
scaffold1891391	OTU_0129	64.15	53	19	0	110	268	214	266	3e-21	80.9
scaffold1892856	OTU_0267	50.00	60	30	0	67	246	236	295	1e-15	65.5
scaffold1896063	OTU_0305	62.50	40	15	0	7	126	134	173	1e-14	61.6
scaffold1899351	OTU_0315	59.52	42	17	0	354	229	65	106	6e-14	58.5
scaffold1905929	OTU_0281	52.00	50	24	0	51	200	40	89	7e-14	58.2
scaffold1907898	OTU_0265	71.74	46	13	0	4	141	130	175	5e-16	65.5
scaffold1909823	OTU_0203	58.54	41	17	0	37	159	109	149	3e-12	53.9
scaffold1912598	OTU_0012	47.06	68	35	1	359	156	137	203	7e-16	65.1
scaffold1912977	OTU_0218	39.05	105	63	1	315	1	198	301	8e-17	68.9
scaffold1913452	OTU_0003	58.82	51	21	0	217	65	251	301	1e-18	73.9
scaffold1913887	OTU_0121	69.05	42	13	0	352	227	260	301	7e-17	68.9
scaffold1914175	OTU_0305	73.68	38	10	0	1	114	137	174	5e-17	68.2
scaffold1916316	OTU_0140	53.12	64	30	0	46	237	235	298	5e-19	74.7
scaffold1922786	OTU_0341	54.29	70	32	0	360	151	245	314	6e-22	82.8
scaffold1925080	OTU_0226	37.50	120	59	3	347	12	187	298	2e-16	67.8
scaffold1927259	OTU_0249	39.82	113	67	1	349	11	13	124	2e-17	70.1
scaffold1927744	OTU_0042	35.00	140	58	3	42	362	141	280	8e-17	68.9
scaffold1929552	OTU_0212	39.47	114	64	4	5	340	35	145	9e-16	65.9
scaffold1933984	OTU_0165	37.39	115	62	3	3	344	55	160	3e-14	60.1
scaffold1940519	OTU_0124	44.62	65	35	1	144	335	90	154	3e-12	54.3
scaffold1942779	OTU_0043	26.58	158	76	5	359	3	126	282	1e-11	53.9
scaffold1946279	OTU_0140	54.29	70	32	0	328	119	242	311	1e-22	84.7
scaffold1951057	OTU_0150	37.36	91	50	2	34	303	11	95	1e-11	53.5
scaffold1951722	OTU_0305	57.89	57	24	0	348	178	119	175	2e-16	66.2
scaffold1953904	OTU_0133	41.25	80	46	1	61	300	69	147	3e-12	54.3
scaffold1956674	OTU_0249	41.56	77	44	1	2	232	72	147	2e-13	59.3
scaffold1959981	OTU_0151	33.97	156	66	2	359	3	125	280	1e-19	76.3
scaffold1960565	OTU_0305	73.81	42	11	0	37	162	132	173	2e-19	74.7
scaffold1962267	OTU_0265	68.75	48	15	0	1	144	136	183	6e-18	70.5
scaffold1962497	OTU_0165	38.82	85	47	2	358	116	92	175	2e-13	57.4
scaffold1963398	OTU_0274	48.61	72	36	1	357	142	10	80	6e-14	59.7
scaffold1964505	OTU_0173	52.00	50	24	0	236	87	248	297	8e-12	54.7
scaffold1966628	OTU_0133	50.00	78	39	0	117	350	69	146	2e-21	79.7
scaffold1972779	OTU_0163	33.33	126	49	4	82	354	1	126	1e-11	52.4
scaffold1974890	OTU_0161	38.27	81	45	2	28	255	101	181	2e-11	52.4
scaffold1984408	OTU_0235	46.67	90	43	2	2	259	92	180	6e-17	68.2
scaffold1985491	OTU_0305	73.81	42	11	0	292	167	132	173	2e-19	74.7
scaffold1986316	OTU_0282	61.70	47	16	2	355	218	146	191	3e-11	51.6
scaffold1990877	OTU_0229	39.78	93	50	1	322	44	10	96	5e-12	54.3
scaffold1992304	OTU_0317	35.48	155	63	2	354	1	144	298	5e-23	85.9
scaffold1993881	OTU_0111	39.77	88	46	2	290	30	92	173	2e-13	58.9
scaffold1994829	OTU_0029	54.43	79	36	0	337	101	105	183	9e-24	86.7
scaffold1995400	OTU_0326	39.01	141	51	5	37	354	16	156	4e-19	73.6
scaffold1997370	OTU_0084	38.93	149	54	4	16	354	17	164	2e-22	83.2
scaffold1997960	OTU_0155	37.61	117	71	2	1	348	66	181	1e-14	62.8
scaffold2006791	OTU_0026	52.17	69	33	0	1	207	129	197	3e-15	62.8
scaffold2012358	OTU_0013	41.03	117	55	5	343	2	61	166	1e-12	57.4
scaffold2013362	OTU_0265	62.50	40	15	0	6	125	135	174	7e-15	62.0
scaffold2014284	OTU_0305	60.00	40	16	0	299	180	134	173	3e-14	59.7
scaffold2017876	OTU_0124	47.17	53	27	1	4	162	99	150	5e-11	50.8
scaffold2018136	OTU_0043	52.63	76	36	0	2	229	239	314	4e-21	80.5
scaffold2018457	OTU_0084	38.67	150	55	4	10	351	17	165	4e-23	84.7
scaffold2024679	OTU_0225	47.62	84	44	0	322	71	217	300	4e-20	77.8
scaffold2027713	OTU_0305	75.61	41	10	0	125	3	132	172	6e-20	76.3
scaffold2027857	OTU_0261	40.51	79	44	2	345	109	223	298	3e-11	53.1
scaffold2030353	OTU_0068	40.62	64	38	0	158	349	82	145	1e-11	52.8
scaffold2035489	OTU_0265	77.50	40	9	0	228	347	136	175	1e-17	69.7
scaffold2041188	OTU_0127	52.00	50	22	1	67	216	135	182	3e-13	57.0
scaffold2043295	OTU_0197	55.10	49	22	0	332	186	125	173	4e-12	54.3
scaffold2047750	OTU_0021	48.15	54	27	1	272	111	196	248	4e-12	55.1
scaffold2055564	OTU_0240	46.51	86	45	1	7	264	47	131	6e-17	67.8
scaffold2057412	OTU_0084	66.67	39	12	1	120	7	127	165	6e-12	53.5
scaffold2057794	OTU_0175	45.45	55	30	0	95	259	248	302	6e-12	55.1
scaffold2058470	OTU_0096	49.09	55	27	1	108	269	118	172	2e-12	54.7
scaffold2058770	OTU_0306	35.34	116	73	2	2	346	33	147	2e-15	63.2
scaffold2061661	OTU_0003	56.58	76	27	2	17	229	230	304	3e-21	80.9
scaffold2062610	OTU_0140	39.64	111	56	3	16	330	198	303	3e-17	70.1
scaffold2062725	OTU_0140	50.79	63	31	0	63	251	239	301	3e-16	67.4
scaffold2064134	OTU_0265	60.98	41	16	0	230	108	132	172	8e-12	53.1
scaffold2066136	OTU_0043	53.62	69	32	0	326	120	246	314	2e-22	84.0
scaffold2071526	OTU_0173	38.26	115	67	3	10	348	69	181	7e-16	66.2
scaffold2073005	OTU_0314	44.19	86	38	2	118	345	223	308	1e-16	68.2
scaffold2076418	OTU_0104	51.72	58	28	0	181	8	191	248	7e-17	68.2
scaffold2078869	OTU_0228	36.62	71	43	1	296	90	244	314	4e-11	52.4
scaffold2082221	OTU_0176	65.57	61	21	0	336	154	152	212	1e-21	81.3
scaffold2082681	OTU_0274	45.71	70	33	2	271	68	146	212	6e-11	51.2
scaffold2086804	OTU_0044	55.56	72	32	0	132	347	227	298	2e-20	78.6
scaffold2087327	OTU_0271	46.15	65	33	1	339	145	238	300	7e-13	57.8
scaffold2096628	OTU_0085	35.87	92	56	2	57	323	5	96	2e-11	51.6
scaffold2103082	OTU_0084	31.65	139	61	3	32	346	27	165	1e-14	61.2
scaffold2103968	OTU_0251	27.68	112	77	3	337	11	9	119	5e-11	52.4
scaffold2105879	OTU_0275	47.17	53	28	0	161	3	75	127	3e-13	57.0
scaffold2106901	OTU_0121	60.66	61	24	0	36	218	241	301	1e-20	79.0
scaffold2107001	OTU_0155	36.07	61	39	0	28	210	121	181	4e-11	52.8
scaffold2113056	OTU_0305	55.26	38	17	0	8	121	133	170	1e-10	50.1
scaffold2114811	OTU_0006	49.02	51	26	0	7	159	251	301	3e-13	58.9
scaffold2116432	OTU_0284	28.78	139	64	3	1	312	128	266	3e-13	58.9
scaffold2117503	OTU_0196	45.00	60	31	2	4	180	242	300	9e-11	51.6
scaffold2119610	OTU_0103	80.49	41	8	0	222	344	1	41	1e-19	76.3
scaffold2119638	OTU_0227	54.12	85	39	0	336	82	231	315	9e-24	87.8
scaffold2123619	OTU_0305	72.00	50	14	0	336	187	124	173	4e-22	81.6
scaffold2139031	OTU_0162	100.00	54	0	0	341	180	263	316	3e-32	  111
scaffold2139693	OTU_0351	56.90	58	25	0	109	282	147	204	7e-19	73.2
scaffold2140720	OTU_0012	48.08	52	27	0	161	6	128	179	6e-14	59.3
scaffold2140969	OTU_0341	44.64	56	29	1	267	100	250	303	2e-11	53.5
scaffold2142673	OTU_0226	35.71	112	72	0	1	336	187	298	1e-16	68.2
scaffold2143028	OTU_0105	47.37	114	48	3	21	326	141	254	6e-24	87.8
scaffold2143559	OTU_0113	50.85	118	53	2	2	340	86	203	1e-32	  110
scaffold2143713	OTU_0129	43.88	98	53	1	36	323	180	277	1e-22	84.7
scaffold2143951	OTU_0044	46.00	100	54	0	9	308	205	304	3e-24	89.0
scaffold2147223	OTU_0265	66.67	42	14	0	129	254	133	174	5e-15	62.0
scaffold2154083	OTU_0005	59.62	52	21	0	1	156	68	119	2e-15	62.4
scaffold2160683	OTU_0275	42.47	73	38	1	121	339	62	130	1e-12	55.1
scaffold2163746	OTU_0119	46.15	65	34	1	338	144	250	313	2e-14	61.6
scaffold2165027	OTU_0084	34.64	153	59	2	336	1	19	171	1e-22	83.2
scaffold2165725	OTU_0341	43.28	67	37	1	211	11	243	308	2e-11	53.5
scaffold2167600	OTU_0115	30.95	84	53	2	18	269	92	170	7e-11	50.4
scaffold2170760	OTU_0305	54.55	66	30	0	34	231	110	175	7e-20	75.9
scaffold2176010	OTU_0155	37.08	89	49	2	4	267	96	178	9e-13	57.4
scaffold2176949	OTU_0161	45.59	68	31	2	299	96	134	195	6e-11	50.8
scaffold2177146	OTU_0183	35.34	116	63	3	338	9	39	148	5e-15	63.5
scaffold2177937	OTU_0269	100.00	45	0	0	1	135	176	220	1e-26	94.7
scaffold2178329	OTU_0144	65.45	55	19	0	309	145	259	313	1e-21	81.6
