scaffold00001	OTU_0246	34.88	215	95	8	846714	847247	96	302	1e-20	97.1
scaffold00002	OTU_0150	33.80	213	93	5	335963	335439	12	214	1e-22	  101
scaffold00002	OTU_0150	28.96	221	115	4	334949	334392	1	214	4e-14	75.5
scaffold00004	OTU_0141	29.13	309	173	8	89453	90283	15	309	1e-22	  102
scaffold00010	OTU_0234	33.70	184	90	4	564099	564554	118	301	4e-16	81.6
scaffold00011	OTU_0318	99.68	316	0	1	470754	469807	1	315	0.0	  645
scaffold00015	OTU_0140	31.37	255	129	8	537279	536626	53	298	7e-22	99.8
scaffold00019	OTU_0287	32.00	300	160	8	78091	78891	14	302	3e-23	  103
scaffold00023	OTU_0043	29.77	299	160	8	225216	224440	13	301	8e-21	96.3
scaffold00030	OTU_0155	24.76	311	170	11	339941	339129	16	302	3e-12	69.7
scaffold00033	OTU_0025	96.84	316	10	0	504513	503566	1	316	0.0	  635
scaffold00037	OTU_0162	37.18	234	104	6	153555	152965	75	302	2e-25	  110
scaffold00040	OTU_0162	35.29	221	100	5	219573	220127	98	311	2e-21	97.8
scaffold00045	OTU_0233	35.33	184	81	6	112711	113148	120	303	3e-20	94.4
scaffold00051	OTU_0339	33.68	285	127	11	65215	65961	43	301	5e-23	  102
scaffold00058	OTU_0016	26.67	255	153	7	207735	208409	2	252	1e-13	72.8
scaffold00090	OTU_0126	33.22	304	140	8	10542	9784	4	295	1e-23	  104
scaffold00091	OTU_0274	54.69	64	29	0	2029	2220	141	204	2e-14	74.3
scaffold00092	OTU_0337	76.67	90	20	1	322	56	88	177	2e-37	  142
scaffold00106	OTU_0043	30.03	303	153	12	250209	250991	16	301	1e-22	  101
scaffold00108	OTU_0217	30.29	307	152	11	141645	142451	18	300	2e-19	91.3
scaffold00114	OTU_0048	26.67	300	162	9	201971	201216	22	311	2e-16	81.6
scaffold00114	OTU_0048	31.64	177	90	6	116477	116914	126	302	5e-13	71.2
scaffold00125	OTU_0229	36.51	189	76	7	150297	149851	26	210	2e-19	90.1
scaffold00139	OTU_0351	39.34	211	84	8	232318	232839	1	204	4e-24	  103
scaffold00144	OTU_0266	30.36	303	165	7	201163	200363	9	301	5e-24	  105
scaffold00144	OTU_0266	30.77	273	135	9	201978	201277	44	301	6e-19	89.4
scaffold00145	OTU_0150	36.87	179	74	5	198774	199196	37	214	6e-18	85.5
scaffold00149	OTU_0337	83.64	55	8	1	197214	197378	124	177	1e-21	95.5
scaffold00152	OTU_0229	33.65	211	96	7	30700	31209	2	209	1e-20	93.2
scaffold00158	OTU_0012	27.98	168	96	2	31078	31506	19	186	3e-11	63.9
scaffold00165	OTU_0006	48.48	66	33	1	246056	245859	237	301	2e-11	65.9
scaffold00166	OTU_0339	27.71	314	163	6	210140	209313	12	299	3e-20	93.2
scaffold00183	OTU_0351	36.67	210	92	6	120012	119488	2	205	5e-22	97.4
scaffold00201	OTU_0335	33.49	212	97	3	19104	19628	97	301	2e-18	87.4
scaffold00217	OTU_0305	76.19	42	10	0	107552	107427	132	173	3e-14	73.2
scaffold00245	OTU_0219	29.61	304	167	7	144884	145699	17	305	3e-26	  112
scaffold00248	OTU_0106	35.14	222	95	9	108503	109045	87	300	2e-20	94.0
scaffold00254	OTU_0229	36.41	184	80	5	55526	55086	26	209	2e-20	92.4
scaffold00273	OTU_0003	55.41	74	33	0	129734	129955	240	313	4e-17	83.2
scaffold00302	OTU_0246	33.00	297	156	9	14897	15691	17	302	1e-22	  100
scaffold00324	OTU_0071	83.07	313	53	0	12576	13514	3	315	5e-174	  540
scaffold00327	OTU_0121	29.83	295	157	7	33281	32520	16	301	6e-19	89.0
scaffold00329	OTU_0155	28.65	192	87	4	147039	146614	122	313	2e-13	72.0
scaffold00356	OTU_0324	64.96	137	40	1	166712	166326	1	137	6e-50	  181
scaffold00368	OTU_0351	34.62	182	78	2	30187	30609	23	204	5e-18	84.7
scaffold00372	OTU_0305	69.05	42	13	0	64842	64717	132	173	3e-12	66.6
scaffold00377	OTU_0229	33.97	209	95	4	146620	146108	6	209	6e-16	78.6
scaffold00421	OTU_0066	31.88	207	93	9	57244	57726	97	301	3e-11	64.7
scaffold00450	OTU_0066	29.63	216	111	6	137049	136501	88	295	5e-12	67.0
scaffold00456	OTU_0267	30.84	308	159	10	124105	124923	7	295	6e-23	  101
scaffold00463	OTU_0004	99.59	244	1	0	2085	1354	1	244	2e-138	  435
scaffold00466	OTU_0121	29.25	318	174	16	63387	62488	18	302	5e-11	63.9
scaffold00468	OTU_0233	31.80	305	158	8	92127	92927	11	303	3e-25	  108
scaffold00468	OTU_0233	29.61	304	150	12	91171	91953	21	303	6e-19	88.6
scaffold00482	OTU_0079	28.71	303	166	6	92557	91763	10	300	3e-22	99.0
scaffold00482	OTU_0079	30.94	320	147	10	93589	92759	14	302	1e-19	90.5
scaffold00532	OTU_0127	37.85	177	78	6	23935	23501	1	177	5e-21	93.2
scaffold00556	OTU_0093	31.21	282	142	8	85854	86570	31	303	1e-18	87.0
scaffold00618	OTU_0229	34.24	184	84	4	17764	18204	26	209	5e-21	93.6
scaffold00620	OTU_0106	26.88	253	130	7	42900	42283	55	299	3e-12	67.4
scaffold00654	OTU_0217	35.41	257	112	8	21534	22193	73	312	8e-25	  106
scaffold00677	OTU_0171	30.61	294	137	15	9099	8347	33	302	3e-12	67.4
scaffold00704	OTU_0335	32.70	315	166	7	61869	62681	2	314	1e-34	  136
scaffold00723	OTU_0196	30.00	240	111	12	2620	3240	86	301	6e-11	63.5
scaffold00746	OTU_0229	36.49	211	101	6	12843	12292	7	211	1e-22	98.2
scaffold00758	OTU_0217	37.07	259	114	7	30390	31052	53	300	3e-29	  120
scaffold00771	OTU_0341	31.95	266	133	10	35107	35790	46	301	4e-22	98.2
scaffold00791	OTU_0155	28.93	318	169	12	76382	77224	3	300	5e-22	97.8
scaffold00798	OTU_0121	30.11	279	148	6	56609	55887	32	301	3e-19	89.0
scaffold00845	OTU_0155	27.97	311	177	9	61965	62789	1	300	4e-23	  101
scaffold00845	OTU_0155	28.63	248	123	8	61240	61869	69	300	1e-17	84.0
scaffold00855	OTU_0121	27.88	312	158	10	2752	1946	12	299	1e-16	80.9
scaffold00874	OTU_0217	99.68	313	1	0	99172	98234	1	313	0.0	  639
scaffold00879	OTU_0072	28.37	289	152	12	88935	89660	19	299	4e-14	72.8
scaffold00884	OTU_0249	34.91	212	94	8	39529	39008	72	277	9e-23	99.8
scaffold00944	OTU_0162	33.33	300	147	13	43467	42685	17	302	7e-25	  106
scaffold01022	OTU_0284	84.67	137	19	1	69788	69378	1	135	4e-58	  205
scaffold01047	OTU_0225	30.92	249	119	11	15760	15149	60	300	1e-17	83.6
scaffold01067	OTU_0176	37.73	220	91	7	21734	21189	1	212	1e-21	95.1
scaffold01103	OTU_0161	65.00	60	21	0	7177	6998	125	184	4e-17	80.9
scaffold01131	OTU_0140	28.76	306	172	9	83927	84736	6	301	2e-21	95.9
scaffold01131	OTU_0140	29.93	274	131	12	83027	83719	43	298	4e-15	75.5
scaffold01132	OTU_0246	34.18	316	168	12	37720	38592	2	302	2e-23	  102
scaffold01145	OTU_0023	31.43	280	152	7	20638	19862	43	303	2e-23	  102
scaffold01172	OTU_0073	59.57	47	19	0	56856	56716	225	271	1e-12	67.4
scaffold01195	OTU_0176	37.85	214	95	7	9004	8459	5	212	2e-21	94.7
scaffold01246	OTU_0225	32.48	311	152	11	68020	68838	12	302	3e-24	  104
scaffold01250	OTU_0121	29.46	258	121	6	9160	8492	69	300	1e-17	83.2
scaffold01261	OTU_0229	32.65	196	95	4	60272	60748	14	209	4e-23	99.4
scaffold01264	OTU_0121	27.20	261	160	7	6694	7395	44	301	1e-11	64.7
scaffold01281	OTU_0145	42.67	300	161	5	61021	61890	16	314	1e-61	  215
scaffold01314	OTU_0015	25.09	271	165	8	38363	39100	45	302	2e-13	70.5
scaffold01330	OTU_0339	31.56	282	127	10	45903	45193	41	301	6e-17	81.3
scaffold01341	OTU_0095	32.14	308	188	8	38562	37663	11	305	1e-25	  108
scaffold01353	OTU_0344	27.70	213	119	5	12774	13316	89	298	5e-12	66.2
scaffold01366	OTU_0043	30.62	209	105	6	50885	51397	93	299	5e-16	78.2
scaffold01369	OTU_0235	68.97	58	18	0	48648	48821	3	60	5e-18	84.0
scaffold01377	OTU_0203	38.71	93	44	3	11531	11806	72	152	6e-11	61.2
scaffold01392	OTU_0320	34.63	205	87	7	19696	20184	103	302	2e-18	85.5
scaffold01510	OTU_0339	27.33	333	167	10	61061	60189	2	301	2e-19	89.4
scaffold01551	OTU_0234	31.62	234	129	5	46260	45625	77	301	1e-19	89.4
scaffold01555	OTU_0305	63.08	65	22	2	42489	42680	113	176	4e-17	80.1
scaffold01607	OTU_0344	24.17	302	170	11	32455	31685	15	302	6e-12	65.9
scaffold01655	OTU_0177	41.21	182	69	6	3679	4116	121	300	4e-21	94.4
scaffold01661	OTU_0150	36.87	179	76	6	46541	46113	39	216	2e-21	94.0
scaffold01692	OTU_0339	30.38	293	155	10	49040	48282	18	301	5e-18	84.3
scaffold01768	OTU_0245	66.67	45	15	0	44400	44266	269	313	7e-12	65.5
scaffold01785	OTU_0335	36.04	222	104	7	48676	48107	88	303	2e-25	  107
scaffold01793	OTU_0126	35.71	210	89	5	9349	8840	93	296	1e-21	95.9
scaffold01822	OTU_0225	28.63	262	137	7	21226	21888	48	300	2e-19	88.6
scaffold01837	OTU_0339	36.74	215	88	9	15338	15865	99	304	2e-21	95.1
scaffold01837	OTU_0339	33.48	224	85	7	14454	14978	93	301	6e-16	77.8
scaffold01850	OTU_0226	34.08	223	103	7	30171	30734	85	298	1e-17	82.8
scaffold01854	OTU_0137	33.21	280	142	11	12267	11533	33	302	1e-23	  102
scaffold01855	OTU_0183	26.99	289	155	12	19448	20173	19	298	8e-12	65.5
scaffold01867	OTU_0157	29.96	277	135	6	19922	20623	42	302	1e-21	96.3
scaffold01888	OTU_0177	100.00	313	0	0	59251	58313	1	313	0.0	  630
scaffold01952	OTU_0121	31.07	309	146	10	41361	42155	16	301	2e-21	95.1
scaffold01984	OTU_0016	31.60	231	119	7	50354	50947	33	257	6e-20	90.1
scaffold02003	OTU_0175	50.50	101	40	1	8723	8451	215	315	1e-23	  102
scaffold02027	OTU_0266	30.79	302	163	7	9362	10159	10	301	2e-24	  104
scaffold02027	OTU_0266	28.76	299	158	9	8383	9162	19	301	1e-18	85.9
scaffold02076	OTU_0095	31.68	303	145	8	51787	51005	20	302	5e-25	  106
scaffold02076	OTU_0095	50.88	57	28	0	50096	49926	246	302	4e-11	63.2
scaffold02078	OTU_0243	36.67	180	71	7	39290	38871	125	301	6e-17	80.9
scaffold02116	OTU_0157	29.03	310	153	10	45307	46107	17	302	8e-19	86.7
scaffold02130	OTU_0208	35.11	188	81	5	54538	54996	121	302	2e-20	91.7
scaffold02173	OTU_0234	34.76	187	83	4	48600	48148	118	301	6e-19	87.0
scaffold02177	OTU_0107	38.03	213	98	7	17486	16929	95	300	2e-20	92.0
scaffold02177	OTU_0107	30.36	303	158	11	18751	17948	17	301	1e-15	76.6
scaffold02187	OTU_0121	35.62	219	95	6	35160	34618	92	302	6e-24	  102
scaffold02214	OTU_0217	34.80	250	102	8	29863	29237	73	302	2e-26	  110
scaffold02437	OTU_0067	28.96	297	176	10	22418	23230	18	305	2e-17	82.0
scaffold02491	OTU_0183	97.73	308	0	1	41900	42823	14	314	0.0	  606
scaffold02494	OTU_0217	34.43	244	111	7	38042	38659	68	300	2e-23	  101
scaffold02514	OTU_0303	28.09	267	141	10	21593	20913	46	301	4e-14	72.0
scaffold02534	OTU_0176	28.44	218	115	7	47601	47071	8	225	4e-12	64.7
scaffold02573	OTU_0229	32.04	206	102	4	866	345	10	209	3e-20	90.1
scaffold02592	OTU_0176	34.25	219	106	6	36843	37406	1	212	4e-22	95.9
scaffold02642	OTU_0025	25.72	311	150	10	35801	35031	20	303	8e-14	71.2
scaffold02662	OTU_0338	28.13	327	164	15	37216	38073	7	303	6e-15	74.7
scaffold02737	OTU_0341	45.40	163	67	5	45497	45973	170	314	2e-30	  122
scaffold02777	OTU_0344	100.00	314	0	0	23959	23018	1	314	0.0	  646
scaffold02818	OTU_0196	29.17	216	103	9	17303	17845	101	301	5e-12	65.5
scaffold02852	OTU_0217	32.84	335	160	13	24272	25150	1	312	3e-26	  110
scaffold02956	OTU_0229	33.49	209	94	6	39042	38533	7	209	1e-14	72.0
scaffold02960	OTU_0204	34.04	188	92	6	37165	37638	113	298	1e-11	63.9
scaffold02973	OTU_0196	31.47	232	120	7	20615	21217	78	301	1e-15	76.3
scaffold02978	OTU_0295	32.02	203	87	5	27200	26715	110	302	8e-17	80.1
scaffold02983	OTU_0229	33.65	211	96	6	31121	31639	7	211	1e-19	88.2
scaffold03027	OTU_0196	25.91	301	174	11	41950	42741	13	301	7e-17	80.1
scaffold03053	OTU_0027	99.37	315	2	0	42124	41180	1	315	0.0	  585
scaffold03100	OTU_0105	33.71	175	68	3	14486	14866	65	239	4e-17	80.5
scaffold03100	OTU_0105	76.19	42	10	0	15612	15737	202	243	7e-14	70.1
scaffold03124	OTU_0141	29.93	304	150	10	8417	7641	16	301	1e-20	92.4
scaffold03189	OTU_0305	76.00	50	12	0	17550	17699	124	173	1e-17	80.9
scaffold03210	OTU_0344	28.23	294	157	13	29394	30170	28	302	5e-11	62.4
scaffold03267	OTU_0121	30.34	267	136	8	1034	348	47	301	5e-14	71.6
scaffold03278	OTU_0335	33.88	307	141	12	32041	31238	18	301	2e-23	  100
scaffold03284	OTU_0180	80.36	112	22	0	565	230	51	162	7e-55	  189
scaffold03284	OTU_0180	73.91	46	12	0	657	520	20	65	1e-16	77.8
scaffold03331	OTU_0320	32.17	258	119	9	12493	11846	59	302	6e-21	93.2
scaffold03336	OTU_0229	35.98	189	85	5	18602	19060	21	209	1e-18	85.1
scaffold03348	OTU_0173	31.28	211	98	4	29921	30436	100	302	4e-23	99.8
scaffold03400	OTU_0137	37.22	180	79	7	18868	18428	127	305	6e-22	96.3
scaffold03470	OTU_0217	34.04	235	110	6	2324	2914	73	300	1e-24	  104
scaffold03503	OTU_0305	73.81	42	11	0	35385	35260	132	173	2e-16	77.4
scaffold03688	OTU_0226	29.39	313	159	6	28853	29659	7	301	8e-23	99.0
scaffold03688	OTU_0226	29.37	252	121	8	27960	28601	66	298	5e-16	77.4
scaffold03718	OTU_0157	31.45	283	148	7	8191	7454	30	303	5e-24	  102
scaffold03797	OTU_0023	27.12	295	158	11	23391	24143	21	302	1e-12	67.0
scaffold03857	OTU_0121	31.17	308	159	10	15771	16574	7	301	9e-24	  101
scaffold03870	OTU_0266	33.09	269	128	11	15568	14879	46	301	5e-20	89.7
scaffold03929	OTU_0345	26.83	287	148	11	1632	904	46	314	5e-12	65.1
scaffold03973	OTU_0218	33.74	246	131	6	25262	24597	75	312	6e-24	  102
scaffold04028	OTU_0196	26.64	289	157	10	24934	25689	28	298	1e-12	67.0
scaffold04105	OTU_0161	61.76	68	26	0	33707	33910	117	184	2e-18	83.6
scaffold04124	OTU_0305	86.05	43	6	0	17563	17691	131	173	6e-17	78.6
scaffold04129	OTU_0040	30.00	330	159	12	16095	16955	2	302	9e-24	  101
scaffold04129	OTU_0040	64.10	39	14	0	15904	16020	264	302	4e-11	62.8
scaffold04147	OTU_0250	27.66	329	165	14	15171	16022	3	303	4e-11	62.4
scaffold04160	OTU_0144	31.42	261	119	6	22757	22119	56	304	5e-24	  102
scaffold04160	OTU_0144	61.36	44	17	0	24521	24390	261	304	3e-12	65.9
scaffold04181	OTU_0020	31.43	245	111	8	1691	1017	94	301	2e-15	75.5
scaffold04315	OTU_0331	29.29	280	150	11	15189	15929	33	297	3e-12	65.9
scaffold04319	OTU_0127	30.73	179	88	6	19944	19516	2	180	2e-14	71.2
scaffold04344	OTU_0121	30.26	271	137	7	13889	14572	40	301	3e-20	90.5
scaffold04382	OTU_0336	36.72	177	87	6	20699	21181	9	176	1e-17	81.6
scaffold04402	OTU_0258	40.00	180	66	6	31543	31965	126	302	3e-20	90.5
scaffold04417	OTU_0275	41.67	72	41	1	32123	31911	81	152	8e-11	59.7
scaffold04432	OTU_0258	32.04	181	97	5	17355	17828	122	299	3e-11	62.8
scaffold04456	OTU_0251	30.66	212	112	6	27786	28328	108	315	5e-14	71.2
scaffold04614	OTU_0121	28.52	270	142	11	15936	16616	40	301	2e-15	75.5
scaffold04620	OTU_0320	32.59	270	127	12	28281	28964	46	302	2e-21	94.0
scaffold04620	OTU_0320	30.59	219	110	4	29351	29902	91	302	2e-15	75.5
scaffold04687	OTU_0229	29.52	210	110	5	19552	19019	6	209	3e-19	86.7
scaffold04705	OTU_0300	50.00	66	31	1	17297	17494	166	229	7e-12	63.5
scaffold04879	OTU_0155	31.18	186	80	6	29785	29345	121	297	7e-13	67.8
scaffold04888	OTU_0128	25.82	306	172	12	22397	23209	18	303	1e-10	61.2
scaffold04893	OTU_0351	33.52	182	93	2	8199	7738	23	204	2e-17	80.5
scaffold04901	OTU_0256	35.71	266	114	12	15404	16066	29	282	1e-17	82.0
scaffold04929	OTU_0229	36.28	215	93	6	16772	17305	2	209	7e-25	  103
scaffold04984	OTU_0025	30.12	332	174	12	23893	23006	2	311	5e-26	  108
scaffold05221	OTU_0217	32.09	268	132	8	7940	7254	44	300	3e-25	  106
scaffold05379	OTU_0226	27.63	304	173	6	20960	21784	13	298	3e-19	87.0
scaffold05504	OTU_0208	38.64	176	69	7	23015	23428	128	302	1e-19	88.6
scaffold05507	OTU_0022	90.20	102	10	0	6433	6128	128	229	4e-84	  184
scaffold05507	OTU_0022	85.23	88	4	1	6111	5848	235	313	4e-84	  144
scaffold05656	OTU_0106	100.00	313	0	0	23358	22420	1	313	0.0	  634
scaffold05660	OTU_0090	99.68	315	1	0	519	1463	1	315	0.0	  648
scaffold05710	OTU_0198	32.40	179	84	5	13171	12746	122	300	3e-17	80.9
scaffold05773	OTU_0030	28.15	341	192	9	8560	9534	1	304	3e-25	  105
scaffold05802	OTU_0267	30.51	272	141	8	7996	8718	42	296	4e-19	86.7
scaffold05821	OTU_0119	33.96	212	98	5	25207	24680	99	304	3e-19	87.0
scaffold05868	OTU_0031	29.01	293	157	7	14429	15190	20	300	4e-20	90.1
scaffold06043	OTU_0031	31.58	285	141	8	9277	8522	49	312	4e-22	96.3
scaffold06104	OTU_0225	37.22	180	72	5	23879	24301	123	300	4e-16	77.4
scaffold06144	OTU_0157	31.02	303	163	8	15132	14332	10	302	1e-23	  100
scaffold06355	OTU_0006	26.32	285	173	12	1161	397	19	296	2e-11	62.8
scaffold06372	OTU_0153	48.44	64	31	1	18712	18897	237	300	1e-12	62.4
scaffold06372	OTU_0153	45.00	20	11	0	18632	18691	210	229	1e-12	26.2
scaffold06438	OTU_0144	31.28	227	113	6	21143	21712	81	301	2e-17	80.9
scaffold06683	OTU_0031	31.91	257	126	7	20440	21114	73	312	4e-21	92.8
scaffold06821	OTU_0218	46.67	75	40	0	2342	2566	228	302	3e-11	62.4
scaffold07124	OTU_0121	30.67	300	157	9	1997	1209	16	301	2e-26	  109
scaffold07124	OTU_0121	62.50	48	14	1	22757	22626	254	301	1e-12	66.6
scaffold07178	OTU_0157	31.33	300	162	5	2541	1768	5	302	3e-27	  112
scaffold07198	OTU_0216	100.00	314	0	0	21561	22502	1	314	7e-177	  546
scaffold07253	OTU_0009	61.62	198	68	3	1158	1727	53	250	5e-83	  201
scaffold07253	OTU_0009	80.77	52	10	0	1709	1864	265	316	5e-83	93.2
scaffold07253	OTU_0009	79.31	29	6	0	1087	1173	1	29	5e-83	51.2
scaffold07292	OTU_0175	33.44	317	162	7	17792	18607	3	315	2e-45	  166
scaffold07301	OTU_0025	24.42	303	194	8	22537	21716	9	305	1e-14	72.4
scaffold07318	OTU_0217	33.46	257	117	8	9647	8988	73	312	2e-23	  100
scaffold07343	OTU_0317	29.11	213	113	6	15426	14899	90	301	8e-14	70.1
scaffold07504	OTU_0196	99.68	313	1	0	559	1497	1	313	0.0	  645
scaffold07730	OTU_0106	51.79	56	25	1	12910	13077	251	304	2e-11	62.4
scaffold07819	OTU_0031	29.55	264	140	10	7579	6884	54	303	4e-20	89.7
scaffold07884	OTU_0014	98.34	301	5	0	103	1005	1	301	0.0	  607
scaffold07990	OTU_0339	33.56	292	147	7	898	1665	21	301	6e-20	89.0
scaffold08052	OTU_0339	30.60	317	154	13	20739	19918	9	302	4e-23	99.4
scaffold08100	OTU_0305	75.00	52	13	0	4120	3965	124	175	1e-18	83.2
scaffold08116	OTU_0301	28.16	309	150	9	15629	16417	13	295	3e-16	77.4
scaffold08236	OTU_0157	30.67	300	156	11	6789	6004	14	299	2e-20	90.9
scaffold08237	OTU_0115	56.25	64	27	1	12721	12909	108	171	1e-14	71.2
scaffold08285	OTU_0046	44.85	136	68	3	5673	6059	173	308	4e-48	  108
scaffold08285	OTU_0046	41.75	103	54	2	5368	5676	81	177	4e-48	62.4
scaffold08285	OTU_0046	43.75	80	40	4	5138	5371	4	80	4e-48	57.8
scaffold08346	OTU_0291	30.46	302	160	19	5314	6132	19	299	1e-11	63.5
scaffold08369	OTU_0351	36.49	211	87	9	15861	16379	7	208	2e-17	80.1
scaffold08523	OTU_0260	28.50	200	100	6	16699	16223	11	208	9e-12	62.4
scaffold08541	OTU_0336	100.00	197	0	0	13955	13365	1	197	2e-120	  378
scaffold08558	OTU_0338	34.42	308	157	6	19779	18988	9	315	5e-40	  150
scaffold08613	OTU_0287	26.56	320	169	12	8914	8069	9	300	8e-12	63.9
scaffold08625	OTU_0175	31.29	310	151	11	12403	11597	14	302	4e-22	95.9
scaffold08686	OTU_0155	32.00	300	149	12	13966	13187	16	300	2e-27	  112
scaffold08703	OTU_0351	51.56	64	31	0	8479	8670	141	204	8e-16	75.1
scaffold08752	OTU_0277	60.00	45	18	0	10	144	94	138	7e-11	58.9
scaffold08820	OTU_0234	27.80	313	161	7	10834	10019	13	301	2e-22	96.7
scaffold08842	OTU_0234	25.20	246	136	6	4647	5252	60	301	5e-14	70.5
scaffold08900	OTU_0155	30.03	303	158	11	16374	17168	16	302	5e-24	  101
scaffold09053	OTU_0234	31.96	219	92	7	11974	11447	97	301	6e-19	85.5
scaffold09078	OTU_0096	33.15	184	87	8	3556	4029	1	174	1e-12	65.1
scaffold09255	OTU_0121	33.49	218	96	6	14990	15526	94	301	3e-23	99.0
scaffold09337	OTU_0121	59.32	59	24	0	13995	14171	243	301	1e-14	72.4
scaffold09345	OTU_0196	36.59	82	34	2	18780	18971	219	300	2e-12	48.9
scaffold09345	OTU_0196	27.91	129	80	5	18320	18703	65	181	2e-12	38.1
scaffold09402	OTU_0296	99.67	302	0	1	1229	324	14	314	2e-177	  547
scaffold09514	OTU_0150	33.18	211	89	6	15804	16316	16	214	2e-14	70.9
scaffold09519	OTU_0020	31.09	267	138	9	8730	8041	44	301	3e-23	99.4
scaffold09527	OTU_0189	31.52	257	122	5	10025	9402	50	301	1e-18	84.3
scaffold09681	OTU_0162	28.43	313	167	10	15389	14553	13	302	4e-13	67.8
scaffold09764	OTU_0150	27.39	230	115	7	781	227	1	223	1e-15	74.7
scaffold09897	OTU_0226	29.87	308	153	12	11864	12655	10	298	1e-18	84.3
scaffold10028	OTU_0266	34.19	272	128	10	17314	16613	43	301	1e-24	  103
scaffold10158	OTU_0121	35.21	213	92	6	2542	2018	97	301	5e-23	98.2
scaffold10186	OTU_0229	35.89	209	91	5	2685	3197	6	209	1e-21	93.2
scaffold10239	OTU_0218	28.14	295	148	12	1002	247	39	312	5e-18	82.8
scaffold10240	OTU_0242	30.42	286	134	11	15494	16216	37	302	4e-22	95.9
scaffold10341	OTU_0204	38.33	180	71	7	8033	7614	116	295	1e-17	81.3
scaffold10519	OTU_0282	27.27	187	109	4	1945	1466	2	188	8e-11	58.9
scaffold10526	OTU_0291	27.63	304	166	10	1264	467	18	305	2e-13	68.2
scaffold10745	OTU_0121	29.67	300	164	8	325	1116	13	301	1e-22	97.4
scaffold10745	OTU_0121	57.41	54	23	0	8	169	248	301	2e-14	71.6
scaffold10778	OTU_0157	35.03	177	81	5	14287	14718	127	302	2e-14	71.6
scaffold10834	OTU_0079	32.30	161	76	3	17056	16673	144	304	5e-13	67.4
scaffold10985	OTU_0200	35.39	178	76	5	14623	14204	125	301	1e-19	87.8
scaffold11205	OTU_0189	37.97	187	79	6	6139	6588	127	313	8e-20	88.2
scaffold11437	OTU_0111	28.80	184	98	5	15364	15822	102	283	4e-11	61.2
scaffold11592	OTU_0229	32.21	208	98	7	880	371	7	209	5e-15	72.4
scaffold12004	OTU_0071	69.84	315	95	0	6634	7578	1	315	1e-151	  472
scaffold12004	OTU_0071	30.91	275	137	10	5545	6249	40	301	4e-21	92.4
scaffold12039	OTU_0307	100.00	314	0	0	12329	13270	1	314	0.0	  571
scaffold12223	OTU_0320	29.13	206	106	8	14820	15338	103	301	5e-12	63.9
scaffold12249	OTU_0140	29.78	319	161	13	8503	7679	3	302	2e-22	96.3
scaffold12280	OTU_0341	32.47	271	135	9	3396	4091	40	301	1e-19	87.4
scaffold12342	OTU_0121	33.94	277	129	11	6861	6154	41	304	3e-26	  108
scaffold12601	OTU_0048	32.66	199	97	7	8226	7741	104	302	6e-17	79.0
scaffold12816	OTU_0260	27.73	220	129	7	14193	14765	4	222	5e-12	62.8
scaffold12849	OTU_0260	37.56	205	84	6	5097	4594	16	213	3e-24	  100
scaffold12849	OTU_0260	36.36	176	64	4	5845	5462	35	210	1e-15	74.3
scaffold12877	OTU_0229	36.45	214	94	4	10128	10664	6	212	3e-28	  112
scaffold12910	OTU_0196	29.90	204	99	8	4304	3804	95	291	2e-15	74.3
scaffold13041	OTU_0121	34.06	276	123	7	12946	12227	49	301	2e-21	93.2
scaffold13076	OTU_0200	37.08	178	73	6	2146	2565	125	301	6e-19	85.1
scaffold13224	OTU_0121	30.26	271	134	10	13729	13040	49	305	1e-18	84.0
scaffold13299	OTU_0229	30.53	190	100	8	6993	7487	26	208	9e-12	62.0
scaffold13718	OTU_0107	34.47	235	105	8	2905	2327	74	301	2e-22	96.3
scaffold14110	OTU_0243	31.19	202	114	4	6620	6087	102	302	9e-12	63.2
scaffold14547	OTU_0234	29.25	318	153	9	8884	8075	8	301	2e-19	87.0
scaffold14606	OTU_0229	37.37	190	75	5	9969	10418	26	211	8e-25	  102
scaffold14783	OTU_0150	29.86	211	110	6	2040	2564	8	216	8e-14	68.2
scaffold14857	OTU_0320	30.84	308	152	11	2300	1503	14	302	2e-20	89.7
scaffold14928	OTU_0127	32.40	179	81	4	2862	3278	1	179	1e-19	86.3
scaffold15003	OTU_0095	32.14	308	145	9	2046	1252	16	302	2e-24	  102
scaffold15003	OTU_0095	30.13	302	147	12	1093	323	20	302	7e-18	81.6
scaffold15024	OTU_0241	29.46	224	122	6	11517	10930	49	264	1e-16	77.4
scaffold15047	OTU_0107	30.99	313	153	8	6915	6109	10	303	5e-25	  104
scaffold15047	OTU_0107	28.00	300	160	10	7822	7040	19	301	3e-18	82.8
scaffold15193	OTU_0157	38.98	177	72	6	7990	7568	126	302	2e-15	73.9
scaffold15237	OTU_0132	30.29	241	119	10	7301	6651	87	302	1e-13	68.9
scaffold15402	OTU_0200	31.61	193	88	4	1104	1550	109	301	7e-13	66.2
scaffold15647	OTU_0121	37.05	224	96	7	4686	5252	88	301	1e-20	90.5
scaffold15908	OTU_0222	100.00	310	0	0	6974	7903	1	310	0.0	  640
scaffold16186	OTU_0233	33.45	296	138	9	9596	8856	21	306	2e-27	  111
scaffold16186	OTU_0233	35.33	184	83	4	497	54	120	303	1e-18	84.3
scaffold16228	OTU_0185	100.00	316	0	0	9120	8173	1	316	0.0	  582
scaffold16413	OTU_0150	36.22	185	70	3	11312	11722	33	217	3e-16	75.9
scaffold16427	OTU_0185	75.86	58	14	0	7957	7784	6	63	2e-22	95.9
scaffold16544	OTU_0305	66.15	65	20	2	4445	4636	113	176	2e-18	82.0
scaffold16616	OTU_0009	100.00	316	0	0	9024	8077	1	316	0.0	  634
scaffold16795	OTU_0157	30.72	306	155	8	7676	8473	14	302	5e-24	  100
scaffold16973	OTU_0229	34.83	201	92	5	8827	8339	10	209	5e-21	90.5
scaffold17175	OTU_0140	25.91	301	171	10	369	1151	7	295	4e-12	63.9
scaffold17210	OTU_0026	36.13	191	84	6	2648	2181	4	191	1e-26	  106
scaffold17399	OTU_0211	25.96	312	184	10	544	1389	3	297	1e-14	71.6
scaffold17523	OTU_0251	31.08	296	153	9	11069	10296	20	302	8e-27	  109
scaffold17546	OTU_0105	33.33	204	82	5	8563	9030	43	240	5e-19	84.7
scaffold17589	OTU_0294	29.80	302	166	6	3442	2645	9	300	6e-25	  103
scaffold17589	OTU_0294	33.71	178	88	6	4128	3682	124	300	3e-14	70.1
scaffold17714	OTU_0043	36.77	155	36	2	9990	9712	1	155	4e-23	96.7
scaffold17714	OTU_0043	64.71	17	6	0	9731	9681	150	166	4e-23	26.2
scaffold17733	OTU_0127	48.24	85	32	2	3987	4208	94	177	1e-13	67.0
scaffold17734	OTU_0140	32.86	210	100	5	9099	8575	95	298	3e-22	95.5
scaffold17778	OTU_0106	34.90	192	82	6	8073	7618	112	300	7e-20	87.8
scaffold17784	OTU_0086	36.44	118	65	4	9542	9895	12	119	8e-11	58.2
scaffold17936	OTU_0189	98.55	276	4	0	472	1299	39	314	1e-171	  528
scaffold17936	OTU_0189	100.00	41	0	0	359	481	1	41	1e-171	90.9
scaffold17973	OTU_0203	42.37	118	62	3	7821	7471	43	155	5e-19	83.2
scaffold18295	OTU_0262	33.15	181	80	5	8181	8606	20	198	1e-12	64.3
scaffold18347	OTU_0275	41.86	86	44	2	963	1220	56	135	4e-14	68.2
scaffold18386	OTU_0140	25.00	324	155	13	1153	332	13	298	7e-12	63.2
scaffold18547	OTU_0192	52.86	70	32	1	7788	7997	30	98	2e-18	80.1
scaffold19259	OTU_0229	34.88	215	90	4	9284	9811	6	209	2e-28	  112
scaffold19316	OTU_0155	27.57	214	119	7	946	1479	89	302	2e-16	77.0
scaffold19318	OTU_0258	32.44	299	152	10	8757	9539	16	302	9e-24	  100
scaffold19605	OTU_0126	33.86	189	77	3	9837	10259	107	295	8e-21	90.5
scaffold19635	OTU_0234	31.19	218	105	4	8822	9370	94	301	7e-21	90.9
scaffold19658	OTU_0132	39.89	178	71	5	1906	2337	127	302	1e-18	84.0
scaffold19881	OTU_0317	39.30	201	74	7	5191	4721	108	304	6e-19	84.7
scaffold19895	OTU_0178	32.18	261	131	9	7102	7773	52	303	1e-25	  105
scaffold20112	OTU_0072	30.39	306	164	9	7725	8531	10	303	6e-22	94.4
scaffold20112	OTU_0072	29.47	319	168	10	6736	7575	1	301	2e-17	80.5
scaffold20176	OTU_0023	30.00	230	129	11	4321	4932	93	316	7e-11	60.1
scaffold20210	OTU_0260	26.70	206	106	5	4588	5079	10	212	6e-12	62.0
scaffold20277	OTU_0126	32.66	248	112	4	6654	7250	54	295	2e-20	89.4
scaffold20277	OTU_0126	35.75	207	85	6	7616	8119	98	295	2e-20	89.4
scaffold20364	OTU_0115	75.61	41	10	0	4302	4180	131	171	3e-14	68.9
scaffold20511	OTU_0266	34.17	240	103	10	2450	3040	74	301	7e-20	87.4
scaffold20633	OTU_0183	27.94	315	180	10	8475	9320	14	314	2e-12	65.1
scaffold20662	OTU_0179	31.01	287	145	10	10322	9567	15	283	2e-20	89.4
scaffold20670	OTU_0267	31.98	222	102	8	430	981	85	295	9e-19	84.0
scaffold20987	OTU_0105	34.41	186	80	9	8853	8404	58	237	4e-12	62.8
scaffold20990	OTU_0155	100.00	313	0	0	3619	2681	1	313	0.0	  644
scaffold21161	OTU_0097	30.81	198	96	4	9614	10084	104	301	3e-17	79.3
scaffold21167	OTU_0331	25.95	262	147	8	5248	4595	39	297	6e-13	66.2
scaffold21211	OTU_0100	100.00	314	0	0	5707	6648	1	314	0.0	  631
scaffold21234	OTU_0206	35.53	304	145	9	6143	6946	13	301	4e-32	  125
scaffold21242	OTU_0229	35.98	189	85	4	6580	7038	21	209	9e-15	70.9
scaffold21424	OTU_0339	29.25	318	164	13	8912	8088	2	301	5e-23	97.8
scaffold21447	OTU_0176	29.31	232	108	8	6	590	4	216	2e-13	66.2
scaffold21733	OTU_0241	27.32	183	91	6	1397	1819	86	268	2e-11	61.6
scaffold21740	OTU_0284	60.94	64	23	1	3203	3394	19	80	5e-19	80.5
scaffold21740	OTU_0284	41.67	24	14	0	3153	3224	1	24	5e-19	28.5
scaffold21846	OTU_0155	29.45	163	113	2	7411	6926	2	163	5e-18	81.6
scaffold22194	OTU_0341	71.11	45	13	0	9104	9238	245	289	1e-15	74.7
scaffold22230	OTU_0140	27.84	291	138	12	7690	6944	43	303	6e-16	75.1
scaffold22241	OTU_0126	27.42	310	163	7	1406	609	4	295	4e-24	  100
scaffold22241	OTU_0126	32.98	188	86	5	1984	1517	116	295	3e-18	82.0
scaffold22572	OTU_0031	29.17	312	170	10	5917	5102	1	301	3e-22	95.1
scaffold22732	OTU_0107	32.90	307	156	10	9071	8262	10	303	1e-24	  102
scaffold22732	OTU_0107	32.12	165	72	6	9584	9207	138	301	6e-13	66.2
scaffold22846	OTU_0229	29.63	216	105	8	3882	3346	4	209	5e-12	62.0
scaffold22901	OTU_0267	35.14	222	100	6	2150	1578	89	297	2e-24	  102
scaffold22993	OTU_0026	43.56	101	57	0	109	411	97	197	2e-22	94.0
scaffold23154	OTU_0226	30.48	210	102	7	4773	4252	97	298	2e-19	85.9
scaffold23154	OTU_0226	27.91	215	126	8	3895	3320	90	298	2e-12	64.7
scaffold23232	OTU_0030	40.00	190	91	5	4895	4389	122	309	4e-30	  119
scaffold23338	OTU_0307	34.53	307	160	7	5569	6372	10	314	1e-39	  147
scaffold23818	OTU_0284	99.37	315	0	1	1741	2685	1	313	0.0	  603
scaffold23997	OTU_0217	29.05	210	111	6	8404	8937	96	299	9e-13	65.5
scaffold24017	OTU_0341	33.33	210	100	4	5828	6349	97	302	2e-23	99.0
scaffold24017	OTU_0341	28.46	253	138	9	4783	5442	59	301	3e-12	64.3
scaffold24193	OTU_0196	27.69	307	183	12	3493	2669	13	312	8e-19	84.3
scaffold24246	OTU_0171	28.63	234	127	9	604	1215	78	301	3e-11	60.5
scaffold24307	OTU_0155	28.43	299	166	13	3677	4471	16	300	3e-27	  110
scaffold24514	OTU_0258	27.70	296	162	13	4712	3945	19	302	1e-13	68.2
scaffold24807	OTU_0002	100.00	177	0	0	8521	7991	1	177	5e-118	  369
scaffold24920	OTU_0097	33.33	279	127	11	817	98	43	301	2e-17	79.7
scaffold25011	OTU_0335	30.43	253	127	7	2865	2221	60	301	2e-22	95.1
scaffold25441	OTU_0105	36.13	191	77	7	7432	7890	57	240	2e-19	85.1
scaffold25540	OTU_0229	31.58	209	102	4	860	339	10	212	3e-22	93.6
scaffold25609	OTU_0226	34.67	199	97	5	5434	5934	109	306	1e-22	96.3
scaffold25697	OTU_0176	32.02	228	108	7	4394	4954	4	225	8e-16	73.9
scaffold25826	OTU_0093	29.51	288	156	6	4614	5381	31	303	2e-17	80.1
scaffold26631	OTU_0278	36.16	177	64	5	7383	7766	34	210	2e-16	75.9
scaffold26642	OTU_0208	81.25	208	39	0	7806	8429	108	315	2e-144	  327
scaffold26642	OTU_0208	89.62	106	11	0	7486	7803	1	106	2e-144	  200
scaffold26794	OTU_0256	33.79	219	103	7	3198	3749	71	282	1e-22	96.3
scaffold26794	OTU_0256	32.76	232	105	7	2252	2830	63	282	3e-16	75.9
scaffold26890	OTU_0204	31.25	288	146	15	2129	1359	29	295	4e-15	72.4
scaffold26928	OTU_0157	31.62	272	128	9	8065	7379	46	302	1e-21	93.2
scaffold26928	OTU_0157	31.96	219	110	5	6929	6369	91	302	4e-18	82.0
scaffold26988	OTU_0031	27.89	294	163	7	5866	6639	20	300	5e-21	90.9
scaffold27133	OTU_0042	39.66	179	66	7	2210	1794	125	301	2e-20	89.0
scaffold27515	OTU_0319	29.19	209	109	8	7697	8218	48	252	6e-15	71.2
scaffold27519	OTU_0298	30.60	317	171	8	5099	4260	1	305	1e-24	  102
scaffold27519	OTU_0298	27.57	272	142	10	5940	5242	46	301	3e-14	69.7
scaffold27568	OTU_0246	33.70	270	131	10	3837	3142	43	302	3e-27	  110
scaffold27738	OTU_0155	29.38	320	176	12	5457	4585	2	300	3e-23	98.2
scaffold27969	OTU_0145	32.20	295	142	10	2060	1290	27	301	7e-19	84.0
scaffold27991	OTU_0295	32.88	222	96	6	7329	6781	95	302	1e-22	96.3
scaffold28000	OTU_0129	31.99	272	145	10	3794	3072	4	266	5e-24	  100
scaffold28470	OTU_0225	26.47	238	121	7	6107	6673	58	290	2e-11	61.2
scaffold29549	OTU_0121	33.96	268	133	10	4447	3743	45	301	6e-20	87.4
scaffold29906	OTU_0261	31.18	186	96	6	5915	6385	120	302	3e-13	67.0
scaffold29916	OTU_0126	35.23	176	65	4	7262	7642	120	295	3e-18	82.0
scaffold29977	OTU_0176	35.62	219	102	7	7315	6755	1	212	6e-19	83.6
scaffold30024	OTU_0140	28.05	303	167	10	5772	4978	10	299	6e-22	93.6
scaffold30027	OTU_0006	98.25	171	3	0	6712	7224	144	314	2e-177	  356
scaffold30027	OTU_0006	94.52	146	8	0	6282	6719	1	146	2e-177	  281
scaffold30157	OTU_0229	36.45	214	89	5	1027	500	5	209	1e-23	97.4
scaffold30419	OTU_0238	29.69	192	99	7	6267	5776	10	193	4e-12	62.0
scaffold31326	OTU_0157	36.78	174	76	4	7404	6982	130	302	3e-17	79.0
scaffold31398	OTU_0016	82.09	67	12	0	421	621	204	270	5e-29	  114
scaffold31816	OTU_0141	98.10	315	6	0	7092	6148	1	315	0.0	  603
scaffold32559	OTU_0238	26.74	187	95	3	1559	2005	7	189	2e-12	62.8
scaffold32657	OTU_0225	100.00	313	0	0	265	1203	1	313	0.0	  639
scaffold32667	OTU_0104	31.19	218	106	5	2594	3139	28	237	1e-15	73.2
scaffold33022	OTU_0331	26.35	277	144	9	4597	3884	42	297	4e-11	60.1
scaffold33133	OTU_0246	33.77	305	149	10	5359	4556	14	302	2e-26	  107
scaffold33353	OTU_0287	29.90	311	164	11	3812	4642	12	302	2e-15	73.2
scaffold34082	OTU_0105	37.04	189	78	5	6848	6405	65	253	5e-22	93.2
scaffold34194	OTU_0303	65.13	195	68	0	6202	6786	1	195	1e-81	  269
scaffold35281	OTU_0229	33.33	183	83	6	2517	2083	26	207	2e-17	79.0
scaffold35491	OTU_0267	27.65	217	111	5	2788	2264	83	295	3e-16	75.5
scaffold35664	OTU_0229	34.24	184	84	5	1932	2372	26	209	4e-19	84.0
scaffold35735	OTU_0260	47.62	63	32	1	128	316	152	213	3e-12	62.4
scaffold35755	OTU_0132	31.16	199	98	7	5361	4873	107	302	2e-12	63.9
scaffold35835	OTU_0125	100.00	258	0	0	2555	3328	1	258	4e-162	  494
scaffold35868	OTU_0071	27.23	213	107	6	3084	3602	94	298	4e-14	69.3
scaffold35876	OTU_0093	32.67	300	155	8	4185	4976	15	303	5e-24	  100
scaffold35985	OTU_0104	32.46	228	112	10	789	211	24	244	3e-16	75.1
scaffold36433	OTU_0095	30.40	250	125	9	453	1076	59	301	5e-14	68.9
scaffold36879	OTU_0291	32.25	307	157	11	2225	3025	10	305	8e-25	  102
scaffold37285	OTU_0314	29.60	277	147	8	597	1313	36	302	4e-22	94.4
scaffold37579	OTU_0305	64.06	64	23	0	17	208	113	176	6e-19	82.4
scaffold38858	OTU_0114	34.72	193	71	11	4801	5271	4	177	4e-12	61.2
scaffold39289	OTU_0217	25.28	265	143	8	2255	1596	59	313	2e-13	67.0
scaffold39740	OTU_0260	30.49	223	120	9	5159	4581	7	224	2e-11	59.3
scaffold39872	OTU_0248	28.62	276	134	9	2283	2981	29	284	7e-13	65.1
scaffold39993	OTU_0284	32.34	235	136	5	720	67	72	300	2e-23	98.2
scaffold40233	OTU_0124	100.00	163	0	0	5940	5452	1	163	5e-109	  341
scaffold40413	OTU_0233	31.62	272	128	8	1625	924	52	303	2e-26	  107
scaffold40414	OTU_0218	32.31	229	114	6	1742	1161	89	311	8e-22	92.8
scaffold40576	OTU_0234	26.10	272	152	10	2768	2040	10	261	7e-15	52.8
scaffold40576	OTU_0234	55.56	36	16	0	2050	1943	263	298	7e-15	41.2
scaffold40819	OTU_0071	28.24	216	120	5	1145	597	83	296	5e-13	65.9
scaffold41035	OTU_0101	27.98	218	117	8	5217	5771	94	304	7e-12	62.4
scaffold41331	OTU_0351	35.39	178	73	4	535	128	27	204	1e-20	88.2
scaffold41546	OTU_0010	33.22	298	139	9	4195	4938	14	301	4e-25	  103
scaffold42249	OTU_0305	73.91	46	12	0	5721	5584	131	176	1e-16	75.5
scaffold42484	OTU_0246	31.38	188	98	6	2022	1546	122	307	2e-11	60.5
scaffold42867	OTU_0226	34.20	231	128	6	5287	4610	87	298	5e-18	80.9
scaffold43126	OTU_0203	67.86	56	18	0	2449	2616	97	152	1e-18	80.9
scaffold43348	OTU_0132	35.06	174	111	2	549	31	11	183	9e-23	95.9
scaffold43381	OTU_0157	25.85	325	155	10	3135	2269	28	302	6e-14	68.6
scaffold43487	OTU_0095	37.43	179	72	5	721	299	126	302	4e-18	80.9
scaffold43781	OTU_0059	30.80	224	111	9	924	349	33	244	1e-11	60.8
scaffold43968	OTU_0351	32.28	189	88	6	5089	5538	27	214	3e-16	74.7
scaffold43980	OTU_0132	32.05	156	70	4	2790	2425	155	308	4e-15	72.0
scaffold44229	OTU_0335	31.88	276	137	9	1865	2599	58	313	4e-22	94.0
scaffold44264	OTU_0260	32.69	208	95	5	2077	2589	11	210	4e-20	86.7
scaffold44489	OTU_0234	28.96	183	113	5	5045	5590	8	174	6e-12	62.4
scaffold44647	OTU_0126	35.17	236	104	7	608	18	70	295	2e-23	98.2
scaffold44647	OTU_0126	34.32	169	96	6	1629	1132	6	162	6e-12	62.4
scaffold44706	OTU_0067	26.76	299	180	11	2334	1522	18	305	2e-15	73.2
scaffold44841	OTU_0267	100.00	308	0	0	2119	3042	1	308	0.0	  636
scaffold45562	OTU_0078	29.52	210	110	2	3668	4198	6	210	1e-16	75.9
scaffold46055	OTU_0314	31.69	243	118	10	1543	2175	89	315	3e-15	72.4
scaffold46164	OTU_0106	29.89	261	125	9	4156	3527	46	299	7e-20	86.7
scaffold46167	OTU_0229	35.21	213	88	5	2335	2844	4	209	2e-20	87.8
scaffold46497	OTU_0335	33.11	302	162	4	158	946	14	314	4e-39	  145
scaffold46597	OTU_0341	26.27	316	160	12	1047	229	16	301	1e-14	70.5
scaffold46717	OTU_0210	67.82	87	28	0	856	596	145	231	2e-52	  120
scaffold46717	OTU_0210	69.70	66	20	0	594	397	232	297	2e-52	99.8
scaffold46912	OTU_0105	34.56	217	87	5	510	7	33	243	3e-24	99.4
scaffold47733	OTU_0031	32.95	258	122	7	230	904	73	312	7e-25	  102
scaffold47838	OTU_0265	53.70	54	25	0	19	180	130	183	8e-12	60.1
scaffold48295	OTU_0196	27.23	224	117	7	595	14	93	300	1e-13	67.8
scaffold48658	OTU_0043	29.64	253	118	10	2677	3309	75	309	1e-16	76.6
scaffold48678	OTU_0303	29.11	316	160	9	3288	2452	13	301	2e-22	95.1
scaffold48841	OTU_0126	37.22	180	78	3	3282	3716	116	295	3e-21	90.9
scaffold49272	OTU_0084	31.71	123	59	3	2605	2925	58	171	6e-11	57.4
scaffold49299	OTU_0192	56.25	64	28	0	3779	3970	32	95	4e-16	72.0
scaffold49531	OTU_0132	35.45	189	75	5	2898	2452	121	302	9e-19	83.2
scaffold50114	OTU_0225	29.76	289	148	7	3371	2610	29	297	1e-16	76.3
scaffold50227	OTU_0140	52.17	69	33	0	2304	2510	230	298	4e-17	77.8
scaffold50340	OTU_0239	29.95	197	91	6	476	3	86	274	6e-11	59.3
scaffold51071	OTU_0229	33.51	185	79	3	4913	4488	26	209	1e-19	85.1
scaffold51477	OTU_0229	37.85	214	86	6	1213	1731	2	209	8e-17	76.3
scaffold51588	OTU_0155	28.29	304	163	9	1789	995	13	300	1e-24	  101
scaffold51616	OTU_0095	33.44	311	142	11	85	882	14	304	2e-24	  100
scaffold52036	OTU_0001	37.54	317	141	10	2143	2958	10	314	5e-42	  153
scaffold54107	OTU_0306	31.52	184	96	7	1539	997	9	165	2e-15	71.2
scaffold54550	OTU_0119	36.36	209	83	7	1558	1052	106	304	3e-22	93.6
scaffold54550	OTU_0119	31.58	209	79	7	2728	2261	107	304	7e-17	77.0
scaffold54917	OTU_0300	31.66	199	92	4	519	983	31	229	1e-14	69.3
scaffold55018	OTU_0079	32.18	317	148	9	2142	2951	4	300	7e-28	  111
scaffold55018	OTU_0079	31.95	266	124	7	1369	2040	52	302	4e-18	80.9
scaffold55064	OTU_0203	56.45	62	27	0	4619	4434	94	155	9e-17	75.1
scaffold55383	OTU_0175	27.56	254	133	6	1632	2276	61	302	2e-18	82.0
scaffold55583	OTU_0175	27.49	211	123	6	4486	3941	93	302	8e-12	61.6
scaffold56471	OTU_0203	38.24	102	50	4	3638	3931	57	149	2e-11	58.5
scaffold56523	OTU_0198	34.42	276	133	10	1571	2284	39	304	1e-23	98.6
scaffold56937	OTU_0107	31.45	318	163	10	726	1559	1	303	8e-25	  102
scaffold56937	OTU_0107	31.38	188	77	5	205	633	121	301	1e-15	73.2
scaffold57000	OTU_0282	29.19	185	89	3	788	360	3	187	7e-14	66.6
scaffold57120	OTU_0241	31.63	196	89	6	1061	603	66	259	5e-12	62.0
scaffold57342	OTU_0233	33.65	211	97	5	4591	4064	101	303	1e-22	95.1
scaffold57443	OTU_0155	34.62	182	86	5	3299	3745	121	302	4e-24	99.8
scaffold57631	OTU_0140	28.25	308	168	11	1013	192	10	298	3e-22	94.0
scaffold57708	OTU_0229	35.98	189	85	6	2172	1714	21	209	1e-19	84.7
scaffold58061	OTU_0266	29.75	316	158	13	1337	510	10	301	4e-22	93.2
scaffold58746	OTU_0234	31.16	276	138	8	2619	3335	41	301	3e-17	77.8
scaffold59246	OTU_0105	34.26	251	105	9	2409	3005	1	243	4e-21	89.7
scaffold60714	OTU_0042	34.64	179	79	6	1713	1288	124	301	1e-18	82.0
scaffold60869	OTU_0067	30.00	300	162	9	3476	2688	15	303	2e-27	  110
scaffold61845	OTU_0044	35.45	220	104	2	374	922	86	304	3e-29	  115
scaffold61915	OTU_0101	83.83	303	48	1	1849	2757	15	316	2e-174	  521
scaffold61921	OTU_0260	34.63	205	90	6	2227	1724	16	213	2e-20	87.4
scaffold62370	OTU_0320	34.18	316	167	8	432	1262	2	315	2e-38	  142
scaffold62632	OTU_0191	45.83	168	83	5	3803	4294	2	165	6e-31	  119
scaffold62723	OTU_0229	32.14	224	95	6	4194	3634	6	209	3e-22	92.8
scaffold63747	OTU_0127	32.77	177	71	2	3462	3848	1	177	3e-17	76.6
scaffold64008	OTU_0335	34.77	256	127	7	1461	790	56	303	1e-28	  113
scaffold64644	OTU_0243	27.30	282	152	10	2943	2209	39	304	6e-12	62.0
scaffold64748	OTU_0096	52.73	55	25	1	132	293	118	172	2e-11	58.5
scaffold65101	OTU_0234	27.55	323	169	12	3886	3038	2	299	1e-14	70.1
scaffold65677	OTU_0291	29.81	312	161	8	2481	3308	12	301	5e-19	83.6
scaffold65724	OTU_0266	33.89	298	148	10	636	1418	16	301	7e-28	  111
scaffold65812	OTU_0121	30.22	268	138	8	1202	1891	45	301	3e-26	  105
scaffold65894	OTU_0142	50.00	278	137	2	4143	3310	31	306	2e-55	  191
scaffold66521	OTU_0105	34.94	249	111	8	3154	2528	1	238	4e-17	77.0
scaffold67981	OTU_0155	31.95	266	129	10	1326	2030	58	302	3e-21	90.5
scaffold68553	OTU_0335	36.62	314	154	7	1988	2797	2	314	1e-45	  164
scaffold69117	OTU_0031	30.42	240	114	9	2474	3079	86	310	3e-18	80.9
scaffold69520	OTU_0320	35.03	177	79	5	1823	1401	126	302	5e-17	77.4
scaffold70810	OTU_0243	30.35	201	98	7	3924	3418	124	314	9e-11	58.2
scaffold71052	OTU_0171	29.04	303	161	6	1593	787	3	285	1e-16	75.9
scaffold71212	OTU_0079	34.21	228	102	8	1215	1781	75	293	5e-19	83.2
scaffold71333	OTU_0043	28.65	185	89	4	2956	3381	120	304	5e-19	83.6
scaffold71971	OTU_0249	29.18	257	137	8	855	196	20	268	4e-14	67.8
scaffold72364	OTU_0031	31.39	223	110	8	1897	1334	86	300	3e-18	80.9
scaffold72369	OTU_0020	28.91	294	172	10	2183	2968	8	296	2e-17	78.2
scaffold72705	OTU_0229	32.57	218	97	5	3802	3269	2	209	9e-20	84.7
scaffold72929	OTU_0171	26.79	280	143	10	2922	3635	28	287	2e-12	62.8
scaffold73768	OTU_0317	33.95	215	96	12	3045	3599	102	300	7e-14	67.8
scaffold73781	OTU_0260	27.57	214	102	7	2984	2436	16	207	2e-11	58.9
scaffold73985	OTU_0072	30.90	301	152	11	2056	2838	16	300	5e-23	95.9
scaffold74145	OTU_0005	51.85	54	26	0	3	164	59	112	3e-12	60.5
scaffold75513	OTU_0025	30.52	213	95	8	2345	1836	101	303	1e-11	60.8
scaffold75886	OTU_0274	27.49	211	134	4	2292	1708	6	213	9e-12	59.7
scaffold76014	OTU_0161	41.57	89	35	3	2947	3180	101	183	2e-11	58.5
scaffold76053	OTU_0151	30.32	310	155	12	846	1664	17	302	6e-22	92.4
scaffold76222	OTU_0150	30.18	222	98	7	3096	2563	15	223	2e-13	65.1
scaffold76422	OTU_0335	66.13	62	21	0	183	368	242	303	4e-20	86.7
scaffold76499	OTU_0233	30.30	264	134	8	2625	3308	51	300	2e-14	68.9
scaffold76504	OTU_0250	28.21	273	148	7	2656	3369	42	301	3e-14	68.9
scaffold76553	OTU_0262	31.49	181	85	2	1482	1910	20	199	5e-19	82.4
scaffold77242	OTU_0108	99.68	314	1	0	3440	2499	1	314	0.0	  643
scaffold77334	OTU_0095	31.93	238	109	9	1160	576	75	302	9e-17	76.3
scaffold77461	OTU_0287	35.10	302	145	9	2140	1349	14	302	5e-32	  123
scaffold77529	OTU_0229	29.84	191	102	8	431	928	25	208	1e-13	65.9
scaffold77560	OTU_0126	31.53	203	80	7	3015	2566	97	293	5e-12	62.0
scaffold77841	OTU_0217	34.12	255	116	7	2790	2137	73	312	2e-21	91.3
scaffold78092	OTU_0351	34.74	190	92	4	2004	1531	23	212	2e-23	95.5
scaffold78251	OTU_0105	37.78	180	62	5	1631	2023	65	243	1e-22	94.0
scaffold78251	OTU_0105	36.59	205	86	7	2379	2882	46	243	4e-20	86.3
scaffold78333	OTU_0100	72.29	314	87	0	1915	2856	1	314	5e-148	  446
scaffold78911	OTU_0341	28.16	309	162	10	1155	343	12	298	6e-22	92.4
scaffold79054	OTU_0267	27.04	307	171	8	2052	2879	9	293	6e-15	70.9
scaffold79103	OTU_0150	34.58	214	98	6	1400	1933	7	214	3e-23	95.5
scaffold80162	OTU_0126	33.51	188	83	6	3278	2817	114	293	1e-12	63.5
scaffold80280	OTU_0153	62.77	137	51	0	1915	2325	180	316	1e-52	  183
scaffold80396	OTU_0198	28.43	313	166	8	2449	3279	11	301	2e-17	78.2
scaffold80732	OTU_0121	29.25	294	142	10	755	3	16	286	1e-13	67.0
scaffold81411	OTU_0265	72.09	43	12	0	181	309	133	175	4e-15	70.1
scaffold81832	OTU_0132	34.23	298	157	7	2788	2009	19	315	2e-38	  142
scaffold81835	OTU_0013	29.27	205	105	4	810	298	103	301	4e-12	62.0
scaffold81878	OTU_0043	29.35	184	80	5	426	1	96	271	1e-14	69.7
scaffold81999	OTU_0229	36.96	184	77	6	3324	2890	26	209	6e-19	82.0
scaffold82288	OTU_0224	34.09	176	81	6	2454	2882	2	175	2e-18	80.1
scaffold82606	OTU_0303	35.47	172	75	4	739	1146	130	301	1e-21	91.3
scaffold82635	OTU_0203	61.82	55	21	0	76	240	98	152	5e-15	69.3
scaffold83050	OTU_0238	29.05	179	87	5	2747	3163	12	190	1e-12	62.4
scaffold84038	OTU_0031	31.82	220	104	4	1189	641	90	300	8e-23	95.1
scaffold84906	OTU_0339	64.41	59	21	0	34	210	243	301	2e-16	75.1
scaffold85076	OTU_0107	29.88	328	163	13	1015	155	2	303	3e-21	90.1
scaffold85242	OTU_0339	33.96	212	92	8	682	1200	102	304	7e-21	89.0
scaffold85906	OTU_0144	36.77	310	141	10	112	900	13	314	2e-34	  130
scaffold86099	OTU_0246	31.85	314	139	14	2514	3314	17	302	2e-21	90.5
scaffold86177	OTU_0001	29.21	315	172	9	1052	210	4	301	1e-15	73.2
scaffold86990	OTU_0246	32.08	293	141	8	958	200	28	302	1e-20	88.2
scaffold87166	OTU_0119	30.69	303	141	14	3313	2555	18	301	9e-24	98.2
scaffold87718	OTU_0042	36.24	298	143	8	437	1195	19	314	1e-40	  148
scaffold87966	OTU_0199	82.35	34	6	0	3115	3216	3	36	8e-13	63.2
scaffold88013	OTU_0129	34.78	184	80	5	2828	2391	85	266	2e-20	87.0
scaffold88334	OTU_0155	29.72	323	166	11	80	940	3	300	5e-24	99.0
scaffold88417	OTU_0331	26.50	234	138	7	1682	1068	72	300	9e-11	57.8
scaffold89033	OTU_0150	31.07	206	104	5	2520	2011	11	214	2e-13	64.7
scaffold89152	OTU_0246	39.77	176	69	6	3278	2862	127	302	3e-20	86.7
scaffold89870	OTU_0196	29.91	331	164	11	2031	2915	2	300	3e-30	  117
scaffold90610	OTU_0140	33.87	313	148	9	2700	1915	7	311	5e-35	  132
scaffold90730	OTU_0103	29.52	227	116	7	1544	2125	83	298	2e-11	60.1
scaffold91170	OTU_0155	33.79	219	103	7	130	678	88	300	1e-23	97.4
scaffold91547	OTU_0305	72.73	44	12	0	496	627	132	175	8e-17	74.7
scaffold91557	OTU_0241	35.75	221	93	5	2692	3222	63	278	7e-29	  107
scaffold91557	OTU_0241	31.37	51	35	0	2510	2662	1	51	7e-29	32.7
scaffold91682	OTU_0229	30.98	184	92	5	2606	3052	26	209	3e-11	58.2
scaffold91800	OTU_0057	100.00	316	0	0	2208	3155	1	316	0.0	  645
scaffold92380	OTU_0217	33.02	212	97	6	1338	1862	95	298	3e-22	93.2
scaffold92809	OTU_0226	27.33	300	170	6	498	1286	13	301	6e-18	79.7
scaffold92809	OTU_0226	50.00	66	31	1	133	324	233	298	1e-14	69.7
scaffold93090	OTU_0267	31.98	247	125	11	2405	3049	60	295	2e-22	93.6
scaffold93856	OTU_0126	34.44	180	70	3	948	1343	116	295	2e-21	90.9
scaffold93856	OTU_0126	34.45	209	89	6	1753	2262	96	295	4e-20	86.7
scaffold93875	OTU_0210	68.70	131	34	1	2533	2162	86	216	3e-74	  152
scaffold93875	OTU_0210	88.89	72	8	0	2160	1945	243	314	3e-74	  139
scaffold93968	OTU_0265	67.39	46	15	0	740	603	130	175	3e-14	67.0
scaffold94067	OTU_0012	30.89	191	106	5	2444	2941	14	203	1e-19	83.6
scaffold94792	OTU_0140	34.55	165	81	3	2071	2484	122	286	4e-18	80.1
scaffold95293	OTU_0020	78.66	314	67	0	3062	2121	1	314	5e-176	  515
scaffold95375	OTU_0012	50.98	51	25	0	660	508	141	191	2e-11	58.2
scaffold95654	OTU_0319	30.68	176	80	4	1054	1461	87	260	1e-13	65.9
scaffold96092	OTU_0076	32.13	305	154	11	3158	2355	13	301	3e-29	  114
scaffold96145	OTU_0189	33.86	254	117	8	1981	1331	74	313	3e-24	99.4
scaffold96285	OTU_0150	28.04	189	93	5	1825	2295	34	211	9e-11	56.6
scaffold96666	OTU_0196	35.20	125	74	3	1078	1452	183	300	9e-11	57.8
scaffold97686	OTU_0267	26.72	262	138	10	1820	2500	52	294	2e-13	65.9
scaffold98390	OTU_0234	82.76	87	15	0	841	581	1	87	1e-43	  157
scaffold98390	OTU_0234	71.43	42	12	0	583	458	273	314	3e-14	68.6
scaffold98551	OTU_0299	35.42	96	50	2	587	306	80	165	3e-11	57.4
scaffold98573	OTU_0246	33.47	251	121	7	1667	1026	61	302	1e-19	85.1
scaffold98749	OTU_0229	41.86	215	81	9	95	628	2	209	7e-25	99.8
scaffold99087	OTU_0233	35.76	302	149	7	2600	1827	16	316	1e-41	  150
scaffold99325	OTU_0351	35.85	212	90	6	506	1027	2	205	5e-25	  100
scaffold100454	OTU_0341	35.53	197	82	7	2560	2099	107	301	2e-20	87.0
scaffold100788	OTU_0198	24.68	316	203	9	798	1676	11	314	2e-11	59.7
scaffold101055	OTU_0137	24.10	307	163	9	785	15	19	305	6e-15	70.5
scaffold101545	OTU_0290	100.00	232	0	0	698	3	1	232	3e-147	  437
scaffold102746	OTU_0020	34.33	268	128	11	2379	1690	44	301	2e-26	  105
scaffold103375	OTU_0248	29.57	301	152	10	1048	1797	1	292	5e-23	95.5
scaffold104395	OTU_0210	31.83	311	164	8	1508	2329	2	301	2e-26	  106
scaffold104614	OTU_0072	49.39	326	152	4	2736	1762	1	314	1e-88	  283
scaffold105363	OTU_0001	24.29	177	92	4	2354	2761	125	300	4e-11	58.9
scaffold105746	OTU_0315	70.27	37	11	0	843	733	73	109	3e-12	59.7
scaffold106757	OTU_0155	35.67	300	149	7	2601	1831	2	300	1e-42	  153
scaffold107410	OTU_0105	29.11	237	118	7	807	226	8	237	2e-12	62.0
scaffold107688	OTU_0021	41.67	72	42	0	2247	2462	192	263	2e-13	64.7
scaffold108421	OTU_0229	38.92	185	77	7	2314	2760	26	210	1e-24	99.0
scaffold110100	OTU_0140	74.07	54	14	0	400	561	1	54	3e-21	89.7
scaffold110215	OTU_0275	55.38	65	29	0	1358	1552	75	139	9e-18	77.0
scaffold110924	OTU_0023	38.14	215	94	10	2866	2318	96	303	4e-22	92.4
scaffold111098	OTU_0305	56.45	62	26	1	2805	2623	112	173	1e-16	74.3
scaffold111790	OTU_0260	29.58	213	106	8	562	1083	5	212	5e-15	69.7
scaffold111877	OTU_0175	28.52	270	142	10	696	1	14	270	8e-14	67.0
scaffold115099	OTU_0305	61.19	67	25	1	1143	946	107	173	5e-17	75.1
scaffold115264	OTU_0335	62.07	58	22	0	389	216	1	58	2e-25	87.0
scaffold115264	OTU_0335	53.85	39	18	0	177	61	72	110	2e-25	42.0
scaffold115348	OTU_0301	34.72	216	89	5	1813	2328	91	298	3e-18	80.1
scaffold115708	OTU_0270	79.25	53	11	0	2529	2687	1	53	1e-21	90.1
scaffold115922	OTU_0208	99.36	314	2	0	1006	65	2	315	0.0	  644
scaffold116995	OTU_0126	36.19	210	97	5	1565	1026	93	295	1e-22	94.0
scaffold117393	OTU_0314	35.20	179	72	5	2319	2732	127	302	4e-13	65.1
scaffold117587	OTU_0218	33.87	313	148	9	368	1162	15	316	4e-36	  134
scaffold117759	OTU_0341	46.00	100	43	2	49	321	217	314	8e-21	88.6
scaffold117795	OTU_0271	99.63	271	1	0	2754	1942	44	314	3e-151	  447
scaffold118438	OTU_0300	50.91	55	26	1	326	165	174	228	8e-11	57.0
scaffold118452	OTU_0217	31.87	182	117	4	340	867	1	181	4e-30	74.3
scaffold118452	OTU_0217	36.89	103	56	1	843	1151	220	313	4e-30	70.1
scaffold118523	OTU_0217	28.82	229	115	6	1342	1923	85	300	9e-13	63.9
scaffold118861	OTU_0155	36.10	313	158	6	591	1406	2	313	9e-54	  185
scaffold118988	OTU_0141	68.63	51	16	0	3	155	254	304	5e-17	76.6
scaffold119484	OTU_0155	31.67	221	109	6	1760	1206	88	302	4e-23	95.5
scaffold120053	OTU_0246	33.86	319	152	12	2558	1752	3	312	1e-37	  139
scaffold121089	OTU_0021	37.74	106	42	4	18	281	152	251	6e-11	57.8
scaffold121854	OTU_0229	35.51	214	94	8	1738	2268	3	209	2e-19	83.6
scaffold122852	OTU_0305	59.68	62	24	1	209	391	112	173	1e-17	77.0
scaffold123015	OTU_0042	35.84	173	67	8	397	5	125	295	5e-14	67.8
scaffold123031	OTU_0266	32.80	314	146	13	628	1449	13	301	2e-23	96.3
scaffold123212	OTU_0037	23.97	292	172	8	2001	1237	24	302	5e-11	58.5
scaffold123269	OTU_0248	100.00	297	0	0	1936	1046	1	297	0.0	  568
scaffold124182	OTU_0181	71.95	82	23	0	2412	2657	5	86	1e-36	  132
scaffold124397	OTU_0351	34.86	218	100	6	56	601	2	213	8e-24	96.3
scaffold124424	OTU_0116	99.36	314	2	0	212	1153	1	314	0.0	  635
scaffold124617	OTU_0095	36.44	236	107	7	11	616	76	302	7e-23	94.7
scaffold125589	OTU_0031	37.02	181	78	4	1976	2410	121	301	1e-23	97.1
scaffold126923	OTU_0217	34.27	178	96	7	533	6	20	178	1e-15	72.4
scaffold127455	OTU_0238	28.34	187	92	4	2555	2109	7	189	5e-13	63.2
scaffold127557	OTU_0155	29.59	294	146	12	979	1713	19	300	4e-15	70.9
scaffold127987	OTU_0287	33.23	310	142	15	2058	1252	20	305	4e-21	89.0
scaffold128914	OTU_0095	33.33	312	141	8	2181	1372	16	302	2e-27	  108
scaffold128914	OTU_0095	30.23	311	155	7	1099	299	10	302	5e-25	  101
scaffold129936	OTU_0140	33.77	308	160	8	197	991	5	311	2e-34	  129
scaffold130584	OTU_0351	35.16	182	82	3	1904	1467	23	204	6e-23	93.6
scaffold131578	OTU_0314	53.25	77	34	2	2128	1901	227	302	7e-14	67.0
scaffold132320	OTU_0171	34.55	191	105	7	1939	2505	3	175	2e-17	77.4
scaffold132898	OTU_0303	34.41	279	143	10	691	1440	34	301	9e-28	  109
scaffold133091	OTU_0015	29.21	178	85	6	463	876	123	299	8e-13	63.9
scaffold133191	OTU_0107	36.10	313	150	8	83	883	5	313	1e-42	  153
scaffold133807	OTU_0127	31.40	172	74	5	1	384	6	177	1e-11	58.2
scaffold134329	OTU_0010	31.16	292	140	10	245	994	41	313	6e-21	88.6
scaffold134337	OTU_0121	28.16	277	148	8	1130	1846	38	301	1e-12	63.2
scaffold134983	OTU_0317	24.33	300	180	9	1408	617	19	307	1e-15	72.4
scaffold136189	OTU_0335	36.68	319	151	7	184	1002	1	314	5e-50	  174
scaffold139288	OTU_0260	35.78	204	87	7	1840	1340	16	212	3e-22	91.7
scaffold139288	OTU_0260	61.54	39	15	0	2321	2205	172	210	4e-11	57.4
scaffold139522	OTU_0185	80.43	276	54	0	1632	2459	2	277	2e-125	  377
scaffold139714	OTU_0229	28.23	209	114	5	503	1024	4	211	2e-15	70.9
scaffold140116	OTU_0305	73.91	46	12	0	154	291	130	175	2e-17	76.3
scaffold140187	OTU_0262	35.36	181	78	5	2261	1833	20	199	4e-19	82.0
scaffold140206	OTU_0229	37.38	214	92	4	1846	1310	6	212	2e-30	  115
scaffold140544	OTU_0155	27.83	212	105	7	1719	1222	104	313	4e-11	58.5
scaffold141435	OTU_0150	35.80	176	74	5	1104	691	40	214	9e-20	84.0
scaffold141533	OTU_0266	36.74	215	100	4	737	183	93	301	1e-19	84.3
scaffold142184	OTU_0246	32.84	204	124	9	1142	1720	102	303	3e-13	65.5
scaffold142356	OTU_0173	32.11	299	150	9	2158	1376	19	302	4e-23	95.5
scaffold142415	OTU_0305	73.53	34	9	0	82	183	140	173	1e-11	58.2
scaffold142831	OTU_0217	32.94	255	133	6	806	129	55	300	1e-28	  112
scaffold145291	OTU_0336	32.39	176	80	7	851	1273	13	184	4e-11	57.0
scaffold145307	OTU_0226	30.99	242	114	10	1098	1742	84	299	3e-12	62.0
scaffold145402	OTU_0088	50.79	63	27	1	2330	2142	255	313	2e-12	62.4
scaffold145590	OTU_0137	34.21	266	122	12	1074	1754	51	302	1e-24	  100
scaffold147214	OTU_0150	33.96	212	82	7	1068	1571	17	214	1e-20	86.3
scaffold147657	OTU_0335	63.93	61	22	0	4	186	254	314	3e-19	83.2
scaffold149712	OTU_0137	31.30	230	134	7	1276	1908	91	315	7e-16	73.2
scaffold151284	OTU_0284	30.66	274	143	10	2047	1334	41	303	3e-22	92.4
scaffold151419	OTU_0173	30.34	178	91	5	1506	1069	125	301	1e-13	65.9
scaffold152074	OTU_0006	36.90	84	47	2	1375	1139	217	299	8e-11	57.4
scaffold152598	OTU_0020	28.41	264	127	9	1399	755	51	301	2e-21	90.1
scaffold154137	OTU_0265	68.18	44	14	0	176	307	135	178	6e-14	65.5
scaffold154197	OTU_0126	27.27	308	170	12	1083	1904	5	292	2e-13	65.9
scaffold154357	OTU_0105	37.22	180	77	5	570	139	64	243	6e-20	84.7
scaffold154357	OTU_0105	70.27	37	11	0	1121	1011	207	243	6e-12	60.1
scaffold155012	OTU_0197	66.67	42	14	0	241	366	134	175	2e-14	66.6
scaffold155372	OTU_0196	30.22	182	82	8	556	981	124	300	2e-11	59.3
scaffold155721	OTU_0317	25.91	301	163	11	15	794	19	300	5e-11	58.2
scaffold155791	OTU_0314	33.99	153	61	4	1262	1600	152	304	4e-12	61.6
scaffold158754	OTU_0198	33.66	205	92	7	1746	2249	107	304	7e-22	91.3
scaffold160652	OTU_0192	38.67	75	45	1	1359	1580	18	92	1e-10	54.7
scaffold160733	OTU_0176	38.14	215	91	8	1535	2071	4	212	4e-22	90.9
scaffold160929	OTU_0048	32.30	161	103	3	476	3	1	158	5e-19	82.4
scaffold160961	OTU_0012	27.08	144	80	3	1483	1839	18	161	1e-12	48.5
scaffold160961	OTU_0012	42.22	45	25	1	1835	1969	160	203	1e-12	37.0
scaffold161520	OTU_0317	25.51	247	155	7	1416	733	78	314	7e-13	63.9
scaffold161748	OTU_0072	32.01	303	171	5	909	1715	2	303	8e-35	  130
scaffold162015	OTU_0229	34.16	202	94	5	1725	2216	9	209	3e-23	94.4
scaffold162215	OTU_0079	32.13	305	141	11	1444	2226	14	296	8e-20	84.7
scaffold162452	OTU_0131	29.43	265	133	9	827	147	10	258	3e-14	67.0
scaffold163909	OTU_0229	35.21	213	92	5	1357	1887	7	209	3e-22	90.9
scaffold164518	OTU_0021	46.97	66	33	2	1504	1310	188	252	1e-11	59.3
scaffold166071	OTU_0260	35.07	211	95	7	451	975	8	212	4e-19	81.6
scaffold166533	OTU_0155	31.05	248	117	11	1547	2176	69	300	1e-18	81.3
scaffold167256	OTU_0107	95.62	160	4	1	1703	2182	4	160	1e-82	  262
scaffold167256	OTU_0107	44.71	85	47	0	1415	1669	1	85	3e-13	64.7
scaffold167797	OTU_0196	26.39	269	158	10	1253	1966	42	301	5e-13	64.3
scaffold168641	OTU_0291	30.62	307	159	11	1166	348	13	299	9e-13	63.5
scaffold168744	OTU_0093	31.33	300	156	10	1188	1979	18	303	6e-28	  109
scaffold169029	OTU_0126	31.77	299	156	8	1776	991	10	297	6e-32	  121
scaffold169371	OTU_0341	29.63	270	142	8	1250	1936	39	301	3e-25	  101
scaffold169672	OTU_0171	30.51	272	132	10	1463	2161	3	256	5e-18	79.0
scaffold169936	OTU_0105	35.75	179	70	7	255	668	66	240	1e-17	77.8
scaffold170845	OTU_0155	29.93	274	139	8	1132	1842	40	297	6e-20	85.1
scaffold171124	OTU_0189	37.11	194	107	5	1315	1866	125	313	2e-19	83.6
scaffold171181	OTU_0227	34.85	307	155	6	1252	461	11	315	1e-44	  157
scaffold171400	OTU_0341	27.33	311	167	16	826	8	11	300	1e-13	65.9
scaffold172797	OTU_0129	29.39	279	138	8	1247	1954	4	266	3e-27	  107
scaffold173181	OTU_0229	29.78	225	97	8	1879	1337	7	214	7e-13	62.4
scaffold173451	OTU_0097	26.74	273	152	9	1073	345	42	296	1e-12	63.2
scaffold173936	OTU_0198	35.05	214	97	6	1755	1222	102	309	4e-23	95.1
scaffold174031	OTU_0274	39.80	196	86	4	2126	1632	10	204	9e-29	  110
scaffold175009	OTU_0266	34.18	275	130	8	869	162	39	301	3e-23	95.5
scaffold175464	OTU_0226	29.43	316	156	12	1977	1171	1	296	2e-17	77.4
scaffold177179	OTU_0226	30.64	297	158	6	1176	1946	10	298	2e-26	  104
scaffold177212	OTU_0305	67.27	55	18	0	4	168	119	173	5e-19	80.5
scaffold177835	OTU_0320	26.46	257	119	8	722	96	68	302	1e-11	60.1
scaffold178691	OTU_0262	32.04	181	91	6	1100	1549	20	199	6e-15	68.6
scaffold179701	OTU_0022	26.01	323	186	12	239	1111	9	310	2e-14	68.2
scaffold180516	OTU_0145	29.33	300	156	13	849	1640	19	298	3e-12	61.6
scaffold182038	OTU_0106	50.00	56	26	1	997	830	251	304	2e-11	58.9
scaffold182434	OTU_0286	70.83	144	42	0	711	1142	1	144	2e-64	  207
scaffold182464	OTU_0173	31.85	270	133	9	1212	1904	57	314	8e-18	78.6
scaffold182707	OTU_0203	75.00	40	10	0	1851	1970	113	152	1e-14	67.0
scaffold184012	OTU_0314	28.79	257	119	9	896	1480	47	301	4e-12	61.2
scaffold184240	OTU_0030	26.45	310	175	10	1672	860	16	311	1e-15	72.0
scaffold185281	OTU_0155	28.20	266	144	9	773	81	47	300	7e-20	84.7
scaffold185366	OTU_0218	39.05	105	64	0	35	349	198	302	8e-17	75.5
scaffold185449	OTU_0203	69.77	43	13	0	1897	1769	113	155	2e-15	69.3
scaffold187787	OTU_0283	32.09	134	89	2	1912	1517	3	136	1e-10	57.0
scaffold188751	OTU_0300	52.27	44	21	0	1159	1290	191	234	6e-11	56.6
scaffold190636	OTU_0095	37.82	238	104	9	1338	736	76	306	7e-23	94.0
scaffold191034	OTU_0176	29.17	216	103	7	1296	781	3	212	1e-17	77.4
scaffold191379	OTU_0078	29.38	177	92	1	1955	1524	34	210	8e-15	68.2
scaffold191455	OTU_0258	28.42	183	93	5	1262	825	121	302	9e-11	57.0
scaffold192824	OTU_0339	36.77	223	95	8	733	1287	90	304	1e-23	96.3
scaffold193772	OTU_0267	28.83	274	158	13	1639	896	37	299	1e-18	80.9
scaffold195394	OTU_0212	29.04	303	159	11	502	1293	17	302	1e-15	72.0
scaffold196804	OTU_0295	33.55	304	151	9	984	181	14	302	9e-30	  114
scaffold197220	OTU_0246	35.45	220	101	5	926	1480	89	302	1e-19	84.3
scaffold197670	OTU_0225	37.02	181	73	5	1570	1148	121	300	7e-21	87.8
scaffold198141	OTU_0162	50.56	89	39	1	1919	1653	220	303	1e-18	80.9
scaffold199336	OTU_0037	28.91	211	101	7	984	457	101	297	3e-11	58.5
scaffold200690	OTU_0182	29.54	237	147	6	648	1304	56	290	7e-13	63.5
scaffold201143	OTU_0155	36.03	297	146	8	35	796	8	303	2e-42	  150
scaffold201601	OTU_0105	37.50	184	77	6	1640	1200	61	243	4e-23	94.0
scaffold202730	OTU_0200	37.64	178	72	5	1538	1119	125	301	8e-21	87.4
scaffold202740	OTU_0198	29.65	317	156	17	239	1072	13	301	3e-16	73.9
scaffold203131	OTU_0020	37.91	211	89	9	1016	492	97	301	7e-26	  102
scaffold203434	OTU_0043	50.00	42	21	0	652	527	257	298	7e-13	51.6
scaffold203434	OTU_0043	24.02	229	142	10	1344	688	10	216	7e-13	33.9
scaffold203487	OTU_0105	36.08	194	77	8	1816	1352	55	240	8e-19	80.9
scaffold204072	OTU_0052	29.43	265	135	7	67	738	44	297	2e-21	89.4
scaffold204325	OTU_0260	29.28	222	98	9	1747	1232	1	213	3e-11	57.4
scaffold205059	OTU_0155	30.40	227	115	8	768	1340	83	302	4e-25	  100
scaffold205426	OTU_0173	69.86	73	22	0	1486	1704	243	315	5e-26	  103
scaffold205952	OTU_0126	100.00	308	0	0	1608	685	1	308	0.0	  588
scaffold208516	OTU_0229	33.15	184	91	4	199	654	26	209	2e-16	72.8
scaffold208865	OTU_0021	44.83	58	32	0	389	216	197	254	5e-11	57.0
scaffold209183	OTU_0229	35.48	186	67	6	1249	1653	26	209	2e-13	63.5
scaffold209796	OTU_0229	36.32	212	93	7	732	1259	7	212	8e-23	92.4
scaffold210092	OTU_0020	34.23	260	124	12	12	683	53	301	2e-23	95.9
scaffold210754	OTU_0283	29.91	214	104	8	929	384	103	302	8e-11	57.0
scaffold210952	OTU_0001	34.67	274	122	14	151	858	47	301	2e-16	74.3
scaffold212271	OTU_0155	27.42	248	135	6	115	753	63	300	9e-21	87.4
scaffold212435	OTU_0121	49.12	57	28	1	480	310	246	301	9e-11	57.0
scaffold212759	OTU_0150	31.46	213	107	8	732	1265	15	223	6e-14	65.5
scaffold212960	OTU_0230	100.00	314	0	0	641	1582	1	314	0.0	  558
scaffold214515	OTU_0217	34.24	257	114	8	923	1579	73	312	2e-27	  107
scaffold214671	OTU_0339	29.01	293	141	10	1720	992	23	298	1e-22	93.2
scaffold214935	OTU_0307	32.60	319	152	11	690	1523	5	301	8e-15	69.3
scaffold215541	OTU_0031	29.62	314	160	10	1141	341	1	300	2e-23	95.5
scaffold215868	OTU_0335	31.31	214	101	6	923	1444	94	301	4e-19	82.0
scaffold215870	OTU_0115	48.19	83	34	1	102	323	89	171	4e-18	77.4
scaffold216017	OTU_0052	30.89	191	83	8	80	556	129	302	1e-11	60.1
scaffold216344	OTU_0335	36.24	229	108	7	1682	1092	81	303	2e-26	  104
scaffold217569	OTU_0305	82.50	40	7	0	205	324	132	171	5e-16	71.2
scaffold218974	OTU_0068	73.68	38	10	0	3	116	111	148	1e-12	60.8
scaffold219270	OTU_0157	32.47	231	101	9	819	238	90	302	8e-21	87.4
scaffold219463	OTU_0105	34.11	258	108	11	844	197	3	240	8e-14	65.5
scaffold219610	OTU_0126	34.92	189	75	3	557	135	107	295	2e-23	95.1
scaffold220812	OTU_0179	48.75	80	37	1	67	306	211	286	3e-16	73.6
scaffold221745	OTU_0030	24.54	216	132	6	4	564	94	307	6e-11	57.4
scaffold221939	OTU_0031	33.20	256	122	8	1042	1692	55	300	4e-24	97.4
scaffold223062	OTU_0206	31.77	299	158	8	1058	267	16	303	2e-28	  110
scaffold223458	OTU_0341	41.23	114	55	3	1796	1482	204	314	5e-18	79.0
scaffold223791	OTU_0105	35.94	217	84	6	439	942	33	243	3e-21	88.2
scaffold223857	OTU_0219	26.81	276	150	8	432	1148	42	302	7e-12	60.5
scaffold226117	OTU_0305	70.59	51	15	0	1798	1646	124	174	2e-20	84.0
scaffold227489	OTU_0023	32.56	215	95	5	1743	1213	101	303	7e-25	99.8
scaffold227489	OTU_0023	27.15	302	156	8	1001	231	24	306	7e-18	78.6
scaffold227699	OTU_0339	37.56	213	93	8	543	1082	96	301	1e-18	80.5
scaffold228330	OTU_0325	27.70	213	113	6	940	1488	2	203	1e-16	73.2
scaffold229874	OTU_0262	36.46	181	74	4	1453	1031	20	199	3e-21	87.0
scaffold229947	OTU_0013	34.12	211	93	6	1530	1012	102	304	7e-20	84.3
scaffold230020	OTU_0306	38.10	168	88	6	472	2	3	165	6e-22	88.2
scaffold230186	OTU_0025	30.32	221	117	4	650	81	89	303	5e-23	94.0
scaffold230947	OTU_0275	54.84	62	28	0	250	435	75	136	1e-15	69.7
scaffold231366	OTU_0140	32.44	225	105	5	1771	1214	84	300	5e-25	  100
scaffold231638	OTU_0104	45.45	99	43	3	104	370	150	247	1e-17	77.0
scaffold232091	OTU_0306	30.39	181	106	6	204	746	7	167	9e-11	55.1
scaffold232358	OTU_0105	37.17	191	75	7	352	810	57	240	4e-21	87.4
scaffold233710	OTU_0267	29.26	311	152	10	949	1761	12	294	1e-23	95.9
scaffold234157	OTU_0335	36.51	252	112	10	743	96	64	303	5e-27	  105
scaffold236990	OTU_0103	33.33	210	109	6	1261	716	107	313	2e-17	77.0
scaffold238812	OTU_0229	30.88	217	102	5	48	581	2	209	3e-21	87.4
scaffold238948	OTU_0228	65.31	49	17	0	1583	1437	5	53	3e-15	70.5
scaffold239926	OTU_0010	37.87	235	99	7	882	313	83	315	3e-30	  115
scaffold241397	OTU_0339	27.46	295	148	8	1603	836	41	308	6e-19	81.6
scaffold241535	OTU_0097	26.17	214	121	8	986	1525	104	314	3e-11	58.5
scaffold241753	OTU_0234	100.00	314	0	0	333	1274	1	314	0.0	  642
scaffold241769	OTU_0179	28.99	307	162	13	801	1619	14	298	1e-12	62.4
scaffold241780	OTU_0157	33.21	268	119	10	976	308	50	302	7e-21	87.4
scaffold241963	OTU_0127	31.32	182	90	5	517	969	3	180	3e-17	75.1
scaffold242274	OTU_0157	32.74	168	73	4	1	387	136	302	1e-19	83.6
scaffold242274	OTU_0157	27.85	219	116	5	774	1325	91	302	4e-15	70.1
scaffold242540	OTU_0025	28.77	285	136	6	269	979	41	306	2e-28	  110
scaffold242554	OTU_0275	50.79	63	31	0	1307	1119	75	137	5e-16	70.5
scaffold242897	OTU_0260	28.29	205	106	6	40	540	12	213	1e-14	67.4
scaffold243093	OTU_0043	28.73	268	140	7	1276	590	46	301	6e-26	  102
scaffold243435	OTU_0312	61.11	90	31	1	1032	1301	1	86	2e-28	  110
scaffold243913	OTU_0179	98.36	304	0	1	5	916	1	299	0.0	  563
scaffold244240	OTU_0155	29.67	273	137	11	958	1659	44	300	8e-19	81.3
scaffold244244	OTU_0213	48.68	76	38	1	544	771	227	301	1e-15	72.0
scaffold244577	OTU_0229	33.33	216	99	5	899	1432	1	209	4e-18	78.2
scaffold245414	OTU_0314	27.36	212	98	5	512	1030	105	299	4e-13	63.9
scaffold245834	OTU_0150	32.98	191	83	8	64	519	38	222	4e-14	65.9
scaffold246157	OTU_0278	29.05	179	91	6	694	1158	53	219	5e-11	56.2
scaffold246430	OTU_0317	30.63	222	115	9	930	1499	97	311	1e-13	65.9
scaffold246478	OTU_0106	27.61	297	162	10	487	1260	18	300	3e-11	58.2
scaffold249394	OTU_0234	30.25	324	159	10	327	1166	1	301	7e-15	69.3
scaffold249782	OTU_0014	64.58	48	17	0	644	501	1	48	4e-17	75.9
scaffold250650	OTU_0105	34.27	248	110	8	453	1076	8	242	1e-25	  100
scaffold250820	OTU_0031	34.31	239	118	9	898	275	73	303	4e-25	  100
scaffold251013	OTU_0275	46.67	60	31	1	7	186	88	146	2e-11	56.6
scaffold252627	OTU_0176	29.15	199	98	5	1039	572	13	211	2e-11	57.8
scaffold253088	OTU_0140	27.24	268	136	5	1214	543	43	295	2e-20	86.3
scaffold254516	OTU_0320	39.55	177	75	5	447	881	126	302	7e-26	  102
scaffold255066	OTU_0125	32.00	250	121	8	22	657	20	258	5e-24	95.9
scaffold256179	OTU_0096	42.86	70	39	1	259	465	107	176	1e-12	60.5
scaffold258031	OTU_0275	46.67	60	31	1	19	198	88	146	5e-11	55.5
scaffold259185	OTU_0132	100.00	315	0	0	689	1633	1	315	0.0	  605
scaffold259577	OTU_0183	35.38	130	79	4	1269	1649	10	137	7e-14	66.2
scaffold260794	OTU_0111	41.86	86	43	1	520	284	95	180	9e-11	56.6
scaffold261151	OTU_0196	27.48	302	168	12	402	1193	13	301	3e-20	85.5
scaffold261818	OTU_0171	34.04	282	122	14	732	1448	28	288	2e-22	92.0
scaffold262933	OTU_0217	33.79	219	102	10	555	4	73	283	5e-19	81.6
scaffold263106	OTU_0010	49.23	65	32	1	147	338	237	301	5e-12	60.8
scaffold263724	OTU_0229	50.82	61	30	0	160	342	149	209	4e-13	62.4
scaffold263818	OTU_0157	29.57	301	161	7	315	1097	13	302	2e-21	89.0
scaffold266630	OTU_0339	29.05	179	82	3	1552	1145	122	298	6e-11	57.4
scaffold267111	OTU_0303	76.19	126	29	1	99	476	188	312	2e-59	  196
scaffold267226	OTU_0175	31.85	292	151	9	1054	287	14	293	8e-25	99.0
scaffold267300	OTU_0317	30.74	270	138	7	805	1500	43	301	2e-24	98.2
scaffold267704	OTU_0183	34.12	296	150	8	1290	526	10	301	9e-38	  136
scaffold267968	OTU_0318	71.54	123	34	1	1617	1252	181	303	6e-54	  181
scaffold269375	OTU_0335	54.84	62	28	0	40	225	240	301	2e-16	73.9
scaffold269495	OTU_0198	30.77	208	113	8	1486	926	103	300	2e-16	73.9
scaffold270551	OTU_0155	35.35	297	147	7	1158	397	19	313	6e-42	  148
scaffold271988	OTU_0229	33.33	183	83	6	34	468	26	207	8e-19	80.1
scaffold272422	OTU_0305	45.90	61	33	0	1038	1220	112	172	6e-11	55.5
scaffold273117	OTU_0260	35.51	214	94	6	10	540	7	213	1e-23	94.0
scaffold273439	OTU_0351	34.83	201	77	4	964	1422	10	204	2e-16	72.4
scaffold273677	OTU_0198	31.02	245	112	7	711	127	64	301	8e-19	80.9
scaffold275231	OTU_0341	26.51	332	171	14	887	21	11	312	5e-16	72.4
scaffold275287	OTU_0142	27.65	217	105	5	720	1250	86	290	2e-12	61.2
scaffold275513	OTU_0157	30.68	264	132	7	784	1449	48	302	1e-26	  104
scaffold276232	OTU_0226	33.94	221	110	8	1489	914	85	298	8e-26	  102
scaffold280412	OTU_0229	34.58	214	91	7	475	987	2	209	2e-23	93.6
scaffold280504	OTU_0176	37.10	221	90	9	994	452	1	212	2e-25	99.0
scaffold281914	OTU_0106	33.33	186	82	7	1554	1105	121	300	8e-17	74.7
scaffold281917	OTU_0031	27.74	310	163	12	127	945	12	297	2e-17	76.6
scaffold282031	OTU_0233	36.70	188	81	6	1083	1535	120	306	1e-20	86.7
scaffold282031	OTU_0233	33.95	162	81	4	2	409	145	306	2e-13	64.7
scaffold286047	OTU_0140	30.70	215	111	5	130	678	90	298	2e-22	91.7
scaffold286959	OTU_0320	31.34	217	100	7	1443	913	95	302	2e-20	86.3
scaffold287653	OTU_0299	49.15	59	30	0	3	179	107	165	1e-13	63.2
scaffold287821	OTU_0312	30.22	182	98	5	1530	1072	119	300	1e-16	74.3
scaffold290359	OTU_0112	32.59	224	98	8	605	3	3	196	5e-17	74.3
scaffold290921	OTU_0262	36.11	180	74	3	786	370	20	199	3e-23	92.4
scaffold291353	OTU_0339	34.98	223	100	7	925	365	88	301	3e-22	90.9
scaffold292990	OTU_0317	38.95	95	9	1	141	4	1	95	3e-11	58.2
scaffold294229	OTU_0140	49.25	67	34	0	80	280	235	301	4e-15	69.7
scaffold294611	OTU_0335	36.09	302	147	8	215	988	2	301	2e-45	  157
scaffold294642	OTU_0014	30.00	300	152	11	1256	477	20	301	4e-24	96.3
scaffold295862	OTU_0305	66.67	42	14	0	1079	1204	132	173	2e-15	68.9
scaffold298969	OTU_0233	30.74	270	141	9	314	1021	43	300	4e-15	69.7
scaffold303018	OTU_0005	69.00	100	30	1	1	297	20	119	3e-41	  140
scaffold304014	OTU_0335	33.96	318	156	7	227	1036	2	313	1e-44	  155
scaffold307773	OTU_0229	35.87	184	78	6	9	440	26	209	3e-19	80.9
scaffold308165	OTU_0314	33.12	317	140	14	1016	198	14	302	8e-23	92.8
scaffold309076	OTU_0300	47.62	63	32	1	1172	987	166	228	7e-13	62.0
scaffold309380	OTU_0074	45.59	68	37	0	991	1194	91	158	9e-12	57.4
scaffold311509	OTU_0096	31.91	94	51	2	661	903	79	172	7e-11	55.1
scaffold313912	OTU_0106	32.82	195	90	8	721	239	116	303	2e-11	58.2
scaffold314202	OTU_0198	28.20	266	142	9	777	1463	16	269	3e-15	70.1
scaffold314967	OTU_0219	34.65	303	145	7	855	88	20	316	9e-41	  144
scaffold315056	OTU_0274	39.55	177	75	5	1055	615	30	204	8e-20	82.4
scaffold315084	OTU_0162	35.19	216	98	5	1047	508	95	304	2e-22	91.7
scaffold316156	OTU_0217	34.25	181	83	2	450	13	121	300	5e-23	93.2
scaffold316412	OTU_0150	35.16	219	88	6	1381	839	12	214	8e-28	  105
scaffold318758	OTU_0140	27.82	284	152	9	955	233	25	298	2e-17	76.6
scaffold321183	OTU_0229	34.88	215	103	6	744	190	2	209	1e-19	82.4
scaffold321400	OTU_0284	63.04	46	17	0	855	718	1	46	3e-13	63.9
scaffold321704	OTU_0248	32.50	280	120	11	447	1136	27	287	3e-25	99.4
scaffold326906	OTU_0070	30.94	181	83	6	892	458	28	202	3e-12	59.7
scaffold328066	OTU_0157	29.15	319	167	11	467	1303	3	302	5e-24	96.3
scaffold328211	OTU_0218	57.14	56	24	0	9	176	247	302	1e-11	58.9
scaffold329098	OTU_0341	31.14	167	73	5	378	1	124	289	5e-14	66.2
scaffold330004	OTU_0300	27.31	216	122	5	725	162	22	230	3e-14	66.2
scaffold330810	OTU_0303	34.46	177	80	4	1376	954	125	301	1e-21	89.0
scaffold331593	OTU_0314	48.48	66	34	0	1174	977	239	304	6e-12	60.1
scaffold331859	OTU_0217	33.94	221	102	7	1157	609	88	302	1e-25	  100
scaffold333714	OTU_0176	37.21	215	93	7	278	814	4	212	1e-26	  101
scaffold334032	OTU_0351	35.07	211	93	6	1362	841	2	205	2e-25	98.6
scaffold335194	OTU_0305	67.31	52	17	0	166	321	123	174	4e-19	79.7
scaffold337399	OTU_0132	30.19	265	133	10	99	776	51	302	2e-19	82.4
scaffold337427	OTU_0006	29.36	218	119	10	194	763	92	302	8e-12	59.7
scaffold337974	OTU_0155	31.11	180	88	4	1	432	121	300	2e-21	88.6
scaffold338796	OTU_0197	52.73	55	26	0	1394	1230	121	175	3e-13	62.0
scaffold338988	OTU_0275	63.64	55	20	0	1356	1192	84	138	2e-19	79.7
scaffold340220	OTU_0226	32.00	100	65	1	1341	1042	206	302	9e-13	62.4
scaffold341228	OTU_0265	68.18	44	14	0	1266	1135	132	175	1e-14	66.6
scaffold341977	OTU_0229	34.58	214	98	7	960	427	2	209	2e-23	92.8
scaffold342643	OTU_0275	47.44	78	40	1	1348	1115	62	138	7e-16	69.7
scaffold342819	OTU_0048	33.90	118	75	3	348	4	1	118	6e-12	60.1
scaffold343354	OTU_0150	32.16	227	104	7	588	1157	1	214	1e-22	90.5
scaffold343988	OTU_0258	27.52	298	154	14	874	128	21	305	7e-14	65.9
scaffold344488	OTU_0175	32.40	250	121	8	1313	696	69	314	8e-25	98.2
scaffold344488	OTU_0175	31.93	166	109	3	630	136	5	167	1e-17	77.4
scaffold344730	OTU_0303	38.12	181	79	6	1377	934	124	304	2e-19	82.0
scaffold346061	OTU_0295	60.66	61	24	0	809	991	234	294	5e-11	57.0
scaffold348833	OTU_0076	29.41	170	81	4	1037	642	133	301	5e-12	60.1
scaffold350744	OTU_0121	31.27	307	151	8	82	876	13	301	5e-28	  107
scaffold352102	OTU_0229	26.85	216	112	6	881	339	7	211	4e-16	71.2
scaffold353100	OTU_0339	37.32	209	91	6	795	1319	99	301	2e-25	99.8
scaffold355279	OTU_0322	67.31	208	68	0	734	1357	1	208	1e-79	  247
scaffold356064	OTU_0351	38.05	205	91	7	1348	824	6	204	4e-23	91.7
scaffold356505	OTU_0121	35.12	205	92	6	1118	609	103	301	5e-26	  101
scaffold356914	OTU_0305	73.81	42	11	0	896	771	132	173	8e-16	69.7
scaffold357056	OTU_0266	29.44	180	101	3	699	1163	129	307	2e-13	64.3
scaffold357585	OTU_0161	85.37	41	6	0	466	344	157	197	1e-17	75.5
scaffold360668	OTU_0217	26.19	252	134	8	1322	672	61	295	2e-12	61.6
scaffold363024	OTU_0155	31.62	272	138	10	707	3	42	302	1e-25	  100
scaffold363155	OTU_0203	76.19	42	10	0	649	524	111	152	4e-16	70.5
scaffold363365	OTU_0198	29.62	314	172	10	1293	448	13	309	2e-27	  105
scaffold367510	OTU_0116	29.08	282	154	9	729	1	3	277	5e-25	98.6
scaffold368597	OTU_0048	29.58	213	134	5	535	1167	104	302	1e-11	59.3
scaffold368630	OTU_0339	29.68	283	151	7	1322	582	39	309	2e-27	  105
scaffold371868	OTU_0155	29.18	257	129	9	666	1313	44	288	4e-18	78.6
scaffold372582	OTU_0176	38.49	239	97	9	953	333	4	224	1e-30	  112
scaffold373222	OTU_0341	26.89	212	120	6	948	406	96	303	9e-16	71.6
scaffold373366	OTU_0229	32.20	205	102	9	737	1288	27	215	2e-14	65.9
scaffold374287	OTU_0260	32.55	212	97	5	1310	795	3	208	1e-20	84.7
scaffold382991	OTU_0246	27.18	206	106	6	1277	771	101	299	3e-12	60.8
scaffold383022	OTU_0229	33.49	215	93	6	174	701	6	209	2e-25	97.8
scaffold383725	OTU_0016	98.86	264	3	0	1294	503	1	264	0.0	  531
scaffold386525	OTU_0226	29.35	310	149	14	339	1130	10	295	8e-18	77.4
scaffold387446	OTU_0192	54.72	53	24	0	341	183	43	95	6e-11	53.9
scaffold387513	OTU_0127	32.42	182	76	7	888	454	5	176	4e-16	70.5
scaffold387526	OTU_0225	26.81	317	171	10	118	936	13	312	2e-15	70.1
scaffold390779	OTU_0339	30.28	218	126	4	792	214	97	313	3e-21	87.8
scaffold391505	OTU_0262	37.57	189	82	7	680	219	20	207	7e-27	  101
scaffold393054	OTU_0173	31.79	173	88	6	642	1073	131	302	2e-13	64.3
scaffold394533	OTU_0121	33.92	227	100	6	201	767	87	301	3e-19	81.6
scaffold395582	OTU_0274	41.84	98	46	2	101	361	120	217	4e-16	70.9
scaffold396982	OTU_0305	51.76	85	32	3	36	263	89	173	3e-20	82.4
scaffold399282	OTU_0104	31.08	222	119	8	5	583	26	242	2e-16	72.4
scaffold400949	OTU_0144	57.45	47	20	0	1131	991	255	301	5e-12	60.1
scaffold402766	OTU_0317	100.00	314	0	0	269	1210	1	314	0.0	  609
scaffold402916	OTU_0351	34.38	192	90	6	63	536	23	212	1e-23	92.8
scaffold405662	OTU_0260	28.37	215	125	6	847	287	11	224	8e-20	82.0
scaffold407351	OTU_0325	24.15	207	112	4	1108	593	3	199	5e-13	61.6
scaffold407547	OTU_0105	33.88	183	73	4	1227	823	61	243	7e-21	85.5
scaffold408767	OTU_0229	36.36	209	84	6	403	900	6	208	2e-29	  109
scaffold411065	OTU_0305	76.19	42	10	0	1057	1182	132	173	1e-17	74.7
scaffold411323	OTU_0308	33.66	101	64	3	920	1213	9	109	3e-11	56.6
scaffold413871	OTU_0150	37.50	176	79	6	1079	645	40	215	7e-24	93.2
scaffold415398	OTU_0067	27.27	297	181	9	813	1	18	305	9e-18	77.0
scaffold415516	OTU_0191	46.73	107	56	1	1213	893	60	165	3e-18	77.8
scaffold416091	OTU_0121	28.99	307	169	8	1042	233	10	304	4e-24	95.5
scaffold416101	OTU_0229	27.75	209	115	5	752	231	4	211	5e-16	70.9
scaffold417294	OTU_0157	33.97	312	163	5	83	892	5	315	5e-47	  160
scaffold418802	OTU_0016	33.98	206	94	6	1223	711	62	260	5e-23	91.7
scaffold420653	OTU_0021	26.06	188	82	3	23	430	69	251	2e-12	60.5
scaffold422260	OTU_0213	53.12	64	30	0	578	769	238	301	4e-16	72.4
scaffold423133	OTU_0267	28.89	180	97	4	588	1037	116	294	1e-11	58.9
scaffold423687	OTU_0005	74.29	70	18	0	1218	1009	50	119	2e-29	  106
scaffold423730	OTU_0345	38.37	86	48	2	1156	899	218	298	3e-11	57.4
scaffold424088	OTU_0292	39.81	103	47	4	507	205	73	162	9e-14	63.2
scaffold424320	OTU_0206	31.31	297	149	10	847	71	13	292	3e-21	87.0
scaffold427567	OTU_0154	25.91	220	108	8	1084	539	72	274	3e-11	57.4
scaffold428004	OTU_0126	31.51	311	140	11	1093	323	4	295	2e-18	79.3
scaffold428744	OTU_0012	28.90	173	95	6	867	430	17	188	3e-12	59.3
scaffold433036	OTU_0305	58.06	62	25	1	1034	852	112	173	1e-20	83.2
scaffold434558	OTU_0031	34.60	211	95	7	112	633	96	300	7e-21	85.9
scaffold434646	OTU_0157	31.51	238	119	8	1150	488	89	299	1e-19	82.4
scaffold437143	OTU_0106	33.33	198	95	8	115	600	104	300	3e-12	60.8
scaffold437315	OTU_0274	30.14	209	95	4	411	899	5	208	4e-17	73.6
scaffold437867	OTU_0229	37.44	211	91	6	532	1059	5	209	3e-26	99.8
scaffold441506	OTU_0151	35.00	180	80	2	678	250	136	315	2e-30	96.3
scaffold441506	OTU_0151	26.61	124	88	3	1049	684	11	133	2e-30	48.1
scaffold442999	OTU_0013	27.88	269	133	10	1155	496	45	301	1e-16	73.6
scaffold446581	OTU_0115	56.67	60	26	0	189	368	125	184	1e-17	74.7
scaffold449290	OTU_0144	28.42	183	95	5	723	280	122	303	2e-11	57.8
scaffold449981	OTU_0155	31.30	262	131	10	676	2	46	295	1e-20	85.1
scaffold450976	OTU_0151	45.90	61	33	0	1128	946	239	299	3e-12	60.5
scaffold451435	OTU_0203	52.11	71	30	1	114	314	80	150	3e-16	70.5
scaffold454527	OTU_0148	100.00	163	0	0	490	2	1	163	2e-115	  332
scaffold456649	OTU_0043	28.68	272	138	10	1076	381	46	301	2e-25	99.0
scaffold458110	OTU_0155	31.15	260	130	13	679	2	47	291	9e-21	85.5
scaffold460988	OTU_0314	32.23	211	124	7	901	317	108	315	8e-15	68.2
scaffold464048	OTU_0042	38.55	179	68	6	987	571	125	301	1e-21	87.8
scaffold464911	OTU_0196	27.68	289	157	12	766	2	13	283	3e-14	66.6
scaffold468228	OTU_0225	31.21	282	141	9	1	729	33	300	2e-23	93.2
scaffold468255	OTU_0105	51.72	87	41	1	1058	801	154	240	1e-18	78.6
scaffold468515	OTU_0249	31.40	172	84	4	1144	731	103	274	1e-13	64.7
scaffold472481	OTU_0229	33.66	202	96	5	529	1038	14	209	2e-19	80.1
scaffold473397	OTU_0322	73.28	131	35	0	1132	740	184	314	1e-56	  185
scaffold473663	OTU_0351	36.32	212	90	4	524	1063	6	204	3e-19	79.7
scaffold473782	OTU_0072	83.04	171	26	1	521	9	1	168	6e-95	  284
scaffold473782	OTU_0072	44.83	87	48	0	800	540	1	87	4e-12	60.1
scaffold473999	OTU_0271	27.70	213	110	4	607	1125	85	293	2e-17	76.3
scaffold474090	OTU_0015	28.44	225	107	10	1132	584	85	297	1e-12	61.6
scaffold474829	OTU_0095	29.29	297	138	10	351	1133	16	276	2e-11	57.8
scaffold475047	OTU_0072	68.87	257	77	1	854	84	1	254	1e-103	  306
scaffold475560	OTU_0179	31.77	299	138	13	297	1070	26	299	7e-17	74.3
scaffold476612	OTU_0199	59.26	27	11	0	902	982	39	65	5e-11	39.7
scaffold476612	OTU_0199	53.33	30	14	0	1041	1130	88	117	5e-11	38.9
scaffold479477	OTU_0238	31.67	180	101	10	435	917	16	192	7e-11	54.7
scaffold479660	OTU_0328	45.71	70	37	1	19	228	155	223	2e-12	59.7
scaffold481418	OTU_0305	49.15	59	29	1	201	374	115	173	1e-13	62.8
scaffold481484	OTU_0229	30.22	182	83	5	16	432	26	206	1e-13	63.5
scaffold485963	OTU_0121	37.13	272	125	10	32	745	42	301	3e-29	  109
scaffold487200	OTU_0351	37.50	176	74	5	1117	698	29	204	4e-22	87.4
scaffold488695	OTU_0157	37.35	166	66	4	571	188	126	291	9e-21	85.5
scaffold489985	OTU_0121	32.46	228	121	6	59	667	94	313	3e-23	92.4
scaffold490727	OTU_0107	63.87	119	43	0	362	6	2	120	3e-43	  149
scaffold490727	OTU_0107	43.53	85	48	0	677	423	1	85	1e-11	58.5
scaffold492780	OTU_0193	35.11	131	69	5	592	209	46	163	4e-11	56.6
scaffold492785	OTU_0272	32.34	269	137	10	395	1105	34	289	1e-19	82.0
scaffold493502	OTU_0250	28.39	317	175	10	155	1006	2	299	9e-18	77.0
scaffold495501	OTU_0015	99.34	151	1	0	1104	652	161	311	1e-105	  311
scaffold496081	OTU_0031	33.33	252	120	9	243	899	73	309	5e-22	89.0
scaffold496555	OTU_0267	31.72	227	106	8	1034	465	81	295	4e-23	92.0
scaffold502667	OTU_0312	35.71	224	116	6	129	755	98	308	1e-24	96.3
scaffold502908	OTU_0226	28.94	235	114	6	506	1087	65	287	9e-18	76.6
scaffold503026	OTU_0183	27.68	224	112	11	469	1032	92	301	3e-13	63.5
scaffold504612	OTU_0335	36.14	249	117	8	80	727	64	303	1e-28	  107
scaffold506157	OTU_0229	38.67	181	74	6	1	435	30	209	3e-23	90.5
scaffold509805	OTU_0057	43.06	72	41	0	486	271	235	306	4e-11	57.0
scaffold511431	OTU_0077	36.94	111	68	2	733	1059	6	116	1e-12	61.2
scaffold512446	OTU_0203	65.31	49	17	0	1057	911	102	150	2e-15	67.8
scaffold513668	OTU_0312	34.11	214	101	6	239	778	93	300	1e-24	96.3
scaffold518752	OTU_0121	29.26	311	151	8	819	1	13	292	5e-23	91.7
scaffold520643	OTU_0193	33.58	134	79	3	458	60	59	183	5e-13	62.4
scaffold521457	OTU_0140	61.29	62	24	0	923	738	240	301	2e-21	87.0
scaffold521576	OTU_0105	35.96	178	74	5	494	907	63	240	1e-18	78.6
scaffold525278	OTU_0305	80.00	40	8	0	1067	948	134	173	1e-16	70.9
scaffold525819	OTU_0176	29.03	217	102	8	1032	517	3	212	5e-17	73.2
scaffold528226	OTU_0305	50.00	52	26	0	937	782	121	172	6e-11	54.7
scaffold528471	OTU_0203	43.56	101	43	3	181	468	61	152	4e-19	78.2
scaffold529381	OTU_0126	28.36	201	124	6	629	30	13	194	2e-13	63.5
scaffold529847	OTU_0245	28.73	268	142	11	730	47	42	300	2e-14	67.0
scaffold534075	OTU_0121	30.41	194	104	8	983	480	125	313	1e-12	61.2
scaffold535642	OTU_0229	25.00	204	114	6	529	14	10	206	7e-12	58.2
scaffold536645	OTU_0151	32.82	259	128	9	5	673	62	310	3e-23	92.0
scaffold536943	OTU_0140	34.09	132	46	4	1053	781	142	273	3e-16	60.8
scaffold536943	OTU_0140	55.17	29	12	1	781	695	274	301	3e-16	35.0
scaffold537069	OTU_0048	28.99	238	121	9	978	364	84	306	3e-13	63.5
scaffold537968	OTU_0226	31.64	177	83	2	2	418	122	298	3e-23	92.0
scaffold538125	OTU_0132	30.29	241	125	8	966	343	74	304	3e-15	68.9
scaffold540057	OTU_0087	54.55	55	25	0	7	171	134	188	2e-13	62.0
scaffold540165	OTU_0305	53.85	78	35	1	1027	794	98	174	4e-21	83.6
scaffold540271	OTU_0341	41.54	65	37	1	93	287	239	302	6e-11	56.2
scaffold541356	OTU_0299	51.92	52	25	0	1046	891	114	165	5e-12	57.4
scaffold543437	OTU_0042	37.85	177	70	8	597	1007	125	301	6e-19	80.1
scaffold545432	OTU_0115	52.24	67	32	0	1010	810	105	171	6e-17	72.0
scaffold545465	OTU_0127	64.29	42	15	0	76	201	139	180	1e-11	56.6
scaffold547048	OTU_0262	35.88	170	73	6	16	420	20	188	4e-19	78.6
scaffold547935	OTU_0066	29.03	279	140	10	15	728	34	295	2e-17	75.1
scaffold549174	OTU_0229	28.02	207	114	7	851	327	6	209	6e-13	60.8
scaffold550600	OTU_0115	57.69	52	22	0	5	160	133	184	2e-12	58.9
scaffold555038	OTU_0150	26.89	212	108	5	846	319	15	215	7e-12	58.2
scaffold556326	OTU_0274	48.28	58	30	0	181	8	141	198	2e-12	59.7
scaffold556440	OTU_0163	50.00	72	35	1	837	625	81	152	8e-20	79.3
scaffold557534	OTU_0185	37.10	186	69	4	528	941	121	306	1e-17	76.3
scaffold559222	OTU_0155	28.22	202	123	7	702	97	2	181	2e-13	63.9
scaffold562130	OTU_0157	32.78	180	85	4	669	238	120	299	3e-15	68.9
scaffold562823	OTU_0319	29.19	209	109	8	524	3	48	252	2e-16	72.0
