scaffold00002	OTU_0106	35.17	236	113	8	7846	8457	73	300	2e-22	  101
scaffold00007	OTU_0031	34.03	238	113	8	38246	38851	73	302	4e-22	  100
scaffold00016	OTU_0229	37.96	216	95	7	111401	110847	2	209	2e-21	96.7
scaffold00023	OTU_0314	30.97	268	137	7	223771	224460	46	303	4e-20	93.2
scaffold00034	OTU_0200	37.64	178	69	7	145212	145622	125	301	6e-20	92.4
scaffold00039	OTU_0101	31.34	217	101	5	249730	249197	97	304	2e-14	75.1
scaffold00044	OTU_0351	35.96	178	72	4	162644	163051	27	204	2e-18	86.7
scaffold00049	OTU_0095	34.85	307	137	14	38424	39236	23	302	1e-22	  101
scaffold00049	OTU_0095	28.66	314	154	11	39700	40497	11	302	4e-19	89.7
scaffold00062	OTU_0105	35.79	190	77	4	112856	113308	57	240	2e-16	80.5
scaffold00064	OTU_0234	29.00	300	161	8	34454	35245	18	301	2e-22	  100
scaffold00086	OTU_0031	32.53	289	135	10	158474	157725	45	312	3e-23	  102
scaffold00104	OTU_0211	25.26	293	173	9	9678	10448	15	297	1e-12	69.3
scaffold00113	OTU_0176	32.71	214	98	10	29515	28997	4	212	6e-11	62.4
scaffold00120	OTU_0303	35.75	221	106	8	131232	130660	87	301	3e-25	  108
scaffold00143	OTU_0274	34.09	132	65	5	56350	56015	73	202	3e-11	63.2
scaffold00150	OTU_0137	34.35	294	136	13	92986	92213	33	305	3e-22	98.6
scaffold00160	OTU_0175	33.19	232	104	9	28166	28741	82	302	3e-18	85.9
scaffold00166	OTU_0072	32.69	312	167	7	4149	4991	4	303	9e-28	  115
scaffold00166	OTU_0072	53.57	56	24	1	3884	4045	246	301	6e-11	63.5
scaffold00183	OTU_0021	29.69	192	91	7	100993	101442	74	263	1e-13	70.9
scaffold00185	OTU_0236	30.49	305	165	8	18754	17954	10	305	6e-23	  100
scaffold00202	OTU_0261	26.16	302	172	10	34352	35131	11	303	9e-13	68.9
scaffold00203	OTU_0351	34.93	209	94	7	63762	63244	2	204	1e-20	92.4
scaffold00238	OTU_0314	30.00	250	117	7	78600	79235	86	315	3e-16	79.3
scaffold00259	OTU_0266	35.48	217	97	8	11439	11978	91	301	1e-19	90.1
scaffold00266	OTU_0203	69.05	42	13	0	15675	15800	111	152	3e-12	65.5
scaffold00272	OTU_0260	36.07	183	75	4	26568	26146	28	210	2e-20	91.7
scaffold00272	OTU_0260	34.80	204	91	6	21582	21079	16	213	2e-19	88.6
scaffold00273	OTU_0106	26.01	273	145	9	25090	25773	39	299	1e-11	65.1
scaffold00286	OTU_0125	29.30	273	139	8	20004	20708	2	258	1e-14	73.6
scaffold00296	OTU_0256	37.45	267	116	7	43044	42373	37	295	1e-32	  129
scaffold00356	OTU_0229	33.95	215	112	5	8095	8670	2	209	2e-22	97.1
scaffold00356	OTU_0229	31.00	229	96	6	7001	7579	7	209	5e-15	74.3
scaffold00432	OTU_0176	35.19	216	97	6	14309	13770	4	212	4e-19	87.0
scaffold00458	OTU_0229	33.70	184	87	3	11432	11878	26	209	8e-21	92.0
scaffold00481	OTU_0229	34.84	221	94	6	39268	39810	2	212	9e-22	94.7
scaffold00682	OTU_0150	35.14	185	89	5	14268	13798	33	214	5e-17	80.1
scaffold00696	OTU_0229	32.26	217	98	6	16433	16963	2	209	3e-20	89.7
scaffold00702	OTU_0339	37.38	206	87	8	15161	14649	106	304	5e-19	87.0
scaffold00728	OTU_0217	32.51	243	117	8	37185	36568	68	300	4e-22	96.7
scaffold00806	OTU_0341	26.92	312	162	11	27281	26466	19	304	2e-15	75.9
scaffold00870	OTU_0219	48.11	106	54	1	30204	30518	15	120	3e-21	94.0
scaffold00933	OTU_0245	32.03	306	156	8	11053	11853	8	300	3e-26	  109
scaffold00933	OTU_0245	33.71	178	76	5	10443	10856	125	300	1e-16	79.3
scaffold01237	OTU_0229	32.66	199	92	7	489	1	7	199	3e-17	80.1
scaffold01342	OTU_0200	37.29	177	71	5	12334	12744	125	301	7e-17	79.7
scaffold01350	OTU_0043	28.88	277	139	10	18400	19101	40	301	1e-19	88.6
scaffold01361	OTU_0295	32.33	300	151	11	15532	16305	13	302	1e-17	81.6
scaffold01465	OTU_0217	33.19	238	115	9	1437	2048	73	300	2e-24	  103
scaffold01511	OTU_0260	35.32	218	97	6	8400	7858	3	213	1e-23	99.0
scaffold01511	OTU_0260	33.80	213	81	5	9211	8726	7	210	5e-20	88.6
scaffold01521	OTU_0267	35.19	216	94	7	8932	9468	89	295	1e-22	97.4
scaffold01530	OTU_0031	29.89	184	71	4	8020	8430	128	300	2e-11	63.2
scaffold01586	OTU_0314	33.97	312	157	8	5304	4504	9	316	4e-30	  120
scaffold01723	OTU_0119	33.96	212	98	5	19123	18596	99	304	2e-19	87.0
scaffold01741	OTU_0312	31.37	271	139	8	14469	15170	43	303	2e-23	99.8
scaffold01793	OTU_0175	27.67	347	180	13	15703	16665	3	304	1e-19	87.8
scaffold01797	OTU_0265	66.67	42	14	0	261	136	134	175	4e-13	66.6
scaffold01891	OTU_0198	100.00	314	0	0	20336	19395	1	314	0.0	  614
scaffold01893	OTU_0106	26.91	275	162	8	3647	4378	38	304	9e-12	63.5
scaffold01924	OTU_0229	37.50	184	79	4	2583	3026	26	209	6e-24	  100
scaffold01940	OTU_0200	28.25	315	159	11	937	1767	16	301	7e-21	92.0
scaffold02085	OTU_0198	81.67	60	11	0	260	439	1	60	3e-27	  111
scaffold02392	OTU_0140	32.79	183	84	5	17437	17006	116	298	5e-17	79.3
scaffold02500	OTU_0229	32.62	187	88	3	7380	6934	23	209	3e-16	76.3
scaffold02972	OTU_0219	32.22	270	125	10	11242	11913	45	302	2e-20	90.5
scaffold03093	OTU_0204	30.86	243	128	7	5871	6500	68	303	3e-21	92.4
scaffold03284	OTU_0266	31.86	295	145	11	13367	14128	19	298	5e-22	94.7
scaffold03384	OTU_0107	31.07	309	158	10	6589	5783	10	303	1e-24	  103
scaffold03384	OTU_0107	29.02	317	166	12	7702	6836	16	301	5e-16	75.9
scaffold03494	OTU_0046	27.23	213	113	6	5007	5534	90	297	3e-11	61.2
scaffold03517	OTU_0198	30.69	290	156	10	12570	13340	27	304	2e-24	  102
scaffold03569	OTU_0176	33.90	236	105	7	11002	10403	4	224	1e-21	92.8
scaffold03574	OTU_0229	46.15	65	34	1	10192	10386	146	209	4e-11	59.7
scaffold03646	OTU_0335	32.56	215	94	6	4838	4314	98	301	3e-18	82.8
scaffold03701	OTU_0150	35.85	212	89	7	9831	9313	11	214	5e-25	  102
scaffold03816	OTU_0006	30.95	294	134	12	7091	6312	51	309	7e-21	91.3
scaffold03942	OTU_0250	29.08	337	186	15	1668	2621	3	305	2e-13	68.2
scaffold04158	OTU_0126	70.40	125	37	0	11272	11646	1	125	7e-52	  184
scaffold04158	OTU_0126	84.48	58	8	1	11667	11840	251	307	7e-25	  103
scaffold04251	OTU_0226	35.32	218	91	9	4604	5137	91	298	2e-15	73.9
scaffold04384	OTU_0176	24.52	208	114	5	10282	10782	7	212	3e-12	63.2
scaffold04595	OTU_0266	26.87	294	169	10	1768	989	17	298	4e-11	60.8
scaffold04638	OTU_0121	30.86	269	141	8	9231	9923	40	301	4e-21	91.7
scaffold04695	OTU_0262	36.67	180	74	4	1538	1957	20	199	4e-19	84.3
scaffold04872	OTU_0351	36.70	218	91	8	423	971	1	206	1e-20	89.0
scaffold04981	OTU_0107	31.14	289	144	9	4095	4841	30	303	2e-22	96.3
scaffold05583	OTU_0229	30.92	207	95	7	1866	1354	17	211	5e-14	68.6
scaffold05639	OTU_0051	30.58	206	100	7	9152	9658	89	288	7e-11	59.7
scaffold05707	OTU_0121	37.29	177	71	6	9713	10123	125	301	3e-17	79.7
scaffold05738	OTU_0291	30.58	206	106	7	7401	7919	104	305	2e-12	64.7
scaffold06567	OTU_0217	31.71	287	139	9	6570	5824	45	312	3e-21	92.0
scaffold06594	OTU_0012	27.17	184	105	7	2	472	12	193	4e-11	59.3
scaffold06612	OTU_0226	26.60	312	172	10	4313	5122	1	297	2e-26	  107
scaffold06665	OTU_0320	30.17	295	156	8	6948	6178	20	302	3e-20	88.6
scaffold06665	OTU_0320	64.29	42	15	0	7220	7095	261	302	3e-13	67.0
scaffold07253	OTU_0140	32.78	180	88	4	3468	3908	119	298	9e-16	74.7
scaffold07631	OTU_0013	29.96	227	120	12	448	1041	87	303	3e-11	60.8
scaffold07988	OTU_0121	37.57	181	70	6	1680	1264	122	301	9e-23	96.3
scaffold08021	OTU_0043	30.36	168	92	5	8	436	129	296	2e-11	61.2
scaffold08085	OTU_0336	30.33	211	103	10	2515	1922	6	185	8e-18	79.7
scaffold09228	OTU_0335	28.90	301	160	9	5408	6193	15	300	4e-21	91.3
scaffold09244	OTU_0266	35.05	194	123	3	2104	1529	2	194	2e-23	98.6
scaffold09894	OTU_0126	33.86	189	77	3	3757	3335	107	295	2e-21	92.4
scaffold09894	OTU_0126	65.96	47	16	0	2601	2461	254	300	3e-13	66.6
scaffold09935	OTU_0105	29.88	251	115	10	4131	4733	1	240	4e-16	74.7
scaffold10055	OTU_0305	64.58	48	17	0	2	145	126	173	3e-16	74.3
scaffold10402	OTU_0140	31.37	204	91	9	6037	5528	113	301	1e-13	67.4
scaffold10582	OTU_0029	83.33	48	7	1	4114	3974	136	183	2e-19	84.3
scaffold10636	OTU_0029	72.50	40	10	1	2762	2878	143	182	3e-13	65.1
scaffold11027	OTU_0256	32.83	265	123	9	2647	3315	31	282	3e-19	84.7
scaffold11397	OTU_0095	30.79	302	160	8	4986	5783	14	302	7e-30	  118
scaffold11422	OTU_0095	32.38	315	139	10	2768	1941	23	302	6e-25	  103
scaffold11422	OTU_0095	29.26	311	156	10	1724	927	11	302	4e-20	87.8
scaffold11615	OTU_0003	33.56	146	65	4	1274	1615	156	301	2e-12	63.9
scaffold11773	OTU_0137	26.38	307	172	9	4487	3669	13	299	9e-17	77.0
scaffold12045	OTU_0140	35.48	186	82	5	4238	4681	113	298	1e-20	89.4
scaffold12150	OTU_0176	28.73	181	83	5	1222	1632	33	211	1e-12	63.2
scaffold12364	OTU_0234	30.77	273	143	8	2713	1997	41	301	3e-14	69.7
scaffold12382	OTU_0059	29.00	200	107	7	6086	5589	47	245	2e-11	60.5
scaffold12570	OTU_0153	35.20	304	154	9	5107	4316	16	316	6e-38	  142
scaffold12940	OTU_0305	76.32	38	9	0	116	3	132	169	3e-13	65.1
scaffold12953	OTU_0162	99.68	316	1	0	4123	3176	1	316	0.0	  603
scaffold13015	OTU_0087	45.12	82	41	2	1193	960	101	182	2e-13	65.9
scaffold13184	OTU_0066	31.48	324	181	12	922	1860	2	295	3e-21	91.3
scaffold13231	OTU_0229	32.86	213	98	6	1802	1284	2	209	1e-21	91.3
scaffold13679	OTU_0126	32.88	295	140	6	4691	3954	10	295	4e-25	  103
scaffold13679	OTU_0126	34.15	205	91	6	3598	3095	98	295	5e-19	84.0
scaffold13930	OTU_0246	34.25	219	105	7	1726	1151	96	302	5e-26	  106
scaffold14592	OTU_0217	35.36	181	79	4	5222	4791	121	300	4e-23	97.1
scaffold14900	OTU_0121	29.57	257	113	9	3421	2765	74	300	2e-17	79.3
scaffold15206	OTU_0152	100.00	265	0	0	1731	937	1	265	9e-160	  486
scaffold15270	OTU_0155	28.32	279	149	10	4860	4141	36	302	1e-25	  104
scaffold15579	OTU_0312	29.97	287	152	10	4302	5051	29	303	3e-21	90.9
scaffold15701	OTU_0210	25.91	274	142	11	102	794	18	273	2e-11	60.5
scaffold16069	OTU_0155	33.44	314	170	5	1846	1019	1	313	6e-39	  144
scaffold16069	OTU_0155	31.25	304	164	9	2170	2961	15	313	1e-32	  125
scaffold16605	OTU_0351	35.75	221	84	6	3039	2500	1	204	4e-18	80.5
scaffold17379	OTU_0229	33.18	217	96	6	778	1308	2	209	2e-15	71.6
scaffold17463	OTU_0249	36.61	224	104	5	4783	4220	49	270	6e-23	95.9
scaffold17787	OTU_0328	28.64	220	111	9	950	384	19	223	5e-11	58.2
scaffold18043	OTU_0150	32.76	232	111	7	1834	2496	17	214	7e-20	85.5
scaffold18539	OTU_0336	31.32	182	104	6	944	453	6	184	1e-16	75.5
scaffold19097	OTU_0030	49.12	57	29	0	2955	2785	242	298	3e-12	62.8
scaffold19110	OTU_0229	71.43	35	10	0	4782	4678	175	209	5e-11	58.2
scaffold19226	OTU_0283	34.32	303	149	10	3786	4589	14	301	4e-33	  127
scaffold19290	OTU_0246	37.85	214	90	6	2922	2392	95	302	2e-23	97.8
scaffold19638	OTU_0141	32.76	174	75	5	1872	2267	125	298	3e-15	72.0
scaffold20117	OTU_0001	28.03	314	166	7	1883	2689	3	301	7e-24	99.0
scaffold20227	OTU_0305	32.24	183	77	9	3588	4064	15	174	1e-10	56.6
scaffold20332	OTU_0119	29.09	275	149	8	1844	1119	40	301	7e-15	70.9
scaffold21016	OTU_0314	30.74	283	136	12	2155	1427	40	302	5e-15	71.6
scaffold21215	OTU_0339	29.37	303	142	11	3379	4140	19	298	6e-19	83.2
scaffold21216	OTU_0141	31.16	199	95	5	2587	2117	103	301	4e-16	74.7
scaffold21517	OTU_0030	31.32	265	133	10	2007	1327	45	298	3e-23	96.7
scaffold21682	OTU_0235	35.67	171	105	4	602	99	10	178	5e-20	85.9
scaffold21729	OTU_0114	36.47	170	68	5	1633	1244	7	176	1e-15	72.0
scaffold21846	OTU_0132	32.07	290	154	5	1930	2673	11	299	2e-36	  137
scaffold22277	OTU_0351	36.26	182	80	5	639	1076	23	204	6e-23	94.4
scaffold22653	OTU_0136	100.00	310	0	0	3573	2644	2	311	0.0	  624
scaffold22815	OTU_0229	30.47	233	135	9	2009	2698	1	209	1e-18	81.6
scaffold23012	OTU_0048	29.25	212	101	6	3055	2537	98	299	3e-13	65.9
scaffold23127	OTU_0198	54.10	61	28	0	2353	2171	241	301	4e-14	68.6
scaffold23179	OTU_0320	33.44	305	161	8	1832	1035	14	315	2e-40	  148
scaffold23420	OTU_0291	28.07	228	126	7	3891	3310	82	305	6e-13	65.1
scaffold23695	OTU_0033	100.00	260	0	0	2262	3041	1	260	5e-177	  524
scaffold23908	OTU_0256	37.14	210	86	9	3241	3750	79	282	1e-20	89.0
scaffold24087	OTU_0243	31.97	294	163	5	4012	3239	23	315	2e-33	  128
scaffold24203	OTU_0014	29.96	267	140	8	1375	677	48	301	2e-19	84.3
scaffold24331	OTU_0234	30.51	272	139	8	1016	309	41	298	1e-17	79.0
scaffold24443	OTU_0140	47.76	67	35	0	26	226	235	301	8e-14	67.4
scaffold24922	OTU_0106	30.20	255	143	10	477	1157	55	302	7e-11	58.5
scaffold24957	OTU_0234	30.51	295	177	5	1579	776	8	301	2e-30	  119
scaffold25255	OTU_0317	32.03	281	145	15	992	255	35	304	6e-16	73.9
scaffold25536	OTU_0140	29.21	315	171	10	2277	3110	2	301	2e-26	  106
scaffold25804	OTU_0110	99.22	129	1	0	4019	3633	79	207	8e-84	  268
scaffold26653	OTU_0295	33.11	296	132	9	2522	1794	20	302	1e-23	98.2
scaffold26653	OTU_0295	65.96	47	16	0	1066	926	259	305	1e-14	69.7
scaffold26727	OTU_0335	28.73	275	134	7	2736	3434	44	298	5e-15	71.2
scaffold27301	OTU_0341	42.62	61	35	0	3069	3251	243	303	2e-12	63.2
scaffold27556	OTU_0040	30.67	313	169	11	1450	623	1	302	2e-24	  100
scaffold27556	OTU_0040	27.90	276	138	8	2238	1525	50	302	4e-17	77.4
scaffold27951	OTU_0116	30.04	223	117	8	2854	3408	80	301	1e-13	67.0
scaffold27980	OTU_0061	38.46	78	46	2	3583	3353	125	201	5e-11	57.4
scaffold28078	OTU_0305	53.16	79	36	1	1096	860	99	176	3e-20	85.5
scaffold28499	OTU_0305	66.15	65	20	2	3655	3464	113	176	6e-19	81.6
scaffold28539	OTU_0301	100.00	309	0	0	1150	224	1	309	0.0	  568
scaffold30232	OTU_0246	32.47	271	128	8	2134	1442	47	302	6e-24	99.0
scaffold30232	OTU_0246	32.73	275	119	10	1208	522	48	302	2e-22	94.4
scaffold30901	OTU_0044	35.41	305	150	6	535	1323	5	304	1e-36	  137
scaffold31133	OTU_0225	32.41	216	97	10	13	537	93	300	7e-21	89.0
scaffold31238	OTU_0155	34.97	183	82	6	3561	3121	119	300	2e-21	91.3
scaffold31619	OTU_0179	30.50	318	149	13	2530	3360	12	298	4e-16	73.9
scaffold31635	OTU_0229	35.41	209	92	5	1859	2371	6	209	9e-21	87.8
scaffold31954	OTU_0107	32.68	306	157	11	68	874	10	303	5e-26	  105
scaffold32349	OTU_0287	35.41	305	148	8	3093	2317	14	315	5e-41	  149
scaffold32529	OTU_0196	30.70	215	111	7	1060	1593	87	300	8e-15	70.5
scaffold33713	OTU_0295	40.91	176	72	7	614	1048	128	302	4e-23	96.3
scaffold33911	OTU_0030	36.99	319	149	8	3060	2245	1	314	3e-47	  167
scaffold34276	OTU_0307	31.70	306	133	8	260	952	10	314	4e-30	  117
scaffold34841	OTU_0140	32.76	174	81	6	634	218	126	298	4e-12	62.0
scaffold35113	OTU_0066	28.71	310	155	11	2267	3073	8	292	9e-16	73.2
scaffold35424	OTU_0218	29.53	298	164	6	3281	2496	17	304	1e-24	  100
scaffold35459	OTU_0140	29.97	307	163	9	2167	1355	10	300	8e-23	95.1
scaffold35459	OTU_0140	31.11	180	79	6	3154	2741	122	298	3e-17	77.8
scaffold35548	OTU_0274	39.34	211	86	5	3355	2846	7	216	7e-26	  102
scaffold36041	OTU_0106	28.98	176	83	8	1487	1083	128	302	6e-11	58.5
scaffold37067	OTU_0234	26.55	177	94	6	657	232	125	300	2e-11	60.1
scaffold37469	OTU_0339	30.97	268	134	5	1458	772	46	301	9e-27	  107
scaffold37566	OTU_0151	31.62	272	129	9	1238	549	46	302	1e-24	  100
scaffold38111	OTU_0245	31.53	295	148	10	3222	2455	12	291	3e-24	99.4
scaffold38195	OTU_0335	25.20	254	150	7	623	1288	55	300	8e-12	61.2
scaffold38845	OTU_0325	39.80	98	53	1	12	287	119	216	5e-14	66.6
scaffold39540	OTU_0351	33.49	212	93	8	2261	2779	2	204	1e-17	78.2
scaffold39704	OTU_0198	33.45	287	145	10	1937	2686	24	301	2e-26	  106
scaffold39867	OTU_0256	33.67	297	150	7	2336	1581	1	295	3e-38	  140
scaffold40339	OTU_0023	62.28	228	86	0	2	685	90	317	3e-90	  288
scaffold40559	OTU_0155	33.97	315	167	6	2720	1893	1	313	6e-44	  157
scaffold41523	OTU_0197	69.05	42	13	0	286	411	134	175	1e-14	68.2
scaffold41762	OTU_0145	31.35	303	166	7	506	1300	16	314	2e-30	  118
scaffold42730	OTU_0155	33.70	184	89	5	1182	1634	119	302	6e-24	98.2
scaffold42975	OTU_0121	31.75	274	137	7	2222	1518	39	301	3e-25	  102
scaffold43053	OTU_0234	32.39	213	100	3	85	621	99	301	9e-24	97.8
scaffold43503	OTU_0274	36.36	220	107	9	1329	1964	10	204	8e-24	96.7
scaffold43990	OTU_0140	58.33	60	25	0	1290	1469	239	298	2e-16	74.7
scaffold44168	OTU_0182	83.72	43	5	1	2854	2976	263	305	1e-15	72.4
scaffold44521	OTU_0020	27.44	328	156	12	860	36	3	301	1e-18	81.6
scaffold44968	OTU_0052	25.00	316	183	14	1738	2595	16	307	4e-12	62.0
scaffold45555	OTU_0031	35.32	235	107	9	1874	1284	73	300	1e-24	  100
scaffold45572	OTU_0136	41.18	85	40	2	1864	1640	218	302	8e-13	63.9
scaffold46698	OTU_0106	31.13	257	129	7	743	1411	58	300	6e-23	95.1
scaffold46753	OTU_0317	26.83	287	174	12	653	1426	19	298	1e-13	66.2
scaffold46773	OTU_0203	54.84	62	28	0	2700	2515	94	155	5e-19	80.9
scaffold47006	OTU_0218	54.10	61	28	0	1553	1371	239	299	3e-13	65.5
scaffold47038	OTU_0155	34.46	296	158	7	146	928	19	313	2e-38	  142
scaffold47120	OTU_0196	29.43	299	168	10	1896	1102	12	301	1e-21	90.9
scaffold47685	OTU_0051	33.22	289	148	8	2306	1566	3	288	6e-33	  125
scaffold47838	OTU_0225	31.49	308	158	11	2544	1762	12	313	1e-30	  118
scaffold47872	OTU_0155	32.49	317	167	8	2399	1575	2	313	9e-39	  142
scaffold48050	OTU_0196	33.55	307	169	6	342	1163	8	312	2e-37	  138
scaffold48739	OTU_0151	45.59	68	30	2	1579	1376	242	302	9e-11	57.8
scaffold48920	OTU_0226	28.10	306	172	6	1674	2480	7	301	2e-22	93.6
scaffold48920	OTU_0226	31.40	258	129	10	757	1461	66	298	4e-17	77.0
scaffold49774	OTU_0198	37.62	210	88	7	1081	563	98	301	1e-26	  106
scaffold50081	OTU_0351	28.99	238	125	5	1714	1037	1	206	3e-19	82.4
scaffold51116	OTU_0241	28.83	222	101	10	1096	536	63	262	2e-12	62.4
scaffold51494	OTU_0287	37.26	314	142	10	305	1111	12	315	1e-36	  136
scaffold53469	OTU_0071	30.58	278	166	4	387	1142	39	315	4e-32	  122
scaffold53836	OTU_0266	37.07	294	140	6	172	921	9	301	1e-37	  138
scaffold53853	OTU_0274	62.30	61	23	0	1	183	157	217	7e-16	72.0
scaffold55204	OTU_0191	33.07	127	83	2	44	421	13	138	6e-15	69.3
scaffold56253	OTU_0246	31.41	312	162	9	2106	1252	16	302	3e-25	  102
scaffold56253	OTU_0246	29.32	307	149	11	1114	335	20	305	4e-21	89.4
scaffold56533	OTU_0157	32.91	316	160	10	107	913	5	315	3e-36	  134
scaffold56952	OTU_0218	34.54	304	156	6	161	946	3	305	9e-45	  159
scaffold59051	OTU_0248	26.58	301	165	8	1207	2004	2	281	3e-15	71.2
scaffold59328	OTU_0335	33.33	219	103	5	1176	1718	88	301	7e-22	91.7
scaffold59705	OTU_0095	30.42	332	177	11	737	1708	17	302	2e-24	99.8
scaffold59911	OTU_0151	27.10	214	134	7	73	678	96	299	4e-11	58.5
scaffold62358	OTU_0314	31.79	151	63	1	1485	1817	154	304	7e-12	60.8
scaffold63077	OTU_0344	27.27	209	117	6	1280	750	95	300	4e-13	64.7
scaffold63167	OTU_0301	34.84	310	155	10	740	1534	2	309	2e-35	  132
scaffold63575	OTU_0249	31.84	201	99	7	1539	2030	76	275	4e-13	64.3
scaffold63900	OTU_0158	29.13	309	169	12	587	1402	9	304	2e-14	68.6
scaffold65258	OTU_0023	35.36	181	83	5	443	3	122	302	2e-18	80.5
scaffold65796	OTU_0267	24.91	273	156	8	1295	555	48	297	7e-13	63.9
scaffold66587	OTU_0250	31.14	228	122	8	1198	611	88	312	2e-14	68.6
scaffold66867	OTU_0213	99.66	298	1	0	979	1872	14	311	0.0	  553
scaffold67430	OTU_0305	56.36	55	24	0	173	337	119	173	3e-16	72.4
scaffold68418	OTU_0031	33.63	223	119	6	1167	514	102	300	5e-19	82.4
scaffold68662	OTU_0226	30.36	303	162	7	779	1585	13	300	2e-27	  108
scaffold69180	OTU_0260	27.43	175	85	4	101	502	34	207	2e-11	57.8
scaffold69252	OTU_0155	28.36	275	147	9	1624	2340	13	273	1e-20	87.4
scaffold71472	OTU_0030	30.14	219	110	5	1559	1017	88	301	1e-16	75.5
scaffold71916	OTU_0024	100.00	56	0	0	2126	2293	1	56	2e-30	  115
scaffold72340	OTU_0031	36.60	153	62	4	180	536	149	300	2e-18	80.9
scaffold72411	OTU_0107	31.72	309	156	9	321	1127	10	303	9e-27	  106
scaffold72434	OTU_0218	31.58	190	92	4	2227	1772	123	312	4e-17	76.6
scaffold74768	OTU_0218	47.69	65	34	0	22	216	238	302	3e-12	62.0
scaffold75142	OTU_0010	35.32	218	98	6	1555	1016	89	301	5e-21	88.6
scaffold76647	OTU_0173	35.43	175	77	4	1228	1644	128	302	6e-18	79.0
scaffold77381	OTU_0196	27.55	294	178	11	356	1147	13	301	5e-20	85.1
scaffold77835	OTU_0229	38.83	188	77	6	723	1175	26	212	3e-21	88.2
scaffold77835	OTU_0229	75.76	33	8	0	173	271	177	209	1e-11	58.5
scaffold78006	OTU_0225	34.20	307	155	10	1018	233	9	313	6e-35	  130
scaffold78399	OTU_0021	32.24	183	83	4	2	427	82	264	1e-17	77.8
scaffold78598	OTU_0265	67.39	46	15	0	214	351	130	175	9e-15	67.8
scaffold78800	OTU_0203	57.14	56	24	0	886	1053	97	152	9e-17	73.6
scaffold80431	OTU_0226	31.28	227	120	6	4	579	43	268	8e-21	87.8
scaffold82554	OTU_0204	99.68	309	1	0	1899	973	1	309	0.0	  590
scaffold82829	OTU_0071	31.42	226	112	8	1477	2115	94	289	1e-18	81.3
scaffold83033	OTU_0032	54.39	57	25	1	345	512	236	292	2e-12	62.4
scaffold83350	OTU_0175	29.72	212	109	8	505	1038	97	302	1e-14	69.3
scaffold84026	OTU_0067	32.74	226	109	4	544	1095	92	316	2e-33	  105
scaffold84026	OTU_0067	37.66	77	47	1	306	533	12	88	2e-33	49.7
scaffold84113	OTU_0043	28.81	302	167	9	974	1768	13	303	2e-25	  101
scaffold84425	OTU_0320	31.65	237	103	9	779	168	91	301	4e-20	85.5
scaffold84758	OTU_0301	30.88	272	136	10	943	239	36	292	5e-18	79.0
scaffold85011	OTU_0054	32.33	133	87	3	901	1293	7	138	7e-12	59.3
scaffold85259	OTU_0013	29.28	263	136	8	456	1136	50	298	5e-12	60.8
scaffold85646	OTU_0217	33.15	181	83	4	574	1005	121	300	2e-21	89.7
scaffold85949	OTU_0351	69.39	49	15	0	21	167	156	204	1e-15	70.9
scaffold85995	OTU_0126	33.72	172	86	4	2083	1652	127	298	3e-16	73.6
scaffold87125	OTU_0198	51.19	84	41	0	1999	1748	231	314	8e-18	78.6
scaffold88585	OTU_0335	29.35	276	147	7	857	144	35	300	9e-23	93.6
scaffold89079	OTU_0155	29.32	266	137	9	776	102	47	302	2e-21	89.7
scaffold90955	OTU_0229	35.15	202	87	8	1526	2020	6	200	2e-20	85.9
scaffold91077	OTU_0335	32.04	181	88	3	1923	1483	122	301	8e-19	81.6
scaffold91145	OTU_0248	24.68	316	162	7	879	1694	1	284	9e-13	63.2
scaffold91487	OTU_0278	39.34	183	63	6	1439	1843	28	210	8e-17	74.3
scaffold91545	OTU_0026	65.85	41	14	0	2013	1891	151	191	1e-11	58.2
scaffold91770	OTU_0229	31.49	235	100	6	1381	1986	2	208	4e-20	84.3
scaffold92513	OTU_0176	34.25	219	102	9	1180	1728	1	213	3e-25	99.8
scaffold92801	OTU_0305	66.15	65	20	2	1960	1769	113	176	2e-19	81.3
scaffold93713	OTU_0271	29.66	263	130	8	1794	1147	60	314	3e-16	73.9
scaffold93996	OTU_0341	44.55	101	44	3	56	331	217	314	5e-19	82.0
scaffold95778	OTU_0227	33.92	283	129	6	1964	1251	46	315	3e-36	  133
scaffold95995	OTU_0019	26.83	246	138	8	1854	1234	58	300	8e-12	60.5
scaffold96806	OTU_0157	33.12	317	152	10	603	1427	4	302	2e-28	  110
scaffold97809	OTU_0072	37.78	315	147	7	1028	219	2	312	3e-44	  155
scaffold100156	OTU_0238	43.88	98	48	1	91	363	107	204	2e-18	79.0
scaffold100289	OTU_0163	43.04	79	44	1	1640	1873	75	153	4e-11	56.2
scaffold100904	OTU_0217	35.36	181	79	4	334	765	121	300	6e-24	97.1
scaffold101110	OTU_0140	31.70	306	165	7	1611	823	7	311	2e-35	  130
scaffold101943	OTU_0229	33.95	215	100	6	1619	1083	2	210	6e-23	92.8
scaffold102378	OTU_0351	35.41	209	92	6	1097	1609	1	204	3e-20	84.3
scaffold102611	OTU_0096	49.09	55	28	0	1893	1729	118	172	4e-13	62.4
scaffold103986	OTU_0284	25.76	330	195	12	1427	480	1	294	7e-16	72.4
scaffold104250	OTU_0150	39.13	184	72	5	1245	808	33	214	1e-25	  100
scaffold107472	OTU_0265	69.05	42	13	0	1551	1426	134	175	3e-14	66.2
scaffold107576	OTU_0351	31.67	240	131	6	1449	748	2	214	3e-19	81.6
scaffold109882	OTU_0312	30.05	203	96	6	1727	1248	101	300	1e-15	72.0
scaffold109914	OTU_0249	33.97	209	96	4	612	1130	72	274	3e-26	  103
scaffold110513	OTU_0234	29.72	212	112	9	1000	1563	100	298	8e-14	66.2
scaffold111172	OTU_0305	78.57	42	9	0	1574	1449	132	173	4e-17	74.3
scaffold111769	OTU_0106	27.95	297	175	10	828	1628	17	304	7e-11	57.4
scaffold111840	OTU_0305	58.06	62	25	1	1760	1578	112	173	2e-17	75.5
scaffold111975	OTU_0305	69.23	52	16	0	1804	1649	124	175	2e-18	78.6
scaffold112171	OTU_0020	36.97	211	91	8	762	1286	97	301	4e-26	  103
scaffold114640	OTU_0260	35.44	206	87	6	1015	512	16	213	2e-23	94.0
scaffold115229	OTU_0246	32.01	303	144	10	600	1382	20	302	1e-24	99.4
scaffold117753	OTU_0020	28.67	286	154	11	103	828	19	298	2e-16	73.6
scaffold123384	OTU_0121	37.36	182	82	4	646	1095	122	303	8e-27	  105
scaffold123622	OTU_0315	75.00	36	9	0	872	765	74	109	3e-12	58.9
scaffold123693	OTU_0176	31.96	219	107	6	1001	1549	1	213	3e-23	93.2
scaffold125218	OTU_0260	33.51	185	77	5	1662	1237	29	210	1e-14	67.4
scaffold125465	OTU_0151	32.60	181	80	5	1616	1194	123	301	2e-17	77.0
scaffold125575	OTU_0153	81.97	61	11	0	3	185	256	316	2e-28	  110
scaffold127433	OTU_0341	45.54	101	50	1	28	315	201	301	3e-19	82.4
scaffold130099	OTU_0317	39.91	213	91	9	268	813	97	303	3e-28	  108
scaffold133185	OTU_0150	29.88	241	109	7	991	389	4	224	4e-16	72.0
scaffold133236	OTU_0043	29.96	237	130	9	25	702	90	301	2e-21	89.0
scaffold135575	OTU_0023	28.62	318	163	8	500	1336	8	300	3e-18	79.3
scaffold136018	OTU_0300	34.88	215	107	6	1	549	29	242	3e-19	81.6
scaffold136703	OTU_0226	29.74	306	155	11	962	174	10	298	4e-25	  100
scaffold137527	OTU_0126	29.45	309	164	7	827	3	4	292	6e-19	81.3
scaffold139371	OTU_0150	30.65	199	97	4	861	1334	16	214	7e-16	70.9
scaffold140085	OTU_0176	31.20	234	106	7	1590	1006	1	218	1e-20	85.5
scaffold140695	OTU_0325	34.43	183	83	5	63	503	23	204	7e-21	85.9
scaffold142699	OTU_0041	27.39	314	167	11	547	1356	13	309	1e-13	65.5
scaffold143663	OTU_0152	28.34	187	101	6	4	543	92	252	3e-14	66.6
scaffold144289	OTU_0256	37.64	178	71	4	547	134	105	282	7e-22	89.7
scaffold145181	OTU_0019	27.50	200	98	8	658	197	103	301	2e-11	58.5
scaffold146146	OTU_0183	35.71	140	87	3	1131	1544	10	148	2e-14	67.8
scaffold146308	OTU_0171	31.73	312	134	11	1430	645	6	288	6e-25	99.4
scaffold147216	OTU_0140	50.79	63	31	0	1495	1307	239	301	2e-14	67.4
scaffold147995	OTU_0339	28.27	283	157	10	1071	313	46	312	2e-14	67.8
scaffold152646	OTU_0141	28.76	299	156	8	762	1532	15	298	3e-23	94.0
scaffold152988	OTU_0046	78.32	309	67	0	179	1105	1	309	2e-179	  504
scaffold153260	OTU_0153	59.57	47	17	1	17	157	250	294	1e-13	55.5
scaffold153260	OTU_0153	81.25	16	3	0	160	207	296	311	1e-13	32.3
scaffold153945	OTU_0155	34.62	182	88	4	1505	1053	121	302	2e-25	  100
scaffold154326	OTU_0287	36.02	322	153	9	1372	539	3	315	6e-39	  139
scaffold154875	OTU_0234	30.36	280	135	11	40	756	41	301	6e-16	72.4
scaffold155333	OTU_0305	41.90	105	46	1	1449	1180	71	175	4e-19	79.7
scaffold155388	OTU_0121	33.51	185	84	5	1507	1061	120	301	3e-21	88.2
scaffold155592	OTU_0203	54.84	62	28	0	136	321	94	155	2e-19	80.1
scaffold155902	OTU_0265	61.36	44	17	0	26	157	132	175	5e-13	61.6
scaffold155933	OTU_0175	25.16	318	184	9	1343	483	18	312	3e-12	61.2
scaffold156387	OTU_0155	27.00	263	165	8	708	1439	50	304	3e-13	64.3
scaffold156740	OTU_0305	74.51	51	13	0	1	153	123	173	8e-20	82.0
scaffold157187	OTU_0136	45.33	75	41	0	862	638	242	316	2e-14	67.4
scaffold157805	OTU_0196	28.72	296	154	12	39	788	16	300	2e-16	73.6
scaffold158473	OTU_0218	30.88	204	93	8	31	510	103	302	6e-15	69.3
scaffold158847	OTU_0105	35.92	206	77	6	472	948	46	243	1e-22	91.3
scaffold158945	OTU_0145	32.17	230	130	7	787	1473	10	214	2e-13	64.7
scaffold159008	OTU_0325	32.70	211	97	10	668	147	2	204	3e-22	89.7
scaffold159159	OTU_0155	35.03	314	165	8	1052	222	2	313	8e-43	  150
scaffold159751	OTU_0158	37.20	207	89	8	973	461	103	304	8e-21	86.7
scaffold166442	OTU_0140	35.00	180	76	4	5	421	119	298	1e-23	95.1
scaffold167549	OTU_0108	27.37	274	153	8	518	1234	41	303	1e-15	71.2
scaffold168757	OTU_0126	31.37	306	147	8	1255	485	4	295	1e-24	98.2
scaffold171098	OTU_0121	35.88	131	73	5	387	1	41	162	3e-12	60.8
scaffold172994	OTU_0045	98.40	125	1	1	554	180	1	124	7e-78	  243
scaffold175317	OTU_0226	29.75	279	138	13	690	1418	16	272	2e-13	64.3
scaffold176346	OTU_0179	50.00	64	32	0	115	306	223	286	5e-15	68.9
scaffold176413	OTU_0132	33.76	314	163	7	242	1051	3	315	7e-35	  127
scaffold177284	OTU_0010	72.73	55	15	0	1391	1227	247	301	2e-20	85.5
scaffold177485	OTU_0226	28.21	312	164	8	1072	248	10	298	3e-20	85.1
scaffold178153	OTU_0119	25.84	298	179	11	366	1160	19	307	5e-15	69.3
scaffold178738	OTU_0129	30.77	273	143	9	73	780	6	269	2e-22	91.3
scaffold179039	OTU_0155	26.98	215	109	7	1019	495	94	300	3e-13	64.3
scaffold180120	OTU_0138	29.55	176	107	6	527	3	3	162	7e-12	57.8
scaffold185142	OTU_0303	34.30	207	96	4	401	901	95	301	2e-21	88.2
scaffold186090	OTU_0062	100.00	308	0	0	80	1003	1	308	0.0	  567
scaffold186908	OTU_0126	37.78	180	64	5	1233	838	116	295	5e-19	81.3
scaffold186908	OTU_0126	32.46	191	81	6	458	3	98	279	6e-13	63.2
scaffold187151	OTU_0204	38.04	163	60	5	979	614	146	308	5e-27	79.0
scaffold187151	OTU_0204	28.68	129	88	3	1332	952	28	154	5e-27	53.9
scaffold188509	OTU_0155	28.17	323	170	10	1130	285	1	302	2e-25	99.8
scaffold188755	OTU_0126	37.23	188	74	5	1346	897	116	297	5e-24	95.9
scaffold188792	OTU_0229	25.23	214	109	6	564	1073	3	209	7e-14	64.7
scaffold188795	OTU_0254	90.70	43	4	0	131	3	1	43	2e-20	83.6
scaffold189150	OTU_0044	36.39	305	143	8	69	851	5	302	3e-40	  142
scaffold189676	OTU_0307	34.46	177	111	4	805	1326	10	184	3e-24	96.7
scaffold193083	OTU_0107	28.66	328	176	12	1274	411	2	311	5e-14	66.2
scaffold193233	OTU_0072	30.33	300	160	9	12	800	16	303	5e-23	92.8
scaffold194132	OTU_0260	30.46	197	116	10	46	588	20	211	9e-11	55.1
scaffold195756	OTU_0314	38.33	180	70	3	47	463	123	302	4e-27	  104
scaffold196328	OTU_0150	30.38	237	105	6	569	1177	3	213	1e-21	87.8
scaffold197072	OTU_0210	34.10	173	86	5	369	806	130	301	1e-16	73.9
scaffold199028	OTU_0262	38.67	150	56	4	1298	951	54	201	2e-18	77.8
scaffold199898	OTU_0246	27.63	304	164	10	1169	381	14	302	2e-22	90.9
scaffold200699	OTU_0067	36.90	168	97	5	831	1319	14	177	3e-24	96.7
scaffold201850	OTU_0198	57.14	42	18	0	1317	1192	260	301	9e-11	56.2
scaffold203910	OTU_0066	22.77	224	146	3	151	774	96	308	5e-12	60.1
scaffold204174	OTU_0176	33.33	219	104	8	631	83	1	213	9e-24	93.6
scaffold204486	OTU_0217	32.43	222	104	5	954	403	87	300	2e-24	97.1
scaffold205477	OTU_0107	34.80	296	150	12	534	1307	2	292	4e-33	  122
scaffold208407	OTU_0203	70.45	44	13	0	1120	989	109	152	2e-15	68.2
scaffold209370	OTU_0126	27.56	283	153	11	2	751	29	292	3e-14	66.6
scaffold210212	OTU_0307	32.18	317	154	9	275	1111	8	301	2e-23	94.0
scaffold212939	OTU_0261	29.76	205	114	9	66	608	102	300	2e-12	61.2
scaffold214145	OTU_0015	31.52	276	144	9	1029	331	9	282	3e-29	  110
scaffold214160	OTU_0005	54.00	50	23	0	818	967	70	119	3e-13	61.2
scaffold214750	OTU_0226	27.08	240	115	8	93	710	85	298	3e-12	60.8
scaffold216374	OTU_0095	32.45	302	143	9	336	1115	20	302	4e-26	  101
scaffold216408	OTU_0320	32.84	268	138	6	587	1270	9	274	1e-30	  114
scaffold216715	OTU_0341	26.48	219	121	8	831	271	69	279	2e-11	58.5
scaffold217688	OTU_0013	36.59	287	137	7	34	771	32	314	2e-43	  150
scaffold218047	OTU_0227	33.88	304	156	9	1060	272	15	314	2e-36	  131
scaffold219845	OTU_0020	32.13	221	106	7	387	935	87	301	1e-20	85.9
scaffold221318	OTU_0048	27.78	270	150	9	1071	382	50	314	3e-16	72.8
scaffold222754	OTU_0121	39.78	181	67	7	8	427	122	301	5e-21	86.7
scaffold224377	OTU_0305	67.50	40	13	0	12	131	132	171	2e-13	62.8
scaffold227443	OTU_0229	35.87	184	85	5	781	329	26	209	1e-24	95.1
scaffold227698	OTU_0218	30.28	218	110	8	928	380	104	314	9e-13	62.4
scaffold230071	OTU_0305	80.00	40	8	0	155	274	134	173	6e-17	72.8
scaffold230194	OTU_0067	27.83	309	165	9	1078	260	15	301	9e-19	80.1
scaffold230683	OTU_0197	51.61	62	30	0	1192	1007	114	175	2e-14	65.5
scaffold231366	OTU_0260	26.89	212	116	7	218	742	3	212	1e-14	66.6
scaffold231392	OTU_0176	65.57	61	21	0	216	398	152	212	5e-20	82.4
scaffold232383	OTU_0229	28.77	212	111	5	1107	574	2	207	2e-12	60.1
scaffold232638	OTU_0176	32.42	219	105	5	76	621	1	213	1e-26	  101
scaffold234010	OTU_0260	34.43	212	96	8	851	321	8	211	6e-24	93.6
scaffold234676	OTU_0183	39.61	154	88	4	8	463	13	163	1e-20	85.5
scaffold236054	OTU_0229	31.63	215	103	4	1027	494	2	209	7e-24	93.2
scaffold238284	OTU_0153	100.00	316	0	0	1091	144	1	316	0.0	  649
scaffold240276	OTU_0155	27.40	292	159	9	761	3	1	278	1e-19	82.8
scaffold240276	OTU_0155	47.27	55	27	1	1109	951	246	300	7e-12	59.7
scaffold243583	OTU_0335	33.55	301	155	7	858	88	5	304	1e-35	  129
scaffold245241	OTU_0179	31.11	270	134	9	1169	477	30	286	2e-21	87.0
scaffold247402	OTU_0059	25.91	220	129	5	375	956	36	247	6e-14	65.1
scaffold249005	OTU_0229	34.48	174	75	4	770	1177	26	198	3e-19	79.7
scaffold249773	OTU_0150	34.84	221	94	6	184	726	7	217	1e-25	98.2
scaffold250793	OTU_0155	30.10	299	165	10	963	163	16	302	5e-26	  100
scaffold251425	OTU_0042	38.42	177	69	5	469	879	125	301	5e-20	83.6
scaffold252220	OTU_0196	35.18	307	161	11	195	1004	8	313	1e-37	  134
scaffold254940	OTU_0217	35.91	181	78	4	547	116	121	300	2e-25	98.6
scaffold255863	OTU_0106	28.15	270	166	8	272	1039	46	301	1e-12	62.0
scaffold257109	OTU_0080	52.05	73	35	0	1159	941	126	198	9e-18	75.5
scaffold258199	OTU_0175	27.50	200	109	6	1022	522	104	300	1e-13	64.7
scaffold258206	OTU_0155	28.76	299	178	9	1054	224	15	300	3e-23	92.8
scaffold261772	OTU_0226	31.00	229	130	10	1102	479	90	311	4e-15	68.9
scaffold263141	OTU_0229	38.30	188	78	6	307	759	26	212	6e-22	87.4
scaffold264549	OTU_0019	28.84	215	105	5	1111	581	94	298	9e-12	58.9
scaffold264966	OTU_0229	32.96	179	83	7	463	2	32	198	3e-14	65.1
scaffold265387	OTU_0001	32.76	293	140	12	1080	313	29	301	3e-13	63.5
scaffold266070	OTU_0197	33.96	159	71	4	22	396	15	173	2e-15	68.2
scaffold267676	OTU_0155	39.39	132	78	2	743	1135	36	166	5e-20	83.6
scaffold267986	OTU_0335	34.52	310	159	5	127	933	8	314	4e-45	  154
scaffold268053	OTU_0312	31.31	214	108	8	917	375	93	300	1e-15	70.5
scaffold269751	OTU_0150	27.08	192	98	5	661	1128	1	186	4e-11	55.8
scaffold270442	OTU_0218	32.30	226	110	4	398	964	83	302	3e-28	  107
scaffold270700	OTU_0217	35.84	226	107	2	16	582	89	313	8e-36	  129
scaffold272041	OTU_0300	25.91	247	126	10	233	853	1	230	4e-11	56.2
scaffold273215	OTU_0312	33.49	212	99	6	1008	481	98	303	3e-25	98.2
scaffold273534	OTU_0319	28.49	186	87	6	74	514	82	260	1e-14	67.4
scaffold276179	OTU_0203	56.36	55	24	0	530	694	98	152	4e-15	66.6
scaffold276751	OTU_0208	36.81	182	78	4	680	1114	121	302	8e-27	  102
scaffold277399	OTU_0203	44.71	85	34	3	1078	845	74	152	2e-15	67.8
scaffold277399	OTU_0203	75.00	32	8	0	98	3	111	142	1e-11	56.6
scaffold280911	OTU_0176	27.85	219	108	7	409	933	1	213	3e-15	68.2
scaffold281039	OTU_0229	26.74	187	101	6	1094	633	26	209	2e-11	56.6
scaffold281508	OTU_0234	31.69	183	97	6	563	1099	10	168	7e-12	59.3
scaffold283211	OTU_0317	24.31	288	172	9	338	1093	19	296	4e-12	59.7
scaffold283880	OTU_0218	35.79	285	142	7	1081	344	33	315	1e-41	  144
scaffold284121	OTU_0137	28.97	252	125	7	424	1065	62	297	5e-14	65.9
scaffold284477	OTU_0320	79.71	69	14	0	209	3	1	69	4e-31	  115
scaffold286647	OTU_0020	45.31	64	35	0	67	258	238	301	9e-14	65.1
scaffold287237	OTU_0157	34.08	311	162	6	153	959	6	315	4e-44	  151
scaffold288679	OTU_0155	31.78	258	139	7	424	1089	1	257	1e-31	  117
scaffold290202	OTU_0065	100.00	266	0	0	171	968	1	266	6e-170	  473
scaffold290944	OTU_0233	27.92	308	168	11	823	2	12	299	5e-15	68.9
scaffold291125	OTU_0203	56.86	51	22	0	989	837	102	152	2e-16	70.9
scaffold293196	OTU_0150	31.13	212	108	6	531	7	4	214	3e-15	68.2
scaffold293347	OTU_0264	100.00	141	0	0	658	1080	1	141	3e-98	  286
scaffold298803	OTU_0072	32.28	158	96	6	1046	603	1	157	1e-16	73.6
scaffold300440	OTU_0300	50.00	66	31	1	737	934	166	229	1e-13	63.5
scaffold302127	OTU_0226	32.98	282	137	5	809	96	38	311	4e-40	  140
scaffold309998	OTU_0074	45.59	68	37	0	669	466	91	158	1e-12	59.3
scaffold310848	OTU_0044	46.00	100	54	0	975	676	205	304	6e-22	88.2
scaffold311035	OTU_0351	38.28	209	92	5	982	449	2	204	1e-23	91.7
scaffold314609	OTU_0229	35.51	214	96	5	945	412	2	209	5e-28	  104
scaffold316323	OTU_0262	56.45	62	27	0	157	342	138	199	4e-18	75.9
scaffold318409	OTU_0003	54.84	62	28	0	1033	848	240	301	6e-16	71.2
scaffold322623	OTU_0066	27.57	272	132	12	969	289	41	292	3e-11	57.4
scaffold327144	OTU_0260	36.79	212	92	6	906	373	7	210	3e-17	73.2
scaffold327398	OTU_0217	33.67	294	136	9	742	5	12	294	5e-38	  134
scaffold328009	OTU_0104	27.60	250	128	7	796	182	7	248	1e-15	69.3
scaffold328788	OTU_0155	32.30	226	105	6	1004	465	90	313	3e-26	  100
scaffold329895	OTU_0229	31.72	186	88	8	872	417	26	206	5e-11	55.5
scaffold330400	OTU_0104	55.93	59	26	0	966	790	177	235	1e-16	72.4
scaffold331072	OTU_0012	41.94	62	35	1	853	668	128	188	2e-12	58.9
scaffold332743	OTU_0319	25.74	202	120	5	26	544	62	262	7e-12	58.5
scaffold334678	OTU_0121	35.45	220	96	6	852	307	92	303	8e-27	  102
scaffold339122	OTU_0044	90.38	52	5	0	995	840	253	304	4e-25	97.1
scaffold339306	OTU_0095	33.90	177	78	4	1	414	126	302	2e-23	92.4
scaffold340462	OTU_0258	29.83	181	100	6	335	811	128	303	5e-11	56.2
scaffold340661	OTU_0305	77.42	31	7	0	1	93	143	173	2e-11	55.8
scaffold346404	OTU_0048	50.79	63	30	1	57	245	243	304	3e-12	60.1
scaffold348240	OTU_0196	31.47	232	120	7	120	722	78	301	5e-18	76.6
scaffold348246	OTU_0162	31.84	245	131	6	269	901	19	261	2e-28	96.3
scaffold348246	OTU_0162	69.23	26	8	0	906	983	270	295	2e-28	40.8
scaffold348452	OTU_0111	35.66	286	129	8	820	110	3	282	1e-33	  121
scaffold349267	OTU_0095	33.33	171	78	6	981	577	129	299	5e-12	59.3
scaffold351713	OTU_0013	34.11	299	145	10	795	49	16	312	9e-35	  125
scaffold352880	OTU_0274	35.16	182	80	4	40	471	23	204	1e-24	94.7
scaffold353357	OTU_0312	29.35	201	103	6	110	619	105	297	5e-14	65.5
scaffold355312	OTU_0048	47.62	63	32	1	973	785	243	304	2e-11	57.4
scaffold356420	OTU_0284	48.15	108	52	2	824	501	43	146	4e-24	94.4
scaffold356508	OTU_0140	28.44	320	161	13	35	871	3	295	6e-17	73.9
scaffold356514	OTU_0291	34.42	215	92	8	527	9	95	302	2e-23	92.4
scaffold358641	OTU_0125	57.69	52	20	1	848	693	209	258	4e-11	55.8
scaffold358816	OTU_0155	29.89	271	137	9	22	717	47	303	1e-26	  101
scaffold358820	OTU_0046	76.58	269	63	0	809	3	1	269	4e-142	  402
scaffold359408	OTU_0262	32.68	205	90	7	146	643	1	196	4e-15	67.0
scaffold359692	OTU_0260	33.17	205	92	6	388	888	16	213	2e-22	88.2
scaffold360631	OTU_0226	30.87	311	172	5	101	907	2	311	4e-44	  150
scaffold360700	OTU_0104	43.37	83	38	2	149	370	153	235	1e-12	60.8
scaffold360984	OTU_0179	28.72	282	150	8	43	783	32	297	5e-16	70.9
scaffold361250	OTU_0267	31.96	219	104	5	85	633	86	295	3e-27	  103
scaffold362046	OTU_0112	73.15	108	29	0	3	326	116	223	5e-56	  179
scaffold362907	OTU_0104	42.62	61	35	0	213	395	174	234	9e-14	63.5
scaffold364527	OTU_0351	35.07	211	90	6	140	652	1	204	6e-22	86.3
scaffold364540	OTU_0265	63.83	47	17	0	3	143	129	175	1e-14	65.1
scaffold364627	OTU_0203	69.57	46	14	0	11	148	107	152	1e-16	70.5
scaffold365530	OTU_0140	34.08	223	99	7	958	383	96	301	3e-26	  100
scaffold366694	OTU_0029	38.71	124	72	2	955	596	60	183	3e-21	83.6
scaffold367885	OTU_0095	29.80	255	126	9	787	149	58	301	3e-15	68.6
scaffold371379	OTU_0183	32.73	220	116	9	704	132	87	303	2e-20	83.6
scaffold374401	OTU_0204	32.45	151	70	7	861	436	165	292	4e-11	56.6
scaffold374463	OTU_0229	28.71	202	97	8	6	518	26	211	8e-12	57.8
scaffold376505	OTU_0155	32.95	264	131	9	211	894	47	300	1e-31	  116
scaffold380176	OTU_0305	66.67	45	15	0	278	412	129	173	6e-16	68.6
scaffold384719	OTU_0295	28.16	174	80	3	166	552	126	299	2e-12	60.8
scaffold386679	OTU_0043	27.10	262	127	12	654	1	31	272	2e-12	60.5
scaffold386859	OTU_0217	32.55	255	120	7	28	681	73	312	3e-25	97.4
scaffold389029	OTU_0197	60.00	45	18	0	902	768	131	175	1e-13	62.0
scaffold390506	OTU_0302	34.81	135	79	5	400	5	4	132	6e-15	67.8
scaffold391687	OTU_0115	50.00	76	37	1	832	605	94	168	1e-16	70.5
scaffold395138	OTU_0203	56.82	44	19	0	11	142	109	152	4e-15	66.2
scaffold395588	OTU_0045	98.49	199	3	0	11	607	111	309	5e-128	  366
scaffold399121	OTU_0150	33.33	186	84	3	805	356	33	214	1e-22	88.6
scaffold400398	OTU_0260	27.54	207	110	4	801	286	6	207	3e-14	64.3
scaffold403597	OTU_0126	30.82	159	95	5	271	741	34	179	3e-11	57.0
scaffold405495	OTU_0085	31.21	141	86	5	482	892	14	147	5e-11	54.3
scaffold408361	OTU_0248	41.18	187	75	3	88	543	111	297	9e-27	  101
scaffold409987	OTU_0298	58.00	50	21	0	332	183	264	313	2e-12	60.5
scaffold410694	OTU_0234	31.93	238	101	5	634	11	94	300	2e-22	89.0
scaffold411871	OTU_0087	38.10	168	66	5	4	396	8	174	1e-21	84.7
scaffold412188	OTU_0262	31.66	199	90	7	393	896	8	191	1e-15	68.2
scaffold412372	OTU_0233	35.75	179	79	4	19	453	127	303	7e-24	93.2
scaffold417405	OTU_0065	56.52	46	20	0	491	354	208	253	6e-13	61.2
scaffold417448	OTU_0335	29.56	274	147	8	104	823	40	301	6e-16	70.5
scaffold418747	OTU_0225	43.30	97	47	5	6	275	206	301	3e-11	56.6
scaffold419618	OTU_0198	28.44	218	117	6	201	746	87	301	4e-17	73.9
scaffold419696	OTU_0105	37.43	179	70	6	102	515	63	240	2e-21	85.1
scaffold420859	OTU_0269	28.23	209	118	7	762	223	1	206	4e-11	55.5
scaffold421664	OTU_0140	30.56	288	145	11	22	762	28	301	1e-24	95.5
scaffold422271	OTU_0340	100.00	224	0	0	674	3	1	224	1e-153	  427
scaffold422525	OTU_0265	54.55	44	20	0	840	709	132	175	6e-12	57.4
scaffold427213	OTU_0021	29.21	202	89	6	358	810	55	253	3e-11	56.2
scaffold431330	OTU_0059	32.74	223	119	8	877	260	37	245	9e-20	80.5
scaffold431381	OTU_0047	35.76	151	91	5	429	869	7	155	2e-19	77.4
scaffold433388	OTU_0235	64.67	184	65	0	320	871	1	184	3e-83	  248
scaffold433728	OTU_0197	47.46	59	31	0	850	674	116	174	6e-11	54.3
scaffold434447	OTU_0303	32.58	178	85	4	872	444	127	304	1e-18	77.8
scaffold435528	OTU_0119	31.84	245	125	6	868	257	71	314	6e-35	  124
scaffold438686	OTU_0217	35.86	251	116	6	5	628	65	313	1e-34	  123
scaffold439985	OTU_0229	29.36	218	108	7	711	157	7	211	1e-18	76.3
scaffold442960	OTU_0229	37.09	213	106	6	817	248	2	209	1e-26	99.8
scaffold448333	OTU_0245	82.05	39	7	0	297	181	191	229	2e-24	74.3
scaffold448333	OTU_0245	45.00	40	22	0	392	273	159	198	2e-24	37.7
scaffold448333	OTU_0245	66.67	21	7	0	154	92	239	259	2e-24	30.8
scaffold449141	OTU_0009	29.18	281	168	9	29	856	43	297	1e-19	80.5
scaffold449721	OTU_0208	25.74	202	114	7	44	547	100	299	2e-13	63.2
scaffold450119	OTU_0061	32.79	122	66	4	844	500	89	201	9e-12	57.0
scaffold452297	OTU_0198	32.35	170	73	7	288	680	135	301	7e-11	55.5
scaffold452431	OTU_0141	29.38	194	100	6	1	558	135	299	6e-13	61.6
scaffold453735	OTU_0247	30.61	147	88	3	23	463	31	163	1e-11	57.4
scaffold458163	OTU_0013	36.97	165	102	2	37	528	14	177	1e-25	98.2
scaffold459775	OTU_0246	35.94	217	85	7	787	257	100	302	3e-27	  102
scaffold459931	OTU_0351	56.25	64	28	0	19	210	141	204	5e-16	68.9
scaffold463779	OTU_0175	34.90	298	149	6	8	769	20	316	2e-40	  139
scaffold467921	OTU_0125	86.73	98	13	0	838	545	161	258	3e-49	  160
scaffold468906	OTU_0132	36.22	254	108	7	826	203	70	315	2e-34	  123
scaffold470718	OTU_0150	36.84	95	53	2	495	776	7	95	5e-12	57.8
scaffold471852	OTU_0078	27.96	211	110	7	305	829	6	210	5e-13	60.5
scaffold474216	OTU_0162	33.03	218	104	5	235	780	100	311	1e-24	95.1
scaffold477965	OTU_0111	100.00	247	0	0	741	1	17	263	2e-176	  486
scaffold480087	OTU_0305	53.45	58	27	0	28	201	114	171	8e-16	67.4
scaffold480537	OTU_0305	70.45	44	13	0	1	132	132	175	6e-17	70.5
scaffold480772	OTU_0262	54.84	62	28	0	727	542	138	199	1e-17	73.6
scaffold481692	OTU_0265	69.57	46	14	0	819	682	130	175	6e-16	68.2
scaffold484340	OTU_0261	25.00	164	83	4	481	110	135	298	8e-11	55.1
scaffold485027	OTU_0305	66.67	42	14	0	823	698	132	173	4e-14	62.8
scaffold485078	OTU_0120	36.36	88	46	2	369	109	10	88	5e-11	53.5
scaffold488103	OTU_0183	37.63	295	141	11	795	31	10	301	2e-37	  130
scaffold490045	OTU_0052	41.43	70	39	2	557	763	238	306	8e-11	55.1
scaffold491470	OTU_0067	34.26	216	92	9	9	536	98	303	1e-22	89.0
scaffold491924	OTU_0256	29.28	222	116	8	92	652	75	290	1e-11	57.8
scaffold492474	OTU_0196	27.46	193	101	7	770	306	106	297	3e-13	62.4
scaffold493872	OTU_0053	37.93	87	52	2	114	374	109	193	1e-11	56.2
scaffold494734	OTU_0227	55.26	76	34	0	810	583	240	315	3e-21	84.7
scaffold496918	OTU_0320	31.03	261	139	6	668	3	15	273	6e-27	  101
scaffold497265	OTU_0275	43.59	78	42	1	103	336	62	137	2e-16	68.9
scaffold497490	OTU_0225	30.23	129	88	2	260	643	5	132	1e-13	63.5
scaffold500359	OTU_0274	48.44	64	33	0	642	451	141	204	3e-15	66.2
scaffold501382	OTU_0217	34.58	214	92	6	702	178	96	300	4e-30	  110
scaffold501569	OTU_0175	63.33	60	18	1	182	3	211	266	5e-18	75.9
scaffold502906	OTU_0030	33.69	187	88	6	9	464	119	304	4e-23	90.1
scaffold503502	OTU_0120	37.50	88	45	2	541	801	10	88	2e-11	55.1
scaffold503732	OTU_0155	27.02	285	156	11	20	760	40	310	1e-16	71.6
scaffold506648	OTU_0001	26.73	202	106	7	104	592	102	300	2e-11	57.0
scaffold508716	OTU_0198	34.73	239	109	7	66	680	74	299	7e-27	  101
scaffold508805	OTU_0275	75.61	41	10	0	798	676	98	138	4e-16	67.8
scaffold509676	OTU_0140	43.48	69	38	1	138	341	233	301	4e-11	55.8
scaffold510827	OTU_0203	68.75	48	15	0	204	61	105	152	2e-18	74.7
scaffold511500	OTU_0335	28.94	273	141	12	779	87	40	301	5e-19	78.6
scaffold511965	OTU_0219	30.46	174	105	7	535	23	23	183	6e-13	61.2
scaffold512345	OTU_0320	37.50	288	124	7	3	728	38	315	4e-46	  154
scaffold512931	OTU_0229	34.25	219	91	8	793	248	7	209	1e-22	87.8
scaffold517055	OTU_0316	38.61	158	94	3	275	742	9	165	6e-25	95.9
scaffold517160	OTU_0114	47.47	99	42	2	440	174	92	190	4e-21	82.8
scaffold517380	OTU_0157	29.19	209	104	5	516	1	90	291	2e-18	77.0
scaffold524593	OTU_0167	33.05	118	75	3	409	65	4	120	1e-15	67.8
scaffold528922	OTU_0305	72.97	37	10	0	781	671	137	173	2e-13	60.5
scaffold529435	OTU_0274	27.36	212	107	5	276	782	1	208	3e-11	55.1
scaffold529786	OTU_0274	32.84	201	94	6	65	562	1	195	2e-19	78.6
scaffold529822	OTU_0198	42.86	70	39	1	318	112	245	314	4e-12	58.5
scaffold530403	OTU_0192	49.25	67	34	0	782	582	32	98	5e-15	63.9
scaffold531896	OTU_0124	40.00	105	47	6	25	297	48	150	9e-12	55.8
scaffold532463	OTU_0275	99.31	144	1	0	3	434	8	151	6e-103	  294
scaffold532670	OTU_0339	33.89	180	80	4	80	502	122	301	2e-18	77.0
scaffold534134	OTU_0305	53.73	67	29	1	661	461	112	176	1e-16	69.7
scaffold534344	OTU_0109	32.29	192	88	3	128	580	22	212	3e-14	63.9
scaffold534825	OTU_0233	30.94	139	84	3	279	695	42	168	5e-11	55.5
scaffold541168	OTU_0031	36.02	186	98	4	767	264	118	300	9e-30	  109
scaffold543007	OTU_0150	37.91	182	77	5	4	441	33	214	6e-26	97.1
scaffold543212	OTU_0200	37.64	178	72	5	679	260	125	301	2e-21	85.1
scaffold544520	OTU_0229	36.92	214	93	4	693	160	2	209	2e-29	  106
scaffold545276	OTU_0104	37.04	108	54	5	166	456	144	248	1e-11	56.6
scaffold545854	OTU_0238	28.49	186	107	6	561	67	11	191	7e-13	59.7
scaffold545926	OTU_0351	35.87	184	82	5	721	278	23	206	2e-22	87.4
scaffold547387	OTU_0203	69.05	42	13	0	378	253	111	152	3e-17	71.2
scaffold548091	OTU_0121	34.60	211	97	6	765	238	97	301	1e-26	  100
scaffold550667	OTU_0153	63.79	58	21	0	3	176	246	303	2e-16	71.2
scaffold551319	OTU_0072	34.87	152	97	2	455	3	2	152	1e-17	74.3
scaffold559249	OTU_0157	31.11	225	100	4	735	190	90	302	3e-23	90.5
scaffold561846	OTU_0275	44.74	76	38	1	66	293	67	138	4e-14	62.0
scaffold562708	OTU_0203	70.27	37	11	0	758	648	116	152	2e-14	63.2
scaffold563042	OTU_0235	37.13	167	97	6	268	753	10	173	2e-21	84.0
scaffold563353	OTU_0218	35.64	101	63	1	436	738	215	313	1e-12	60.1
scaffold567920	OTU_0043	26.91	275	158	8	37	753	18	285	2e-18	76.3
scaffold568707	OTU_0234	30.98	184	105	7	648	106	32	196	1e-12	60.1
scaffold579961	OTU_0183	37.33	150	89	4	305	745	10	157	3e-20	81.6
scaffold580245	OTU_0234	27.41	270	144	6	743	45	47	301	7e-16	69.3
scaffold580816	OTU_0072	43.88	98	52	1	352	68	1	98	6e-18	75.1
scaffold581283	OTU_0096	31.40	172	80	5	116	517	1	172	3e-13	60.1
scaffold585566	OTU_0106	30.62	209	116	7	733	179	97	300	2e-13	62.8
scaffold591012	OTU_0187	28.32	173	95	9	521	15	2	149	4e-12	56.6
scaffold594312	OTU_0031	30.58	242	119	7	632	3	73	297	3e-21	84.3
scaffold596814	OTU_0173	37.97	79	48	1	581	345	238	315	2e-11	56.6
scaffold599539	OTU_0181	35.42	144	84	5	429	13	10	149	9e-19	75.1
scaffold599940	OTU_0124	41.12	107	43	7	562	290	48	150	9e-12	55.8
scaffold604429	OTU_0335	34.08	223	103	4	581	9	89	299	3e-24	93.2
scaffold609236	OTU_0021	47.14	70	35	2	653	447	195	263	4e-11	55.1
scaffold610455	OTU_0335	31.20	266	132	7	64	726	8	267	3e-21	84.3
scaffold613829	OTU_0218	30.18	222	105	7	132	680	104	314	2e-11	56.2
scaffold614853	OTU_0235	36.41	184	112	4	146	694	10	189	8e-27	99.4
scaffold615047	OTU_0140	46.27	67	36	0	606	406	235	301	7e-16	69.3
scaffold615159	OTU_0234	27.51	269	151	7	5	715	45	301	2e-13	62.0
scaffold616517	OTU_0305	65.57	61	20	1	187	366	113	173	4e-23	88.2
scaffold618267	OTU_0105	34.15	164	60	4	4	351	80	243	6e-17	71.2
scaffold619278	OTU_0191	39.49	157	92	3	521	57	10	165	1e-25	96.7
scaffold621129	OTU_0197	57.38	61	26	0	37	219	115	175	2e-16	68.9
scaffold621286	OTU_0203	41.84	98	45	4	615	355	56	152	3e-18	73.6
scaffold621604	OTU_0203	70.45	44	13	0	537	406	109	152	2e-16	68.2
scaffold622307	OTU_0267	29.38	194	95	4	476	6	86	274	1e-16	71.2
scaffold622669	OTU_0140	57.14	63	27	0	713	525	235	297	1e-17	73.9
scaffold625510	OTU_0031	26.20	187	95	6	693	259	112	297	2e-12	59.3
scaffold629192	OTU_0265	41.49	94	52	2	137	412	86	178	6e-11	53.5
scaffold630331	OTU_0243	40.86	93	53	1	354	76	224	314	3e-12	58.9
scaffold631200	OTU_0124	41.27	63	36	1	538	350	90	151	3e-11	53.9
scaffold635721	OTU_0339	35.91	181	75	6	22	453	125	301	1e-18	76.6
scaffold638906	OTU_0274	41.28	218	86	4	64	594	1	217	2e-34	  119
scaffold648193	OTU_0135	49.23	65	27	1	505	699	77	135	1e-11	54.7
scaffold651504	OTU_0256	34.73	167	78	6	285	692	113	279	4e-13	60.8
scaffold654364	OTU_0176	25.58	215	114	4	698	186	13	225	3e-13	60.5
scaffold657647	OTU_0173	29.47	207	103	7	697	176	112	308	2e-11	56.2
scaffold658611	OTU_0196	29.38	160	75	4	12	380	142	300	9e-13	60.1
scaffold659597	OTU_0107	29.55	176	82	5	276	695	98	267	1e-11	57.0
scaffold661007	OTU_0312	36.32	212	98	6	19	561	98	303	2e-21	84.7
scaffold661263	OTU_0241	32.86	210	87	5	686	198	76	278	4e-27	  100
scaffold661785	OTU_0229	35.75	221	119	4	648	22	2	211	4e-29	  105
scaffold663135	OTU_0226	28.64	213	114	8	571	35	90	298	9e-14	63.2
scaffold664056	OTU_0041	24.86	177	101	3	693	259	121	297	4e-11	55.5
scaffold664450	OTU_0229	29.29	198	95	8	18	509	26	212	9e-13	59.3
scaffold670119	OTU_0030	36.70	188	80	7	22	474	119	304	6e-24	92.0
scaffold672268	OTU_0265	47.92	48	25	0	579	436	131	178	7e-11	53.1
scaffold673636	OTU_0155	25.81	217	108	7	530	15	89	297	1e-13	62.4
scaffold675770	OTU_0012	43.75	64	33	2	341	526	123	185	6e-11	53.9
scaffold684696	OTU_0099	37.97	79	45	1	637	413	67	145	1e-12	57.4
scaffold687260	OTU_0267	35.29	221	108	4	652	92	89	308	2e-34	  121
scaffold687688	OTU_0312	32.43	222	108	10	602	54	87	305	3e-13	61.6
scaffold691651	OTU_0265	71.74	46	13	0	547	410	130	175	1e-16	69.7
scaffold691738	OTU_0203	50.98	51	25	0	393	241	102	152	6e-11	52.8
scaffold691990	OTU_0284	41.59	226	125	4	9	677	59	280	2e-55	  176
scaffold692753	OTU_0047	39.37	127	61	5	526	146	45	155	3e-16	67.4
scaffold693204	OTU_0198	30.53	190	90	6	464	3	90	273	1e-14	65.5
scaffold701029	OTU_0203	53.85	52	24	0	6	161	101	152	1e-16	68.9
scaffold703501	OTU_0249	30.92	249	123	8	638	3	21	257	7e-20	79.7
scaffold706904	OTU_0121	36.07	183	78	4	611	177	120	301	5e-22	86.3
scaffold711201	OTU_0155	28.64	220	116	5	552	4	40	255	7e-16	68.9
scaffold711384	OTU_0320	32.65	147	91	4	430	5	9	152	2e-18	75.9
scaffold712164	OTU_0140	29.02	193	117	3	612	34	3	175	1e-11	56.6
scaffold713592	OTU_0266	36.73	98	55	2	437	147	88	179	4e-11	55.1
scaffold717217	OTU_0125	34.74	95	55	2	227	508	54	142	9e-13	59.3
scaffold719153	OTU_0305	73.81	42	11	0	13	138	132	173	2e-18	74.7
scaffold724701	OTU_0153	39.11	179	68	5	641	228	127	305	4e-25	95.1
scaffold725833	OTU_0203	60.94	64	25	0	643	452	97	160	4e-21	81.6
scaffold725871	OTU_0051	36.42	151	93	3	203	652	1	149	8e-21	82.4
scaffold726766	OTU_0183	33.10	142	82	4	410	6	10	145	3e-17	72.4
scaffold729613	OTU_0245	32.67	202	107	7	46	636	10	187	4e-13	60.8
scaffold729871	OTU_0274	34.55	191	84	6	656	189	11	195	8e-21	81.6
scaffold730632	OTU_0351	38.95	172	80	5	643	200	23	193	1e-18	75.1
scaffold731531	OTU_0245	36.69	169	66	3	657	274	145	313	4e-24	92.0
scaffold731732	OTU_0203	53.57	56	26	0	135	302	97	152	5e-15	64.3
scaffold733537	OTU_0234	30.67	150	92	2	633	184	41	178	1e-11	56.2
scaffold734114	OTU_0084	50.91	55	27	0	547	383	117	171	6e-14	61.2
scaffold740505	OTU_0134	29.46	224	116	5	627	64	85	302	4e-21	83.6
scaffold740846	OTU_0234	27.53	247	133	6	650	12	49	283	3e-13	60.8
scaffold741045	OTU_0262	36.72	177	76	4	598	170	23	197	1e-23	89.7
scaffold741726	OTU_0351	32.38	210	86	6	149	649	2	198	3e-20	80.1
scaffold742287	OTU_0005	65.22	46	16	0	652	515	75	120	1e-13	59.3
scaffold743587	OTU_0243	33.91	174	111	4	127	639	10	182	5e-19	77.4
scaffold745133	OTU_0112	31.84	179	94	6	502	47	30	207	3e-11	54.7
scaffold747770	OTU_0150	33.49	215	101	6	104	640	7	215	1e-24	92.8
scaffold750584	OTU_0059	35.52	183	82	4	19	459	63	245	6e-25	94.0
scaffold752782	OTU_0274	64.58	48	17	0	642	499	163	210	9e-16	67.0
scaffold753568	OTU_0175	35.71	252	108	5	618	4	69	313	3e-35	  123
scaffold759330	OTU_0217	33.46	254	122	8	16	642	18	269	4e-26	98.2
scaffold763368	OTU_0335	46.46	99	43	2	608	342	216	314	6e-21	82.8
scaffold766629	OTU_0197	37.40	123	68	3	22	390	60	173	7e-17	69.7
scaffold768716	OTU_0234	30.23	172	100	4	518	3	12	163	1e-11	56.2
scaffold775762	OTU_0176	38.26	115	61	4	360	25	1	108	6e-13	59.3
scaffold776941	OTU_0115	90.57	53	5	0	1	159	132	184	3e-28	  101
scaffold777482	OTU_0140	46.15	91	41	3	630	370	212	298	1e-18	76.3
scaffold777846	OTU_0318	29.01	162	99	7	478	2	17	165	5e-11	54.7
scaffold778983	OTU_0023	37.30	185	74	6	4	447	124	303	8e-24	91.3
scaffold781981	OTU_0010	36.80	250	113	5	632	12	67	314	4e-31	  112
scaffold785142	OTU_0153	37.28	228	109	7	48	632	68	294	2e-26	98.6
scaffold785694	OTU_0150	38.12	181	72	8	83	505	34	214	3e-19	77.0
scaffold788839	OTU_0189	64.91	57	20	0	606	436	257	313	3e-19	77.8
scaffold794879	OTU_0257	68.75	32	10	0	1	96	77	108	8e-12	54.3
scaffold795406	OTU_0140	48.57	70	36	0	550	341	229	298	2e-16	69.7
scaffold796756	OTU_0234	33.70	184	88	4	599	150	118	301	1e-22	87.4
scaffold799193	OTU_0265	72.09	43	12	0	443	571	136	178	2e-17	71.2
scaffold800054	OTU_0016	48.08	52	26	1	318	163	213	263	1e-11	56.2
scaffold802190	OTU_0157	38.12	202	87	6	1	513	108	302	2e-22	87.0
scaffold802982	OTU_0048	31.79	195	116	7	610	29	2	180	4e-14	63.5
scaffold805053	OTU_0161	41.38	87	41	3	605	345	105	181	8e-13	58.2
scaffold805473	OTU_0078	26.20	187	96	7	464	12	6	186	9e-11	53.1
scaffold809000	OTU_0217	37.39	222	93	4	618	82	95	313	2e-25	95.5
scaffold809686	OTU_0305	55.00	40	18	0	472	353	131	170	8e-12	55.1
scaffold811461	OTU_0172	100.00	166	0	0	498	1	1	166	4e-96	  276
scaffold811983	OTU_0155	31.90	210	101	6	45	566	97	300	2e-27	  101
scaffold816048	OTU_0150	33.51	188	87	4	594	145	27	214	8e-18	72.8
scaffold819790	OTU_0043	31.25	192	95	4	2	484	111	296	7e-17	71.2
scaffold821339	OTU_0126	36.17	188	77	7	156	617	116	294	2e-20	81.3
scaffold823231	OTU_0275	64.00	50	18	0	607	458	89	138	3e-17	70.1
scaffold826539	OTU_0249	33.94	218	102	5	21	569	67	277	5e-23	88.6
scaffold827387	OTU_0044	35.06	174	76	1	22	432	131	304	2e-25	95.5
scaffold827696	OTU_0176	36.05	86	50	2	355	612	3	83	3e-13	59.7
scaffold833027	OTU_0026	49.25	67	34	0	133	333	120	186	6e-17	70.1
scaffold835165	OTU_0176	29.89	174	88	4	21	440	36	209	9e-14	61.2
scaffold835985	OTU_0203	62.75	51	19	0	591	439	102	152	3e-17	70.1
scaffold838317	OTU_0200	36.31	179	76	6	523	98	124	301	8e-22	85.1
scaffold838467	OTU_0140	59.02	61	24	1	128	307	238	298	3e-18	75.1
scaffold838867	OTU_0305	60.94	64	25	0	41	232	113	176	1e-21	83.2
scaffold842660	OTU_0336	40.22	184	70	7	29	466	4	185	3e-25	93.6
scaffold843271	OTU_0229	37.22	180	77	5	1	432	30	209	1e-25	94.7
scaffold846728	OTU_0197	54.55	55	25	0	117	281	121	175	1e-14	63.2
scaffold850190	OTU_0151	25.98	204	118	4	78	590	94	297	1e-11	56.2
scaffold854908	OTU_0018	34.57	81	51	1	96	338	110	188	9e-12	55.1
scaffold855775	OTU_0125	28.74	174	102	5	599	99	18	176	8e-11	53.5
scaffold857952	OTU_0266	30.73	179	110	5	72	602	16	182	2e-11	55.5
scaffold860245	OTU_0320	68.89	45	14	0	136	270	260	304	9e-16	68.2
scaffold861664	OTU_0341	43.68	87	36	3	495	262	216	298	9e-12	56.6
scaffold862776	OTU_0084	40.79	76	33	3	451	257	92	166	3e-12	56.2
scaffold863868	OTU_0105	61.67	60	23	0	200	21	181	240	1e-18	75.1
scaffold867210	OTU_0076	37.31	134	68	3	595	215	177	301	2e-17	72.4
scaffold867752	OTU_0101	31.61	174	75	5	402	1	123	292	9e-13	59.3
scaffold869108	OTU_0189	65.45	55	19	0	279	115	259	313	1e-18	75.9
scaffold869485	OTU_0274	67.44	43	14	0	555	427	166	208	4e-13	59.3
scaffold869795	OTU_0203	41.90	105	43	4	574	296	54	152	9e-17	68.9
scaffold876469	OTU_0243	37.30	185	84	5	105	563	125	309	2e-24	92.8
scaffold878351	OTU_0006	49.06	53	26	1	39	197	247	298	5e-11	54.3
scaffold882644	OTU_0238	36.51	189	82	3	548	96	16	204	3e-31	  109
scaffold884521	OTU_0265	53.85	52	24	0	376	531	132	183	1e-11	54.3
scaffold889516	OTU_0072	36.91	149	86	4	434	6	1	147	9e-22	84.7
scaffold890421	OTU_0203	68.75	48	15	0	254	397	105	152	5e-18	72.4
scaffold890990	OTU_0229	29.95	197	94	5	485	3	2	190	1e-17	72.4
scaffold891105	OTU_0351	35.41	209	90	7	1	510	2	204	3e-24	90.9
scaffold897513	OTU_0104	36.05	86	54	1	583	329	163	248	8e-11	53.1
scaffold900429	OTU_0191	37.89	95	49	2	310	29	95	180	3e-11	54.7
scaffold900733	OTU_0176	62.30	61	23	0	558	376	152	212	7e-20	78.6
scaffold902859	OTU_0203	64.71	51	18	0	63	215	102	152	6e-18	72.4
scaffold905873	OTU_0197	50.00	62	31	0	181	366	114	175	1e-15	65.9
scaffold909975	OTU_0031	41.30	184	75	5	51	503	117	300	1e-30	  109
scaffold910100	OTU_0018	27.51	189	96	7	462	4	4	187	3e-13	59.3
scaffold910579	OTU_0229	36.36	209	90	6	515	3	2	205	4e-19	76.3
scaffold911086	OTU_0198	55.56	72	32	0	546	331	243	314	6e-18	73.9
scaffold913783	OTU_0003	44.87	78	41	2	419	186	235	310	5e-15	65.9
scaffold916535	OTU_0218	48.72	78	40	0	270	37	225	302	4e-14	63.2
scaffold916621	OTU_0203	32.89	152	54	4	1	312	4	155	2e-16	67.8
scaffold918331	OTU_0305	56.45	62	26	1	12	194	112	173	1e-20	80.1
scaffold919239	OTU_0265	72.09	43	12	0	108	236	136	178	2e-17	71.2
scaffold921483	OTU_0087	63.64	44	16	0	448	317	131	174	6e-16	66.6
scaffold922620	OTU_0151	34.87	195	90	2	560	87	121	315	2e-29	  106
scaffold923309	OTU_0227	45.90	61	32	1	335	517	243	302	3e-11	54.7
scaffold927517	OTU_0115	56.25	64	28	0	122	313	108	171	2e-20	79.7
scaffold928070	OTU_0121	60.34	58	23	0	181	354	244	301	2e-17	72.4
scaffold928700	OTU_0271	33.65	104	65	1	364	53	85	184	6e-14	62.8
scaffold932191	OTU_0084	39.73	146	67	4	559	185	26	171	2e-19	76.3
scaffold935697	OTU_0311	35.16	91	51	3	306	557	5	94	9e-11	50.8
scaffold936734	OTU_0305	65.62	64	20	2	510	322	113	175	4e-21	81.6
scaffold938638	OTU_0140	51.47	68	33	0	73	276	231	298	2e-17	72.4
scaffold940333	OTU_0318	30.57	157	96	7	466	11	19	167	3e-11	54.7
scaffold942156	OTU_0277	57.14	42	18	0	247	122	100	141	4e-11	52.8
scaffold942697	OTU_0218	48.39	62	32	0	516	331	238	299	5e-13	60.1
scaffold944278	OTU_0127	27.57	185	100	7	493	17	1	177	5e-11	53.1
scaffold947840	OTU_0112	37.14	105	58	4	209	514	2	101	3e-11	53.9
scaffold949992	OTU_0105	47.37	76	35	2	1	222	42	114	1e-12	58.2
scaffold950611	OTU_0295	25.00	184	106	5	539	81	123	305	4e-11	54.3
scaffold952797	OTU_0305	57.38	61	26	0	518	336	114	174	2e-20	79.7
scaffold958198	OTU_0229	37.11	159	64	5	1	369	51	209	5e-21	81.6
scaffold962445	OTU_0022	30.36	168	79	5	512	120	134	300	1e-11	55.8
scaffold963100	OTU_0262	53.23	62	29	0	137	322	138	199	1e-14	63.5
scaffold964365	OTU_0305	75.61	41	10	0	1	123	135	175	4e-17	70.1
scaffold964532	OTU_0016	37.50	64	40	0	12	203	193	256	7e-11	53.5
scaffold970655	OTU_0238	42.86	70	39	1	172	381	137	205	8e-13	57.8
scaffold971517	OTU_0281	64.58	48	17	0	417	560	35	82	4e-17	68.6
scaffold977726	OTU_0141	61.29	62	23	1	8	193	243	303	4e-20	79.7
scaffold978194	OTU_0325	29.57	186	80	7	133	549	23	204	6e-12	55.8
scaffold979050	OTU_0217	34.12	170	107	4	41	544	36	202	9e-18	73.2
scaffold984861	OTU_0150	30.43	207	86	9	514	14	35	223	2e-12	57.0
scaffold988324	OTU_0265	63.64	44	15	1	204	332	131	174	1e-14	62.4
scaffold990418	OTU_0040	31.07	177	81	8	19	441	131	302	3e-13	60.5
scaffold995270	OTU_0150	31.76	170	82	5	4	420	45	211	9e-13	58.2
scaffold996525	OTU_0305	45.28	106	50	3	370	71	72	175	1e-18	74.3
scaffold998721	OTU_0095	31.35	185	85	6	452	6	100	278	2e-12	58.2
scaffold999640	OTU_0133	45.45	66	35	1	19	216	83	147	2e-11	53.5
scaffold1002937	OTU_0226	28.71	202	102	4	503	3	87	281	2e-14	63.5
scaffold1002958	OTU_0065	75.56	45	11	0	267	401	211	255	4e-20	79.3
scaffold1005438	OTU_0305	72.92	48	13	0	19	162	128	175	7e-20	77.8
scaffold1009998	OTU_0059	37.27	110	60	3	324	1	3	105	2e-12	57.4
scaffold1010000	OTU_0059	35.45	110	62	3	324	1	3	105	8e-12	55.8
scaffold1016485	OTU_0203	44.93	69	38	0	149	355	84	152	2e-17	70.5
scaffold1020265	OTU_0136	88.89	81	9	0	545	303	236	316	2e-47	  154
scaffold1022087	OTU_0319	28.82	170	86	4	6	413	92	260	6e-12	56.2
scaffold1022998	OTU_0265	71.74	46	13	0	469	332	130	175	8e-17	68.9
scaffold1025180	OTU_0115	34.84	155	60	4	1	342	14	168	1e-21	82.8
scaffold1025525	OTU_0157	34.84	155	57	8	339	1	126	278	6e-11	53.5
scaffold1028705	OTU_0013	39.23	130	76	3	545	162	47	175	6e-21	82.0
scaffold1028874	OTU_0045	37.09	151	57	6	7	345	146	296	5e-18	73.6
scaffold1029416	OTU_0114	38.24	68	41	1	345	145	106	173	2e-11	53.9
scaffold1030351	OTU_0140	35.21	213	91	5	8	529	96	300	1e-30	  109
scaffold1031498	OTU_0130	36.94	111	60	3	426	118	75	183	1e-12	57.0
scaffold1032700	OTU_0320	39.64	169	93	5	544	53	11	175	2e-26	97.8
scaffold1034902	OTU_0347	58.89	90	37	0	270	1	1	90	4e-35	  118
scaffold1035675	OTU_0238	46.38	69	36	1	40	243	137	205	1e-12	57.4
scaffold1038550	OTU_0043	30.36	168	71	5	370	5	129	296	4e-15	65.5
scaffold1044242	OTU_0271	47.46	59	31	0	363	539	242	300	3e-13	60.5
scaffold1046028	OTU_0226	30.86	175	83	3	1	411	124	298	3e-20	80.1
scaffold1046963	OTU_0234	30.00	180	97	6	538	35	22	184	4e-13	60.1
scaffold1048414	OTU_0048	49.21	63	31	1	327	139	243	304	1e-13	61.6
scaffold1048480	OTU_0265	46.67	60	29	1	31	210	131	187	1e-11	54.3
scaffold1049156	OTU_0192	67.31	52	17	0	16	171	47	98	8e-20	75.9
scaffold1050109	OTU_0305	63.08	65	22	2	331	140	113	176	8e-21	80.5
scaffold1063742	OTU_0262	32.31	195	91	7	36	503	7	199	3e-15	64.7
scaffold1064722	OTU_0249	46.77	62	32	1	535	353	216	277	3e-11	54.3
scaffold1068433	OTU_0260	30.92	207	95	4	3	479	4	210	1e-16	68.6
scaffold1072534	OTU_0012	41.03	78	45	1	37	270	127	203	2e-16	68.2
scaffold1072680	OTU_0021	39.29	84	46	2	499	248	180	258	4e-12	56.6
scaffold1072729	OTU_0243	35.92	142	82	5	128	532	1	140	6e-15	65.1
scaffold1072983	OTU_0179	45.78	83	44	1	462	214	204	285	3e-19	77.0
scaffold1075995	OTU_0030	53.95	76	35	0	527	300	239	314	1e-19	78.2
scaffold1079859	OTU_0351	36.52	178	77	4	101	529	2	178	2e-19	76.6
scaffold1081631	OTU_0144	70.51	78	23	0	236	3	1	78	7e-33	  115
scaffold1081946	OTU_0157	36.67	180	76	4	39	464	123	302	2e-23	89.4
scaffold1082466	OTU_0088	37.22	180	75	3	452	24	126	304	5e-27	99.4
scaffold1083376	OTU_0124	42.86	84	34	4	428	216	68	150	2e-12	55.8
scaffold1084040	OTU_0042	28.57	182	86	3	47	463	120	300	3e-13	60.5
scaffold1087177	OTU_0266	39.36	188	78	6	478	23	114	301	4e-27	99.4
scaffold1095329	OTU_0140	50.79	63	31	0	134	322	239	301	9e-16	67.4
scaffold1098479	OTU_0265	63.41	41	15	0	67	189	132	172	1e-11	53.9
scaffold1098902	OTU_0171	65.22	69	24	0	116	322	234	302	3e-23	88.6
scaffold1102836	OTU_0106	32.18	202	91	6	30	524	96	288	7e-14	62.0
scaffold1109100	OTU_0314	48.10	79	39	2	450	217	225	302	5e-14	62.4
scaffold1109647	OTU_0275	50.79	63	31	0	204	392	75	137	5e-16	66.2
scaffold1111370	OTU_0203	54.55	44	20	0	202	333	109	152	3e-11	52.8
scaffold1112030	OTU_0271	42.37	59	34	0	171	347	242	300	2e-12	57.8
scaffold1112208	OTU_0229	33.15	184	88	3	30	476	26	209	9e-26	94.7
scaffold1114779	OTU_0027	59.80	102	40	1	100	402	214	315	8e-34	  117
scaffold1121636	OTU_0104	55.93	59	26	0	397	221	177	235	4e-18	73.2
scaffold1125538	OTU_0274	59.65	57	23	0	5	175	161	217	2e-17	70.9
scaffold1128454	OTU_0234	33.15	184	84	3	74	517	118	298	2e-21	83.6
scaffold1130461	OTU_0278	52.04	98	37	1	460	197	126	223	4e-24	90.1
scaffold1130676	OTU_0336	41.79	67	38	1	230	30	120	185	1e-10	51.6
scaffold1130859	OTU_0266	33.94	109	71	1	328	5	4	112	2e-14	63.2
scaffold1131774	OTU_0150	29.47	190	89	5	457	2	5	187	3e-12	56.2
scaffold1134731	OTU_0098	32.54	169	110	4	502	5	11	178	2e-19	76.6
scaffold1136319	OTU_0032	44.12	68	37	1	486	283	229	295	2e-12	57.8
scaffold1136906	OTU_0233	29.29	198	98	5	28	516	92	282	3e-16	68.6
scaffold1140557	OTU_0203	61.67	60	23	0	112	291	93	152	4e-21	80.9
scaffold1140822	OTU_0096	43.00	100	53	1	139	426	86	185	3e-21	81.3
scaffold1143843	OTU_0003	37.41	147	57	3	505	170	156	302	2e-22	85.9
scaffold1148709	OTU_0311	38.10	105	51	4	45	335	8	106	4e-11	51.2
scaffold1151875	OTU_0260	29.78	178	83	5	2	409	31	208	1e-12	57.4
scaffold1152180	OTU_0021	39.13	69	41	1	454	251	196	264	3e-12	57.0
scaffold1153411	OTU_0257	72.22	36	10	0	512	405	75	110	4e-14	60.1
scaffold1157338	OTU_0238	61.22	98	38	0	509	216	107	204	5e-38	  126
scaffold1157373	OTU_0150	39.58	96	51	2	391	107	12	101	5e-12	55.8
scaffold1162660	OTU_0155	36.43	129	70	4	424	38	58	174	1e-14	64.3
scaffold1163722	OTU_0251	69.41	85	26	0	262	8	1	85	3e-39	  132
scaffold1166462	OTU_0124	38.55	83	37	3	261	470	69	150	2e-12	55.5
scaffold1168289	OTU_0305	70.21	47	14	0	132	272	127	173	1e-16	68.6
scaffold1168691	OTU_0059	41.46	82	34	2	76	318	38	106	6e-11	53.1
scaffold1173470	OTU_0095	37.50	176	73	4	493	77	127	302	9e-26	95.5
scaffold1173678	OTU_0305	63.46	52	19	0	497	342	123	174	6e-20	77.8
scaffold1174287	OTU_0176	42.50	80	40	1	66	305	4	77	2e-14	62.0
scaffold1174361	OTU_0005	43.06	72	40	1	21	233	48	119	6e-15	62.8
scaffold1176116	OTU_0140	49.04	104	39	4	51	326	197	298	7e-22	84.3
scaffold1176324	OTU_0059	44.30	79	38	1	417	181	39	111	3e-13	59.3
scaffold1177672	OTU_0197	100.00	167	0	0	3	503	22	188	1e-102	  291
scaffold1179528	OTU_0229	39.36	94	48	3	8	268	117	208	1e-12	57.0
scaffold1180342	OTU_0115	31.51	146	81	3	472	92	26	171	3e-14	61.2
scaffold1183178	OTU_0020	49.18	61	31	0	184	2	238	298	2e-14	63.2
scaffold1184288	OTU_0341	32.78	180	67	7	61	468	129	298	6e-12	56.2
scaffold1185580	OTU_0262	34.83	178	72	6	477	64	23	196	3e-15	64.3
scaffold1190615	OTU_0260	30.50	200	91	5	485	3	6	196	2e-20	79.7
scaffold1193646	OTU_0155	27.53	178	88	4	2	415	123	299	1e-14	64.3
scaffold1195681	OTU_0266	33.13	166	93	6	12	494	10	162	3e-13	60.1
scaffold1196067	OTU_0264	33.53	167	87	9	491	15	9	159	7e-11	51.6
scaffold1196193	OTU_0150	32.50	200	94	6	3	500	15	207	4e-20	78.6
scaffold1197204	OTU_0127	34.52	168	77	5	92	499	1	167	3e-23	87.0
scaffold1200769	OTU_0161	43.08	65	33	2	480	289	122	183	2e-11	53.9
scaffold1201985	OTU_0341	29.55	176	87	5	500	84	126	301	3e-14	62.8
scaffold1202235	OTU_0275	49.18	61	31	0	473	291	78	138	4e-17	69.3
scaffold1203190	OTU_0026	49.33	75	38	0	5	229	122	196	1e-19	77.0
scaffold1204743	OTU_0305	69.05	42	12	1	1	123	120	161	4e-13	57.8
scaffold1206902	OTU_0006	35.42	96	54	2	76	360	214	302	1e-11	55.5
scaffold1209132	OTU_0044	48.15	108	42	3	91	390	203	304	6e-23	87.4
scaffold1210417	OTU_0319	31.21	173	77	5	470	78	90	262	2e-14	62.8
scaffold1212036	OTU_0249	60.38	53	21	0	496	338	236	288	6e-16	67.4
scaffold1212991	OTU_0030	49.40	83	37	1	352	119	220	302	8e-22	84.0
scaffold1213193	OTU_0155	30.50	141	86	4	497	78	57	186	8e-13	58.9
scaffold1215387	OTU_0160	100.00	165	0	0	496	2	17	181	1e-80	  234
scaffold1217828	OTU_0150	38.04	92	51	1	377	102	10	95	2e-11	53.9
scaffold1219148	OTU_0267	34.88	129	71	4	15	392	57	175	1e-14	63.9
scaffold1220588	OTU_0253	41.94	62	35	1	91	276	78	138	5e-11	51.6
scaffold1220708	OTU_0085	31.97	122	80	2	493	128	27	145	5e-11	51.6
scaffold1224698	OTU_0144	34.44	180	86	2	450	7	122	301	4e-28	  102
scaffold1227750	OTU_0203	52.63	57	27	0	466	296	96	152	9e-16	65.5
scaffold1228189	OTU_0341	65.45	55	19	0	433	269	260	314	8e-20	78.6
scaffold1235360	OTU_0107	32.37	139	89	4	413	3	2	137	1e-12	58.5
scaffold1238032	OTU_0074	45.90	61	32	1	143	322	98	158	8e-12	53.9
scaffold1238259	OTU_0295	44.05	84	46	1	9	260	220	302	6e-13	58.9
scaffold1241225	OTU_0096	35.85	106	54	3	411	136	67	172	2e-16	67.4
scaffold1244849	OTU_0339	33.90	177	82	5	4	432	125	300	4e-20	79.3
scaffold1245378	OTU_0084	69.77	43	12	1	169	294	123	165	6e-14	60.1
scaffold1248155	OTU_0096	33.14	175	85	6	40	468	1	175	1e-14	62.4
scaffold1248501	OTU_0150	37.01	154	57	5	454	104	64	214	3e-22	84.7
scaffold1257388	OTU_0203	64.29	56	20	0	405	238	97	152	8e-19	73.9
scaffold1258788	OTU_0282	57.14	42	18	0	355	230	149	190	4e-11	52.4
scaffold1265384	OTU_0229	57.38	61	26	0	379	197	149	209	8e-19	74.7
scaffold1267419	OTU_0155	33.89	180	83	6	53	484	119	298	9e-24	89.4
scaffold1273772	OTU_0305	60.66	61	24	0	433	251	114	174	3e-21	80.9
scaffold1273998	OTU_0262	42.45	106	46	5	317	30	99	199	1e-11	54.3
scaffold1276140	OTU_0266	32.93	164	88	6	18	449	142	303	3e-11	54.3
scaffold1281132	OTU_0096	54.55	55	24	1	316	155	118	172	2e-13	58.9
scaffold1284612	OTU_0051	41.35	104	58	2	104	409	3	105	1e-16	69.3
scaffold1286554	OTU_0305	75.61	41	10	0	3	125	133	173	5e-17	69.3
scaffold1287177	OTU_0030	47.57	103	41	4	44	316	203	304	5e-22	84.3
scaffold1287637	OTU_0277	43.86	57	32	0	323	153	80	136	9e-11	50.8
scaffold1292539	OTU_0260	29.35	184	87	7	33	479	8	183	1e-13	59.7
scaffold1293917	OTU_0050	36.19	105	53	4	123	434	70	161	4e-12	55.1
scaffold1296074	OTU_0319	46.30	54	29	0	193	32	79	132	2e-12	56.6
scaffold1296886	OTU_0176	37.71	175	68	4	419	18	38	212	3e-25	92.8
scaffold1299366	OTU_0249	70.21	47	14	0	125	265	208	254	2e-18	61.6
scaffold1299366	OTU_0249	83.33	24	4	0	309	380	257	280	2e-18	40.0
scaffold1302719	OTU_0096	45.45	66	34	2	410	216	109	173	9e-12	53.9
scaffold1303703	OTU_0153	35.79	95	57	1	84	356	211	305	4e-13	59.3
scaffold1304590	OTU_0057	50.00	148	69	2	440	12	1	148	5e-32	  112
scaffold1305633	OTU_0035	43.75	64	35	1	474	283	66	128	7e-12	53.9
scaffold1311189	OTU_0111	43.16	95	47	2	335	54	89	177	2e-14	62.8
scaffold1311706	OTU_0203	62.96	54	20	0	28	189	102	155	4e-20	77.4
scaffold1313135	OTU_0125	29.46	112	65	3	88	423	29	126	7e-11	52.4
scaffold1316139	OTU_0305	73.33	45	12	0	7	141	132	176	7e-19	74.3
scaffold1316267	OTU_0105	35.53	197	85	5	9	476	32	227	3e-28	  101
scaffold1317017	OTU_0176	65.57	61	21	0	461	279	152	212	4e-21	81.3
scaffold1317059	OTU_0235	37.14	140	76	3	471	70	44	177	6e-19	75.1
scaffold1324018	OTU_0115	46.59	88	46	1	401	141	84	171	3e-18	72.8
scaffold1324171	OTU_0261	29.12	182	99	5	1	468	121	298	3e-11	54.3
scaffold1326408	OTU_0305	78.12	32	7	0	218	313	132	163	6e-13	57.0
scaffold1328069	OTU_0126	33.14	172	66	6	15	389	123	292	2e-12	57.4
scaffold1328743	OTU_0265	55.56	45	20	0	204	338	131	175	3e-13	58.2
scaffold1331121	OTU_0275	32.88	73	49	0	55	273	79	151	1e-12	55.8
scaffold1332682	OTU_0196	40.58	69	40	1	452	246	231	298	8e-11	52.8
scaffold1342897	OTU_0079	25.71	175	96	4	4	429	126	299	4e-12	56.6
scaffold1344753	OTU_0029	58.33	48	20	0	462	319	123	170	3e-15	63.9
scaffold1347546	OTU_0015	29.28	181	91	5	452	3	96	270	3e-11	53.9
scaffold1347847	OTU_0063	100.00	151	0	0	16	468	1	151	8e-109	  305
scaffold1348782	OTU_0079	30.00	170	84	2	466	62	131	300	4e-18	73.6
scaffold1357956	OTU_0305	54.22	83	34	3	421	179	93	173	2e-19	75.9
scaffold1360583	OTU_0233	33.33	180	85	4	26	460	113	292	3e-18	73.9
scaffold1362298	OTU_0240	38.05	113	66	3	73	402	20	131	5e-15	63.5
scaffold1371733	OTU_0235	32.19	146	82	5	18	452	37	166	1e-12	57.0
scaffold1375148	OTU_0197	43.53	85	41	2	444	208	92	175	8e-16	65.5
scaffold1383552	OTU_0292	44.78	67	36	1	5	205	97	162	5e-13	57.4
scaffold1393132	OTU_0191	35.29	153	87	4	461	9	37	179	9e-11	52.0
scaffold1393806	OTU_0341	46.67	45	24	0	187	53	259	303	5e-11	53.1
scaffold1395058	OTU_0295	35.75	179	84	6	16	459	105	283	4e-14	62.0
scaffold1396704	OTU_0152	54.84	62	28	0	300	115	189	250	1e-15	65.9
scaffold1396959	OTU_0311	40.74	54	32	0	1	162	53	106	1e-10	50.1
scaffold1403507	OTU_0249	32.68	153	65	3	115	459	93	245	5e-13	58.9
scaffold1406147	OTU_0140	34.81	158	70	6	427	50	142	298	2e-18	73.9
scaffold1408639	OTU_0318	36.19	105	59	4	138	431	13	116	1e-12	58.2
scaffold1410607	OTU_0099	50.91	55	26	1	57	218	94	148	4e-13	57.4
scaffold1411651	OTU_0140	41.96	112	48	2	425	141	200	311	6e-25	92.4
scaffold1418644	OTU_0180	36.25	80	50	1	396	157	80	158	6e-12	53.9
scaffold1419748	OTU_0165	39.25	107	64	1	449	129	58	163	2e-17	70.1
scaffold1420393	OTU_0233	29.35	184	88	5	5	451	100	276	3e-14	62.4
scaffold1422796	OTU_0229	66.67	57	19	0	159	329	155	211	1e-20	79.7
scaffold1425075	OTU_0247	40.30	134	70	4	9	395	37	165	8e-20	77.4
scaffold1425970	OTU_0339	60.66	61	24	0	401	219	244	304	6e-18	72.8
scaffold1426294	OTU_0335	37.35	166	73	5	438	34	144	309	2e-21	82.8
scaffold1428780	OTU_0351	34.83	178	80	5	428	3	23	200	9e-23	85.5
scaffold1437180	OTU_0177	69.39	49	15	0	364	218	252	300	1e-17	72.4
scaffold1440574	OTU_0140	50.00	68	34	0	108	311	231	298	3e-17	70.9
scaffold1449411	OTU_0219	86.67	120	16	0	1	360	197	316	3e-75	  224
scaffold1451086	OTU_0150	42.86	91	45	2	142	411	11	95	6e-14	60.5
scaffold1452851	OTU_0339	35.76	165	68	3	444	64	151	315	3e-23	87.8
scaffold1454697	OTU_0043	29.52	166	78	4	4	387	137	301	6e-19	75.5
scaffold1456593	OTU_0335	58.82	51	21	0	428	276	251	301	1e-15	66.6
scaffold1458138	OTU_0265	75.00	40	10	0	443	324	136	175	3e-16	66.6
scaffold1461094	OTU_0096	44.44	81	42	2	427	188	102	180	2e-15	64.3
scaffold1461998	OTU_0155	32.00	100	63	4	389	93	217	312	1e-11	55.1
scaffold1468505	OTU_0115	35.29	170	73	4	446	48	2	171	3e-21	80.9
scaffold1468833	OTU_0058	78.12	32	7	0	3	98	270	301	7e-12	55.8
scaffold1468966	OTU_0265	72.50	40	11	0	23	142	136	175	2e-15	64.3
scaffold1475534	OTU_0042	37.08	178	73	6	1	420	125	301	2e-23	88.2
scaffold1485535	OTU_0085	36.84	114	67	4	110	439	5	117	7e-16	65.5
scaffold1485538	OTU_0048	35.23	88	44	2	270	10	97	172	1e-13	60.5
scaffold1486753	OTU_0298	55.56	45	20	0	176	310	257	301	5e-12	56.2
scaffold1488236	OTU_0325	48.48	66	32	1	193	2	133	198	1e-19	62.8
scaffold1488236	OTU_0325	34.25	73	48	0	420	202	23	95	1e-19	43.5
scaffold1488674	OTU_0305	55.56	54	24	0	216	55	119	172	8e-16	65.5
scaffold1497304	OTU_0316	42.28	149	83	3	1	441	10	157	3e-26	96.3
scaffold1519852	OTU_0265	66.67	48	16	0	430	287	136	183	5e-17	68.9
scaffold1523105	OTU_0155	35.58	104	55	2	338	30	89	181	1e-11	55.1
scaffold1532308	OTU_0012	41.94	62	35	1	254	69	128	188	1e-11	53.5
scaffold1533080	OTU_0198	37.21	129	67	5	54	434	46	162	9e-12	55.1
scaffold1542265	OTU_0305	63.79	58	21	0	343	170	119	176	1e-21	81.6
scaffold1545005	OTU_0017	37.93	87	47	2	51	290	110	196	4e-16	66.6
scaffold1546247	OTU_0339	27.47	182	94	4	435	1	114	294	2e-13	60.5
scaffold1548960	OTU_0217	43.66	71	39	1	47	256	227	297	1e-11	55.1
scaffold1550486	OTU_0265	69.05	42	13	0	12	137	134	175	2e-15	64.3
scaffold1551617	OTU_0203	65.79	38	13	0	433	320	118	155	2e-13	58.5
scaffold1552276	OTU_0203	100.00	144	0	0	433	2	20	163	2e-105	  296
scaffold1556351	OTU_0163	38.19	144	56	3	73	414	12	152	2e-21	80.9
scaffold1564979	OTU_0260	45.45	99	44	2	387	121	126	224	6e-21	80.5
scaffold1566705	OTU_0111	36.11	108	63	4	77	388	3	108	4e-13	58.9
scaffold1567260	OTU_0256	30.34	178	86	3	11	430	102	279	1e-18	74.3
scaffold1568923	OTU_0192	58.33	60	25	0	291	112	36	95	2e-20	76.6
scaffold1574625	OTU_0278	40.11	177	58	7	13	399	34	210	1e-24	90.5
scaffold1578737	OTU_0192	45.31	64	35	0	5	196	39	102	8e-13	55.8
scaffold1581734	OTU_0140	48.57	70	36	0	142	351	229	298	1e-17	71.6
scaffold1588773	OTU_0048	37.67	146	85	5	428	3	2	145	3e-19	76.3
scaffold1589032	OTU_0233	31.94	144	85	3	429	1	49	180	2e-11	53.9
scaffold1593184	OTU_0173	49.18	61	31	0	300	118	248	308	3e-16	68.2
scaffold1603528	OTU_0305	59.38	64	26	0	165	356	113	176	4e-21	80.1
scaffold1605409	OTU_0225	38.36	73	43	1	287	75	228	300	2e-11	53.9
scaffold1608948	OTU_0111	37.12	132	73	3	10	402	55	177	1e-14	63.2
scaffold1622138	OTU_0305	70.27	37	11	0	423	313	137	173	1e-14	61.6
scaffold1628644	OTU_0219	40.00	65	37	2	77	268	240	303	4e-11	53.5
scaffold1628696	OTU_0104	34.10	173	69	4	390	1	57	227	3e-24	89.7
scaffold1637791	OTU_0257	69.44	36	11	0	422	315	76	111	2e-13	57.8
scaffold1640805	OTU_0124	40.38	104	48	5	92	364	48	150	2e-13	58.5
scaffold1641947	OTU_0227	58.90	73	30	0	47	265	243	315	8e-22	83.2
scaffold1644815	OTU_0305	62.79	43	16	0	3	131	134	176	3e-14	60.5
scaffold1651067	OTU_0292	96.63	89	3	0	269	3	1	89	5e-51	  157
scaffold1654581	OTU_0311	38.64	88	41	4	163	387	6	93	3e-11	51.2
scaffold1656448	OTU_0305	73.81	42	11	0	204	79	132	173	1e-17	70.5
scaffold1656542	OTU_0161	41.67	84	38	3	383	156	101	181	9e-12	53.9
scaffold1657639	OTU_0305	77.50	40	9	0	38	157	134	173	5e-18	71.2
scaffold1659444	OTU_0292	45.45	66	29	2	82	276	103	162	9e-11	50.4
scaffold1665526	OTU_0105	51.90	79	37	1	358	122	37	114	2e-15	64.7
scaffold1667629	OTU_0338	52.38	84	40	0	10	261	232	315	3e-23	87.0
scaffold1670286	OTU_0030	30.77	156	72	5	363	4	122	277	4e-12	56.2
scaffold1672988	OTU_0238	41.25	80	45	2	18	251	125	204	7e-12	54.3
scaffold1674910	OTU_0319	37.63	93	47	3	84	362	57	138	3e-12	55.8
scaffold1674977	OTU_0046	44.44	63	35	0	412	224	236	298	1e-12	57.8
scaffold1678826	OTU_0042	43.30	97	54	1	415	125	82	177	1e-17	71.6
scaffold1681988	OTU_0311	36.96	92	55	2	35	310	17	105	6e-12	53.1
scaffold1684093	OTU_0275	48.84	43	22	0	383	255	93	135	4e-11	51.2
scaffold1686002	OTU_0229	60.66	61	20	1	116	298	153	209	5e-19	74.7
scaffold1688481	OTU_0150	31.84	179	70	5	401	6	35	208	4e-21	80.5
scaffold1692664	OTU_0305	68.18	44	14	0	198	67	130	173	3e-17	69.3
scaffold1693163	OTU_0213	56.52	46	20	0	109	246	256	301	5e-12	55.8
scaffold1697052	OTU_0260	36.11	108	56	3	2	325	2	96	2e-12	55.8
scaffold1707229	OTU_0229	41.18	51	30	0	251	99	159	209	4e-11	52.4
scaffold1709095	OTU_0096	42.45	106	48	3	375	85	84	185	8e-23	84.7
scaffold1710851	OTU_0144	69.09	55	17	0	404	240	259	313	2e-21	82.4
scaffold1712986	OTU_0226	33.93	168	72	8	15	410	123	287	7e-14	61.2
scaffold1715079	OTU_0011	38.41	151	58	5	350	3	6	156	1e-19	75.5
scaffold1716684	OTU_0208	53.23	62	29	0	115	300	241	302	6e-19	75.1
scaffold1717948	OTU_0203	62.22	45	17	0	49	183	108	152	4e-16	65.9
scaffold1719378	OTU_0004	36.99	73	45	1	368	153	161	233	8e-11	51.6
scaffold1721554	OTU_0281	52.00	50	24	0	128	277	40	89	9e-14	58.2
scaffold1722556	OTU_0182	93.38	136	9	0	3	410	87	222	2e-88	  258
scaffold1726161	OTU_0197	50.82	61	30	0	66	248	115	175	2e-15	63.9
scaffold1730033	OTU_0124	47.27	55	28	1	1	165	97	150	1e-12	56.2
scaffold1733531	OTU_0334	74.63	134	34	0	404	3	40	173	1e-58	  179
scaffold1736021	OTU_0176	35.67	171	72	5	403	2	40	209	6e-18	71.6
scaffold1739760	OTU_0068	51.32	76	32	1	4	216	73	148	4e-20	77.0
scaffold1742435	OTU_0328	50.00	50	24	1	210	356	174	223	8e-12	54.3
scaffold1755457	OTU_0281	40.54	74	43	1	10	231	17	89	8e-12	52.8
scaffold1759599	OTU_0179	53.97	63	28	1	142	327	223	285	2e-17	70.9
scaffold1761471	OTU_0161	76.19	42	10	0	405	280	146	187	2e-17	69.7
scaffold1767339	OTU_0265	60.98	41	16	0	161	283	132	172	2e-11	52.8
scaffold1775745	OTU_0043	37.39	115	56	3	367	50	208	315	3e-18	73.2
scaffold1777690	OTU_0256	36.00	100	51	2	104	403	76	162	1e-11	54.3
scaffold1780995	OTU_0315	81.82	44	8	0	2	133	77	120	5e-22	80.9
scaffold1786209	OTU_0265	79.07	43	9	0	1	129	135	177	4e-18	72.0
scaffold1788465	OTU_0140	48.57	70	36	0	332	123	229	298	2e-17	71.2
scaffold1790456	OTU_0265	51.16	43	21	0	301	173	130	172	4e-12	54.7
scaffold1790598	OTU_0014	29.01	131	86	1	399	7	41	164	4e-13	58.9
scaffold1792832	OTU_0265	67.44	43	14	0	124	252	136	178	5e-16	65.9
scaffold1793581	OTU_0037	36.51	126	74	3	399	25	73	193	7e-15	63.9
scaffold1793629	OTU_0340	31.97	122	80	2	369	10	35	155	7e-18	71.2
scaffold1800480	OTU_0203	44.09	93	41	2	46	294	61	152	1e-20	78.6
scaffold1801640	OTU_0191	32.33	133	85	4	393	4	10	140	7e-13	57.8
scaffold1808328	OTU_0305	77.14	35	8	0	2	106	142	176	1e-13	58.5
scaffold1808537	OTU_0351	38.69	168	61	7	383	3	28	194	2e-19	75.5
scaffold1813713	OTU_0312	38.16	76	39	2	304	80	95	163	5e-11	52.8
scaffold1819823	OTU_0305	60.00	55	22	0	10	174	119	173	1e-19	75.9
scaffold1823729	OTU_0294	52.73	55	26	0	168	332	246	300	1e-13	60.5
scaffold1824502	OTU_0262	44.55	110	56	1	2	316	103	212	3e-23	86.3
scaffold1824555	OTU_0155	31.75	126	76	3	388	41	100	225	3e-12	56.2
scaffold1826566	OTU_0076	42.19	64	35	2	355	167	240	302	6e-11	52.8
scaffold1828394	OTU_0335	44.34	106	45	2	300	13	213	314	1e-21	82.4
scaffold1829323	OTU_0048	35.56	135	77	5	4	393	11	140	2e-19	76.3
scaffold1831485	OTU_0173	41.74	115	55	1	4	312	201	315	1e-22	85.5
scaffold1834304	OTU_0300	42.39	92	52	1	391	116	15	105	2e-16	67.0
scaffold1834429	OTU_0021	51.72	58	27	1	62	232	193	250	9e-15	62.8
scaffold1836679	OTU_0140	33.13	163	68	4	28	393	118	280	6e-22	83.2
scaffold1837999	OTU_0157	37.18	156	73	5	1	393	134	289	2e-13	59.7
scaffold1842337	OTU_0257	70.97	31	9	0	1	93	81	111	6e-11	50.4
scaffold1846571	OTU_0005	36.14	83	49	2	75	320	41	120	5e-12	53.5
scaffold1851486	OTU_0305	79.07	43	9	0	56	184	131	173	7e-21	79.0
scaffold1855239	OTU_0265	53.33	45	21	0	370	236	131	175	3e-13	57.8
scaffold1858068	OTU_0265	58.62	58	20	1	123	296	130	183	1e-16	67.4
scaffold1862196	OTU_0305	52.17	46	22	0	36	173	128	173	2e-11	52.8
scaffold1866046	OTU_0229	28.12	160	76	4	364	2	23	182	1e-11	53.9
scaffold1866911	OTU_0129	33.33	168	74	4	392	3	98	265	5e-18	72.0
scaffold1872154	OTU_0140	53.73	67	31	0	385	185	235	301	2e-20	79.0
scaffold1873374	OTU_0265	65.96	47	15	1	23	163	133	178	9e-15	62.0
scaffold1873446	OTU_0218	32.34	167	75	3	3	389	123	289	4e-22	83.6
scaffold1875931	OTU_0173	49.18	61	31	0	94	276	239	299	3e-14	62.0
scaffold1877944	OTU_0341	38.36	159	57	4	35	388	126	284	1e-26	96.3
scaffold1879445	OTU_0305	55.74	61	27	0	150	332	115	175	1e-19	75.5
scaffold1880875	OTU_0266	37.11	97	54	2	380	93	92	182	7e-11	52.4
scaffold1885095	OTU_0150	37.38	107	54	2	344	27	12	106	3e-15	63.5
scaffold1885922	OTU_0026	63.83	47	17	0	385	245	151	197	5e-16	65.9
scaffold1893140	OTU_0305	59.68	62	24	1	353	171	112	173	1e-19	75.5
scaffold1893761	OTU_0305	76.74	43	10	0	167	39	132	174	1e-20	78.2
scaffold1893803	OTU_0305	68.29	41	13	0	389	267	133	173	3e-16	65.9
