scaffold00001	OTU_0127	34.46	177	78	1	944031	943615	1	177	2e-22	99.8
scaffold00004	OTU_0320	32.55	212	91	7	456480	456995	103	302	2e-12	70.5
scaffold00009	OTU_0031	34.03	238	113	8	38246	38851	73	302	4e-22	  100
scaffold00013	OTU_0105	37.36	182	63	5	296986	297393	64	240	6e-18	86.7
scaffold00015	OTU_0351	48.78	82	42	0	165952	166197	121	202	9e-14	72.8
scaffold00016	OTU_0248	33.56	295	159	10	261018	260209	2	284	2e-24	  107
scaffold00022	OTU_0258	34.59	292	144	10	375651	374884	22	302	1e-26	  114
scaffold00023	OTU_0173	31.65	278	136	9	202843	202124	41	302	1e-20	95.5
scaffold00024	OTU_0260	36.36	187	82	8	180711	181163	29	214	1e-18	87.8
scaffold00025	OTU_0220	38.25	183	76	6	167789	168226	119	301	2e-19	91.7
scaffold00028	OTU_0157	31.34	268	136	7	340665	339982	43	302	2e-22	  100
scaffold00031	OTU_0320	33.57	277	127	12	304508	305209	40	302	8e-16	79.7
scaffold00039	OTU_0150	36.87	217	85	8	252698	253225	12	217	5e-22	98.2
scaffold00061	OTU_0266	37.04	297	138	11	232998	232219	17	301	8e-24	  104
scaffold00062	OTU_0105	37.87	235	103	7	26276	25680	13	240	9e-27	  112
scaffold00063	OTU_0132	31.00	300	153	8	162996	162217	17	302	3e-23	  103
scaffold00064	OTU_0126	34.60	237	111	7	127886	128491	68	295	4e-19	89.7
scaffold00069	OTU_0351	31.22	221	89	5	43346	43870	1	204	2e-13	71.2
scaffold00072	OTU_0125	29.07	258	126	8	105914	105267	16	258	1e-22	  100
scaffold00077	OTU_0233	33.15	184	87	4	5252	5695	120	303	6e-17	82.8
scaffold00088	OTU_0320	31.54	241	103	4	10495	11118	91	302	1e-15	78.6
scaffold00130	OTU_0335	30.26	304	157	8	69599	68841	2	301	3e-20	93.2
scaffold00139	OTU_0243	81.48	108	20	0	847	1170	172	279	4e-111	  180
scaffold00139	OTU_0243	86.02	93	13	0	473	751	65	157	4e-111	  162
scaffold00139	OTU_0243	75.00	64	16	0	280	471	1	64	4e-111	  100
scaffold00139	OTU_0243	60.00	70	16	2	1173	1361	251	315	3e-14	73.9
scaffold00152	OTU_0229	30.73	205	103	9	75777	75265	11	210	1e-11	64.7
scaffold00165	OTU_0121	34.25	219	90	7	57556	57023	96	301	2e-16	80.5
scaffold00171	OTU_0226	30.60	268	140	6	20283	19597	38	298	1e-25	  109
scaffold00183	OTU_0140	31.27	307	155	10	78861	78064	10	301	5e-24	  104
scaffold00191	OTU_0351	36.28	215	86	5	42273	41749	1	204	9e-19	87.0
scaffold00198	OTU_0312	39.91	213	85	6	53993	53463	97	302	8e-27	  113
scaffold00206	OTU_0217	34.89	235	108	6	110831	111421	73	300	5e-25	  107
scaffold00217	OTU_0305	80.00	40	8	0	53072	52953	134	173	3e-13	69.3
scaffold00218	OTU_0132	31.90	210	95	4	125818	126321	99	302	2e-15	77.0
scaffold00234	OTU_0339	36.07	183	82	6	131657	131214	122	304	3e-16	79.7
scaffold00234	OTU_0339	64.44	45	16	0	132210	132076	260	304	1e-12	68.9
scaffold00260	OTU_0262	33.91	174	78	6	9449	9874	20	188	5e-12	65.5
scaffold00284	OTU_0129	33.47	242	114	7	28248	28859	34	266	2e-16	79.7
scaffold00292	OTU_0243	32.56	301	167	8	84105	84938	14	301	3e-22	99.0
scaffold00319	OTU_0095	32.45	302	152	9	84919	85707	14	302	6e-24	  103
scaffold00320	OTU_0105	32.41	253	140	5	77964	78656	1	244	1e-16	80.5
scaffold00347	OTU_0234	30.32	277	139	9	40413	39697	41	301	9e-15	75.1
scaffold00383	OTU_0023	38.21	212	85	7	9932	10453	100	303	1e-21	96.7
scaffold00404	OTU_0022	99.35	310	2	0	33614	32685	1	310	0.0	  570
scaffold00425	OTU_0133	47.14	70	36	1	7261	7052	78	146	5e-11	61.6
scaffold00429	OTU_0176	34.74	213	92	5	51086	51622	14	213	9e-19	86.7
scaffold00431	OTU_0258	33.55	301	164	10	5823	6638	12	305	3e-23	  101
scaffold00481	OTU_0351	33.62	235	84	6	10861	11442	1	204	5e-15	74.3
scaffold00492	OTU_0173	31.86	204	103	9	32559	32047	106	306	2e-12	67.8
scaffold00525	OTU_0314	99.37	315	2	0	7414	8358	1	315	0.0	  616
scaffold00527	OTU_0121	35.14	222	100	6	3916	4476	89	301	5e-24	  103
scaffold00604	OTU_0278	34.64	179	73	3	42923	42513	34	210	5e-18	83.6
scaffold00692	OTU_0339	34.88	215	100	7	44438	44986	95	301	2e-22	98.2
scaffold00693	OTU_0107	32.96	270	128	8	8619	9314	47	301	3e-18	85.1
scaffold00703	OTU_0151	31.72	268	134	12	55794	56486	47	302	5e-18	84.3
scaffold00738	OTU_0320	53.93	89	28	4	40526	40293	218	304	1e-16	80.1
scaffold00746	OTU_0226	34.70	219	107	4	22877	22311	86	298	2e-16	79.3
scaffold00747	OTU_0155	32.09	321	160	12	16553	15696	3	300	9e-26	  108
scaffold00763	OTU_0042	31.03	290	158	8	4456	3686	21	301	2e-17	82.4
scaffold00778	OTU_0284	25.66	304	170	12	55372	54581	8	295	1e-11	64.3
scaffold00781	OTU_0265	78.57	42	9	0	10647	10772	134	175	1e-14	72.4
scaffold00890	OTU_0023	34.30	172	68	4	9110	9502	150	317	3e-13	69.3
scaffold00907	OTU_0305	69.09	55	17	0	4961	4797	119	173	1e-16	78.2
scaffold00955	OTU_0076	30.63	284	134	10	46870	47598	40	301	2e-15	75.9
scaffold01011	OTU_0093	28.43	299	172	6	40173	39373	15	303	2e-17	82.0
scaffold01073	OTU_0320	37.29	177	71	6	11119	11529	126	302	7e-17	80.1
scaffold01115	OTU_0290	28.89	135	94	2	83	484	1	134	2e-11	62.8
scaffold01153	OTU_0155	33.91	233	113	7	38396	37803	74	300	6e-23	99.4
scaffold01154	OTU_0265	69.77	43	13	0	18553	18681	136	178	7e-14	69.7
scaffold01168	OTU_0176	29.05	210	119	5	9791	10333	5	213	4e-13	67.8
scaffold01175	OTU_0218	31.46	213	98	3	15014	14490	100	302	9e-23	99.0
scaffold01266	OTU_0318	28.39	310	169	14	19914	20744	13	302	3e-13	68.9
scaffold01269	OTU_0173	36.36	209	96	5	14385	14918	100	302	3e-18	84.3
scaffold01353	OTU_0226	26.47	272	148	7	23475	22798	33	298	5e-16	77.4
scaffold01391	OTU_0217	25.32	312	159	8	9590	10390	15	297	5e-11	62.0
scaffold01488	OTU_0104	44.44	81	38	2	33087	32848	174	248	3e-11	61.6
scaffold01502	OTU_0246	33.47	239	100	6	1634	1011	91	301	1e-17	82.4
scaffold01588	OTU_0121	33.61	238	111	8	1058	471	69	301	7e-18	82.8
scaffold01591	OTU_0267	36.28	226	115	7	10510	11130	80	295	2e-28	  115
scaffold01621	OTU_0065	36.40	228	96	8	8400	7837	35	253	6e-17	79.3
scaffold01659	OTU_0258	32.97	185	88	6	12449	12898	121	304	1e-11	63.9
scaffold01764	OTU_0260	35.87	184	68	3	20535	20939	28	210	1e-19	87.4
scaffold01764	OTU_0260	66.67	48	16	0	22011	22154	166	213	4e-14	70.5
scaffold01779	OTU_0295	33.88	304	150	10	9061	8258	14	302	3e-24	  103
scaffold01779	OTU_0295	59.26	54	22	0	28647	28486	249	302	3e-13	68.6
scaffold01802	OTU_0218	36.76	204	87	4	26076	26579	105	302	4e-24	  102
scaffold01895	OTU_0031	30.69	303	158	11	12463	13254	12	301	4e-23	99.4
scaffold01934	OTU_0229	35.16	219	92	7	24538	25074	2	210	6e-23	97.4
scaffold01937	OTU_0031	29.30	273	141	9	2302	3006	46	304	6e-19	85.9
scaffold01948	OTU_0196	28.46	260	144	9	12338	13015	44	295	4e-13	68.2
scaffold02075	OTU_0339	35.00	220	102	6	16180	16737	92	304	2e-19	87.8
scaffold02133	OTU_0233	30.47	279	136	9	8494	9228	49	303	3e-21	93.2
scaffold02227	OTU_0196	26.44	295	170	8	14703	15464	12	300	9e-16	75.9
scaffold02255	OTU_0271	32.26	186	100	5	8892	9386	118	298	1e-14	72.4
scaffold02282	OTU_0104	29.57	230	122	9	17169	17789	36	248	5e-11	60.5
scaffold02293	OTU_0307	31.27	323	154	13	5117	4281	3	301	5e-17	79.7
scaffold02307	OTU_0031	28.42	292	163	8	8424	9194	20	300	4e-21	92.8
scaffold02338	OTU_0229	38.62	189	76	7	15693	16154	26	209	9e-24	99.8
scaffold02352	OTU_0150	33.17	205	102	9	890	1405	15	217	1e-13	68.6
scaffold02449	OTU_0197	43.18	88	43	1	1125	1367	86	173	8e-12	62.4
scaffold02574	OTU_0265	69.57	46	14	0	20290	20153	133	178	4e-15	72.8
scaffold02655	OTU_0031	32.42	293	139	9	14851	15615	38	309	3e-21	93.2
scaffold02706	OTU_0078	30.04	223	124	7	19883	19263	2	208	2e-12	64.3
scaffold02736	OTU_0144	31.19	218	118	4	205	765	85	301	7e-13	67.0
scaffold02795	OTU_0267	28.14	263	127	7	15160	15795	44	295	4e-14	70.5
scaffold02841	OTU_0176	31.51	219	100	7	6526	5990	4	212	2e-16	77.4
scaffold03096	OTU_0229	37.78	180	72	6	14037	13618	30	209	4e-18	82.0
scaffold03152	OTU_0303	60.00	55	22	0	16437	16273	247	301	8e-15	72.8
scaffold03331	OTU_0287	34.63	283	127	9	6987	6250	41	302	3e-22	95.9
scaffold03351	OTU_0111	27.52	298	162	8	15342	14545	8	283	2e-11	62.4
scaffold03440	OTU_0267	26.33	300	169	9	10519	9737	9	295	1e-15	75.1
scaffold03538	OTU_0339	37.16	218	93	8	689	138	94	301	2e-23	99.8
scaffold03624	OTU_0242	29.41	306	151	10	329	1120	23	305	5e-25	  104
scaffold03656	OTU_0031	38.71	186	70	6	11865	12299	97	279	5e-25	97.1
scaffold03656	OTU_0031	46.88	32	17	0	12305	12400	282	313	5e-25	32.7
scaffold03725	OTU_0216	51.61	62	30	0	6899	6714	243	304	2e-14	71.6
scaffold03725	OTU_0216	52.54	59	28	0	15876	15700	243	301	3e-14	70.9
scaffold03757	OTU_0212	39.51	162	96	2	3357	3839	3	163	8e-34	98.2
scaffold03757	OTU_0212	35.20	125	64	5	3829	4182	201	315	8e-34	61.2
scaffold03809	OTU_0071	25.41	303	167	10	200	970	9	298	4e-16	76.3
scaffold03866	OTU_0218	33.03	221	106	5	14826	14272	97	311	2e-23	99.8
scaffold03923	OTU_0031	31.21	298	156	8	10524	9742	15	300	3e-26	  108
scaffold03988	OTU_0217	33.80	287	130	9	10017	9310	23	300	3e-26	  108
scaffold04274	OTU_0256	33.33	189	82	8	1454	975	109	282	4e-12	63.9
scaffold04379	OTU_0303	52.50	80	32	2	3561	3340	222	301	1e-15	75.1
scaffold04553	OTU_0030	34.50	229	106	10	8124	7549	82	303	7e-25	  103
scaffold04754	OTU_0157	32.96	270	136	9	11806	12510	45	304	1e-18	84.0
scaffold04826	OTU_0305	71.43	42	11	1	12034	11912	121	162	5e-11	59.3
scaffold05109	OTU_0305	75.00	40	10	0	7475	7594	134	173	7e-14	67.8
scaffold05214	OTU_0084	70.73	41	12	0	10172	10050	131	171	3e-13	66.2
scaffold05506	OTU_0258	32.42	182	94	4	11547	11089	121	302	4e-13	67.0
scaffold05831	OTU_0052	27.52	218	112	6	803	264	91	300	3e-15	73.6
scaffold05863	OTU_0176	28.83	222	125	7	7390	6821	4	224	2e-13	66.6
scaffold05983	OTU_0339	31.11	270	131	9	6025	5342	45	301	7e-21	90.9
scaffold05990	OTU_0295	30.20	298	159	8	10189	9416	14	302	2e-17	80.1
scaffold06487	OTU_0198	33.82	207	97	3	1291	1791	103	309	2e-25	  105
scaffold06668	OTU_0031	35.29	238	110	10	4526	5131	73	302	2e-24	  102
scaffold06751	OTU_0116	32.22	180	85	5	3277	2849	122	301	3e-12	64.3
scaffold07329	OTU_0140	60.00	60	24	0	820	999	239	298	3e-17	79.0
scaffold07333	OTU_0267	25.91	301	167	9	4523	5299	9	295	5e-14	69.3
scaffold07565	OTU_0116	28.75	320	163	13	8321	9142	1	301	5e-17	78.6
scaffold07721	OTU_0155	28.29	304	163	9	8502	7708	13	300	3e-24	  101
scaffold07741	OTU_0287	29.77	309	161	9	8000	8821	12	299	4e-15	72.8
scaffold07809	OTU_0341	26.13	287	141	8	931	206	41	301	2e-17	79.7
scaffold08003	OTU_0226	26.21	309	151	12	655	1419	13	298	4e-14	69.7
scaffold08043	OTU_0226	28.16	174	121	3	6812	7327	1	172	1e-33	81.3
scaffold08043	OTU_0226	37.96	108	62	2	7321	7629	204	311	1e-33	76.6
scaffold08073	OTU_0217	30.09	319	169	10	782	1615	1	306	4e-24	  101
scaffold08137	OTU_0325	28.71	202	101	4	5198	4707	6	202	1e-11	60.8
scaffold08697	OTU_0300	44.19	86	47	1	3541	3795	148	233	3e-11	59.7
scaffold08785	OTU_0030	28.57	217	101	8	7587	8108	102	307	7e-11	59.7
scaffold08975	OTU_0229	36.51	189	84	6	4334	4792	21	209	8e-20	86.3
scaffold09048	OTU_0246	33.79	219	94	8	2478	3020	97	302	2e-22	95.5
scaffold09125	OTU_0137	27.24	312	171	10	5892	5062	11	301	2e-13	67.4
scaffold09244	OTU_0233	32.68	306	159	8	4713	3928	1	303	4e-30	  119
scaffold09331	OTU_0198	35.68	241	105	8	1268	654	75	301	4e-27	  110
scaffold09635	OTU_0132	28.24	301	156	8	1248	2024	24	306	1e-16	77.4
scaffold09907	OTU_0233	31.60	231	106	6	6491	7084	92	303	6e-21	90.9
scaffold10406	OTU_0176	29.17	216	103	7	5424	5939	3	212	2e-16	75.9
scaffold10485	OTU_0312	36.41	195	87	6	526	1008	121	312	4e-22	94.4
scaffold10588	OTU_0012	100.00	183	0	0	1	549	22	204	4e-122	  381
scaffold10762	OTU_0246	33.70	270	131	10	4576	5271	43	302	2e-27	  110
scaffold10969	OTU_0320	38.29	175	72	9	3501	3917	128	302	3e-17	79.0
scaffold11270	OTU_0229	33.33	207	92	6	6363	5878	6	211	6e-25	  101
scaffold11553	OTU_0318	23.19	276	153	9	275	958	38	302	1e-12	65.1
scaffold11693	OTU_0351	29.95	217	107	7	980	417	6	206	6e-12	61.2
scaffold12076	OTU_0200	28.95	304	162	10	2932	2132	15	301	9e-24	99.4
scaffold12207	OTU_0105	29.31	174	78	6	6582	6193	68	240	8e-11	58.5
scaffold13254	OTU_0153	30.66	212	109	7	5909	5385	93	303	4e-14	69.3
scaffold13272	OTU_0106	29.89	261	125	9	1286	1915	46	299	8e-20	86.7
scaffold13380	OTU_0331	32.14	196	112	8	3743	3201	110	299	1e-10	58.9
scaffold13382	OTU_0197	63.27	49	18	0	2728	2582	125	173	7e-13	63.9
scaffold13451	OTU_0234	31.99	272	139	8	927	1640	41	300	1e-18	82.8
scaffold13451	OTU_0234	32.32	198	96	8	4574	4092	105	301	2e-12	63.9
scaffold13478	OTU_0096	47.06	68	35	1	1926	1726	118	185	5e-12	61.2
scaffold13936	OTU_0126	34.69	147	84	3	147	587	38	172	2e-11	61.2
scaffold13963	OTU_0271	30.48	187	104	5	3459	2962	118	299	2e-14	70.5
scaffold14797	OTU_0095	38.54	314	148	8	2663	3472	3	315	4e-48	  171
scaffold14801	OTU_0121	29.90	311	150	10	2060	2872	19	301	1e-19	86.3
scaffold14899	OTU_0217	33.94	218	100	5	4668	4144	96	312	9e-22	92.8
scaffold15185	OTU_0198	30.53	190	100	5	3581	4054	115	304	5e-17	77.8
scaffold15328	OTU_0084	35.37	82	50	2	3133	2891	92	171	7e-11	57.0
scaffold15341	OTU_0234	29.12	261	139	6	4605	5285	53	301	3e-14	69.3
scaffold16112	OTU_0127	39.11	179	74	5	2494	2925	1	179	1e-17	78.6
scaffold16555	OTU_0224	34.18	79	48	1	3382	3146	114	188	4e-11	57.8
scaffold17156	OTU_0101	31.46	321	173	7	2700	1861	2	316	2e-36	  137
scaffold17637	OTU_0234	26.89	331	177	9	4884	4006	11	314	3e-14	69.3
scaffold17892	OTU_0234	28.52	263	127	8	3455	2847	40	301	9e-15	70.9
scaffold17916	OTU_0072	35.43	302	152	4	2395	3174	14	314	1e-38	  143
scaffold18196	OTU_0261	28.05	221	111	7	1254	1811	98	305	6e-12	62.4
scaffold18504	OTU_0248	34.17	240	97	12	739	131	69	284	7e-19	83.2
scaffold18506	OTU_0076	32.75	229	105	8	1592	2146	91	314	2e-16	75.9
scaffold18639	OTU_0260	29.35	184	93	5	744	1190	29	210	3e-15	71.2
scaffold18700	OTU_0042	39.33	178	68	6	750	1166	125	301	2e-21	91.3
scaffold19074	OTU_0229	29.95	197	94	7	4825	4346	20	209	2e-11	59.3
scaffold19436	OTU_0258	35.16	182	88	1	4343	3888	121	302	6e-18	80.1
scaffold19689	OTU_0136	29.09	220	113	9	3052	2513	86	302	8e-12	61.6
scaffold19731	OTU_0226	28.09	267	134	8	1233	553	50	298	3e-11	59.7
scaffold20072	OTU_0106	26.62	278	147	12	3622	4350	46	301	2e-12	63.9
scaffold20114	OTU_0217	29.56	318	173	7	1455	637	2	313	1e-33	  129
scaffold20218	OTU_0267	28.74	174	94	4	2994	3428	125	297	9e-11	58.5
scaffold20377	OTU_0262	34.17	199	97	7	3647	3147	3	199	4e-16	73.6
scaffold20387	OTU_0071	25.16	306	170	8	200	979	9	301	5e-16	74.3
scaffold20511	OTU_0096	42.68	82	42	2	3634	3404	91	172	3e-11	58.2
scaffold20854	OTU_0196	30.54	203	99	8	979	1482	105	300	2e-11	60.5
scaffold21211	OTU_0233	34.38	192	86	4	4109	3654	120	311	4e-19	84.0
scaffold21873	OTU_0010	30.04	233	99	9	2616	3161	83	302	2e-14	69.3
scaffold22094	OTU_0291	34.33	233	103	9	864	280	82	302	6e-23	95.9
scaffold22099	OTU_0260	29.35	184	93	5	656	1102	29	210	1e-15	72.4
scaffold22450	OTU_0229	37.38	214	97	5	2707	3255	2	209	4e-20	85.9
scaffold22461	OTU_0096	43.04	79	40	1	1600	1821	96	174	1e-11	59.3
scaffold22734	OTU_0104	34.15	205	97	8	689	180	35	236	2e-12	62.0
scaffold23093	OTU_0206	28.06	310	165	11	3329	2505	12	298	2e-13	66.6
scaffold23631	OTU_0031	34.18	237	109	6	1797	1204	73	301	1e-25	  104
scaffold23960	OTU_0229	33.82	207	96	4	1058	543	9	209	2e-24	99.0
scaffold24164	OTU_0351	66.67	48	16	0	3801	3658	157	204	9e-16	72.4
scaffold25367	OTU_0229	32.38	210	99	7	1540	1019	4	206	1e-19	84.7
scaffold25642	OTU_0203	55.74	61	27	0	3677	3495	94	154	2e-18	79.7
scaffold26331	OTU_0249	31.46	213	108	8	2882	2355	64	275	4e-15	71.2
scaffold26780	OTU_0278	30.14	219	113	7	2841	2299	1	217	1e-14	68.6
scaffold26792	OTU_0227	29.50	278	146	12	1049	324	41	304	3e-13	65.9
scaffold27627	OTU_0042	29.08	196	101	5	730	1206	107	301	4e-12	62.4
scaffold27922	OTU_0140	56.34	71	30	1	2120	1911	228	298	2e-15	72.0
scaffold28241	OTU_0066	30.57	265	136	10	925	227	44	292	4e-15	71.2
scaffold28579	OTU_0258	32.89	304	153	9	2062	1259	14	302	3e-24	99.4
scaffold28816	OTU_0071	30.84	308	180	8	2431	3300	11	303	3e-30	  117
scaffold29218	OTU_0022	27.65	217	105	8	2817	2287	95	299	1e-11	60.8
scaffold29471	OTU_0137	29.83	238	116	10	888	274	84	303	2e-14	69.3
scaffold29571	OTU_0119	29.92	254	148	10	21	707	59	307	2e-11	60.5
scaffold29625	OTU_0229	39.07	215	90	8	711	1253	2	209	2e-24	98.6
scaffold30101	OTU_0229	29.25	212	110	6	895	1428	2	207	1e-11	59.3
scaffold30883	OTU_0300	47.76	67	33	2	2756	2559	167	232	3e-12	61.2
scaffold30967	OTU_0126	33.04	227	99	8	2	568	97	308	5e-22	92.4
scaffold31202	OTU_0250	31.80	217	121	10	948	364	104	315	9e-13	64.3
scaffold31598	OTU_0312	28.57	203	116	5	1620	1099	98	300	2e-15	72.4
scaffold31747	OTU_0267	29.57	257	132	9	2069	1428	49	299	2e-15	72.0
scaffold31897	OTU_0266	26.73	303	170	10	959	1753	13	301	8e-15	70.1
scaffold32038	OTU_0023	35.81	215	84	7	2567	3085	101	303	5e-21	89.4
scaffold32339	OTU_0229	33.86	189	89	4	2597	3055	21	209	2e-18	80.9
scaffold32463	OTU_0157	31.37	271	139	6	1551	856	40	302	4e-22	92.8
scaffold32700	OTU_0271	40.08	252	100	9	1143	505	61	300	2e-30	  118
scaffold32814	OTU_0121	34.71	170	73	3	3128	2733	132	301	5e-17	77.0
scaffold32943	OTU_0301	33.11	299	142	12	585	1352	12	295	4e-22	92.8
scaffold33402	OTU_0249	30.47	256	121	9	2489	3133	18	257	4e-16	73.6
scaffold34401	OTU_0229	28.83	222	131	7	2195	2833	8	211	3e-13	64.3
scaffold35198	OTU_0274	35.24	210	95	5	1111	1635	1	204	8e-25	99.4
scaffold36288	OTU_0157	29.43	265	142	2	1131	1811	45	302	2e-25	  103
scaffold37298	OTU_0076	31.25	304	158	9	855	52	13	301	1e-25	  103
scaffold38349	OTU_0305	80.00	40	8	0	2479	2598	134	173	9e-15	68.2
scaffold38914	OTU_0267	28.97	214	106	6	2017	1466	98	295	5e-14	67.8
scaffold39309	OTU_0305	72.50	40	11	0	1639	1520	134	173	6e-15	68.9
scaffold39874	OTU_0250	29.43	282	153	8	1285	2031	40	308	1e-14	69.3
scaffold40870	OTU_0126	33.33	192	78	6	1056	610	111	295	1e-16	75.1
scaffold41331	OTU_0134	31.34	217	109	7	875	336	91	304	2e-15	72.0
scaffold42820	OTU_0219	32.02	178	77	5	2546	2139	127	302	3e-18	80.5
scaffold43301	OTU_0150	29.31	174	88	3	2562	2146	43	216	2e-12	61.6
scaffold43923	OTU_0218	33.55	307	163	7	2061	1258	11	315	2e-37	  138
scaffold43954	OTU_0271	28.21	273	142	7	1864	1154	58	312	1e-11	60.5
scaffold43957	OTU_0137	33.04	224	99	9	1007	435	98	303	7e-12	60.8
scaffold44156	OTU_0140	47.25	91	44	1	1258	1518	211	301	4e-19	82.8
scaffold44438	OTU_0105	26.32	266	145	7	1775	2470	1	249	1e-12	62.4
scaffold45840	OTU_0335	30.73	218	117	8	959	360	100	301	1e-10	57.4
scaffold46286	OTU_0145	26.96	319	166	12	2262	1405	16	300	5e-12	61.2
scaffold47333	OTU_0096	31.40	172	80	5	1703	2104	1	172	3e-12	60.1
scaffold47423	OTU_0183	25.09	287	166	5	565	1290	18	300	2e-14	68.6
scaffold48200	OTU_0256	34.02	194	82	5	1683	1222	103	290	3e-20	86.3
scaffold48493	OTU_0212	28.37	282	152	9	2261	1524	38	305	7e-19	82.0
scaffold48930	OTU_0016	27.99	268	147	11	1206	508	2	258	7e-15	69.3
scaffold50696	OTU_0157	36.61	183	75	3	1665	2114	128	302	3e-22	92.0
scaffold50888	OTU_0140	30.39	204	117	8	857	312	104	304	1e-11	60.1
scaffold50915	OTU_0073	32.54	169	91	2	909	472	92	260	3e-12	61.2
scaffold52698	OTU_0155	32.69	156	91	6	744	283	22	165	3e-15	70.9
scaffold52964	OTU_0105	35.59	177	78	5	1344	922	64	240	5e-18	78.6
scaffold53256	OTU_0351	37.64	178	83	4	963	1412	27	204	2e-21	88.6
scaffold53898	OTU_0249	33.58	265	127	6	171	851	24	277	2e-25	  101
scaffold53942	OTU_0121	30.12	259	123	8	650	3	41	284	4e-18	79.3
scaffold54788	OTU_0176	30.17	232	105	11	768	187	1	213	8e-12	59.3
scaffold55273	OTU_0001	29.04	303	155	16	1656	871	18	301	3e-14	67.8
scaffold55561	OTU_0163	55.36	56	25	0	2078	1911	97	152	5e-14	65.1
scaffold56526	OTU_0134	28.38	222	116	6	992	435	88	302	1e-11	60.1
scaffold57200	OTU_0229	33.33	177	86	4	2055	1621	33	209	6e-14	65.5
scaffold57323	OTU_0234	30.11	279	139	10	1054	1773	41	302	4e-15	70.5
scaffold57330	OTU_0274	36.67	210	92	6	637	1161	1	204	9e-28	  107
scaffold59226	OTU_0246	34.26	324	149	12	1133	285	2	302	2e-26	  104
scaffold60685	OTU_0229	37.67	215	93	7	555	13	2	209	7e-25	98.6
scaffold61385	OTU_0260	39.89	183	73	6	904	464	29	210	1e-24	97.8
scaffold62028	OTU_0246	56.52	69	30	0	1107	1313	234	302	6e-19	81.6
scaffold64538	OTU_0084	71.43	42	12	0	873	998	130	171	1e-14	67.0
scaffold64757	OTU_0311	51.85	54	25	1	754	593	43	95	4e-11	55.5
scaffold64796	OTU_0234	28.00	200	111	5	1046	1549	102	300	4e-13	64.3
scaffold64815	OTU_0336	29.23	195	108	7	959	1486	3	186	3e-13	62.8
scaffold65246	OTU_0226	30.43	230	115	10	940	341	85	299	1e-11	59.7
scaffold65469	OTU_0104	32.46	228	112	10	1061	1639	24	244	5e-17	75.1
scaffold65862	OTU_0030	54.39	57	25	1	1660	1493	247	303	4e-13	64.3
scaffold67150	OTU_0155	31.63	98	59	2	1290	1009	75	168	5e-15	55.5
scaffold67150	OTU_0155	25.00	96	72	0	1021	734	205	300	5e-15	37.4
scaffold67512	OTU_0147	32.32	198	94	6	906	433	104	301	5e-16	72.8
scaffold67922	OTU_0246	36.36	209	108	12	966	1541	103	303	2e-14	67.8
scaffold67991	OTU_0151	30.40	273	133	6	782	87	46	302	4e-24	97.4
scaffold69383	OTU_0291	29.03	186	98	5	145	603	121	305	4e-14	67.4
scaffold69862	OTU_0210	28.70	216	106	7	1029	1580	103	302	7e-11	57.4
scaffold70840	OTU_0141	37.30	185	73	5	407	835	127	310	1e-19	83.6
scaffold71236	OTU_0079	35.56	180	84	5	488	42	121	299	7e-18	78.6
scaffold71412	OTU_0229	28.85	208	110	9	619	95	2	204	6e-12	58.9
scaffold71471	OTU_0175	30.23	215	130	5	812	1402	91	303	4e-15	70.1
scaffold71490	OTU_0155	31.74	230	121	6	1128	1727	74	297	3e-19	82.4
scaffold72204	OTU_0291	35.45	189	78	5	320	772	120	302	2e-22	92.4
scaffold72989	OTU_0076	32.35	272	127	8	1637	942	47	301	6e-22	90.5
scaffold73130	OTU_0134	33.01	206	112	9	639	82	104	303	2e-12	62.0
scaffold73807	OTU_0052	28.11	217	108	7	710	1267	102	301	4e-14	67.0
scaffold74905	OTU_0084	39.76	83	48	2	588	346	89	171	3e-11	56.2
scaffold75657	OTU_0262	53.85	52	24	0	121	276	150	201	3e-11	56.6
scaffold76434	OTU_0043	45.76	59	25	1	783	959	249	300	4e-11	57.8
scaffold77835	OTU_0226	29.09	220	112	4	541	2	71	286	5e-17	75.5
scaffold77990	OTU_0030	55.17	58	25	1	1078	1248	247	304	6e-14	66.2
scaffold78534	OTU_0129	29.67	209	106	6	1511	990	65	267	1e-12	62.0
scaffold79173	OTU_0175	25.79	221	126	6	534	1097	90	305	2e-11	58.9
scaffold79259	OTU_0025	33.89	180	85	6	725	282	128	305	4e-16	72.8
scaffold79512	OTU_0314	31.35	185	81	8	32	454	119	301	1e-11	59.3
scaffold79577	OTU_0229	34.12	211	95	6	531	10	7	210	3e-22	90.1
scaffold79753	OTU_0341	60.32	63	25	0	1553	1365	239	301	3e-19	82.4
scaffold79919	OTU_0155	34.10	305	155	8	148	939	14	313	7e-43	  150
scaffold80187	OTU_0095	32.93	249	108	10	644	12	75	302	2e-22	91.7
scaffold80933	OTU_0338	48.11	106	47	2	1252	953	212	315	4e-22	90.9
scaffold81362	OTU_0287	28.62	311	168	9	375	1205	11	301	2e-15	70.9
scaffold84414	OTU_0176	30.22	182	88	7	260	700	48	225	2e-13	63.2
scaffold84927	OTU_0267	52.38	63	30	0	189	377	236	298	8e-15	68.9
scaffold85552	OTU_0043	28.94	273	141	6	935	237	46	305	7e-26	  101
scaffold85902	OTU_0260	32.08	212	104	6	1389	856	5	210	1e-19	82.0
scaffold89233	OTU_0157	29.90	311	175	5	1362	556	6	315	4e-35	  128
scaffold89652	OTU_0351	39.51	205	86	5	1453	935	6	204	8e-18	76.6
scaffold91196	OTU_0212	45.45	132	63	5	1049	1429	19	146	9e-23	92.4
scaffold92126	OTU_0108	33.20	247	114	9	561	1184	69	303	2e-25	  100
scaffold92517	OTU_0079	35.56	180	84	5	1060	614	121	299	4e-18	78.6
scaffold92547	OTU_0121	31.54	279	138	10	1418	699	47	311	7e-22	89.7
scaffold92849	OTU_0029	51.72	58	28	0	860	687	116	173	5e-13	61.6
scaffold93834	OTU_0210	30.30	231	107	10	874	290	103	315	4e-14	66.6
scaffold94303	OTU_0265	72.97	37	10	0	1398	1288	139	175	3e-11	56.2
scaffold95038	OTU_0217	37.02	181	77	6	748	314	123	302	2e-23	94.0
scaffold95482	OTU_0305	58.06	62	25	1	1323	1141	112	173	7e-19	79.0
scaffold95894	OTU_0266	34.43	305	140	8	570	1361	16	301	2e-31	  117
scaffold95908	OTU_0132	32.54	252	119	5	1378	767	54	302	5e-16	72.0
scaffold97217	OTU_0341	25.63	277	144	13	760	68	41	301	5e-11	57.0
scaffold97735	OTU_0274	38.10	210	89	9	90	614	1	204	3e-27	  103
scaffold97761	OTU_0140	34.25	181	91	3	950	492	118	298	1e-21	88.6
scaffold98903	OTU_0351	32.89	225	89	6	713	1264	1	204	2e-18	77.8
scaffold99075	OTU_0176	31.19	218	117	8	599	1171	4	215	1e-15	69.7
scaffold100813	OTU_0198	38.22	225	96	10	432	1001	88	304	7e-25	98.2
scaffold102262	OTU_0229	33.33	216	103	6	844	296	2	209	6e-23	91.3
scaffold106583	OTU_0042	35.91	181	82	5	3	455	125	301	3e-19	81.6
scaffold107437	OTU_0137	28.62	297	152	9	780	1	11	284	1e-19	82.8
scaffold107763	OTU_0163	55.36	56	25	0	26	193	97	152	2e-14	65.1
scaffold109713	OTU_0043	28.95	190	89	8	1068	607	117	296	2e-13	64.3
scaffold110457	OTU_0198	29.75	316	162	11	1127	288	10	301	5e-21	86.7
scaffold112311	OTU_0155	29.93	294	156	10	127	900	21	300	2e-27	  104
scaffold112667	OTU_0198	25.77	326	186	7	986	114	10	314	7e-17	74.3
scaffold113157	OTU_0306	28.88	187	107	5	594	1145	4	167	5e-11	54.7
scaffold116286	OTU_0028	100.00	72	0	0	218	3	1	72	1e-46	  153
scaffold116491	OTU_0229	37.14	210	91	6	1201	677	6	209	8e-26	98.6
scaffold117025	OTU_0303	29.83	181	85	5	154	582	125	301	2e-13	64.3
scaffold117821	OTU_0204	29.36	218	95	9	588	1100	91	296	2e-11	58.5
scaffold118367	OTU_0234	27.47	273	154	7	1102	380	41	301	2e-13	63.9
scaffold122624	OTU_0267	27.53	316	160	11	93	920	9	295	3e-24	95.5
scaffold123933	OTU_0155	33.79	219	104	7	699	148	88	300	3e-25	98.6
scaffold124060	OTU_0336	33.89	180	79	5	716	1135	6	185	1e-19	80.9
scaffold124259	OTU_0121	36.11	216	98	5	475	1014	90	301	6e-19	80.5
scaffold125155	OTU_0151	30.98	184	86	5	750	316	121	302	1e-14	67.4
scaffold125568	OTU_0249	76.92	39	9	0	934	1050	180	218	2e-13	63.5
scaffold126988	OTU_0206	30.66	274	141	7	716	3	39	299	5e-30	  112
scaffold127182	OTU_0111	40.24	164	87	6	481	2	1	157	1e-23	93.2
scaffold127406	OTU_0150	31.82	220	116	9	262	852	5	213	2e-12	59.7
scaffold128017	OTU_0016	25.18	274	124	13	898	257	7	259	9e-11	55.5
scaffold130365	OTU_0176	51.02	98	37	2	1105	842	128	224	4e-23	90.5
scaffold132012	OTU_0196	27.47	182	93	4	700	272	119	300	2e-11	57.8
scaffold132892	OTU_0119	24.73	275	155	7	1044	364	31	301	3e-15	69.3
scaffold133320	OTU_0130	34.39	189	69	4	382	810	2	181	5e-21	83.6
scaffold133833	OTU_0043	26.64	274	153	6	161	874	40	301	6e-16	71.6
scaffold134231	OTU_0031	35.25	295	133	12	1030	257	36	309	9e-35	  125
scaffold134730	OTU_0250	30.50	282	144	9	97	834	43	308	4e-19	80.5
scaffold137076	OTU_0175	27.73	238	139	9	146	793	77	303	5e-13	62.8
scaffold145715	OTU_0150	35.81	229	105	7	929	351	2	224	2e-26	99.8
scaffold145809	OTU_0145	31.00	271	153	6	177	932	46	301	1e-25	99.0
scaffold146492	OTU_0326	77.42	31	7	0	198	106	121	151	2e-11	55.8
scaffold146973	OTU_0265	69.57	46	14	0	164	301	130	175	6e-16	69.3
scaffold147086	OTU_0031	31.25	224	103	6	634	77	87	297	4e-19	80.1
scaffold148137	OTU_0320	31.51	219	118	5	608	27	91	302	3e-18	77.4
scaffold148874	OTU_0155	34.24	184	85	5	300	743	119	302	1e-25	98.6
scaffold149670	OTU_0053	47.62	63	31	2	542	730	133	193	5e-11	55.1
scaffold152651	OTU_0305	77.14	35	8	0	707	603	139	173	6e-14	63.2
scaffold153913	OTU_0133	46.15	65	34	1	185	379	83	146	1e-13	61.6
scaffold155495	OTU_0275	43.28	67	38	0	979	779	85	151	1e-11	56.2
scaffold155543	OTU_0015	31.19	295	158	10	201	959	9	300	1e-25	98.6
scaffold156009	OTU_0274	34.16	202	92	2	1	483	16	217	3e-25	96.3
scaffold156735	OTU_0262	35.36	181	85	6	197	646	20	199	2e-18	76.3
scaffold156891	OTU_0229	33.03	218	96	7	268	801	2	209	1e-21	85.9
scaffold157680	OTU_0320	31.56	225	106	7	926	354	92	302	3e-16	71.6
scaffold159686	OTU_0341	45.16	62	32	1	811	626	239	298	8e-11	55.8
scaffold159882	OTU_0226	26.29	251	136	7	730	92	58	297	3e-22	88.6
scaffold160022	OTU_0305	78.57	42	9	0	730	605	133	174	5e-19	77.4
scaffold162756	OTU_0203	58.33	48	20	0	949	806	105	152	1e-13	62.0
scaffold162794	OTU_0074	57.14	42	18	0	811	686	117	158	1e-11	56.2
scaffold163487	OTU_0016	24.81	262	146	8	73	741	3	252	1e-12	60.8
scaffold163647	OTU_0320	35.29	136	76	4	391	8	2	133	2e-13	63.5
scaffold165000	OTU_0032	40.48	84	47	2	637	389	211	292	1e-12	60.8
scaffold165674	OTU_0234	30.66	212	114	8	592	53	91	301	8e-14	64.7
scaffold165858	OTU_0127	68.09	47	15	0	3	143	128	174	7e-14	63.2
scaffold166068	OTU_0305	68.18	44	14	0	309	440	132	175	7e-17	71.2
scaffold169683	OTU_0266	48.39	62	32	0	416	601	242	303	4e-11	56.6
scaffold170488	OTU_0155	32.88	219	106	6	904	353	88	300	6e-25	96.3
scaffold170723	OTU_0351	36.87	179	75	5	915	490	27	204	6e-23	89.0
scaffold171035	OTU_0249	80.53	113	22	0	67	405	84	196	4e-57	  183
scaffold177492	OTU_0229	33.17	205	101	5	889	383	5	209	5e-22	86.7
scaffold178018	OTU_0132	28.21	280	138	11	191	880	36	302	6e-15	67.8
scaffold178508	OTU_0053	33.33	192	89	6	602	141	1	191	5e-14	63.5
scaffold179454	OTU_0001	45.31	64	34	1	396	208	238	301	2e-11	57.4
scaffold182988	OTU_0107	26.46	223	119	6	186	740	87	302	2e-16	72.0
scaffold184201	OTU_0163	54.17	72	31	2	367	576	81	152	7e-19	75.9
scaffold184595	OTU_0246	36.72	177	73	4	4	417	126	302	2e-20	83.2
scaffold184637	OTU_0042	37.36	174	69	6	870	466	129	301	1e-21	86.3
scaffold184838	OTU_0217	28.25	223	105	10	756	190	96	297	5e-12	58.9
scaffold186198	OTU_0256	26.97	267	161	7	812	96	28	288	4e-14	64.7
scaffold187764	OTU_0305	62.22	45	17	0	851	717	132	176	2e-13	61.2
scaffold188332	OTU_0240	34.09	88	57	1	788	525	60	146	7e-11	54.3
scaffold189052	OTU_0281	63.83	47	17	0	23	163	51	97	3e-14	62.0
scaffold190698	OTU_0016	28.69	251	140	12	196	852	2	245	1e-12	60.1
scaffold192158	OTU_0126	33.64	214	103	6	304	849	82	288	2e-21	85.5
scaffold193310	OTU_0260	28.43	197	108	6	342	839	11	205	2e-12	59.3
scaffold194608	OTU_0218	31.38	239	120	7	223	840	48	275	3e-16	70.9
scaffold198642	OTU_0272	33.53	173	92	6	248	760	12	163	1e-11	57.4
scaffold200040	OTU_0107	93.98	133	5	1	400	2	4	133	2e-82	  248
scaffold200040	OTU_0107	43.21	81	46	0	676	434	5	85	4e-12	58.9
scaffold201788	OTU_0339	37.91	182	72	6	20	442	120	301	1e-24	95.1
scaffold202476	OTU_0111	29.90	97	67	1	449	739	83	178	1e-11	57.0
scaffold204396	OTU_0305	64.91	57	20	0	397	227	117	173	3e-20	80.1
scaffold205239	OTU_0095	40.07	282	125	7	783	67	35	315	2e-47	  157
scaffold205581	OTU_0265	48.28	58	27	1	719	546	132	186	4e-11	54.7
scaffold206281	OTU_0229	37.10	186	77	5	766	329	24	209	3e-21	83.6
scaffold206876	OTU_0305	56.45	62	26	1	194	12	112	173	3e-20	80.1
scaffold216305	OTU_0059	33.16	193	77	2	458	18	59	245	4e-25	95.5
scaffold217542	OTU_0291	33.83	201	99	9	21	530	104	301	3e-13	62.0
scaffold218338	OTU_0105	38.55	179	68	4	314	730	64	240	1e-24	94.0
scaffold223765	OTU_0203	63.93	61	22	0	12	194	94	154	4e-22	85.1
scaffold225096	OTU_0224	32.40	179	76	5	432	25	1	177	7e-14	62.0
scaffold227161	OTU_0012	31.38	188	101	6	584	99	18	203	2e-20	81.3
scaffold227487	OTU_0267	29.83	181	98	4	301	759	118	297	2e-14	65.5
scaffold228421	OTU_0265	69.05	42	13	0	302	177	134	175	7e-14	62.0
scaffold232321	OTU_0236	29.05	210	113	7	194	748	104	302	5e-11	55.5
scaffold233666	OTU_0042	34.83	178	76	4	18	434	125	301	2e-23	90.5
scaffold235640	OTU_0341	65.22	46	16	0	601	738	247	292	8e-15	66.2
scaffold236188	OTU_0140	45.90	61	33	0	4	186	239	299	5e-11	55.5
scaffold238561	OTU_0126	26.85	257	138	8	67	735	41	281	6e-15	66.6
scaffold239938	OTU_0229	34.73	167	73	6	6	398	43	209	8e-17	70.5
scaffold241865	OTU_0126	29.41	204	97	7	709	182	116	300	8e-11	54.7
scaffold242225	OTU_0198	37.14	175	75	5	691	272	127	301	9e-26	97.8
scaffold243150	OTU_0218	29.68	219	105	11	571	11	102	303	1e-10	54.3
scaffold243415	OTU_0241	100.00	55	0	0	725	561	224	278	4e-33	  117
scaffold244228	OTU_0218	34.62	208	90	5	214	723	103	302	2e-25	96.7
scaffold244812	OTU_0305	47.06	85	34	1	504	283	89	173	6e-20	79.0
scaffold246455	OTU_0129	33.49	215	98	7	3	539	61	266	2e-24	93.2
scaffold246936	OTU_0106	32.39	176	68	10	70	495	142	300	2e-11	56.6
scaffold249795	OTU_0044	29.89	174	85	1	2	412	131	304	1e-18	76.6
scaffold251412	OTU_0135	48.39	62	32	0	328	143	81	142	1e-11	55.1
scaffold253833	OTU_0151	25.95	262	141	9	663	1	41	290	1e-14	65.9
scaffold259092	OTU_0305	75.00	40	10	0	242	361	134	173	1e-16	69.3
scaffold260599	OTU_0341	60.00	45	18	0	665	531	247	291	2e-13	62.4
scaffold270876	OTU_0314	32.24	183	89	5	223	675	123	302	1e-17	73.9
scaffold271620	OTU_0256	47.27	55	27	1	6	164	230	284	8e-11	54.3
scaffold275033	OTU_0233	29.12	261	129	9	667	2	42	285	1e-15	68.6
scaffold275646	OTU_0084	46.15	65	35	0	475	669	104	168	3e-14	62.0
scaffold277317	OTU_0140	47.83	69	36	0	15	221	230	298	5e-16	69.3
scaffold277589	OTU_0071	33.89	180	85	7	657	217	120	298	3e-13	61.2
scaffold279363	OTU_0133	46.77	62	31	1	88	273	87	146	1e-12	57.4
scaffold282466	OTU_0104	32.35	204	110	10	561	16	39	236	4e-15	65.9
scaffold282500	OTU_0126	50.00	68	28	1	282	79	101	162	3e-13	61.2
scaffold290604	OTU_0320	29.23	195	88	5	11	466	123	310	9e-11	53.9
scaffold293786	OTU_0133	45.71	70	37	1	94	303	78	146	3e-14	61.6
scaffold294488	OTU_0305	80.00	40	8	0	129	248	134	173	6e-18	72.8
scaffold295313	OTU_0015	53.70	54	25	0	564	403	244	297	7e-13	60.1
scaffold296844	OTU_0328	31.61	174	81	4	17	430	51	222	5e-12	56.6
scaffold296914	OTU_0027	46.27	67	34	2	172	369	238	303	8e-12	57.0
scaffold301820	OTU_0133	51.56	64	31	0	589	398	83	146	1e-17	71.6
scaffold305447	OTU_0203	44.64	56	31	0	623	456	97	152	6e-12	55.5
scaffold310123	OTU_0067	37.00	100	54	3	42	329	212	306	3e-14	63.9
scaffold314144	OTU_0186	46.67	60	32	0	323	502	117	176	3e-11	53.5
scaffold315396	OTU_0175	46.27	67	34	2	450	253	238	303	8e-12	56.6
scaffold316336	OTU_0346	45.59	68	26	3	435	608	100	166	9e-12	54.7
scaffold326002	OTU_0281	63.83	47	17	0	23	163	51	97	9e-15	62.0
scaffold327392	OTU_0203	35.33	150	61	4	197	541	7	155	8e-21	80.5
scaffold331207	OTU_0195	42.35	85	44	4	14	259	218	300	4e-11	54.7
scaffold333564	OTU_0126	34.24	184	72	7	454	32	119	296	6e-15	65.5
scaffold336038	OTU_0067	32.63	190	78	9	21	491	132	304	3e-15	66.2
scaffold337069	OTU_0203	56.98	86	33	2	245	502	73	154	4e-27	97.4
scaffold342615	OTU_0105	33.16	187	85	4	140	583	52	237	3e-19	77.0
scaffold345454	OTU_0225	35.71	182	78	8	541	107	119	298	1e-14	64.3
scaffold350850	OTU_0304	34.57	162	64	4	361	2	126	287	1e-16	69.7
scaffold351114	OTU_0229	66.67	36	12	0	108	1	173	208	3e-12	56.6
scaffold356379	OTU_0079	37.29	177	73	5	468	52	126	302	5e-22	85.5
scaffold363190	OTU_0203	62.16	37	14	0	563	453	116	152	3e-11	53.1
scaffold363715	OTU_0026	51.92	52	25	0	253	408	125	176	2e-13	59.7
scaffold364612	OTU_0226	26.62	154	62	3	559	233	149	296	4e-13	60.1
scaffold372325	OTU_0203	63.33	60	21	1	311	490	94	152	8e-22	82.8
scaffold373343	OTU_0175	28.90	173	80	5	160	552	125	296	3e-12	57.4
scaffold378031	OTU_0016	40.74	81	43	4	291	55	193	270	2e-11	54.7
scaffold379206	OTU_0203	63.46	52	19	0	515	360	103	154	3e-20	78.6
scaffold381065	OTU_0249	95.27	148	7	0	2	445	140	287	3e-88	  258
scaffold381365	OTU_0155	34.94	166	72	6	1	393	138	302	4e-21	82.8
scaffold382068	OTU_0212	35.92	142	83	3	125	538	11	148	1e-19	78.2
scaffold383316	OTU_0150	34.88	172	69	4	2	388	43	214	7e-22	84.0
scaffold384057	OTU_0178	48.08	52	27	0	23	178	254	305	3e-11	54.7
scaffold386727	OTU_0217	29.19	209	94	9	5	526	124	313	5e-12	56.6
scaffold387843	OTU_0305	64.00	50	18	0	541	392	124	173	7e-17	68.9
scaffold391531	OTU_0200	39.55	177	65	7	126	536	125	299	1e-24	92.4
scaffold391546	OTU_0126	33.89	180	87	5	2	445	119	298	2e-22	86.3
scaffold391966	OTU_0351	31.60	212	89	8	516	4	6	202	3e-13	59.3
scaffold400467	OTU_0240	31.30	115	66	3	485	144	41	143	5e-12	55.5
scaffold403349	OTU_0150	38.64	88	47	2	262	2	10	91	2e-11	54.3
scaffold403698	OTU_0183	37.38	107	57	4	322	20	10	112	5e-11	53.5
scaffold404677	OTU_0291	29.61	206	96	7	1	519	108	297	2e-14	63.5
scaffold407840	OTU_0019	98.28	174	3	0	524	3	10	183	4e-125	  353
scaffold413274	OTU_0312	29.38	194	105	4	10	516	93	279	2e-13	60.5
scaffold415096	OTU_0203	69.57	46	14	0	513	376	107	152	3e-16	67.0
scaffold418249	OTU_0305	73.81	42	11	0	285	160	132	173	2e-19	76.3
scaffold418550	OTU_0197	34.78	161	65	5	498	136	15	175	3e-17	70.1
scaffold427194	OTU_0275	72.50	40	11	0	356	475	99	138	1e-15	64.7
scaffold429344	OTU_0073	32.40	179	84	4	506	81	92	270	6e-20	78.6
scaffold430859	OTU_0305	57.69	52	22	0	501	346	122	173	2e-16	67.8
scaffold433404	OTU_0234	31.88	138	82	3	81	494	41	166	2e-11	54.7
scaffold438941	OTU_0226	54.41	68	29	1	301	104	231	298	3e-18	74.3
scaffold446251	OTU_0253	47.06	68	28	2	271	450	72	139	1e-11	53.1
scaffold451523	OTU_0267	28.98	176	81	6	63	458	120	295	5e-11	53.5
scaffold451629	OTU_0115	40.70	86	45	3	457	212	88	171	2e-12	55.8
scaffold452067	OTU_0176	43.37	83	40	2	399	154	1	77	4e-12	55.8
scaffold454666	OTU_0275	43.64	55	30	1	489	325	82	135	7e-11	51.2
scaffold455615	OTU_0305	86.67	30	4	0	95	6	132	161	1e-13	59.3
scaffold456373	OTU_0011	32.72	162	68	6	119	487	4	163	2e-11	53.1
scaffold457165	OTU_0240	30.77	104	60	2	346	35	41	132	1e-11	53.9
scaffold460133	OTU_0006	39.45	109	51	5	118	408	209	314	3e-16	68.2
scaffold463498	OTU_0203	53.97	63	29	0	144	332	93	155	5e-21	80.1
scaffold464098	OTU_0091	35.12	168	77	5	426	19	1	168	2e-20	78.6
scaffold465242	OTU_0012	31.87	160	84	5	74	478	18	177	6e-16	66.2
scaffold469442	OTU_0203	75.00	40	10	0	13	132	113	152	7e-16	65.5
scaffold472776	OTU_0295	30.93	194	86	6	477	7	108	290	2e-11	54.7
scaffold474280	OTU_0192	44.12	68	37	1	66	269	32	98	1e-12	55.5
scaffold478677	OTU_0185	39.71	68	40	1	434	231	236	302	9e-11	52.8
scaffold479658	OTU_0115	47.73	88	45	1	12	272	84	171	2e-19	75.9
scaffold482133	OTU_0087	44.87	78	41	2	301	71	99	175	1e-11	53.9
scaffold484564	OTU_0084	34.69	98	61	1	311	18	77	171	7e-13	57.0
scaffold486595	OTU_0305	77.50	40	9	0	469	350	137	176	1e-16	67.8
scaffold488550	OTU_0265	71.43	42	12	0	124	249	134	175	8e-16	65.9
scaffold491535	OTU_0341	67.27	55	18	0	304	140	247	301	7e-22	84.0
scaffold492464	OTU_0305	37.88	66	39	1	362	165	113	176	3e-11	52.4
scaffold493133	OTU_0133	36.44	118	67	3	56	391	31	146	4e-15	63.5
scaffold493197	OTU_0111	37.70	122	66	3	465	103	65	177	1e-14	63.2
scaffold500456	OTU_0140	36.78	174	76	5	34	459	122	293	4e-20	79.0
scaffold500892	OTU_0234	27.96	186	89	4	3	455	100	275	4e-13	59.3
scaffold505808	OTU_0305	73.53	34	9	0	258	359	140	173	2e-13	58.9
scaffold507460	OTU_0079	54.55	55	25	0	450	286	246	300	3e-15	65.5
scaffold511104	OTU_0314	32.11	190	84	6	455	3	106	289	1e-18	75.1
scaffold512275	OTU_0233	42.67	75	41	2	374	153	243	316	1e-11	55.5
scaffold522847	OTU_0260	35.48	93	49	1	119	397	8	89	6e-12	55.1
scaffold522959	OTU_0127	58.33	48	20	0	156	299	129	176	1e-14	62.0
scaffold531711	OTU_0305	65.38	52	18	0	156	1	117	168	2e-18	72.8
scaffold541722	OTU_0203	62.86	70	17	2	345	160	84	152	7e-21	79.3
scaffold542961	OTU_0312	30.63	111	62	2	18	314	193	300	9e-11	52.4
scaffold557246	OTU_0265	72.50	40	11	0	327	208	136	175	1e-15	65.1
scaffold561025	OTU_0179	43.18	88	47	1	109	372	204	288	8e-19	74.7
scaffold563094	OTU_0305	73.17	41	11	0	61	183	133	173	5e-17	68.6
scaffold567615	OTU_0200	35.43	175	72	4	426	25	127	301	4e-25	92.4
scaffold567718	OTU_0087	68.29	41	13	0	425	303	131	171	5e-15	63.2
scaffold577218	OTU_0305	73.81	42	11	0	204	329	132	173	5e-17	68.6
scaffold578672	OTU_0162	39.56	91	51	1	378	118	221	311	3e-14	62.4
scaffold587805	OTU_0124	40.48	84	36	3	157	369	68	150	6e-13	56.6
scaffold588267	OTU_0080	32.94	170	79	4	6	410	14	183	3e-20	78.2
scaffold588892	OTU_0265	63.41	41	11	1	2	124	142	178	3e-12	55.1
scaffold593470	OTU_0163	31.03	145	68	4	7	357	12	152	2e-13	58.2
scaffold594811	OTU_0198	36.26	91	49	3	7	273	99	182	2e-11	54.3
scaffold595636	OTU_0278	50.94	53	26	0	61	219	162	214	2e-12	56.2
scaffold601240	OTU_0271	35.43	175	72	5	7	411	128	301	1e-19	77.0
scaffold602153	OTU_0265	69.05	42	13	0	228	103	134	175	4e-15	63.2
scaffold617036	OTU_0319	28.74	167	69	6	29	400	84	243	9e-13	57.4
scaffold620196	OTU_0174	100.00	134	0	0	1	402	17	150	4e-81	  234
scaffold627804	OTU_0096	48.53	68	33	2	226	29	108	175	4e-13	57.4
scaffold630294	OTU_0161	40.24	82	42	3	8	250	122	197	5e-11	51.6
scaffold630711	OTU_0125	29.46	129	81	3	2	385	24	143	4e-12	55.5
scaffold641480	OTU_0224	31.68	101	51	3	384	136	74	174	2e-11	52.8
scaffold647756	OTU_0126	32.52	123	70	3	375	10	93	203	6e-11	52.4
scaffold651663	OTU_0267	55.00	60	27	0	107	286	236	295	2e-17	70.9
scaffold659054	OTU_0203	66.67	42	14	0	274	149	111	152	1e-16	67.0
scaffold661097	OTU_0048	32.76	174	69	3	379	2	126	299	1e-17	71.6
scaffold665653	OTU_0087	59.26	54	22	0	35	196	118	171	8e-18	70.5
scaffold666614	OTU_0192	68.75	32	10	0	385	290	64	95	5e-11	50.4
scaffold668094	OTU_0104	60.71	56	22	0	317	150	188	243	2e-17	69.7
scaffold670815	OTU_0345	38.89	126	75	2	8	382	47	171	4e-21	80.9
scaffold671250	OTU_0229	37.89	95	49	2	315	34	21	106	3e-11	52.4
scaffold677752	OTU_0150	32.53	166	72	4	380	3	39	204	2e-16	67.0
scaffold677856	OTU_0235	39.17	120	71	2	4	360	60	178	2e-15	63.9
scaffold679458	OTU_0198	42.00	100	49	3	78	371	90	182	2e-14	62.4
scaffold679736	OTU_0275	47.56	82	39	2	82	315	57	138	4e-17	68.2
scaffold703543	OTU_0192	43.55	62	33	2	173	355	36	96	4e-11	50.8
scaffold721876	OTU_0087	48.39	62	31	1	168	350	107	168	5e-13	56.6
scaffold725398	OTU_0265	60.98	41	12	1	365	243	143	179	3e-11	51.6
scaffold733571	OTU_0305	80.00	30	6	0	1	90	144	173	2e-12	55.1
scaffold734144	OTU_0091	40.48	84	50	0	257	6	85	168	1e-15	64.3
scaffold739863	OTU_0209	71.11	45	13	0	225	359	142	186	1e-17	70.1
scaffold753026	OTU_0273	99.15	118	1	0	3	356	103	220	4e-83	  240
scaffold765197	OTU_0265	78.12	32	7	0	2	97	144	175	2e-11	52.4
scaffold768880	OTU_0305	75.00	36	9	0	129	236	138	173	1e-15	63.9
scaffold773335	OTU_0127	50.85	59	29	0	283	107	119	177	2e-14	60.5
scaffold789729	OTU_0079	61.67	60	22	1	338	159	248	306	8e-18	71.6
scaffold799999	OTU_0140	69.09	55	17	0	67	231	244	298	3e-21	80.9
scaffold806548	OTU_0127	36.46	96	45	6	327	79	85	177	7e-11	50.4
scaffold809930	OTU_0299	39.06	64	39	0	302	111	93	156	3e-11	51.2
scaffold817904	OTU_0229	78.38	37	8	0	192	302	173	209	2e-15	63.9
scaffold825257	OTU_0144	56.25	48	20	1	246	103	255	301	6e-12	55.1
scaffold840581	OTU_0096	45.45	55	29	1	7	168	117	171	2e-11	51.6
scaffold848862	OTU_0265	69.57	46	14	0	168	31	130	175	2e-17	69.3
scaffold853720	OTU_0260	29.90	97	63	2	28	318	12	103	8e-11	50.8
scaffold854272	OTU_0303	36.84	95	49	4	282	28	210	303	5e-12	55.1
scaffold855572	OTU_0344	64.22	109	38	1	3	329	91	198	2e-34	  117
scaffold855762	OTU_0155	38.00	100	55	2	29	325	88	181	2e-13	58.9
scaffold869515	OTU_0328	52.17	46	22	0	15	152	176	221	2e-12	55.1
scaffold871289	OTU_0165	33.33	75	39	1	95	319	96	159	5e-12	53.5
scaffold872850	OTU_0273	100.00	108	0	0	2	325	2	109	5e-49	  152
scaffold872997	OTU_0339	57.89	57	24	0	172	2	243	299	7e-17	68.6
scaffold873633	OTU_0326	64.10	39	14	0	210	326	116	154	5e-14	58.9
scaffold874654	OTU_0123	36.79	106	63	3	10	318	14	118	1e-14	60.8
scaffold879309	OTU_0203	44.44	54	30	0	97	258	103	156	6e-11	50.1
scaffold881435	OTU_0275	41.03	78	39	3	34	249	63	139	8e-13	55.5
scaffold881608	OTU_0030	56.60	53	22	1	158	3	247	299	2e-14	62.0
scaffold886832	OTU_0226	25.00	148	64	3	322	20	150	297	4e-13	58.2
scaffold892120	OTU_0011	59.18	49	20	0	295	149	9	57	1e-13	57.8
scaffold893309	OTU_0177	57.75	71	26	3	209	3	241	309	2e-17	69.7
scaffold901291	OTU_0305	60.47	43	16	1	126	1	114	156	4e-12	53.5
scaffold901293	OTU_0203	67.24	58	19	0	3	176	97	154	5e-26	91.7
scaffold906630	OTU_0275	58.82	68	27	1	22	222	71	138	6e-22	80.5
scaffold916375	OTU_0005	56.60	53	23	0	128	286	68	120	3e-18	70.1
scaffold916398	OTU_0229	78.38	37	8	0	4	114	173	209	1e-16	66.6
scaffold941097	OTU_0196	45.61	57	31	0	138	308	103	159	7e-11	51.6
scaffold947591	OTU_0305	53.49	43	20	0	112	240	128	170	4e-11	50.8
scaffold957745	OTU_0265	56.14	57	25	0	238	68	132	188	9e-17	67.0
scaffold964564	OTU_0029	60.94	64	25	0	193	2	107	170	7e-23	83.6
scaffold969162	OTU_0012	45.00	60	33	0	1	180	10	69	9e-14	58.5
scaffold973061	OTU_0091	33.85	130	51	5	287	3	32	161	4e-12	53.1
scaffold973840	OTU_0305	61.90	63	22	2	40	225	115	176	5e-21	78.6
scaffold973931	OTU_0305	71.70	53	15	0	142	300	119	171	4e-22	81.3
scaffold975859	OTU_0341	50.85	59	29	0	213	37	243	301	9e-16	65.5
scaffold976205	OTU_0275	59.65	57	23	0	2	172	82	138	1e-19	74.3
scaffold979288	OTU_0030	54.39	57	25	1	58	225	247	303	5e-15	63.2
scaffold986768	OTU_0133	47.69	65	31	2	105	293	76	139	2e-12	54.3
scaffold986932	OTU_0203	51.11	45	22	0	282	148	108	152	9e-14	58.2
scaffold991646	OTU_0229	39.76	83	45	2	32	265	126	208	4e-11	51.6
scaffold996016	OTU_0087	47.78	90	47	0	271	2	88	177	1e-22	83.2
scaffold1010677	OTU_0265	68.89	45	12	2	73	204	131	174	1e-13	57.8
scaffold1013007	OTU_0084	49.12	57	29	0	173	3	108	164	2e-15	62.8
scaffold1015130	OTU_0305	57.14	63	27	0	48	236	114	176	2e-20	76.3
scaffold1015775	OTU_0176	45.07	71	39	0	44	256	17	87	2e-12	55.1
scaffold1017141	OTU_0157	36.14	83	48	2	6	242	221	302	4e-12	55.1
scaffold1024133	OTU_0003	41.00	100	53	4	6	293	4	101	4e-14	60.5
scaffold1025652	OTU_0212	38.71	93	55	2	2	274	20	112	7e-14	60.1
scaffold1029203	OTU_0229	71.88	32	9	0	293	198	178	209	4e-11	51.2
scaffold1030529	OTU_0267	53.33	60	28	0	281	102	236	295	3e-17	68.9
scaffold1033756	OTU_0305	70.73	41	12	0	287	165	133	173	3e-17	68.2
scaffold1041356	OTU_0030	57.41	54	23	0	162	1	241	294	2e-17	69.7
scaffold1046961	OTU_0175	48.48	66	32	2	290	96	239	303	2e-12	56.2
scaffold1053752	OTU_0020	47.37	57	30	0	118	288	238	294	3e-14	60.8
scaffold1060291	OTU_0203	45.00	80	33	3	77	286	68	146	1e-16	65.9
scaffold1076508	OTU_0315	67.65	34	11	0	1	102	76	109	6e-12	52.4
scaffold1084499	OTU_0277	54.00	50	23	0	1	150	87	136	6e-13	55.5
scaffold1087504	OTU_0274	68.63	51	16	0	129	281	158	208	6e-18	70.1
scaffold1097568	OTU_0006	56.00	50	22	0	6	155	247	296	5e-13	57.8
scaffold1104891	OTU_0305	67.39	46	15	0	145	8	128	173	1e-18	71.6
scaffold1113371	OTU_0096	45.90	61	32	1	278	99	110	170	3e-13	56.6
scaffold1119928	OTU_0203	45.16	62	26	1	264	79	97	150	1e-11	51.6
scaffold1122021	OTU_0133	50.88	57	27	1	266	96	92	147	3e-11	50.8
scaffold1138821	OTU_0305	75.86	29	7	0	1	87	145	173	5e-11	50.1
scaffold1143706	OTU_0125	45.61	57	30	1	273	106	86	142	2e-11	52.8
scaffold1161802	OTU_0016	46.48	71	36	2	229	20	189	258	5e-13	57.0
scaffold1187967	OTU_0012	43.33	60	34	0	83	262	127	186	4e-15	62.0
scaffold1192456	OTU_0312	48.33	60	30	1	65	241	121	180	4e-11	52.0
scaffold1208127	OTU_0150	47.46	59	30	1	176	3	149	207	6e-12	53.1
scaffold1208975	OTU_0192	60.34	58	21	1	31	204	40	95	7e-18	68.2
scaffold1208976	OTU_0192	60.34	58	21	1	31	204	40	95	7e-18	68.2
scaffold1210060	OTU_0219	61.54	52	20	0	158	3	3	54	2e-16	67.0
scaffold1214036	OTU_0203	69.77	43	13	0	49	177	110	152	1e-16	65.9
scaffold1230669	OTU_0004	48.65	74	34	1	224	15	158	231	2e-19	73.9
scaffold1230775	OTU_0203	57.14	49	21	0	167	21	107	155	8e-17	66.2
scaffold1236742	OTU_0305	58.33	48	19	1	120	260	112	159	1e-12	54.3
scaffold1243995	OTU_0035	50.82	61	29	1	43	222	90	150	2e-11	51.2
scaffold1244362	OTU_0235	47.37	57	30	0	256	86	128	184	1e-11	52.4
scaffold1254906	OTU_0189	58.62	58	24	0	259	86	257	314	7e-18	70.5
scaffold1255180	OTU_0019	46.67	75	39	1	255	31	240	313	2e-17	69.3
scaffold1269244	OTU_0299	55.07	69	31	0	3	209	93	161	7e-23	82.4
scaffold1282230	OTU_0305	46.43	84	34	2	35	256	89	171	7e-19	72.0
scaffold1283902	OTU_0265	76.92	39	9	0	3	119	137	175	1e-15	63.2
scaffold1285547	OTU_0305	78.12	32	7	0	256	161	142	173	9e-13	54.7
scaffold1289340	OTU_0341	44.44	72	28	3	67	255	217	285	1e-13	58.5
scaffold1309304	OTU_0096	52.08	48	23	0	35	178	125	172	3e-13	56.2
scaffold1322577	OTU_0320	66.67	54	16	1	177	16	251	302	1e-17	69.7
scaffold1331526	OTU_0157	41.86	86	46	3	250	2	24	108	2e-12	55.8
scaffold1349553	OTU_0096	36.59	82	48	3	7	249	95	173	3e-12	53.5
scaffold1349554	OTU_0096	37.04	81	47	3	10	249	96	173	8e-12	52.0
scaffold1352395	OTU_0203	44.64	56	31	0	48	215	97	152	1e-13	57.0
scaffold1353480	OTU_0305	71.74	46	13	0	246	109	128	173	8e-20	74.3
scaffold1354818	OTU_0150	47.62	63	32	1	40	225	33	95	2e-11	52.0
scaffold1371281	OTU_0121	55.56	63	28	0	219	31	239	301	7e-18	70.5
scaffold1386358	OTU_0282	55.81	43	18	1	245	117	150	191	8e-11	49.3
scaffold1389436	OTU_0096	46.03	63	33	1	224	39	109	171	9e-14	57.4
scaffold1392829	OTU_0203	64.10	39	14	0	244	128	117	155	1e-13	57.4
scaffold1393073	OTU_0084	58.49	53	22	0	9	167	119	171	6e-17	66.6
scaffold1404853	OTU_0084	67.57	37	12	0	133	243	135	171	3e-13	55.8
scaffold1413518	OTU_0179	50.00	64	32	0	2	193	223	286	4e-17	68.2
scaffold1413523	OTU_0179	50.00	64	32	0	2	193	223	286	4e-17	68.2
scaffold1417864	OTU_0137	44.78	67	35	2	199	2	238	303	1e-11	53.5
scaffold1418728	OTU_0305	64.00	50	18	0	16	165	124	173	7e-18	68.9
scaffold1433021	OTU_0192	62.50	64	24	0	50	241	32	95	2e-22	79.7
scaffold1433336	OTU_0305	67.65	34	11	0	104	3	128	161	3e-13	55.8
scaffold1441045	OTU_0287	46.75	77	38	1	236	6	227	300	2e-18	71.6
scaffold1482809	OTU_0096	46.03	63	33	1	224	39	109	171	6e-14	58.2
scaffold1488237	OTU_0305	77.78	27	6	0	237	157	147	173	8e-11	48.9
scaffold1493817	OTU_0084	59.57	47	19	0	144	4	119	165	4e-15	61.2
scaffold1522199	OTU_0084	62.22	45	17	0	3	137	127	171	4e-15	61.2
scaffold1529357	OTU_0339	56.41	39	17	0	138	22	261	299	7e-12	53.5
scaffold1530050	OTU_0319	47.27	55	29	0	71	235	84	138	8e-12	53.1
scaffold1554936	OTU_0016	49.21	63	32	0	213	25	194	256	2e-11	52.4
scaffold1554945	OTU_0203	52.27	44	21	0	227	96	109	152	3e-13	55.8
scaffold1561332	OTU_0127	55.93	59	26	0	207	31	119	177	9e-17	65.9
scaffold1563445	OTU_0265	82.35	34	6	0	1	102	140	173	8e-15	60.5
scaffold1568995	OTU_0305	73.53	34	9	0	126	227	140	173	3e-14	58.5
scaffold1570212	OTU_0305	63.33	30	11	0	232	143	144	173	8e-11	49.3
scaffold1583996	OTU_0249	46.05	76	40	1	230	3	73	147	1e-14	61.2
scaffold1597294	OTU_0001	64.47	76	26	1	2	229	81	155	1e-27	97.1
scaffold1603972	OTU_0305	60.00	40	15	1	117	1	115	154	2e-11	50.4
scaffold1624711	OTU_0140	63.64	55	20	0	210	46	235	289	2e-18	71.2
scaffold1636741	OTU_0249	90.62	32	3	0	225	130	255	286	4e-15	62.0
scaffold1646323	OTU_0265	69.57	46	14	0	215	78	133	178	3e-18	70.1
scaffold1683069	OTU_0011	57.78	45	19	0	154	20	2	46	4e-11	49.7
scaffold1690125	OTU_0265	58.14	43	18	0	214	86	130	172	9e-13	54.3
scaffold1711723	OTU_0121	55.00	60	23	1	182	3	243	298	1e-15	63.9
scaffold1715641	OTU_0084	60.47	43	17	0	10	138	123	165	4e-14	58.2
scaffold1726995	OTU_0341	44.26	61	31	1	13	195	256	313	1e-11	52.8
scaffold1737518	OTU_0203	69.05	42	13	0	215	90	111	152	7e-18	68.6
scaffold1756364	OTU_0006	100.00	70	0	0	2	211	202	271	2e-48	  152
scaffold1770224	OTU_0265	55.81	43	19	0	10	138	133	175	6e-12	52.0
scaffold1774303	OTU_0305	75.00	40	10	0	23	142	134	173	2e-16	64.7
scaffold1785326	OTU_0043	68.29	41	13	0	87	209	247	287	2e-15	63.2
scaffold1787421	OTU_0281	58.14	43	18	0	208	80	55	97	7e-13	53.9
scaffold1795405	OTU_0351	66.67	45	15	0	190	56	158	202	2e-17	67.4
scaffold1804179	OTU_0305	73.17	41	11	0	125	3	133	173	2e-17	67.4
scaffold1822936	OTU_0305	70.73	41	12	0	206	84	133	173	5e-17	66.2
scaffold1831896	OTU_0219	69.12	68	21	0	204	1	5	72	3e-29	  100
scaffold1846656	OTU_0140	66.67	51	17	0	6	158	251	301	9e-21	77.4
scaffold1852285	OTU_0192	62.71	59	22	0	178	2	32	90	1e-19	72.0
scaffold1861365	OTU_0147	52.27	44	21	0	188	57	255	298	9e-11	50.1
