scaffold00003	OTU_0229	37.50	184	87	5	19239	19706	26	209	2e-19	90.5
scaffold00005	OTU_0079	30.87	311	147	11	115385	114594	11	300	3e-23	  103
scaffold00005	OTU_0079	31.50	273	127	7	116230	115520	57	305	1e-16	82.0
scaffold00026	OTU_0320	29.22	243	106	5	80704	80081	91	302	5e-16	79.7
scaffold00032	OTU_0312	36.32	212	93	6	75405	75932	97	302	2e-23	  103
scaffold00033	OTU_0229	37.38	214	92	4	58153	57620	2	209	2e-25	  107
scaffold00074	OTU_0176	34.25	219	91	7	86523	85996	4	212	1e-19	89.0
scaffold00084	OTU_0121	30.80	237	117	3	8540	9133	73	301	2e-24	  105
scaffold00096	OTU_0126	31.95	266	134	7	14271	14954	40	296	2e-26	  111
scaffold00123	OTU_0229	35.52	183	85	5	11568	11119	26	208	5e-17	80.9
scaffold00151	OTU_0121	33.96	212	91	6	44945	44433	95	298	7e-20	90.1
scaffold00156	OTU_0044	38.53	218	96	7	49641	50186	89	304	2e-27	  104
scaffold00156	OTU_0044	35.48	62	39	1	49396	49578	5	66	2e-27	35.0
scaffold00170	OTU_0126	49.28	69	33	2	36966	36760	234	300	8e-11	62.0
scaffold00182	OTU_0140	34.93	229	101	6	50341	49748	90	301	6e-26	  109
scaffold00184	OTU_0020	36.97	211	91	8	44522	43998	97	301	5e-24	  103
scaffold00307	OTU_0105	36.84	190	73	7	3886	4338	59	240	3e-20	90.1
scaffold00309	OTU_0196	27.60	308	160	10	37178	37969	13	301	2e-18	84.7
scaffold00327	OTU_0226	29.37	303	166	6	37676	36879	7	298	1e-22	98.6
scaffold00327	OTU_0226	32.50	200	111	7	38479	37892	119	298	4e-15	74.7
scaffold00371	OTU_0162	32.56	301	151	9	26457	27236	16	305	4e-21	93.2
scaffold00456	OTU_0319	26.32	209	109	7	11828	11310	63	262	5e-13	67.4
scaffold00478	OTU_0305	71.43	42	12	0	3023	2898	132	173	7e-16	75.5
scaffold00583	OTU_0300	27.64	199	115	5	28385	28894	26	224	2e-12	65.1
scaffold00647	OTU_0155	32.77	235	120	5	10145	9537	74	302	2e-27	  112
scaffold00831	OTU_0155	29.69	256	134	9	18129	17470	57	302	4e-23	99.0
scaffold00883	OTU_0128	29.47	319	185	12	8824	9756	14	300	6e-22	95.5
scaffold00917	OTU_0274	36.87	179	99	4	8389	8883	26	204	5e-16	75.9
scaffold00931	OTU_0351	35.91	220	95	8	8251	7706	2	213	8e-20	87.8
scaffold00952	OTU_0226	27.83	309	171	12	656	1474	5	297	8e-24	  101
scaffold00989	OTU_0320	39.43	317	144	10	11767	10952	2	315	1e-45	  166
scaffold01139	OTU_0217	27.78	252	125	6	3671	3060	57	299	7e-13	67.0
scaffold01248	OTU_0226	32.29	192	88	3	40	501	119	306	5e-20	89.0
scaffold01308	OTU_0020	32.42	219	96	8	703	170	94	301	5e-14	70.5
scaffold01445	OTU_0301	30.94	307	148	14	2173	1379	11	295	3e-25	  105
scaffold01470	OTU_0327	99.35	309	2	0	16748	15822	1	309	4e-175	  540
scaffold01543	OTU_0179	30.14	292	141	11	9545	8793	26	295	2e-16	77.8
scaffold01766	OTU_0176	38.99	218	91	6	5978	6523	1	212	3e-27	  109
scaffold01868	OTU_0155	32.05	234	116	6	5722	5129	74	300	2e-22	96.3
scaffold02165	OTU_0048	30.77	221	116	8	13331	13897	91	306	1e-12	65.9
scaffold02366	OTU_0020	31.62	234	99	6	9340	9936	94	301	2e-19	86.3
scaffold02373	OTU_0196	28.87	284	174	6	981	208	14	295	1e-17	81.3
scaffold02385	OTU_0012	31.67	180	89	9	8647	9099	19	193	7e-12	62.0
scaffold02441	OTU_0121	27.94	315	151	9	1832	1008	23	301	2e-21	92.8
scaffold02540	OTU_0272	34.73	311	143	11	3794	4615	13	300	2e-23	99.4
scaffold02578	OTU_0266	31.53	333	161	14	1293	421	2	309	7e-25	  103
scaffold02647	OTU_0132	28.18	181	94	5	6836	6402	122	302	2e-11	62.0
scaffold02648	OTU_0059	30.11	186	85	7	867	445	54	239	8e-11	59.3
scaffold02662	OTU_0105	35.81	215	93	5	10077	9541	35	240	4e-19	85.1
scaffold03111	OTU_0267	31.96	219	104	5	4960	4412	86	295	7e-25	  103
scaffold03743	OTU_0229	28.24	216	110	8	646	1200	5	206	8e-14	67.8
scaffold03953	OTU_0176	33.33	225	92	7	8671	8123	4	212	4e-18	81.3
scaffold04538	OTU_0155	25.59	211	115	5	9175	8669	89	299	4e-11	60.5
scaffold04630	OTU_0095	32.45	302	143	9	3400	2621	20	302	2e-25	  105
scaffold04630	OTU_0095	28.16	316	165	8	2479	1664	5	302	1e-18	83.6
scaffold04790	OTU_0140	35.62	219	105	5	5994	5428	88	300	6e-22	94.0
scaffold05451	OTU_0012	46.58	73	38	1	6194	6412	121	192	4e-14	68.2
scaffold05517	OTU_0229	30.61	245	103	5	8304	7660	2	209	8e-22	92.4
scaffold05685	OTU_0301	36.62	213	93	7	6456	6989	90	295	5e-23	97.4
scaffold05739	OTU_0238	32.04	181	87	4	3996	4430	12	192	6e-22	92.4
scaffold05917	OTU_0256	34.96	266	123	6	7363	8022	1	262	6e-31	  121
scaffold05922	OTU_0095	32.90	307	144	10	2437	3231	16	302	9e-26	  105
scaffold05922	OTU_0095	28.71	317	162	12	3426	4241	5	302	3e-20	88.6
scaffold06982	OTU_0140	32.06	209	100	4	5985	6503	96	298	3e-19	85.1
scaffold07107	OTU_0016	37.91	182	78	6	2140	1697	80	260	2e-23	97.8
scaffold07161	OTU_0176	32.27	220	103	5	6522	5968	4	212	5e-29	  113
scaffold07264	OTU_0155	32.28	316	167	7	2226	1411	1	313	3e-36	  137
scaffold07677	OTU_0155	30.32	310	164	9	3818	4639	9	302	3e-26	  107
scaffold07677	OTU_0155	27.24	301	160	12	2909	3691	19	300	4e-15	72.4
scaffold07912	OTU_0226	30.48	210	95	9	1508	999	100	298	2e-13	67.0
scaffold08637	OTU_0096	49.12	57	28	1	427	260	116	172	4e-11	58.5
scaffold09310	OTU_0299	55.84	77	34	0	22	252	89	165	9e-20	84.3
scaffold10676	OTU_0262	58.33	60	25	0	1957	1778	140	199	7e-16	73.6
scaffold10962	OTU_0266	31.06	293	154	9	678	1445	22	303	9e-26	  105
scaffold10998	OTU_0250	26.48	253	137	8	1495	860	58	302	3e-11	60.1
scaffold11195	OTU_0245	29.04	303	165	7	1312	518	10	300	2e-25	  103
scaffold11195	OTU_0245	30.81	185	91	4	1905	1447	121	300	9e-18	80.1
scaffold11256	OTU_0072	32.63	285	142	6	691	1407	6	286	8e-27	  108
scaffold11789	OTU_0157	30.19	308	156	10	1840	2622	7	302	1e-26	  107
scaffold11824	OTU_0267	30.23	311	175	9	4146	5024	9	295	2e-24	  100
scaffold12469	OTU_0351	35.81	215	91	5	4052	3513	2	204	1e-19	84.7
scaffold12590	OTU_0233	35.33	184	86	4	4	456	120	303	9e-18	80.1
scaffold12675	OTU_0140	30.00	180	92	3	4415	3978	119	298	6e-16	74.3
scaffold12696	OTU_0295	30.58	242	118	7	906	1523	75	302	2e-20	88.6
scaffold12840	OTU_0183	33.99	306	162	4	4750	3950	10	314	5e-38	  142
scaffold13356	OTU_0140	33.95	215	100	7	274	810	90	298	3e-25	  103
scaffold13491	OTU_0256	30.66	212	111	6	3539	3009	75	285	1e-12	63.9
scaffold13721	OTU_0105	35.90	195	78	7	4112	4582	55	240	3e-21	90.5
scaffold13891	OTU_0176	33.48	221	99	8	1368	823	1	212	3e-23	95.9
scaffold13905	OTU_0198	54.10	61	28	0	4687	4869	241	301	4e-14	68.6
scaffold13996	OTU_0229	36.76	185	81	6	4796	4350	25	209	2e-16	75.1
scaffold14004	OTU_0197	48.39	62	32	0	63	248	114	175	1e-13	65.9
scaffold14451	OTU_0176	30.09	216	101	7	3185	2670	3	212	1e-19	84.7
scaffold14748	OTU_0218	30.52	213	116	7	1289	1837	94	304	1e-12	64.7
scaffold14886	OTU_0217	27.00	300	158	11	2283	1495	25	300	2e-16	75.5
scaffold15195	OTU_0162	35.75	193	83	5	4804	4343	126	316	1e-24	  101
scaffold15549	OTU_0132	33.11	293	151	7	3276	4022	11	302	3e-36	  136
scaffold15609	OTU_0157	33.78	222	99	4	4392	3844	88	300	5e-17	77.8
scaffold15818	OTU_0217	33.55	304	155	8	3866	3090	12	313	2e-34	  130
scaffold15901	OTU_0318	31.46	178	84	7	3952	4374	126	302	6e-13	65.1
scaffold15973	OTU_0233	30.80	276	125	9	1897	2604	53	302	7e-18	80.1
scaffold16146	OTU_0234	28.62	311	168	9	2779	3609	10	300	2e-15	72.8
scaffold16165	OTU_0157	30.92	262	138	5	4010	4669	6	266	3e-28	  112
scaffold16757	OTU_0229	30.97	226	101	7	1965	1396	3	209	2e-17	78.2
scaffold16815	OTU_0175	26.24	282	161	9	967	248	40	316	2e-11	60.5
scaffold16817	OTU_0226	28.01	307	162	9	1638	835	10	296	4e-18	80.9
scaffold16877	OTU_0133	45.71	70	37	1	2128	1919	78	146	6e-12	60.1
scaffold17271	OTU_0093	30.49	305	159	9	4161	3331	24	303	3e-24	  100
scaffold17271	OTU_0093	30.39	306	157	9	3105	2311	13	303	3e-22	94.0
scaffold17529	OTU_0314	33.12	314	168	9	1595	2449	2	302	3e-22	93.6
scaffold17640	OTU_0301	32.81	320	146	12	3555	4385	2	295	2e-25	  103
scaffold17870	OTU_0137	28.57	315	185	13	3407	4291	13	307	7e-13	65.1
scaffold18294	OTU_0119	35.65	216	94	5	3694	3158	97	304	2e-25	  103
scaffold18296	OTU_0020	28.82	288	136	10	3390	4118	38	301	3e-22	93.6
scaffold18412	OTU_0106	28.21	273	150	7	3397	4122	40	297	6e-17	77.0
scaffold18819	OTU_0176	38.36	219	82	8	3752	4279	4	212	2e-27	  108
scaffold18854	OTU_0031	36.45	214	93	6	745	1275	93	300	9e-25	  101
scaffold18949	OTU_0189	37.70	183	79	6	1	444	131	313	7e-17	77.0
scaffold19527	OTU_0335	34.62	312	157	7	503	1303	5	314	5e-39	  144
scaffold19573	OTU_0196	25.08	307	178	9	148	957	14	305	2e-12	63.5
scaffold20559	OTU_0287	28.57	182	85	6	1884	1471	123	303	3e-11	60.1
scaffold20738	OTU_0266	35.37	311	158	10	3575	2763	2	309	2e-38	  142
scaffold20800	OTU_0213	56.25	48	21	0	1254	1397	256	303	8e-11	58.5
scaffold21215	OTU_0072	32.35	306	158	9	1448	2254	10	303	3e-26	  106
scaffold21215	OTU_0072	30.67	326	172	12	194	1084	1	301	1e-22	95.1
scaffold21663	OTU_0131	32.06	209	88	9	96	599	63	258	2e-14	68.2
scaffold21769	OTU_0072	34.29	315	168	6	743	1576	1	313	1e-41	  152
scaffold22131	OTU_0101	37.14	175	83	5	661	1104	128	302	5e-17	77.4
scaffold22254	OTU_0291	31.91	257	122	6	3116	3778	75	314	8e-22	92.0
scaffold22316	OTU_0233	28.57	308	166	8	2475	3296	13	300	3e-17	77.8
scaffold22548	OTU_0032	32.65	98	55	1	775	515	194	291	6e-13	64.7
scaffold23477	OTU_0071	28.77	219	125	7	835	260	89	303	2e-13	66.2
scaffold23589	OTU_0150	33.02	215	98	4	3725	3183	12	214	7e-25	  100
scaffold23589	OTU_0150	29.91	224	110	5	2787	2230	3	217	2e-20	87.0
scaffold24361	OTU_0320	38.71	155	86	5	3656	3213	3	155	4e-18	80.5
scaffold24921	OTU_0151	34.68	248	120	4	3064	3684	69	315	4e-35	  132
scaffold25081	OTU_0196	24.83	298	156	11	1225	488	19	300	4e-12	62.0
scaffold25093	OTU_0233	30.57	265	137	6	1251	562	49	301	8e-19	82.8
scaffold25114	OTU_0031	29.78	225	109	8	2067	1507	96	309	2e-17	78.2
scaffold25258	OTU_0196	26.55	290	176	10	2703	3482	19	301	7e-19	82.8
scaffold25641	OTU_0121	31.21	298	152	10	3267	2485	22	303	8e-25	  101
scaffold25989	OTU_0084	58.49	53	22	0	3583	3425	119	171	2e-14	67.4
scaffold26252	OTU_0226	44.00	50	28	0	1278	1427	249	298	1e-11	45.8
scaffold26252	OTU_0226	26.67	210	124	10	662	1276	36	220	1e-11	36.6
scaffold26372	OTU_0046	37.74	310	152	11	2599	1787	2	309	9e-44	  157
scaffold26482	OTU_0203	57.89	57	24	0	3615	3445	99	155	4e-17	75.5
scaffold26575	OTU_0140	47.76	67	35	0	177	377	235	301	2e-14	69.3
scaffold26719	OTU_0351	36.07	183	77	5	2524	2093	23	204	1e-18	81.3
scaffold26767	OTU_0155	29.78	272	139	8	2835	3542	47	302	1e-23	98.2
scaffold26767	OTU_0155	28.04	271	132	11	1891	2604	60	300	3e-16	74.7
scaffold27194	OTU_0013	30.97	268	141	11	2592	3302	47	301	4e-13	65.5
scaffold27794	OTU_0106	28.00	275	145	8	916	206	40	299	2e-12	62.8
scaffold28125	OTU_0072	37.26	314	147	7	380	1183	5	314	4e-41	  150
scaffold28197	OTU_0162	35.24	210	94	6	481	1002	100	303	1e-23	97.4
scaffold28365	OTU_0140	32.07	290	135	7	2610	1897	7	286	1e-33	  127
scaffold28453	OTU_0266	34.47	293	139	10	2340	3098	22	301	2e-25	  103
scaffold28453	OTU_0266	32.97	185	84	5	1753	2187	118	302	6e-13	64.7
scaffold28574	OTU_0176	33.89	239	108	6	2829	2209	4	224	2e-24	98.6
scaffold28762	OTU_0043	28.81	302	167	9	189	983	13	303	4e-25	  102
scaffold28924	OTU_0220	31.62	234	101	11	103	693	103	314	7e-14	67.4
scaffold29020	OTU_0229	27.78	234	113	8	3000	2413	8	223	2e-11	58.5
scaffold29030	OTU_0226	34.81	270	130	4	3346	2660	47	311	1e-39	  145
scaffold29241	OTU_0344	27.27	209	117	6	2756	3286	95	300	6e-13	64.7
scaffold29252	OTU_0043	33.01	312	162	8	121	930	8	314	2e-39	  144
scaffold29581	OTU_0198	25.83	271	154	7	929	219	41	298	7e-19	82.8
scaffold29698	OTU_0144	36.39	316	144	11	2856	2053	8	314	4e-35	  132
scaffold30490	OTU_0121	29.57	257	113	9	2002	2658	74	300	1e-17	79.0
scaffold30815	OTU_0140	25.62	324	165	8	2346	3182	3	295	6e-14	67.8
scaffold30862	OTU_0106	25.08	299	177	9	420	1214	15	300	1e-25	  103
scaffold31168	OTU_0182	77.78	171	38	0	2290	1778	139	309	3e-126	  263
scaffold31168	OTU_0182	77.54	138	30	1	2702	2292	1	138	3e-126	  202
scaffold31497	OTU_0301	31.29	310	150	13	372	1166	4	295	1e-26	  106
scaffold31503	OTU_0133	47.14	70	36	1	3041	2832	78	146	1e-12	61.6
scaffold31870	OTU_0203	56.45	62	27	0	3287	3102	94	155	6e-19	80.9
scaffold31895	OTU_0316	22.84	289	184	9	1015	218	38	310	4e-13	65.1
scaffold32133	OTU_0026	42.86	70	39	1	3238	3029	129	197	2e-12	61.6
scaffold32393	OTU_0072	33.22	301	164	6	562	1356	14	313	7e-36	  134
scaffold32622	OTU_0073	69.05	42	13	0	993	1118	230	271	2e-14	68.6
scaffold33938	OTU_0176	34.88	215	95	6	1491	964	4	212	7e-20	84.7
scaffold34119	OTU_0140	62.07	58	22	0	3150	2977	244	301	6e-18	79.7
scaffold34741	OTU_0040	36.11	180	77	3	2602	3027	123	302	5e-20	86.3
scaffold34816	OTU_0155	31.91	235	118	7	1016	1612	74	302	6e-25	  101
scaffold34982	OTU_0009	28.22	326	188	13	1342	2283	12	303	1e-19	85.1
scaffold35207	OTU_0234	29.47	319	165	9	1314	469	6	301	7e-20	85.5
scaffold35282	OTU_0198	58.62	58	23	1	218	388	243	300	1e-13	67.0
scaffold35382	OTU_0042	30.42	309	147	10	1885	2685	19	301	6e-23	95.1
scaffold35861	OTU_0013	30.69	277	137	8	1511	2218	39	301	4e-18	80.1
scaffold36193	OTU_0259	97.72	307	7	0	1718	798	1	307	0.0	  561
scaffold36375	OTU_0283	34.65	303	158	7	2488	1694	14	314	2e-39	  144
scaffold37256	OTU_0236	33.23	310	163	7	1253	2059	9	315	2e-35	  133
scaffold37281	OTU_0072	32.03	306	164	6	386	1186	14	314	3e-37	  138
scaffold37999	OTU_0150	34.24	184	87	5	2485	2946	35	214	5e-20	85.1
scaffold38164	OTU_0072	33.87	313	172	7	2823	1987	2	313	2e-36	  135
scaffold39083	OTU_0351	36.07	183	79	5	48	485	23	204	1e-20	87.0
scaffold39261	OTU_0077	27.03	222	124	6	1085	531	74	294	2e-11	60.1
scaffold41787	OTU_0261	28.57	210	115	8	837	1385	102	303	3e-16	74.3
scaffold42008	OTU_0107	35.29	323	145	9	2430	1621	2	313	5e-42	  152
scaffold42664	OTU_0126	30.62	258	142	5	2341	1676	8	264	1e-15	72.8
scaffold42778	OTU_0048	30.33	211	107	7	2315	1794	95	302	3e-16	74.3
scaffold42802	OTU_0320	33.93	224	89	12	2277	2825	86	291	2e-14	68.9
scaffold42886	OTU_0072	35.22	301	152	5	200	976	2	301	2e-39	  144
scaffold43007	OTU_0072	36.51	315	152	7	2502	1699	1	314	1e-38	  142
scaffold43032	OTU_0204	34.84	310	155	9	383	1180	2	308	7e-36	  134
scaffold43210	OTU_0020	30.67	313	166	8	2363	1560	8	314	6e-32	  122
scaffold43487	OTU_0256	38.18	296	139	5	2586	1828	1	295	1e-44	  159
scaffold44077	OTU_0305	50.00	66	28	1	22	219	113	173	6e-14	65.9
scaffold44079	OTU_0250	34.10	305	153	10	323	1102	14	315	1e-36	  136
scaffold44370	OTU_0029	74.36	39	10	0	2777	2661	119	157	3e-12	60.8
scaffold44459	OTU_0246	35.64	303	139	13	670	1470	20	302	8e-24	97.8
scaffold44459	OTU_0246	28.88	277	164	8	1833	2594	36	302	1e-14	69.3
scaffold44489	OTU_0245	25.82	306	178	10	1015	203	12	303	1e-12	63.2
scaffold44855	OTU_0322	35.35	314	159	6	2425	1613	2	314	5e-43	  154
scaffold45077	OTU_0262	46.67	60	32	0	1177	1356	139	198	2e-12	61.2
scaffold45293	OTU_0233	29.03	310	166	11	1717	2544	13	302	8e-14	67.0
scaffold45467	OTU_0095	33.88	304	137	11	1599	817	20	302	4e-27	  107
scaffold45588	OTU_0040	30.97	310	171	4	180	983	7	315	5e-37	  137
scaffold46238	OTU_0026	62.00	50	19	0	2399	2548	148	197	9e-11	56.2
scaffold46253	OTU_0140	47.76	67	35	0	146	346	235	301	2e-14	68.9
scaffold46287	OTU_0229	35.45	220	87	6	2036	1506	2	209	2e-23	95.1
scaffold47408	OTU_0010	32.43	222	120	8	337	915	87	307	3e-12	62.0
scaffold47677	OTU_0335	33.33	264	125	9	2671	1973	70	313	5e-26	  104
scaffold47926	OTU_0111	31.39	274	137	8	716	3	8	266	8e-18	78.6
scaffold48707	OTU_0095	27.75	346	191	13	768	1748	3	308	1e-21	90.9
scaffold48961	OTU_0151	33.70	270	123	14	534	1217	47	302	1e-23	97.1
scaffold49373	OTU_0155	34.81	316	155	10	334	1143	3	313	2e-34	  129
scaffold49443	OTU_0341	35.10	302	144	7	1090	305	25	314	5e-34	  128
scaffold50507	OTU_0265	33.54	164	68	6	944	561	30	188	3e-11	57.0
scaffold50615	OTU_0179	29.87	318	164	12	1372	524	4	297	5e-16	73.2
scaffold51038	OTU_0105	33.59	131	61	4	2044	2436	15	119	2e-11	58.9
scaffold51054	OTU_0283	33.10	284	140	6	2193	1486	20	301	8e-34	  127
scaffold51551	OTU_0218	29.15	271	146	6	1064	1765	43	304	8e-23	94.4
scaffold52737	OTU_0072	36.31	314	162	6	135	965	2	314	2e-44	  158
scaffold52837	OTU_0243	38.43	281	128	7	2213	1500	37	315	4e-43	  154
scaffold53187	OTU_0150	29.41	221	109	6	1598	2146	11	222	5e-15	69.3
scaffold53522	OTU_0121	36.54	312	143	7	2369	1581	10	315	6e-41	  148
scaffold53882	OTU_0217	36.61	183	74	5	1482	1051	121	300	1e-24	  100
scaffold54216	OTU_0015	35.59	295	146	6	984	1739	9	302	3e-36	  134
scaffold54350	OTU_0339	33.58	274	125	11	904	212	42	301	3e-20	86.3
scaffold54523	OTU_0198	29.20	226	113	6	2321	1749	88	301	7e-14	67.0
scaffold54708	OTU_0229	30.92	207	95	7	1465	1977	17	211	9e-15	68.6
scaffold54822	OTU_0155	31.95	313	175	8	1956	1129	2	313	2e-29	  114
scaffold55999	OTU_0203	71.43	42	12	0	1972	1847	111	152	6e-15	68.6
scaffold56773	OTU_0226	29.33	283	144	7	881	150	33	298	3e-17	77.0
scaffold57532	OTU_0107	63.83	47	17	0	1543	1403	267	313	2e-12	62.8
scaffold57905	OTU_0339	27.67	300	163	9	785	3	13	297	6e-19	82.4
scaffold58050	OTU_0212	27.65	217	98	6	27	548	103	303	2e-11	59.3
scaffold58437	OTU_0267	29.41	306	170	11	1272	2084	1	295	2e-21	89.7
scaffold58437	OTU_0267	69.05	42	13	0	930	1055	254	295	4e-15	70.5
scaffold59381	OTU_0023	36.16	307	147	10	2115	1330	15	317	5e-32	  122
scaffold59395	OTU_0155	30.56	216	108	6	1698	1159	93	302	6e-21	88.6
scaffold59655	OTU_0274	62.30	61	23	0	1	183	157	217	6e-16	72.0
scaffold59803	OTU_0183	23.37	291	186	9	1372	2151	19	303	2e-11	59.3
scaffold59814	OTU_0137	26.48	219	127	5	546	1112	98	312	6e-14	67.0
scaffold59982	OTU_0229	30.73	218	103	6	85	624	2	209	5e-23	93.6
scaffold60519	OTU_0105	34.20	193	87	6	1878	2339	49	240	3e-20	85.9
scaffold60719	OTU_0001	29.58	213	103	5	476	988	91	298	2e-19	83.6
scaffold61326	OTU_0211	28.30	212	106	6	807	1322	95	300	7e-11	57.8
scaffold62200	OTU_0271	30.45	335	183	13	1260	298	2	300	1e-23	96.7
scaffold62598	OTU_0266	24.74	287	179	10	1049	1816	16	296	4e-12	61.2
scaffold62763	OTU_0295	30.77	221	107	9	718	167	93	304	3e-13	65.1
scaffold63043	OTU_0020	31.36	220	96	5	746	1276	94	301	7e-20	85.1
scaffold63857	OTU_0162	30.03	303	164	7	172	969	11	302	2e-25	  102
scaffold63885	OTU_0121	29.87	308	153	11	1455	2264	19	301	2e-24	99.0
scaffold63937	OTU_0198	33.66	303	156	7	1076	300	13	314	7e-36	  133
scaffold64249	OTU_0155	30.86	256	131	9	1227	1886	57	302	3e-25	  102
scaffold64303	OTU_0262	41.18	85	48	1	86	340	119	201	4e-12	60.1
scaffold67229	OTU_0155	27.27	176	109	5	535	20	21	181	1e-13	66.2
scaffold67320	OTU_0104	28.88	232	125	10	1666	1073	19	244	7e-11	57.0
scaffold67657	OTU_0042	39.33	178	69	7	1763	1344	125	301	2e-21	89.7
scaffold67925	OTU_0200	29.15	199	103	7	2243	1758	107	304	3e-11	58.9
scaffold68156	OTU_0259	30.94	278	141	10	842	96	40	295	3e-20	85.9
scaffold69032	OTU_0339	36.11	180	75	5	669	1088	122	301	5e-17	76.3
scaffold69557	OTU_0072	35.41	305	154	5	2039	1251	10	313	8e-44	  155
scaffold69686	OTU_0234	28.21	273	152	7	526	1248	41	301	9e-16	72.4
scaffold69737	OTU_0110	84.71	170	26	0	2214	1705	40	209	3e-89	  276
scaffold70133	OTU_0140	32.26	155	71	3	2186	1824	147	301	5e-15	70.1
scaffold70270	OTU_0196	27.65	264	155	9	950	1651	44	301	9e-18	78.6
scaffold70349	OTU_0233	29.67	273	144	7	1073	363	43	303	3e-17	77.0
scaffold70564	OTU_0150	29.72	212	111	6	1242	1766	4	214	7e-14	65.5
scaffold71045	OTU_0200	29.67	209	109	8	319	834	91	298	3e-13	65.1
scaffold71832	OTU_0245	27.01	311	175	11	1265	429	10	300	8e-14	66.6
scaffold72211	OTU_0041	29.77	309	171	7	1233	415	2	300	7e-26	  103
scaffold72211	OTU_0041	25.50	298	164	9	2170	1397	21	300	2e-19	83.6
scaffold72596	OTU_0171	34.16	281	132	10	840	1589	31	289	4e-26	  103
scaffold73453	OTU_0140	33.65	315	155	8	569	1375	5	311	4e-36	  133
scaffold73735	OTU_0096	50.00	58	28	1	407	237	114	171	8e-12	58.9
scaffold73946	OTU_0010	31.13	212	102	9	814	1335	93	298	9e-11	57.4
scaffold74532	OTU_0140	34.82	224	102	8	594	1154	85	301	2e-24	98.6
scaffold74760	OTU_0260	31.98	222	97	4	1325	780	3	210	1e-23	95.5
scaffold75365	OTU_0125	32.42	219	97	10	6	539	48	256	2e-14	67.8
scaffold76755	OTU_0157	32.61	230	110	6	1369	806	89	315	6e-37	  111
scaffold76755	OTU_0157	40.79	76	44	1	1607	1383	6	81	6e-37	55.1
scaffold76762	OTU_0261	27.52	298	165	11	780	1535	10	302	3e-13	64.7
scaffold77579	OTU_0140	54.17	72	32	1	1910	1698	230	301	4e-19	82.8
scaffold78101	OTU_0088	34.46	177	74	6	1118	711	126	301	2e-14	68.2
scaffold79703	OTU_0261	29.51	244	110	11	1078	437	91	302	2e-14	68.2
scaffold79817	OTU_0271	28.38	296	168	10	288	1091	18	297	1e-12	62.8
scaffold80316	OTU_0217	26.48	287	164	6	485	1237	26	301	2e-23	95.5
scaffold80688	OTU_0341	31.50	254	126	11	1405	2052	46	289	1e-20	87.0
scaffold81390	OTU_0140	47.14	70	36	1	1951	1745	229	298	2e-14	68.2
scaffold82197	OTU_0137	25.80	283	156	9	1289	2035	13	275	3e-12	61.6
scaffold82477	OTU_0044	39.60	101	44	4	1988	1728	206	303	8e-13	63.2
scaffold83369	OTU_0072	34.28	318	149	9	1755	955	5	313	2e-38	  139
scaffold86049	OTU_0142	30.32	221	120	8	394	978	83	295	4e-15	70.5
scaffold86854	OTU_0053	57.41	54	23	0	239	78	135	188	3e-11	57.0
scaffold87324	OTU_0029	32.23	121	68	3	445	807	59	165	4e-11	56.2
scaffold87334	OTU_0031	30.28	317	159	12	612	1430	1	299	2e-24	98.6
scaffold87500	OTU_0335	33.44	311	161	7	1816	1016	2	310	6e-33	  124
scaffold87548	OTU_0319	25.87	286	148	12	432	1178	4	262	4e-11	57.8
scaffold87597	OTU_0126	33.48	224	110	6	1904	1329	82	298	8e-22	90.5
scaffold88306	OTU_0229	32.43	185	90	3	1	450	28	212	6e-23	92.8
scaffold89186	OTU_0173	31.76	296	143	11	1197	1958	24	302	9e-26	  102
scaffold89884	OTU_0121	32.02	228	123	5	55	666	90	309	2e-22	92.4
scaffold90167	OTU_0023	29.35	276	146	9	401	1114	39	303	2e-24	99.0
scaffold90198	OTU_0150	36.81	182	87	5	1083	619	33	213	3e-20	84.7
scaffold90456	OTU_0176	68.85	61	19	0	1744	1562	152	212	5e-20	84.3
scaffold90855	OTU_0316	39.64	169	99	3	1367	1867	9	176	9e-27	  105
scaffold91411	OTU_0043	31.60	212	100	3	1882	1361	97	301	1e-24	99.4
scaffold92626	OTU_0242	29.29	297	153	8	1761	991	23	302	1e-24	99.4
scaffold92626	OTU_0242	26.69	266	148	8	754	65	48	302	3e-15	70.9
scaffold92762	OTU_0106	49.25	67	33	1	1726	1529	236	302	5e-12	60.8
scaffold93381	OTU_0031	30.92	262	135	9	1234	1914	46	296	4e-21	88.6
scaffold93596	OTU_0196	29.66	263	151	7	1161	460	44	301	6e-19	81.6
scaffold94380	OTU_0049	28.83	281	146	10	938	207	43	306	1e-17	77.8
scaffold94565	OTU_0229	34.13	208	94	6	569	60	7	209	3e-15	69.3
scaffold95483	OTU_0072	36.42	313	161	7	431	1258	2	313	4e-45	  157
scaffold95735	OTU_0067	27.70	296	179	9	1221	412	18	304	2e-18	80.5
scaffold95836	OTU_0341	24.77	331	184	10	246	1124	11	314	4e-11	57.8
scaffold96561	OTU_0140	33.81	278	143	4	83	799	36	311	4e-34	  126
scaffold96673	OTU_0200	38.42	177	69	5	1244	1654	125	301	6e-20	84.7
scaffold96990	OTU_0345	35.56	90	55	1	270	1	213	299	7e-11	57.4
scaffold97417	OTU_0238	34.44	180	80	5	1112	687	12	191	2e-21	88.2
scaffold97819	OTU_0217	35.66	258	125	4	1817	1161	58	313	3e-38	  138
scaffold98044	OTU_0242	29.61	179	105	6	593	66	20	180	2e-11	58.9
scaffold98673	OTU_0046	28.32	279	142	11	1529	816	34	295	1e-12	63.2
scaffold99452	OTU_0228	39.71	68	40	1	1309	1106	238	304	8e-11	57.0
scaffold99645	OTU_0246	34.65	303	142	10	1330	530	20	302	2e-26	  104
scaffold100794	OTU_0129	31.50	254	130	7	1131	1787	22	266	9e-22	90.1
scaffold100838	OTU_0217	27.95	229	111	11	1045	458	93	300	3e-11	58.5
scaffold101233	OTU_0269	35.00	180	95	5	1798	1325	27	206	1e-19	82.8
scaffold101233	OTU_0269	29.77	215	119	7	830	258	2	208	1e-14	67.4
scaffold101422	OTU_0236	30.14	209	100	4	795	1301	101	303	1e-19	84.0
scaffold101715	OTU_0291	33.51	188	86	7	534	64	123	302	7e-14	66.6
scaffold102880	OTU_0179	30.80	276	139	8	951	1667	25	285	1e-17	77.4
scaffold104030	OTU_0137	31.58	304	144	16	397	1188	20	299	3e-14	67.8
scaffold104641	OTU_0335	35.29	221	100	7	1789	1226	89	299	2e-18	80.5
scaffold106679	OTU_0126	32.39	213	90	6	649	1152	97	300	5e-14	67.0
scaffold106701	OTU_0003	54.93	71	31	1	1684	1475	231	301	3e-16	73.6
scaffold106873	OTU_0307	31.46	302	166	7	991	200	16	314	1e-35	  130
scaffold108173	OTU_0029	57.69	52	22	0	5	160	122	173	1e-13	63.9
scaffold108572	OTU_0021	31.46	213	105	5	14	547	48	254	3e-24	97.1
scaffold109059	OTU_0266	33.71	175	93	5	1110	1565	127	301	4e-20	85.1
scaffold109297	OTU_0124	36.54	104	52	3	773	501	48	150	1e-12	60.8
scaffold110090	OTU_0107	34.29	315	160	6	244	1056	2	313	2e-41	  147
scaffold110729	OTU_0226	27.83	230	107	6	1656	1120	74	295	1e-12	62.8
scaffold110778	OTU_0067	34.93	292	133	9	1730	996	36	317	7e-38	  137
scaffold112571	OTU_0155	29.41	221	104	7	559	2	75	278	6e-16	72.4
scaffold113232	OTU_0155	25.70	214	103	8	1736	1230	95	297	1e-12	62.8
scaffold113874	OTU_0250	27.18	309	175	11	1009	206	1	300	4e-12	61.2
scaffold114006	OTU_0153	53.62	69	32	0	10	216	248	316	2e-17	77.4
scaffold116831	OTU_0157	39.57	187	74	3	3	446	129	315	1e-26	  105
scaffold117174	OTU_0031	34.32	236	111	9	831	232	73	300	2e-24	98.2
scaffold117838	OTU_0229	38.30	188	74	6	502	56	26	210	5e-28	  107
scaffold118526	OTU_0265	69.05	42	13	0	124	249	134	175	5e-14	65.1
scaffold119218	OTU_0012	35.52	183	81	7	690	1130	12	193	2e-23	93.2
scaffold119316	OTU_0274	35.24	210	98	4	1693	1172	10	217	6e-27	  103
scaffold119617	OTU_0175	24.64	276	152	11	1432	713	61	316	6e-11	57.4
scaffold120114	OTU_0243	26.83	287	153	7	515	1243	41	314	2e-14	68.2
scaffold120581	OTU_0096	50.94	53	25	1	1210	1365	118	170	4e-11	56.2
scaffold122396	OTU_0105	50.91	55	27	0	1278	1442	61	115	8e-20	55.5
scaffold122396	OTU_0105	41.38	87	37	4	1447	1671	147	231	8e-20	52.8
scaffold122396	OTU_0105	60.00	15	6	0	1201	1245	37	51	8e-20	20.4
scaffold122796	OTU_0105	38.37	172	65	5	1	393	69	240	2e-24	97.4
scaffold123081	OTU_0260	38.89	90	38	2	1504	1283	124	212	3e-13	62.8
scaffold123199	OTU_0208	31.73	271	124	10	13	690	48	302	2e-26	  104
scaffold123199	OTU_0208	31.75	211	102	5	1140	1667	97	300	1e-15	71.6
scaffold123923	OTU_0015	35.53	304	152	8	588	1370	9	311	2e-41	  147
scaffold124505	OTU_0223	36.59	164	98	5	1503	1024	14	175	1e-21	89.0
scaffold125566	OTU_0229	31.28	211	109	5	510	1037	2	211	3e-16	72.0
scaffold126012	OTU_0134	30.48	210	113	9	940	1491	102	304	9e-15	68.9
scaffold127608	OTU_0351	35.38	212	89	9	2	520	3	205	7e-23	92.0
scaffold129388	OTU_0144	30.69	277	133	12	753	1436	35	301	6e-19	81.3
scaffold129450	OTU_0253	63.27	49	18	0	1626	1480	103	151	1e-14	66.2
scaffold129548	OTU_0250	50.00	58	28	1	17	187	242	299	2e-11	58.9
scaffold129590	OTU_0265	73.81	42	11	0	847	972	134	175	7e-16	70.5
scaffold132108	OTU_0294	29.14	302	168	6	1479	682	9	300	1e-25	  101
scaffold134150	OTU_0021	32.86	213	102	8	68	604	49	254	7e-23	92.4
scaffold139135	OTU_0274	72.50	40	11	0	1	120	157	196	7e-12	58.5
scaffold139510	OTU_0287	31.60	269	128	10	876	187	51	302	3e-15	70.1
scaffold140564	OTU_0247	31.29	163	85	6	798	1262	30	173	8e-12	58.9
scaffold141637	OTU_0305	60.66	61	23	1	41	220	113	173	1e-16	72.4
scaffold142958	OTU_0229	35.05	214	101	7	209	754	4	211	2e-21	87.4
scaffold144080	OTU_0341	23.41	299	169	11	987	226	18	301	8e-12	59.7
scaffold144214	OTU_0013	30.41	217	102	5	1455	925	94	301	5e-19	81.6
scaffold144323	OTU_0198	37.50	312	144	8	1165	362	10	314	4e-40	  143
scaffold146410	OTU_0006	29.95	207	116	7	1452	910	100	303	3e-15	70.1
scaffold147282	OTU_0128	28.10	210	113	7	132	674	97	297	6e-13	63.2
scaffold148272	OTU_0150	31.91	235	99	6	640	35	7	213	6e-18	77.0
scaffold149534	OTU_0140	54.69	64	29	0	1371	1180	235	298	2e-17	76.6
scaffold149650	OTU_0019	31.67	221	107	5	825	277	87	301	5e-23	93.6
scaffold150095	OTU_0107	34.38	320	146	10	185	985	5	313	2e-36	  132
scaffold150563	OTU_0108	28.14	295	159	9	782	3	13	289	9e-27	  104
scaffold151555	OTU_0140	33.63	223	96	6	646	101	90	301	5e-26	  102
scaffold151586	OTU_0107	36.96	276	132	5	26	730	39	313	3e-41	  146
scaffold153696	OTU_0095	29.01	293	130	11	730	2	20	284	1e-16	74.7
scaffold154315	OTU_0274	31.31	214	97	7	393	917	6	208	2e-14	66.2
scaffold154903	OTU_0072	30.18	275	140	10	462	1172	39	299	2e-12	61.6
scaffold155520	OTU_0246	33.96	268	132	9	1484	786	47	304	3e-23	94.0
scaffold155529	OTU_0260	38.21	212	95	6	1	531	14	224	4e-28	  106
scaffold156452	OTU_0257	65.71	35	12	0	1	105	71	105	4e-11	55.1
scaffold156455	OTU_0305	71.43	42	12	0	262	387	132	173	1e-17	75.5
scaffold157488	OTU_0234	26.92	312	172	9	948	118	11	301	6e-13	63.2
scaffold159728	OTU_0249	36.17	282	142	5	22	759	8	287	2e-39	  140
scaffold160650	OTU_0172	54.72	53	23	1	24	182	124	175	6e-11	55.1
scaffold161031	OTU_0283	36.42	302	148	6	99	875	14	314	1e-42	  149
scaffold162624	OTU_0150	30.32	221	111	5	1433	846	12	214	2e-19	81.3
scaffold163344	OTU_0209	98.96	193	2	0	3	581	4	196	1e-135	  388
scaffold165271	OTU_0295	33.88	304	159	10	191	1048	23	302	2e-26	  103
scaffold165775	OTU_0043	32.92	319	164	9	1404	580	2	314	8e-40	  141
scaffold166005	OTU_0107	35.00	320	144	9	370	1170	5	313	3e-43	  151
scaffold167225	OTU_0294	29.85	201	95	9	1235	723	118	302	1e-11	58.9
scaffold168101	OTU_0287	46.27	67	36	0	304	104	239	305	2e-11	58.2
scaffold168270	OTU_0157	29.31	232	104	12	1018	443	94	305	3e-12	61.2
scaffold169350	OTU_0079	34.50	200	85	10	854	1324	103	299	7e-13	62.8
scaffold170029	OTU_0011	29.21	178	100	6	88	600	1	159	6e-12	58.2
scaffold170195	OTU_0017	38.64	88	47	2	955	1197	109	196	2e-15	68.9
scaffold173036	OTU_0157	34.00	250	118	7	12	629	69	315	2e-28	  108
scaffold173114	OTU_0010	23.14	229	127	6	3	575	97	314	2e-11	58.5
scaffold173426	OTU_0046	73.72	293	77	0	4	882	17	309	2e-149	  427
scaffold174360	OTU_0320	36.75	234	103	6	819	1400	61	289	2e-28	  108
scaffold174513	OTU_0314	33.97	312	157	8	823	23	9	316	1e-32	  121
scaffold175727	OTU_0025	31.60	269	139	6	1212	520	42	303	4e-27	  105
scaffold176138	OTU_0150	26.64	229	120	8	593	1189	5	215	3e-11	56.6
scaffold176601	OTU_0124	55.36	56	24	1	1157	1321	95	150	2e-11	56.2
scaffold177005	OTU_0121	38.25	183	72	7	258	686	120	301	4e-17	75.5
scaffold177401	OTU_0275	50.00	54	27	0	20	181	82	135	2e-13	62.4
scaffold178233	OTU_0301	30.50	318	152	13	1048	224	4	295	2e-25	  100
scaffold179013	OTU_0176	39.02	164	65	5	1383	994	62	224	9e-23	90.9
scaffold179664	OTU_0017	35.79	95	54	2	1086	1349	109	203	1e-13	63.9
scaffold181189	OTU_0234	31.50	273	141	9	1020	304	41	301	2e-14	67.4
scaffold182048	OTU_0229	35.14	185	84	5	631	179	27	209	2e-19	80.9
scaffold182841	OTU_0103	28.90	263	138	9	921	238	62	310	2e-14	67.4
scaffold184485	OTU_0030	38.17	186	84	5	1284	820	119	304	6e-25	98.6
scaffold184871	OTU_0065	59.09	44	18	0	3	134	210	253	2e-11	58.2
scaffold185234	OTU_0229	35.85	212	94	6	651	124	7	212	8e-26	99.4
scaffold185670	OTU_0234	29.45	275	146	8	1036	314	41	301	4e-14	66.6
scaffold186784	OTU_0267	26.32	266	135	9	707	1348	33	289	2e-13	64.3
scaffold186898	OTU_0265	58.70	46	19	0	1343	1206	133	178	4e-13	62.0
scaffold187620	OTU_0267	33.94	218	99	8	749	210	85	295	9e-22	89.4
scaffold187885	OTU_0021	31.78	214	105	7	1103	564	48	254	1e-23	94.4
scaffold190189	OTU_0150	28.91	211	104	8	1262	741	10	211	3e-12	59.7
scaffold190669	OTU_0228	25.17	302	185	11	307	1110	16	310	2e-18	79.3
scaffold192836	OTU_0048	34.09	88	45	2	822	562	97	172	2e-11	58.5
scaffold194947	OTU_0260	45.90	61	32	1	315	133	152	211	2e-11	57.4
scaffold195491	OTU_0305	71.88	32	9	0	7	102	142	173	8e-11	54.7
scaffold196622	OTU_0312	37.75	151	59	5	22	375	155	303	2e-19	82.0
scaffold196653	OTU_0126	24.64	211	120	4	419	955	89	292	1e-12	62.0
scaffold196908	OTU_0245	31.68	303	157	9	847	53	10	300	6e-27	  103
scaffold196908	OTU_0245	55.10	49	22	0	1212	1066	252	300	1e-12	61.6
scaffold198153	OTU_0233	33.14	169	79	5	90	494	132	300	6e-13	62.8
scaffold200265	OTU_0203	51.92	52	25	0	675	520	102	153	4e-12	58.5
scaffold200400	OTU_0335	29.46	258	140	8	856	104	83	305	1e-19	82.8
scaffold201864	OTU_0208	38.12	223	90	7	8	544	97	315	2e-32	  120
scaffold206772	OTU_0140	30.70	316	151	13	246	1070	10	298	7e-17	74.7
scaffold207434	OTU_0095	33.64	217	87	8	6	500	91	302	3e-21	87.4
scaffold208642	OTU_0103	28.25	269	139	8	874	185	47	300	2e-15	70.5
scaffold208747	OTU_0140	39.15	189	78	4	46	501	123	311	7e-27	  103
scaffold211660	OTU_0106	27.21	272	148	9	267	974	40	297	1e-13	64.7
scaffold212629	OTU_0218	27.07	314	163	14	185	1006	12	299	2e-12	61.2
scaffold216941	OTU_0278	28.19	188	85	5	1085	648	31	210	2e-13	63.2
scaffold218186	OTU_0320	29.45	292	156	8	772	11	11	290	4e-22	89.7
scaffold218186	OTU_0320	58.18	55	21	1	1134	976	248	302	6e-15	68.9
scaffold220906	OTU_0183	32.70	315	173	4	153	983	1	314	1e-34	  125
scaffold220943	OTU_0203	45.36	97	42	3	30	290	60	155	1e-21	85.9
scaffold221087	OTU_0305	47.62	105	41	4	1211	936	72	175	1e-19	80.5
scaffold222856	OTU_0176	30.41	194	93	8	333	818	29	212	3e-11	56.6
scaffold223971	OTU_0104	27.49	211	111	7	1229	717	19	227	5e-11	56.2
scaffold224073	OTU_0182	99.25	134	1	0	830	1231	1	134	9e-74	  230
scaffold224149	OTU_0233	28.48	309	165	13	6	827	14	301	2e-16	73.6
scaffold225113	OTU_0023	32.12	302	164	8	1220	399	15	303	8e-28	  106
scaffold225283	OTU_0132	28.52	277	153	6	508	1206	3	278	5e-25	98.2
scaffold225484	OTU_0227	38.89	162	64	4	1228	848	153	314	3e-21	87.0
scaffold225697	OTU_0144	31.95	241	120	6	1218	613	66	301	5e-24	95.1
scaffold225857	OTU_0208	56.45	62	27	0	57	242	241	302	3e-18	78.6
scaffold226413	OTU_0212	37.04	108	64	3	863	1177	9	115	3e-15	69.7
scaffold227842	OTU_0104	55.13	78	35	0	27	260	172	249	5e-20	82.8
scaffold228018	OTU_0341	55.77	52	23	0	1210	1055	247	298	1e-11	58.5
scaffold228509	OTU_0305	49.41	85	34	2	873	646	89	173	4e-19	79.0
scaffold231108	OTU_0031	32.43	185	100	6	1188	643	121	283	1e-14	67.8
scaffold231574	OTU_0250	33.33	198	109	6	538	11	14	210	3e-16	72.8
scaffold233292	OTU_0150	37.78	90	49	2	782	1048	12	95	9e-11	55.1
scaffold233353	OTU_0043	25.81	310	183	12	145	978	8	302	1e-16	73.9
scaffold234197	OTU_0320	32.70	318	164	8	120	947	6	315	9e-38	  134
scaffold235368	OTU_0305	60.94	64	25	0	1023	832	113	176	6e-19	78.6
scaffold236621	OTU_0155	27.44	266	161	7	717	13	2	266	9e-17	73.9
scaffold236822	OTU_0225	32.17	314	162	10	258	1061	5	313	2e-31	  116
scaffold238214	OTU_0140	50.00	72	36	0	94	309	227	298	4e-16	72.0
scaffold238570	OTU_0344	27.34	278	153	12	463	1191	35	298	4e-13	63.2
scaffold238752	OTU_0351	39.71	204	88	8	792	253	1	193	3e-19	80.1
scaffold244296	OTU_0307	32.66	297	159	7	777	4	10	304	7e-38	  135
scaffold246259	OTU_0203	57.89	57	23	1	8	178	97	152	1e-17	74.7
scaffold246904	OTU_0150	35.91	181	83	6	19	462	34	214	1e-22	89.4
scaffold248901	OTU_0320	31.96	219	107	7	157	708	91	302	5e-22	89.4
scaffold249644	OTU_0119	29.20	226	127	8	836	246	86	307	7e-15	68.6
scaffold249934	OTU_0005	51.35	74	36	0	1166	945	46	119	2e-16	70.1
scaffold250044	OTU_0105	26.92	182	90	5	469	53	61	242	4e-11	56.6
scaffold250278	OTU_0181	100.00	144	0	0	432	1	1	144	2e-99	  291
scaffold252408	OTU_0155	32.95	176	81	3	1153	737	138	313	1e-22	90.9
scaffold253744	OTU_0030	26.61	218	126	6	790	212	94	302	2e-11	57.8
scaffold253983	OTU_0121	29.17	288	132	12	1154	417	44	301	6e-14	65.5
scaffold258564	OTU_0351	40.32	124	59	4	34	387	90	204	2e-17	74.3
scaffold258827	OTU_0344	46.84	79	42	0	502	738	17	95	2e-15	69.7
scaffold259338	OTU_0314	38.02	313	147	8	324	1127	5	315	2e-49	  166
scaffold260937	OTU_0229	27.51	229	138	7	448	1104	1	211	1e-15	69.3
scaffold264931	OTU_0043	32.42	182	87	3	675	238	120	301	4e-22	89.4
scaffold265750	OTU_0107	36.53	323	147	12	229	1056	2	313	5e-44	  151
scaffold265816	OTU_0150	34.22	187	81	5	341	790	33	214	2e-23	91.7
scaffold273023	OTU_0341	51.65	91	32	3	21	266	217	304	2e-19	81.6
scaffold273489	OTU_0266	38.18	165	94	5	52	534	2	162	2e-16	72.8
scaffold273518	OTU_0145	28.30	265	144	9	1106	411	47	298	3e-13	63.5
scaffold274366	OTU_0021	48.33	60	30	1	1112	936	192	251	3e-13	62.8
scaffold274454	OTU_0196	33.55	307	169	6	190	1011	8	312	2e-39	  138
scaffold274991	OTU_0317	23.05	321	198	10	1097	249	2	311	7e-13	62.4
scaffold275097	OTU_0345	25.79	318	190	12	975	97	12	308	8e-17	73.9
scaffold277427	OTU_0203	53.23	62	29	0	1	186	94	155	2e-18	76.3
scaffold277664	OTU_0217	34.96	246	121	3	20	643	69	313	2e-36	  130
scaffold278125	OTU_0345	31.80	283	136	10	994	257	36	298	2e-16	73.2
scaffold278915	OTU_0210	27.27	220	100	8	705	157	102	298	3e-13	63.5
scaffold280554	OTU_0140	47.44	78	41	0	18	251	234	311	2e-19	81.3
scaffold282958	OTU_0305	66.67	45	15	0	127	261	129	173	2e-15	67.8
scaffold285064	OTU_0176	33.90	236	105	7	845	246	4	224	4e-24	93.2
scaffold285086	OTU_0150	33.70	184	90	4	1046	591	33	216	1e-22	89.4
scaffold285354	OTU_0012	32.47	194	82	9	596	114	15	192	2e-11	56.6
scaffold286077	OTU_0150	33.80	213	97	7	561	4	7	202	1e-19	80.5
scaffold287042	OTU_0265	71.43	42	12	0	4	129	134	175	2e-14	65.1
scaffold287576	OTU_0345	37.89	95	54	1	649	365	218	307	6e-13	62.4
scaffold289056	OTU_0067	33.33	168	106	5	728	237	14	179	2e-21	87.0
scaffold290549	OTU_0134	27.51	309	170	12	240	1070	13	299	6e-15	68.6
scaffold290762	OTU_0339	33.91	174	76	6	1079	675	128	301	9e-16	70.9
scaffold292421	OTU_0265	64.81	54	14	1	1027	866	130	178	3e-16	70.5
scaffold292693	OTU_0106	29.32	249	109	9	26	664	80	297	5e-12	59.7
scaffold292810	OTU_0126	37.70	183	70	5	5	439	121	297	2e-24	95.5
scaffold294426	OTU_0305	76.19	42	10	0	777	652	132	173	2e-17	73.9
scaffold294526	OTU_0312	37.97	79	45	1	429	205	227	305	2e-11	58.2
scaffold296460	OTU_0229	34.04	188	78	4	767	333	25	209	4e-19	79.0
scaffold297232	OTU_0012	41.03	78	45	1	1021	788	127	203	9e-15	66.2
scaffold298264	OTU_0351	31.67	240	131	6	854	153	2	214	7e-21	83.6
scaffold299080	OTU_0229	35.21	213	97	6	378	914	4	209	2e-23	91.3
scaffold299486	OTU_0322	35.35	314	159	6	122	934	2	314	2e-45	  154
scaffold300527	OTU_0203	43.33	90	46	2	227	496	68	152	4e-15	66.6
scaffold300604	OTU_0107	34.32	169	109	2	505	2	6	173	2e-20	84.3
scaffold301109	OTU_0265	55.17	58	23	1	112	285	132	186	4e-13	61.2
scaffold301140	OTU_0140	47.44	78	41	0	1040	807	234	311	1e-20	84.7
scaffold302653	OTU_0234	33.89	180	74	6	849	418	130	300	4e-16	71.6
scaffold304869	OTU_0315	81.25	80	15	0	1052	813	41	120	1e-43	  144
scaffold308606	OTU_0217	32.60	273	127	11	337	1044	45	297	4e-24	94.4
scaffold310542	OTU_0306	28.04	189	106	6	570	13	4	165	9e-11	53.9
scaffold311674	OTU_0128	26.34	186	89	5	999	574	119	300	6e-12	59.3
scaffold311732	OTU_0001	46.88	64	33	1	372	184	238	301	4e-12	60.1
scaffold312837	OTU_0140	35.36	181	79	5	971	543	118	298	7e-22	87.8
scaffold313968	OTU_0158	96.96	263	8	0	789	1	2	264	6e-175	  487
scaffold314454	OTU_0009	35.11	225	103	5	634	86	93	316	9e-24	93.6
scaffold315597	OTU_0284	33.98	206	93	6	268	783	104	300	1e-26	  102
scaffold316312	OTU_0196	28.93	280	169	7	1026	268	19	295	2e-17	75.5
scaffold317173	OTU_0271	27.80	295	151	10	845	42	41	300	1e-13	64.3
scaffold318080	OTU_0066	27.72	303	165	8	1009	203	10	292	2e-18	78.2
scaffold323837	OTU_0072	35.80	176	109	4	655	137	6	180	2e-21	86.7
scaffold324288	OTU_0257	41.49	94	47	2	913	647	16	106	9e-17	70.1
scaffold324447	OTU_0066	33.33	288	134	7	31	747	30	308	8e-36	  128
scaffold324747	OTU_0132	34.71	314	160	7	183	992	3	315	3e-36	  129
scaffold326316	OTU_0226	34.18	237	110	11	13	612	71	298	6e-24	93.6
scaffold326589	OTU_0314	33.66	205	86	6	843	346	106	299	2e-13	63.9
scaffold327415	OTU_0320	31.65	158	98	5	557	1012	3	156	3e-15	69.3
scaffold328078	OTU_0013	34.21	304	159	7	824	21	14	312	4e-41	  142
scaffold328219	OTU_0116	29.03	217	127	7	635	45	104	313	9e-12	58.5
scaffold329669	OTU_0229	32.72	217	97	6	620	90	2	209	5e-16	70.1
scaffold329719	OTU_0155	26.94	245	122	8	392	1009	53	279	9e-13	61.6
scaffold330676	OTU_0193	50.00	62	30	1	9	194	99	159	3e-11	56.6
scaffold330927	OTU_0191	36.31	157	97	3	623	159	10	165	2e-23	91.3
scaffold332673	OTU_0003	42.04	157	59	6	4	381	149	304	2e-23	92.4
scaffold333386	OTU_0327	45.21	73	34	1	20	220	220	292	7e-11	55.8
scaffold334466	OTU_0144	28.31	272	149	7	215	928	40	299	4e-17	74.3
scaffold334666	OTU_0325	27.70	213	113	6	21	569	2	203	1e-14	65.9
scaffold334670	OTU_0228	29.50	278	141	8	701	3	2	269	9e-23	90.5
scaffold336038	OTU_0217	29.86	211	104	10	467	997	73	273	3e-13	63.2
scaffold340671	OTU_0107	36.28	317	144	10	947	147	5	313	8e-47	  157
scaffold341096	OTU_0107	32.68	306	151	10	189	986	10	300	2e-27	  103
scaffold341995	OTU_0006	29.72	212	107	9	141	662	96	303	4e-16	71.2
scaffold348064	OTU_0046	81.11	307	58	0	63	983	1	307	0.0	  518
scaffold348380	OTU_0140	53.52	71	33	0	850	638	230	300	2e-21	86.3
scaffold349650	OTU_0030	56.45	62	27	0	84	269	240	301	5e-18	76.6
scaffold349693	OTU_0305	60.98	41	16	0	2	124	136	176	2e-11	55.5
scaffold351871	OTU_0265	59.18	49	20	0	3	149	130	178	2e-13	62.0
scaffold352193	OTU_0226	35.56	180	76	5	852	433	119	298	4e-20	82.8
scaffold352531	OTU_0314	34.59	185	88	4	976	518	119	302	2e-27	  104
scaffold352916	OTU_0059	28.81	243	144	7	884	231	19	257	1e-18	77.8
scaffold353295	OTU_0022	31.55	168	77	5	564	172	134	300	5e-12	59.3
scaffold353583	OTU_0249	29.29	280	150	10	108	833	16	285	3e-14	65.5
scaffold353808	OTU_0145	34.09	176	81	2	918	496	126	301	2e-24	95.1
scaffold354288	OTU_0009	34.46	148	82	7	325	747	18	157	8e-13	62.0
scaffold356287	OTU_0072	37.84	111	59	4	370	684	1	107	6e-17	57.0
scaffold356287	OTU_0072	45.45	55	30	0	741	905	126	180	6e-17	41.2
scaffold358410	OTU_0005	63.27	49	18	0	425	279	71	119	2e-15	66.2
scaffold358584	OTU_0339	30.04	263	140	10	42	740	50	298	2e-11	57.4
scaffold358943	OTU_0274	26.43	227	114	8	160	741	2	208	1e-13	62.8
scaffold359958	OTU_0301	28.72	282	143	9	957	232	32	295	3e-13	63.2
scaffold361433	OTU_0287	30.36	303	149	11	784	2	2	284	1e-13	64.3
scaffold363120	OTU_0176	32.17	230	107	11	171	764	1	213	2e-15	68.2
scaffold363275	OTU_0176	38.30	188	75	4	959	519	38	225	2e-26	99.4
scaffold365467	OTU_0079	58.18	55	23	0	80	244	246	300	1e-14	67.0
scaffold368361	OTU_0157	32.32	164	74	5	370	750	136	299	3e-13	63.2
scaffold368828	OTU_0218	27.30	304	156	14	802	5	14	290	9e-12	58.5
scaffold369729	OTU_0242	25.64	234	141	8	716	57	88	302	1e-11	58.2
scaffold371879	OTU_0325	29.78	178	84	5	65	475	25	202	3e-11	55.8
scaffold372609	OTU_0215	100.00	157	0	0	598	128	1	157	2e-109	  313
scaffold372701	OTU_0287	30.27	185	111	6	632	90	14	184	5e-13	62.4
scaffold372820	OTU_0203	58.93	56	23	0	712	879	97	152	7e-17	71.2
scaffold373714	OTU_0121	27.82	248	116	7	10	672	90	301	7e-20	82.0
scaffold374006	OTU_0053	30.22	182	101	4	806	336	10	190	4e-15	67.0
scaffold375320	OTU_0265	68.42	38	12	0	830	943	138	175	1e-12	59.3
scaffold375336	OTU_0072	33.94	165	106	3	646	158	2	165	1e-16	72.8
scaffold376338	OTU_0109	29.15	199	114	5	234	749	2	200	2e-12	59.3
scaffold377282	OTU_0258	30.95	294	152	12	787	5	3	278	2e-12	60.5
scaffold377758	OTU_0217	32.88	222	103	5	743	192	87	300	2e-25	98.2
scaffold380625	OTU_0020	28.71	209	108	7	424	933	89	295	6e-18	76.6
scaffold381495	OTU_0176	32.26	217	103	6	40	579	4	213	2e-24	93.6
scaffold381808	OTU_0107	34.80	296	150	12	774	1	2	292	8e-34	  122
scaffold382918	OTU_0243	33.21	268	129	9	275	934	1	266	2e-27	  103
scaffold383014	OTU_0132	34.75	282	145	7	201	932	11	291	9e-35	  124
scaffold383529	OTU_0087	34.84	221	88	11	682	41	2	173	4e-18	74.7
scaffold383926	OTU_0203	56.45	62	27	0	910	725	94	155	8e-21	82.0
scaffold384178	OTU_0258	34.70	268	127	11	927	238	47	304	1e-26	  101
scaffold387024	OTU_0281	59.02	61	25	0	930	748	42	102	3e-18	73.2
scaffold387879	OTU_0305	61.40	57	21	1	926	759	119	175	8e-17	70.9
scaffold388554	OTU_0233	30.68	264	134	8	28	708	52	303	2e-20	83.2
scaffold391527	OTU_0025	32.75	229	124	9	10	678	102	306	3e-21	85.5
scaffold391637	OTU_0196	29.01	162	87	4	27	452	147	300	9e-12	58.5
scaffold392091	OTU_0341	30.77	195	98	7	774	292	122	313	8e-14	64.7
scaffold392223	OTU_0072	29.34	242	116	10	322	921	35	263	1e-11	57.8
scaffold392711	OTU_0220	32.35	272	135	11	146	829	35	301	2e-24	95.1
scaffold394601	OTU_0012	30.32	188	103	6	731	246	18	203	3e-18	75.5
scaffold394981	OTU_0266	34.05	185	109	7	564	19	4	178	1e-16	72.4
scaffold394981	OTU_0266	61.70	47	18	0	911	771	255	301	5e-14	65.1
scaffold395196	OTU_0121	59.32	59	24	0	32	208	243	301	3e-16	71.6
scaffold396276	OTU_0335	45.92	98	44	1	781	515	217	314	9e-22	87.0
scaffold396277	OTU_0157	29.93	274	149	5	142	837	3	275	1e-29	  110
scaffold397593	OTU_0105	33.89	180	84	2	430	864	61	240	4e-22	87.0
scaffold400265	OTU_0053	51.61	62	29	1	808	623	131	191	4e-12	58.2
scaffold400394	OTU_0051	32.00	200	92	6	435	905	78	276	2e-23	82.8
scaffold400394	OTU_0051	36.62	71	42	2	211	414	3	73	2e-23	37.4
scaffold401857	OTU_0204	79.59	294	60	0	910	29	16	309	3e-159	  445
scaffold403990	OTU_0145	34.01	147	85	4	605	165	41	175	9e-12	58.5
scaffold405721	OTU_0059	31.18	186	99	7	866	369	66	242	3e-11	56.2
scaffold405788	OTU_0140	55.74	61	27	0	907	725	236	296	3e-15	68.9
scaffold407138	OTU_0341	51.14	88	33	2	1	237	228	314	3e-20	82.4
scaffold407165	OTU_0104	55.93	59	26	0	773	597	177	235	5e-17	72.4
scaffold407989	OTU_0163	38.71	124	69	1	883	533	29	152	2e-16	69.3
scaffold410453	OTU_0243	31.22	221	99	7	820	278	93	300	9e-13	61.2
scaffold416565	OTU_0257	42.37	59	33	1	3	179	48	105	5e-11	53.5
scaffold416624	OTU_0107	34.54	304	139	10	135	893	2	296	2e-40	  139
scaffold418636	OTU_0173	52.17	69	33	0	745	539	234	302	1e-17	75.1
scaffold419683	OTU_0081	78.57	42	9	0	136	11	14	55	3e-18	75.9
scaffold421105	OTU_0306	32.54	169	91	5	574	104	9	166	1e-20	81.3
scaffold423566	OTU_0217	38.26	115	67	3	869	531	69	181	3e-16	71.6
scaffold424114	OTU_0234	32.60	273	136	9	29	742	41	300	7e-17	73.2
scaffold427588	OTU_0066	33.47	236	121	3	603	1	28	262	4e-18	76.6
scaffold427715	OTU_0200	32.78	180	84	4	569	141	122	301	2e-20	82.8
scaffold428214	OTU_0105	32.63	190	78	5	533	114	64	253	2e-16	70.9
scaffold428399	OTU_0054	31.21	157	96	5	503	36	15	160	3e-13	61.6
scaffold430028	OTU_0203	62.75	51	19	0	310	462	104	154	9e-18	73.2
scaffold430741	OTU_0095	32.85	277	121	9	173	877	47	300	2e-20	82.8
scaffold431416	OTU_0335	27.50	200	102	5	761	288	103	301	4e-13	62.4
scaffold431534	OTU_0196	27.20	239	131	9	264	878	41	270	5e-14	65.1
scaffold431779	OTU_0016	30.56	216	105	6	575	36	54	260	6e-25	95.9
scaffold432198	OTU_0183	30.35	257	130	9	232	873	10	260	9e-21	84.0
scaffold432222	OTU_0225	27.14	199	105	6	683	201	106	302	5e-13	62.0
scaffold432533	OTU_0241	30.69	202	106	6	371	877	66	266	2e-15	68.6
scaffold434518	OTU_0042	33.48	230	110	4	29	595	87	314	2e-31	  115
scaffold435063	OTU_0155	26.84	272	147	7	18	722	47	303	5e-15	67.8
scaffold435090	OTU_0087	37.66	154	64	5	4	369	23	176	2e-21	83.6
scaffold435240	OTU_0311	50.85	59	28	1	466	639	34	92	2e-12	57.4
scaffold435853	OTU_0141	31.65	218	103	4	252	785	90	301	1e-18	78.2
scaffold436589	OTU_0115	58.62	58	24	0	286	113	114	171	8e-17	70.9
scaffold436637	OTU_0292	35.29	153	87	5	277	714	14	161	1e-20	81.3
scaffold437358	OTU_0121	28.69	251	107	7	851	198	90	301	1e-16	72.4
scaffold437551	OTU_0108	26.79	280	152	9	738	4	13	274	2e-20	82.8
scaffold440486	OTU_0341	48.00	75	32	2	656	859	224	298	2e-13	62.8
scaffold441713	OTU_0203	65.79	38	13	0	116	3	110	147	2e-13	60.8
scaffold441756	OTU_0029	37.66	154	55	2	1	339	17	170	3e-22	86.3
scaffold445628	OTU_0132	36.22	254	108	7	13	636	70	315	2e-34	  123
scaffold445686	OTU_0103	32.97	182	81	10	654	226	121	300	5e-12	58.9
scaffold446005	OTU_0274	28.10	210	120	8	854	297	2	204	8e-11	54.3
scaffold451618	OTU_0243	44.55	101	44	3	746	480	201	301	2e-22	75.9
scaffold451618	OTU_0243	59.38	32	13	0	856	761	135	166	2e-22	40.4
scaffold452682	OTU_0030	36.26	171	106	3	622	116	2	171	5e-20	81.6
scaffold456969	OTU_0218	52.46	61	29	0	16	198	239	299	1e-13	63.5
scaffold456999	OTU_0341	69.77	43	12	1	265	390	247	289	2e-13	63.2
scaffold457431	OTU_0233	29.96	267	135	7	77	766	49	300	7e-17	72.8
scaffold457481	OTU_0105	37.50	256	116	5	840	196	1	253	7e-36	  125
scaffold457488	OTU_0067	27.88	226	123	9	3	611	96	304	2e-12	59.7
scaffold461759	OTU_0115	38.73	173	71	4	848	435	13	185	2e-25	95.5
scaffold463268	OTU_0218	38.10	105	65	0	40	354	198	302	2e-17	74.7
scaffold464677	OTU_0266	32.26	186	97	7	546	10	19	182	2e-11	56.6
scaffold464848	OTU_0212	37.91	182	105	3	627	94	3	180	2e-27	  103
scaffold465176	OTU_0319	31.98	172	81	5	438	845	84	255	2e-18	76.3
scaffold465442	OTU_0320	40.18	224	98	7	7	573	91	313	6e-36	  127
scaffold466670	OTU_0303	34.76	210	102	5	44	664	124	301	2e-25	97.4
scaffold468583	OTU_0155	32.32	263	127	9	31	705	51	300	2e-32	  117
scaffold470526	OTU_0208	42.37	59	34	0	696	520	244	302	7e-11	55.5
scaffold470649	OTU_0225	29.70	266	139	8	6	698	46	298	1e-17	75.1
scaffold471967	OTU_0235	36.81	182	100	5	173	694	4	178	6e-22	85.9
scaffold472861	OTU_0320	35.71	266	119	9	181	837	15	275	1e-25	98.2
scaffold474262	OTU_0217	30.72	166	104	4	634	143	29	185	6e-14	64.3
scaffold475929	OTU_0317	38.68	212	92	7	81	620	97	302	2e-29	  108
scaffold476431	OTU_0229	34.22	187	87	3	44	496	26	212	1e-22	87.8
scaffold476951	OTU_0287	36.65	281	123	10	710	3	12	282	8e-30	  110
scaffold477890	OTU_0246	35.59	295	134	11	828	52	28	302	9e-26	98.6
scaffold478686	OTU_0298	29.48	173	107	5	257	766	10	170	2e-12	60.1
scaffold478704	OTU_0314	56.72	67	29	0	2	202	249	315	1e-18	77.8
scaffold479136	OTU_0026	100.00	53	0	0	831	673	145	197	9e-32	  112
scaffold479385	OTU_0059	28.80	191	109	7	830	300	65	242	3e-12	58.9
scaffold482513	OTU_0140	55.22	67	30	0	652	452	235	301	8e-21	83.6
scaffold483163	OTU_0203	55.93	59	26	0	828	652	97	155	2e-19	77.8
scaffold483610	OTU_0265	65.22	46	16	0	58	195	130	175	8e-15	65.1
scaffold483698	OTU_0090	25.67	261	137	8	165	803	48	299	1e-14	66.6
scaffold483922	OTU_0229	36.27	193	85	6	468	4	17	209	1e-25	96.7
scaffold484935	OTU_0030	57.38	61	25	1	215	394	247	307	3e-15	68.2
scaffold485027	OTU_0226	28.57	266	143	10	34	786	67	300	7e-21	84.0
scaffold486336	OTU_0265	73.91	46	12	0	142	279	130	175	4e-19	77.0
scaffold488099	OTU_0021	37.36	182	79	6	564	121	74	254	4e-25	95.9
scaffold489149	OTU_0140	48.57	105	44	2	723	427	210	310	5e-25	95.9
scaffold491927	OTU_0121	39.18	171	97	5	598	98	10	177	6e-27	  101
scaffold492259	OTU_0111	39.75	161	92	4	616	143	5	163	2e-27	  102
scaffold492694	OTU_0229	30.05	203	111	8	685	158	11	209	3e-14	63.9
scaffold493152	OTU_0196	27.98	168	83	5	572	180	134	300	2e-11	56.6
scaffold495776	OTU_0105	40.58	69	41	0	722	516	177	245	4e-11	55.8
scaffold495949	OTU_0131	44.30	79	31	4	207	404	180	258	9e-11	54.7
scaffold497573	OTU_0183	35.59	281	141	6	787	59	36	314	5e-41	  140
scaffold500597	OTU_0209	36.46	181	85	6	468	1	6	181	4e-21	83.2
scaffold505158	OTU_0305	60.34	58	23	0	19	192	116	173	6e-17	70.5
scaffold507485	OTU_0196	34.35	294	155	8	777	7	8	300	3e-42	  143
scaffold507491	OTU_0234	33.04	227	105	9	28	600	86	301	3e-14	65.1
scaffold510707	OTU_0211	24.36	275	160	10	768	55	37	300	9e-12	57.8
scaffold510970	OTU_0250	33.33	153	90	3	140	598	43	183	5e-12	58.9
scaffold512214	OTU_0295	31.21	173	79	4	738	331	130	299	1e-11	57.4
scaffold513683	OTU_0203	38.60	114	53	2	55	381	54	155	2e-21	83.6
scaffold515603	OTU_0262	38.25	183	67	8	229	648	20	199	2e-20	81.3
scaffold515984	OTU_0096	32.58	89	58	1	290	30	89	177	3e-11	55.1
scaffold517519	OTU_0021	50.00	54	26	1	581	742	196	248	8e-12	57.8
scaffold518144	OTU_0105	37.08	178	70	5	333	743	64	240	4e-18	75.1
scaffold518591	OTU_0155	27.60	279	143	10	758	42	41	300	2e-15	68.6
scaffold519019	OTU_0233	34.54	194	94	6	663	181	110	303	5e-20	81.3
scaffold519721	OTU_0121	61.02	59	23	0	124	300	243	301	7e-18	75.1
scaffold519957	OTU_0335	31.11	180	87	3	2	430	121	300	4e-20	81.6
scaffold532614	OTU_0101	32.67	251	120	7	128	754	58	301	4e-20	81.6
scaffold534604	OTU_0067	37.13	167	103	2	507	10	12	177	7e-27	  101
scaffold542927	OTU_0140	32.62	282	146	8	62	778	1	281	5e-32	  115
scaffold544279	OTU_0067	27.21	272	153	12	772	62	44	305	3e-12	59.3
scaffold544380	OTU_0198	36.21	232	102	6	775	215	84	314	1e-23	91.7
scaffold546081	OTU_0106	29.51	183	92	6	760	299	126	300	2e-11	57.0
scaffold549033	OTU_0106	33.33	210	100	6	90	617	96	299	2e-17	73.9
scaffold549550	OTU_0305	34.25	146	55	4	736	419	28	172	9e-16	67.0
scaffold550669	OTU_0176	35.29	238	101	10	77	682	4	224	2e-24	93.2
scaffold551472	OTU_0155	30.08	133	77	3	554	156	58	174	8e-12	57.8
scaffold552480	OTU_0030	28.10	210	111	9	194	718	103	307	3e-11	56.2
scaffold557646	OTU_0246	30.04	253	121	11	689	51	60	296	2e-13	62.8
scaffold558919	OTU_0006	24.06	212	116	6	765	238	99	301	2e-12	60.1
scaffold559240	OTU_0177	35.56	180	77	6	36	458	121	300	7e-20	80.5
scaffold560280	OTU_0115	65.62	64	22	0	8	199	108	171	8e-22	84.7
scaffold562000	OTU_0042	30.85	188	91	8	478	8	119	298	1e-11	57.4
scaffold562951	OTU_0105	34.96	226	104	3	763	191	37	254	2e-25	96.3
scaffold565940	OTU_0335	27.20	250	140	9	758	111	59	300	3e-12	59.3
scaffold566274	OTU_0265	47.50	80	37	2	709	485	93	172	1e-12	58.5
scaffold567729	OTU_0301	30.36	168	90	5	259	744	10	156	5e-12	58.5
scaffold569545	OTU_0234	30.60	183	93	3	564	118	118	300	2e-13	62.8
scaffold570419	OTU_0125	60.98	41	16	0	48	170	218	258	2e-11	56.2
scaffold571939	OTU_0287	33.71	178	83	5	125	556	126	302	3e-18	75.9
scaffold574948	OTU_0335	32.23	273	145	7	54	755	8	279	9e-32	  114
scaffold575345	OTU_0217	34.25	181	81	4	184	615	121	300	4e-23	90.1
scaffold575925	OTU_0248	31.25	160	93	4	476	3	1	145	4e-11	55.8
scaffold576757	OTU_0305	72.00	50	13	1	616	470	122	171	7e-18	73.2
scaffold584563	OTU_0006	27.36	212	125	8	2	565	107	313	1e-12	60.5
scaffold584594	OTU_0305	70.59	51	15	0	528	376	125	175	7e-20	79.0
scaffold584826	OTU_0225	35.96	178	75	6	4	420	123	300	2e-19	79.3
scaffold585591	OTU_0084	46.07	89	44	2	78	332	83	171	1e-16	69.3
scaffold585627	OTU_0106	32.95	176	69	3	3	395	142	313	2e-20	82.4
scaffold586424	OTU_0105	38.00	250	115	4	690	52	8	254	1e-39	  134
scaffold587132	OTU_0307	32.20	177	79	5	147	554	125	301	9e-14	63.5
scaffold587430	OTU_0287	38.92	167	57	4	3	380	152	314	1e-23	91.7
scaffold591450	OTU_0317	45.92	98	43	1	8	271	217	314	1e-21	85.9
scaffold594110	OTU_0132	25.66	265	147	10	680	3	40	293	1e-14	65.5
scaffold594597	OTU_0328	27.93	179	89	5	25	447	47	223	3e-12	58.2
scaffold595011	OTU_0314	28.57	196	105	6	698	198	126	315	8e-11	54.7
scaffold596127	OTU_0072	35.29	102	65	1	436	738	16	117	2e-13	62.4
scaffold596232	OTU_0238	41.67	96	52	2	618	334	112	204	4e-14	62.8
scaffold596685	OTU_0183	28.11	185	98	4	736	287	117	301	3e-13	61.6
scaffold600934	OTU_0140	60.00	40	16	0	295	414	256	295	3e-11	55.8
scaffold601789	OTU_0265	73.91	46	12	0	16	153	130	175	5e-18	73.6
scaffold602057	OTU_0300	61.02	59	23	0	659	483	181	239	5e-17	71.6
scaffold603072	OTU_0229	32.80	189	84	4	455	3	6	189	9e-15	64.7
scaffold605816	OTU_0219	27.59	174	110	6	133	645	23	183	3e-11	56.2
scaffold609605	OTU_0314	44.58	83	41	2	681	448	219	301	4e-11	55.5
scaffold611172	OTU_0341	33.33	258	130	5	731	75	60	314	4e-36	  126
scaffold611966	OTU_0155	34.53	278	142	4	729	7	39	313	6e-42	  142
scaffold612596	OTU_0196	30.63	271	140	7	42	728	5	269	2e-29	  108
scaffold613408	OTU_0282	27.75	191	103	6	693	214	2	188	7e-11	53.5
scaffold613734	OTU_0155	30.37	270	142	9	27	728	37	296	2e-27	  102
scaffold614213	OTU_0229	28.97	214	107	8	142	681	10	212	5e-15	65.5
scaffold614504	OTU_0305	70.73	41	12	0	5	127	133	173	4e-15	64.7
scaffold615884	OTU_0218	28.73	275	157	8	16	726	11	284	3e-22	87.4
scaffold619775	OTU_0210	26.88	186	108	5	4	483	119	302	4e-14	64.3
scaffold621071	OTU_0148	27.49	171	119	4	201	707	13	180	1e-11	55.8
scaffold621476	OTU_0157	34.13	208	97	8	48	551	105	312	6e-21	83.6
scaffold621554	OTU_0099	35.71	84	43	1	632	414	64	147	4e-11	53.5
scaffold623038	OTU_0258	34.33	201	100	6	673	152	107	302	1e-21	85.5
scaffold626158	OTU_0315	69.44	36	11	0	722	615	74	109	4e-11	53.1
scaffold627750	OTU_0256	32.54	252	123	9	653	3	23	262	4e-16	69.3
scaffold631067	OTU_0265	83.33	30	5	0	702	613	136	165	4e-11	54.3
scaffold632309	OTU_0333	32.61	184	110	4	707	177	3	179	3e-18	74.3
scaffold634162	OTU_0115	35.71	182	71	5	713	306	1	182	1e-20	81.3
scaffold636035	OTU_0341	31.65	218	94	8	530	6	84	289	5e-22	86.7
scaffold636694	OTU_0314	41.56	77	44	1	580	350	239	314	2e-13	62.4
scaffold637590	OTU_0155	33.33	141	92	2	292	711	1	140	2e-17	73.6
scaffold639403	OTU_0193	30.41	148	88	5	446	3	14	146	3e-11	55.8
scaffold640277	OTU_0203	40.24	82	45	1	2	235	71	152	2e-14	62.8
scaffold641803	OTU_0029	55.56	45	20	0	26	160	126	170	4e-12	57.0
scaffold644375	OTU_0203	68.18	44	14	0	570	439	109	152	1e-15	66.2
scaffold644607	OTU_0227	34.44	270	136	8	19	711	12	279	1e-30	  111
scaffold646545	OTU_0150	27.94	204	99	6	31	510	14	213	2e-13	61.2
scaffold647263	OTU_0017	29.95	187	89	6	445	2	10	193	5e-16	68.2
scaffold651566	OTU_0068	55.74	61	27	0	1	183	88	148	3e-18	73.6
scaffold651584	OTU_0291	40.38	156	66	7	707	315	152	305	9e-22	85.9
scaffold651883	OTU_0095	28.49	186	95	8	704	249	120	301	5e-13	60.8
scaffold652736	OTU_0265	70.00	40	12	0	1	120	136	175	1e-14	63.5
scaffold653053	OTU_0295	36.84	152	55	3	632	300	127	278	6e-15	66.6
scaffold654567	OTU_0290	32.12	165	106	5	93	575	1	163	5e-18	74.3
scaffold660231	OTU_0305	67.31	52	17	0	506	351	125	176	2e-20	80.5
scaffold663939	OTU_0131	42.65	68	29	2	568	395	191	258	1e-11	56.2
scaffold668606	OTU_0325	29.52	210	106	4	697	173	2	204	5e-21	82.4
scaffold669379	OTU_0210	29.26	188	110	5	10	507	120	306	1e-12	59.7
scaffold671118	OTU_0320	63.79	58	20	1	686	513	246	302	2e-16	70.9
scaffold671960	OTU_0227	45.38	119	50	2	21	347	202	315	1e-21	85.1
scaffold672286	OTU_0176	35.91	181	65	9	428	3	40	208	8e-14	62.0
scaffold672693	OTU_0228	53.66	41	19	0	581	459	258	298	9e-11	54.3
scaffold674659	OTU_0021	45.31	64	34	1	553	365	201	264	3e-11	55.5
scaffold678989	OTU_0155	33.98	259	132	5	2	667	57	313	1e-38	  132
scaffold681787	OTU_0226	34.35	230	108	5	21	587	84	311	2e-35	  124
scaffold682147	OTU_0150	36.15	213	98	6	554	12	10	216	1e-25	95.5
scaffold682724	OTU_0051	30.60	183	110	6	649	113	1	170	1e-13	62.8
scaffold683395	OTU_0196	25.81	248	151	6	659	3	42	285	2e-17	73.2
scaffold684994	OTU_0127	29.38	177	88	5	519	100	1	177	9e-13	58.5
scaffold686976	OTU_0305	74.36	39	10	0	231	347	135	173	5e-16	67.4
scaffold688860	OTU_0206	32.95	264	118	9	1	684	46	286	6e-20	80.5
scaffold690629	OTU_0260	38.46	91	50	2	284	15	3	88	2e-11	55.1
scaffold690928	OTU_0217	35.36	181	79	4	13	444	121	300	1e-25	96.7
scaffold694162	OTU_0351	34.42	215	95	7	3	533	7	213	3e-23	88.6
scaffold698023	OTU_0267	50.00	64	32	0	160	351	232	295	1e-16	70.9
scaffold698392	OTU_0307	32.57	261	137	5	671	3	20	279	9e-29	  105
scaffold701448	OTU_0274	41.77	79	35	1	295	531	2	69	4e-11	54.3
scaffold702485	OTU_0107	35.52	183	83	4	679	236	121	303	9e-21	82.8
scaffold704306	OTU_0196	30.62	209	102	9	3	590	129	307	6e-16	68.9
scaffold704691	OTU_0105	35.03	177	74	6	1	408	64	240	6e-18	73.9
scaffold704812	OTU_0226	33.48	227	107	8	569	6	71	292	8e-23	88.6
scaffold708543	OTU_0160	33.64	107	62	3	354	34	6	103	1e-11	55.1
scaffold709460	OTU_0084	50.98	51	25	0	289	137	121	171	1e-11	54.7
scaffold710312	OTU_0312	32.97	185	86	8	212	670	96	274	6e-14	63.2
scaffold712994	OTU_0325	25.93	216	118	7	53	607	6	210	2e-12	57.8
scaffold715446	OTU_0203	66.67	45	14	1	507	376	107	151	2e-16	68.2
scaffold716606	OTU_0316	40.00	105	61	2	335	27	9	113	3e-14	64.3
scaffold720972	OTU_0140	60.00	40	16	0	558	439	256	295	1e-11	56.6
scaffold722568	OTU_0265	48.39	62	23	1	10	195	132	184	8e-11	53.1
scaffold724125	OTU_0260	28.29	205	99	7	597	109	12	210	3e-11	54.7
scaffold724855	OTU_0275	47.17	53	28	0	290	448	100	152	7e-11	52.4
scaffold726385	OTU_0067	31.74	167	110	4	644	153	12	177	4e-16	69.3
scaffold729119	OTU_0079	30.47	256	116	10	640	2	47	283	6e-15	66.2
scaffold729915	OTU_0140	47.76	67	35	0	653	453	235	301	1e-15	68.2
scaffold731279	OTU_0175	36.36	264	115	9	2	658	60	315	2e-37	  129
scaffold731681	OTU_0016	35.47	172	75	8	253	663	78	248	2e-20	80.9
scaffold732295	OTU_0068	41.35	104	50	2	4	300	51	148	4e-20	79.0
scaffold735976	OTU_0155	29.36	218	101	12	19	567	100	299	3e-14	64.3
scaffold737837	OTU_0104	56.67	60	25	1	519	343	176	235	5e-15	65.5
scaffold739043	OTU_0051	35.58	163	86	8	168	641	1	149	1e-14	65.5
scaffold742188	OTU_0292	36.20	163	95	5	130	609	1	157	6e-24	89.4
scaffold742776	OTU_0235	36.72	177	107	4	609	88	10	184	5e-23	88.2
scaffold746862	OTU_0125	26.77	254	134	9	8	655	7	246	2e-18	75.1
scaffold749044	OTU_0305	58.06	62	25	1	644	462	112	173	3e-19	76.6
scaffold750012	OTU_0198	29.38	177	93	7	620	186	127	303	9e-13	59.7
scaffold750637	OTU_0305	68.89	45	14	0	433	299	129	173	1e-16	68.9
scaffold751402	OTU_0320	32.54	252	131	7	642	1	20	270	5e-24	92.0
scaffold755678	OTU_0315	49.15	59	30	0	526	350	48	106	2e-16	67.4
scaffold755817	OTU_0133	41.94	62	36	0	370	555	85	146	3e-11	53.5
scaffold758273	OTU_0320	37.57	181	78	8	619	179	126	305	5e-21	83.2
scaffold759972	OTU_0301	38.89	162	64	5	2	382	147	308	2e-22	87.0
scaffold760451	OTU_0010	35.68	213	92	6	511	2	66	276	6e-21	82.8
scaffold762132	OTU_0046	66.20	216	73	0	1	648	65	280	4e-100	  291
scaffold762444	OTU_0306	39.39	165	96	3	27	515	3	165	4e-20	79.0
scaffold763097	OTU_0124	51.85	54	25	1	142	303	98	150	5e-12	55.8
scaffold764844	OTU_0312	34.95	206	96	7	642	121	104	303	5e-24	92.0
scaffold768079	OTU_0271	27.07	181	92	3	36	458	120	300	2e-16	70.5
scaffold768090	OTU_0095	35.16	182	82	3	611	174	121	302	4e-23	89.4
scaffold769236	OTU_0018	28.02	182	95	7	6	461	5	180	2e-15	65.5
scaffold770402	OTU_0203	65.85	41	14	0	7	129	112	152	6e-16	66.6
scaffold771501	OTU_0153	31.60	231	113	9	13	600	95	315	5e-17	71.6
scaffold773141	OTU_0072	43.24	74	36	2	409	612	230	303	7e-11	54.3
scaffold773768	OTU_0125	45.83	72	38	1	98	313	188	258	1e-12	58.5
scaffold774808	OTU_0179	30.77	247	121	8	18	644	30	264	2e-17	72.8
scaffold777344	OTU_0266	34.84	221	99	6	597	55	59	274	7e-20	79.7
scaffold778397	OTU_0125	35.40	161	78	9	497	48	2	147	2e-14	63.5
scaffold780351	OTU_0044	37.13	237	112	4	30	632	56	291	2e-34	  120
scaffold781157	OTU_0071	27.57	214	115	5	11	541	94	304	3e-16	69.3
scaffold781263	OTU_0323	30.43	138	94	2	412	2	8	144	7e-15	64.3
scaffold782588	OTU_0155	34.62	182	83	6	76	513	119	300	1e-24	93.6
scaffold783782	OTU_0229	33.65	208	94	5	9	521	11	211	1e-26	97.8
scaffold784223	OTU_0051	32.67	150	97	3	448	5	2	149	1e-19	79.3
scaffold784855	OTU_0131	40.51	79	34	3	419	222	180	258	4e-12	57.4
scaffold788285	OTU_0048	35.41	209	114	6	7	609	20	215	9e-25	94.0
scaffold788666	OTU_0105	34.58	214	104	5	638	102	42	254	1e-25	95.9
scaffold788706	OTU_0249	35.08	248	123	4	636	1	23	268	8e-33	  116
scaffold789476	OTU_0235	35.50	169	106	3	626	126	10	177	3e-22	85.5
scaffold789575	OTU_0235	37.31	193	107	6	584	39	10	199	3e-27	99.4
scaffold789589	OTU_0072	36.21	174	95	4	501	4	5	170	2e-24	92.8
scaffold791417	OTU_0265	56.82	44	19	0	42	173	131	174	4e-11	53.5
scaffold792010	OTU_0235	35.77	137	79	3	634	233	48	178	2e-14	63.2
scaffold792625	OTU_0351	34.47	206	93	6	511	2	2	201	2e-25	94.4
scaffold793041	OTU_0105	36.32	190	77	6	563	108	57	240	1e-23	90.1
scaffold793108	OTU_0256	28.84	215	116	7	627	88	70	282	2e-16	70.1
scaffold794496	OTU_0250	31.49	181	87	4	633	202	130	310	3e-17	72.4
scaffold799782	OTU_0043	45.76	59	31	1	86	262	247	304	9e-11	53.9
scaffold801273	OTU_0150	34.31	102	60	2	280	585	1	95	3e-12	57.4
scaffold801458	OTU_0203	54.84	62	28	0	598	413	94	155	1e-20	80.1
scaffold802614	OTU_0030	37.61	117	63	3	281	613	1	113	5e-14	63.2
scaffold802867	OTU_0260	31.32	182	89	4	541	101	29	209	6e-17	70.1
scaffold803700	OTU_0217	35.36	181	79	4	604	173	121	300	3e-25	95.5
scaffold805574	OTU_0140	48.89	90	35	3	21	260	213	301	1e-19	79.0
scaffold806301	OTU_0096	56.36	55	23	1	498	337	118	172	2e-14	62.8
scaffold806877	OTU_0229	35.87	184	78	6	574	143	26	209	7e-24	90.5
scaffold807324	OTU_0203	67.86	56	18	0	6	173	97	152	2e-20	79.3
scaffold811175	OTU_0320	58.33	60	25	0	610	431	243	302	9e-18	73.9
scaffold814063	OTU_0226	30.63	222	99	5	2	541	90	298	2e-24	92.8
scaffold819952	OTU_0161	40.23	87	41	3	498	262	101	184	7e-11	53.1
scaffold822299	OTU_0217	37.79	217	94	6	623	90	99	313	4e-33	  117
scaffold823602	OTU_0282	26.67	195	98	5	612	136	3	188	1e-10	52.4
scaffold823882	OTU_0196	37.38	206	121	3	5	622	10	207	9e-41	  137
scaffold826641	OTU_0351	36.67	180	78	6	516	85	27	206	2e-25	94.4
scaffold827046	OTU_0262	28.02	207	105	5	91	603	1	199	1e-12	58.2
scaffold827260	OTU_0234	32.72	217	99	6	569	39	92	301	3e-24	92.4
scaffold827378	OTU_0226	34.48	174	77	6	610	200	122	295	5e-18	74.3
scaffold828787	OTU_0287	40.17	234	97	6	24	611	87	315	2e-39	  134
scaffold834470	OTU_0132	30.88	136	78	4	552	151	42	163	6e-12	57.0
scaffold834572	OTU_0225	38.25	183	73	7	79	516	121	300	4e-22	85.9
scaffold839952	OTU_0320	33.04	230	96	10	22	609	91	296	2e-20	81.3
scaffold840651	OTU_0132	33.33	246	121	5	4	615	57	301	1e-32	  115
scaffold842806	OTU_0155	34.53	139	76	7	63	470	47	173	7e-14	62.8
scaffold850342	OTU_0101	51.47	68	32	1	577	374	246	312	3e-14	63.9
scaffold850844	OTU_0203	64.71	51	18	0	589	437	102	152	2e-18	73.6
scaffold851050	OTU_0203	68.63	51	16	0	7	159	102	152	1e-18	74.3
scaffold854642	OTU_0335	64.81	54	19	0	609	448	248	301	2e-19	78.6
scaffold855343	OTU_0234	33.68	193	90	3	597	133	109	301	2e-24	92.8
scaffold855875	OTU_0042	40.99	222	95	6	597	37	94	314	4e-39	  133
scaffold858514	OTU_0129	72.50	40	11	0	439	320	227	266	3e-16	68.9
scaffold860190	OTU_0128	47.62	126	60	3	375	1	12	132	4e-28	  103
scaffold862685	OTU_0229	36.61	183	83	6	5	463	30	209	4e-19	76.6
scaffold864909	OTU_0305	53.19	47	22	0	194	334	130	176	1e-12	57.4
scaffold866816	OTU_0087	41.98	81	46	1	69	311	105	184	1e-14	63.2
scaffold866983	OTU_0155	29.08	196	113	7	29	601	3	177	1e-13	61.6
scaffold872391	OTU_0012	31.28	179	91	7	549	97	19	193	9e-17	69.3
scaffold874065	OTU_0134	30.05	203	90	9	595	119	108	302	6e-12	57.0
scaffold875400	OTU_0096	32.04	181	90	8	54	518	1	174	3e-15	64.7
scaffold876205	OTU_0226	28.37	215	106	6	540	13	103	308	8e-14	62.4
scaffold877511	OTU_0329	80.58	103	20	0	293	601	1	103	1e-55	  171
scaffold878977	OTU_0322	37.04	108	62	3	236	541	1	108	2e-12	58.5
scaffold881605	OTU_0140	47.76	67	35	0	88	288	235	301	5e-16	68.6
scaffold887519	OTU_0140	34.81	158	65	5	598	233	146	301	2e-20	80.9
scaffold887841	OTU_0137	32.86	140	76	5	92	502	41	165	8e-11	53.5
scaffold893047	OTU_0260	31.34	217	100	5	54	584	3	210	7e-16	67.0
scaffold894850	OTU_0043	44.29	70	36	1	347	138	242	308	3e-11	54.7
scaffold895305	OTU_0126	37.64	178	88	4	16	480	119	296	5e-21	82.4
scaffold896839	OTU_0129	64.00	50	18	0	214	363	217	266	2e-17	72.4
scaffold897253	OTU_0126	32.03	153	56	3	319	5	119	271	4e-14	63.2
scaffold897843	OTU_0157	34.29	175	113	2	591	70	5	178	1e-20	81.3
scaffold898114	OTU_0155	35.51	138	76	7	567	160	47	173	2e-13	61.2
scaffold899041	OTU_0265	51.11	45	22	0	1	135	131	175	5e-11	53.1
scaffold900825	OTU_0029	57.63	59	25	0	1	177	112	170	7e-18	72.4
scaffold901048	OTU_0312	37.32	142	76	5	574	152	44	173	3e-12	57.8
scaffold903015	OTU_0173	59.38	64	25	1	46	234	239	302	4e-18	74.7
scaffold904180	OTU_0150	29.34	167	78	3	199	591	33	195	2e-12	57.8
scaffold906317	OTU_0159	41.57	89	51	1	352	86	21	108	1e-16	68.6
scaffold908352	OTU_0175	29.63	189	110	9	8	541	3	179	1e-13	62.0
scaffold914166	OTU_0265	70.73	41	12	0	588	466	135	175	5e-16	67.0
scaffold915286	OTU_0203	45.90	61	32	1	555	376	90	150	1e-11	54.3
scaffold916843	OTU_0006	37.62	101	57	3	73	372	208	303	2e-11	55.5
scaffold917412	OTU_0286	29.63	162	103	6	494	15	18	170	5e-13	58.2
scaffold918636	OTU_0179	47.73	88	46	0	565	302	199	286	4e-18	74.3
scaffold920968	OTU_0235	34.86	175	101	4	583	80	10	178	6e-26	95.5
scaffold921073	OTU_0229	35.71	182	81	4	587	150	28	209	8e-29	  103
scaffold922668	OTU_0044	50.00	98	43	2	585	310	207	304	8e-22	84.7
scaffold923470	OTU_0155	31.82	220	111	5	566	6	75	288	1e-18	75.9
scaffold928217	OTU_0183	36.48	159	96	4	485	18	10	166	3e-22	86.3
scaffold929688	OTU_0040	56.90	58	25	0	536	363	248	305	3e-17	72.0
scaffold929758	OTU_0042	38.42	177	69	7	165	575	125	301	4e-21	83.2
scaffold931642	OTU_0198	61.11	72	28	0	5	220	243	314	9e-21	82.0
scaffold934685	OTU_0312	25.98	204	111	4	17	517	105	305	7e-14	62.4
scaffold934817	OTU_0105	36.24	229	104	5	570	7	26	253	8e-31	  109
scaffold936811	OTU_0173	26.67	225	118	4	3	566	96	310	3e-11	55.1
scaffold938126	OTU_0256	31.94	191	89	6	108	581	80	262	2e-13	61.2
scaffold940340	OTU_0202	33.33	111	61	2	183	509	84	183	2e-12	56.6
scaffold942486	OTU_0053	30.17	179	83	5	499	89	11	189	6e-12	55.8
scaffold951713	OTU_0017	32.43	185	94	7	551	78	18	198	6e-18	72.8
scaffold954421	OTU_0157	37.50	112	67	3	236	562	5	116	2e-15	66.6
scaffold957532	OTU_0140	58.33	60	25	0	205	384	239	298	3e-18	74.7
scaffold958036	OTU_0087	46.39	97	45	1	553	284	90	186	1e-22	85.9
scaffold962037	OTU_0111	36.17	141	85	4	160	573	5	143	1e-21	84.3
scaffold963149	OTU_0006	50.00	80	40	0	25	264	235	314	3e-20	80.5
scaffold964406	OTU_0282	28.57	189	85	5	461	12	11	188	4e-12	55.8
scaffold967202	OTU_0038	35.40	226	108	5	4	570	65	289	6e-31	  110
scaffold968918	OTU_0277	32.32	99	66	1	138	434	39	136	3e-11	52.8
scaffold973156	OTU_0140	37.65	85	42	3	386	165	213	297	2e-11	55.5
scaffold973712	OTU_0235	35.67	157	94	5	110	568	3	156	1e-17	71.6
scaffold976280	OTU_0029	74.29	35	9	0	3	107	134	168	1e-12	57.0
scaffold979281	OTU_0235	36.16	177	105	5	547	26	16	187	2e-27	99.8
scaffold985692	OTU_0265	68.75	48	15	0	179	322	136	183	5e-17	69.7
scaffold986328	OTU_0274	36.93	176	70	4	564	160	42	217	1e-23	89.0
scaffold986826	OTU_0029	34.44	90	53	2	514	245	82	165	7e-12	55.1
scaffold987011	OTU_0197	67.50	40	13	0	527	408	136	175	6e-14	60.8
scaffold987788	OTU_0150	38.78	98	47	2	270	560	12	97	2e-13	60.1
scaffold989722	OTU_0203	51.92	52	24	1	409	564	99	149	2e-12	56.2
scaffold989968	OTU_0173	50.00	50	25	0	534	385	248	297	9e-11	53.1
scaffold992159	OTU_0106	41.82	110	61	2	435	112	89	197	1e-17	72.8
scaffold994768	OTU_0176	35.91	181	90	4	85	555	36	214	6e-22	84.3
scaffold994846	OTU_0261	35.09	57	37	0	182	12	240	296	2e-12	50.4
scaffold994846	OTU_0261	24.59	122	72	3	559	242	90	207	2e-12	32.0
scaffold996154	OTU_0163	34.04	141	80	2	9	392	12	152	6e-19	74.7
scaffold997640	OTU_0312	40.00	80	40	2	387	151	93	165	9e-12	56.2
scaffold999163	OTU_0265	60.98	41	16	0	122	244	132	172	6e-11	52.8
scaffold1002619	OTU_0217	36.94	222	102	4	1	555	93	313	1e-36	  125
scaffold1002927	OTU_0176	38.93	149	79	7	453	25	5	147	4e-15	64.7
scaffold1005078	OTU_0217	34.26	216	91	7	512	3	58	268	1e-21	84.3
scaffold1008530	OTU_0203	64.29	56	20	0	25	192	97	152	6e-19	75.1
scaffold1008732	OTU_0126	31.07	177	81	5	27	515	13	162	5e-12	57.0
scaffold1010876	OTU_0138	33.10	142	87	5	98	511	16	153	2e-12	56.2
scaffold1010891	OTU_0038	30.32	221	107	10	558	1	62	270	5e-12	57.0
scaffold1011774	OTU_0053	35.80	81	50	2	441	199	115	193	9e-11	52.4
scaffold1012383	OTU_0345	73.53	34	9	0	558	457	265	298	5e-11	53.9
scaffold1014806	OTU_0100	74.46	184	47	0	554	3	115	298	5e-89	  261
scaffold1016243	OTU_0265	48.89	45	23	0	403	269	131	175	1e-11	54.7
scaffold1019425	OTU_0305	58.21	67	28	0	8	208	110	176	2e-22	85.1
scaffold1020503	OTU_0335	57.35	68	29	0	4	207	247	314	4e-20	80.1
scaffold1021196	OTU_0155	31.34	201	96	6	495	1	89	283	6e-22	85.1
scaffold1023257	OTU_0229	34.05	185	85	3	535	89	26	209	3e-26	96.3
scaffold1026297	OTU_0140	53.12	64	30	0	528	337	235	298	7e-17	70.9
scaffold1029952	OTU_0074	47.06	85	35	2	552	328	74	158	3e-17	70.1
scaffold1032370	OTU_0261	38.27	81	45	1	89	316	218	298	7e-11	53.5
scaffold1032613	OTU_0341	45.92	98	41	4	519	262	204	301	8e-19	76.3
scaffold1034420	OTU_0234	34.06	138	79	2	128	541	41	166	2e-15	66.6
scaffold1034979	OTU_0249	34.05	185	86	3	500	54	93	277	1e-25	95.1
scaffold1037004	OTU_0140	27.62	210	101	7	527	30	98	300	4e-13	59.7
scaffold1041050	OTU_0213	78.87	71	15	0	335	547	1	71	3e-32	  114
scaffold1042087	OTU_0351	33.52	182	80	6	544	110	27	204	7e-20	78.2
scaffold1042799	OTU_0315	69.44	36	11	0	549	442	71	106	2e-14	60.8
scaffold1043161	OTU_0140	48.81	84	38	1	461	225	217	300	2e-21	83.6
scaffold1044207	OTU_0317	33.15	178	82	9	106	546	97	268	3e-12	57.8
scaffold1044613	OTU_0235	40.74	135	78	2	1	402	44	177	1e-20	80.5
scaffold1045602	OTU_0155	33.02	215	96	6	16	546	89	293	3e-19	77.4
scaffold1046506	OTU_0211	30.68	176	84	7	548	108	129	295	4e-12	57.4
scaffold1048099	OTU_0127	29.38	177	96	6	32	475	5	181	4e-14	61.2
scaffold1048444	OTU_0265	57.78	45	19	0	216	350	131	175	7e-13	57.8
scaffold1057936	OTU_0265	57.78	45	19	0	25	159	133	177	1e-13	59.7
scaffold1060811	OTU_0281	53.06	49	23	0	543	397	49	97	1e-13	58.9
scaffold1061742	OTU_0090	54.41	68	29	2	253	450	235	302	4e-17	71.2
scaffold1063770	OTU_0020	27.45	204	122	4	8	541	93	296	3e-16	68.6
scaffold1063964	OTU_0265	46.67	60	29	1	205	384	132	188	6e-12	55.1
scaffold1064596	OTU_0217	34.62	182	79	4	40	471	121	300	1e-24	92.4
scaffold1065219	OTU_0157	34.23	222	100	7	540	4	60	278	6e-27	99.0
scaffold1066405	OTU_0236	34.46	177	82	5	53	481	126	302	8e-20	79.0
scaffold1074168	OTU_0044	54.17	96	38	1	3	272	209	304	2e-25	94.4
scaffold1074671	OTU_0257	52.70	74	35	0	52	273	48	121	1e-19	76.3
scaffold1077680	OTU_0016	33.92	171	80	7	538	125	86	256	3e-20	79.7
scaffold1080988	OTU_0044	36.53	167	69	1	4	393	138	304	1e-24	92.8
scaffold1085238	OTU_0050	36.80	125	58	5	113	481	74	179	1e-10	51.6
scaffold1086524	OTU_0043	36.47	85	54	0	65	319	214	298	2e-11	55.1
scaffold1087792	OTU_0305	58.06	62	25	1	530	348	112	173	1e-17	71.6
scaffold1095187	OTU_0157	30.98	184	82	6	475	56	120	302	1e-16	70.1
scaffold1095776	OTU_0140	61.04	77	30	0	112	342	235	311	5e-24	90.9
scaffold1095941	OTU_0229	34.00	200	97	7	527	3	4	193	7e-20	78.2
scaffold1099316	OTU_0217	35.00	160	99	2	26	505	33	187	6e-25	93.6
scaffold1100032	OTU_0203	59.68	62	24	1	413	228	94	154	1e-20	79.3
scaffold1103959	OTU_0052	28.36	201	95	7	531	70	101	299	5e-14	62.4
scaffold1104360	OTU_0341	58.90	73	30	0	4	222	242	314	6e-23	87.8
scaffold1107926	OTU_0067	32.37	173	101	6	26	517	12	177	1e-19	78.6
scaffold1108544	OTU_0165	33.12	160	105	2	42	518	5	163	2e-17	70.9
scaffold1109167	OTU_0257	49.02	51	26	0	530	378	71	121	1e-11	52.8
scaffold1110508	OTU_0229	31.71	205	97	6	529	35	12	213	3e-17	70.5
scaffold1112427	OTU_0351	29.63	162	73	3	445	83	22	183	9e-13	57.8
scaffold1114837	OTU_0305	57.41	54	23	0	528	367	120	173	5e-20	78.2
scaffold1117869	OTU_0022	33.70	181	80	9	518	75	129	302	3e-14	63.2
scaffold1121182	OTU_0115	41.53	183	75	3	1	453	3	185	8e-32	  109
scaffold1121844	OTU_0198	28.44	211	109	7	12	524	96	304	1e-12	58.9
scaffold1122974	OTU_0096	42.86	63	35	1	233	48	109	171	1e-11	53.9
scaffold1124223	OTU_0155	39.16	166	97	3	496	5	2	165	7e-27	99.0
scaffold1125163	OTU_0079	35.00	180	78	5	425	3	121	300	7e-21	81.6
scaffold1125351	OTU_0274	46.85	111	47	2	492	196	107	217	8e-22	83.6
scaffold1126240	OTU_0012	32.11	190	92	4	28	492	12	199	2e-22	85.1
scaffold1127228	OTU_0030	37.85	177	74	5	526	104	126	302	2e-25	94.7
scaffold1129102	OTU_0236	33.84	198	85	6	43	525	99	287	1e-19	78.6
scaffold1132525	OTU_0298	40.00	105	62	1	315	4	10	114	1e-15	67.0
scaffold1134851	OTU_0234	31.33	166	80	4	398	3	118	283	5e-11	53.5
scaffold1135774	OTU_0229	30.48	210	95	5	20	523	2	202	3e-17	70.5
scaffold1143748	OTU_0218	52.86	70	31	1	73	276	230	299	6e-15	65.1
scaffold1144888	OTU_0010	29.71	175	100	6	519	1	131	284	4e-11	53.9
scaffold1145007	OTU_0282	55.56	54	23	1	240	401	139	191	4e-13	58.2
scaffold1146412	OTU_0121	57.63	59	25	0	413	237	243	301	1e-17	72.4
scaffold1146672	OTU_0229	31.75	189	94	7	476	3	6	190	6e-11	52.8
scaffold1147393	OTU_0030	36.90	187	81	6	482	30	119	304	2e-24	92.0
scaffold1147820	OTU_0265	62.26	53	15	1	327	169	130	177	2e-16	67.8
scaffold1148175	OTU_0105	36.16	177	75	5	520	104	64	240	2e-22	85.9
scaffold1150454	OTU_0203	61.67	60	23	0	63	242	93	152	1e-20	79.7
scaffold1154659	OTU_0024	99.15	118	1	0	165	518	1	118	1e-66	  201
scaffold1156795	OTU_0153	36.84	209	91	4	7	513	96	303	2e-31	  111
scaffold1158632	OTU_0125	28.24	170	82	4	406	8	83	249	1e-11	55.1
scaffold1159171	OTU_0140	55.22	67	30	0	114	314	235	301	3e-21	82.4
scaffold1159381	OTU_0192	40.70	86	44	2	115	354	8	92	9e-12	53.1
scaffold1162624	OTU_0106	30.43	184	108	5	3	494	117	300	7e-14	62.0
scaffold1162751	OTU_0015	34.10	217	92	6	515	3	59	270	7e-23	87.0
scaffold1163492	OTU_0115	48.86	88	41	1	51	302	84	171	5e-19	75.1
scaffold1165854	OTU_0012	27.27	165	85	3	122	514	12	175	3e-14	61.2
scaffold1166255	OTU_0203	56.60	53	22	1	3	161	98	149	8e-13	57.0
scaffold1172015	OTU_0003	63.64	55	20	0	1	165	248	302	2e-19	77.4
scaffold1174969	OTU_0320	41.92	167	94	3	499	5	2	167	1e-24	92.0
scaffold1175244	OTU_0305	50.75	67	33	0	156	356	110	176	5e-17	69.3
scaffold1175421	OTU_0127	34.86	175	79	3	92	511	1	175	1e-23	88.2
scaffold1175436	OTU_0162	30.20	202	99	9	495	7	104	302	4e-12	57.0
scaffold1175903	OTU_0316	37.97	158	95	3	42	509	9	165	2e-24	91.7
scaffold1178937	OTU_0284	46.25	80	39	1	12	239	221	300	7e-17	70.5
scaffold1181979	OTU_0294	33.84	198	91	8	506	6	94	282	5e-23	87.4
scaffold1187628	OTU_0030	35.59	177	78	5	3	425	126	302	2e-24	91.7
scaffold1188477	OTU_0104	59.02	61	21	1	206	388	179	235	2e-18	73.9
scaffold1188605	OTU_0021	35.79	95	51	2	434	180	168	262	8e-13	58.5
scaffold1192873	OTU_0262	57.78	45	19	0	486	352	155	199	5e-11	52.8
scaffold1194290	OTU_0084	35.06	154	63	5	508	158	18	171	6e-14	60.5
scaffold1196227	OTU_0155	33.03	109	65	3	483	157	74	174	1e-11	55.5
scaffold1197132	OTU_0162	35.21	71	45	1	117	326	232	302	6e-11	53.5
scaffold1198026	OTU_0085	36.09	133	72	5	129	506	14	140	7e-14	59.7
scaffold1199724	OTU_0226	25.00	192	97	4	463	2	87	269	1e-13	61.6
scaffold1200180	OTU_0115	61.11	54	21	0	457	296	115	168	2e-17	70.5
scaffold1201605	OTU_0130	44.78	67	35	2	474	277	117	182	2e-11	53.1
scaffold1205945	OTU_0168	99.40	166	1	0	500	3	1	166	4e-110	  309
scaffold1206725	OTU_0073	68.89	45	14	0	478	344	227	271	6e-16	67.4
scaffold1208349	OTU_0155	28.67	150	90	6	471	28	54	188	3e-11	53.9
scaffold1209953	OTU_0105	36.67	180	71	8	493	77	63	240	1e-20	80.5
scaffold1211063	OTU_0176	48.98	98	39	2	75	338	128	224	4e-23	87.0
scaffold1213937	OTU_0351	60.94	64	25	0	317	126	141	204	3e-23	87.0
scaffold1214333	OTU_0155	33.59	128	73	4	468	88	57	173	4e-13	59.7
scaffold1219432	OTU_0281	56.90	58	25	0	297	124	31	88	2e-17	69.3
scaffold1219958	OTU_0211	26.11	180	92	2	479	60	119	297	1e-14	63.9
scaffold1220073	OTU_0226	34.54	194	81	4	460	2	86	274	2e-24	91.7
scaffold1221673	OTU_0042	37.99	179	69	8	503	90	127	304	1e-18	75.5
scaffold1228210	OTU_0012	43.59	78	43	1	424	191	127	203	2e-17	70.9
scaffold1228213	OTU_0299	54.55	44	20	0	500	369	122	165	1e-10	51.2
scaffold1234956	OTU_0238	42.31	78	45	0	7	240	128	205	3e-17	70.5
scaffold1239091	OTU_0260	28.02	182	94	6	491	51	34	213	4e-13	58.5
scaffold1240984	OTU_0234	33.33	132	74	4	499	107	61	179	4e-11	53.5
scaffold1241446	OTU_0281	59.57	47	19	0	1	141	55	101	5e-15	62.4
scaffold1244120	OTU_0305	68.09	47	15	0	32	172	127	173	9e-16	65.5
scaffold1249029	OTU_0249	40.98	61	34	1	169	345	217	277	1e-10	52.4
scaffold1249932	OTU_0218	34.66	176	79	4	497	78	127	302	1e-24	92.4
scaffold1262336	OTU_0085	34.15	123	76	4	363	7	2	123	1e-11	53.1
scaffold1264977	OTU_0176	44.83	87	46	2	108	365	5	90	4e-15	63.9
scaffold1265820	OTU_0305	57.38	61	26	0	423	241	114	174	4e-21	80.9
scaffold1280543	OTU_0076	27.78	180	90	5	477	52	122	299	5e-11	53.5
scaffold1280706	OTU_0223	36.97	119	73	2	476	123	58	175	2e-21	82.4
scaffold1281259	OTU_0044	62.16	37	14	0	3	113	255	291	2e-11	55.1
scaffold1282564	OTU_0152	65.96	47	16	0	486	346	206	252	9e-19	75.1
scaffold1284944	OTU_0351	48.24	85	37	2	125	367	123	204	6e-19	75.1
scaffold1286714	OTU_0121	28.65	171	88	4	414	4	125	295	7e-11	53.1
scaffold1290618	OTU_0111	43.16	95	47	2	329	48	89	177	6e-15	64.3
scaffold1292207	OTU_0016	42.86	63	35	1	43	231	196	257	1e-11	55.1
scaffold1293827	OTU_0233	31.87	160	93	6	9	476	21	168	7e-13	58.9
scaffold1298128	OTU_0218	39.58	144	74	6	418	8	11	148	3e-19	76.6
scaffold1299119	OTU_0248	33.33	165	76	6	393	1	105	269	6e-17	70.1
scaffold1299520	OTU_0341	59.42	69	28	0	475	269	246	314	7e-22	84.3
scaffold1300366	OTU_0203	50.00	80	33	2	83	304	77	155	9e-21	79.3
scaffold1300858	OTU_0010	39.11	202	81	5	2	484	88	288	2e-29	  105
scaffold1301048	OTU_0151	28.50	200	95	7	485	3	95	285	5e-15	65.1
scaffold1302629	OTU_0305	69.23	52	16	0	156	311	124	175	2e-20	78.6
scaffold1304442	OTU_0193	40.99	161	89	3	480	1	83	238	1e-35	  122
scaffold1304886	OTU_0274	38.95	190	75	5	451	2	2	190	2e-26	96.3
scaffold1311429	OTU_0140	50.00	64	32	0	430	239	235	298	2e-18	74.3
scaffold1314371	OTU_0333	37.76	143	83	4	12	431	38	177	3e-20	79.0
scaffold1320133	OTU_0151	31.03	174	73	5	425	30	100	268	5e-16	67.8
scaffold1320677	OTU_0221	30.15	136	80	4	410	9	11	133	2e-12	55.8
scaffold1327499	OTU_0006	40.91	88	50	2	475	215	217	303	7e-11	52.8
scaffold1330623	OTU_0315	75.00	120	30	0	21	380	1	120	7e-67	  197
scaffold1336529	OTU_0218	39.05	105	64	0	393	79	198	302	3e-18	73.9
scaffold1337335	OTU_0174	43.10	58	26	1	182	9	2	52	4e-12	55.1
scaffold1339999	OTU_0235	33.58	134	70	5	104	475	10	134	5e-12	55.5
scaffold1340536	OTU_0155	35.96	178	76	6	54	476	97	273	3e-23	87.8
scaffold1344492	OTU_0257	54.29	70	32	0	13	222	39	108	9e-20	75.9
scaffold1345608	OTU_0017	37.57	181	80	4	461	18	16	196	2e-28	  100
scaffold1356777	OTU_0144	66.67	57	19	0	52	222	257	313	4e-21	81.6
scaffold1358134	OTU_0305	66.10	59	19	1	471	295	119	176	2e-20	78.6
scaffold1361779	OTU_0079	38.26	149	49	5	26	352	157	302	2e-19	77.0
scaffold1365299	OTU_0176	34.97	163	65	3	3	368	50	212	2e-22	84.7
scaffold1366217	OTU_0127	55.93	59	26	0	354	178	119	177	4e-17	69.7
scaffold1368268	OTU_0021	32.18	174	83	4	419	3	74	247	3e-21	82.0
scaffold1369413	OTU_0278	64.52	62	21	1	465	283	152	213	1e-19	77.0
scaffold1369725	OTU_0305	54.84	62	27	1	11	193	112	173	4e-18	72.4
scaffold1370863	OTU_0235	32.68	153	98	4	451	2	3	153	2e-17	70.5
scaffold1372656	OTU_0104	53.03	66	30	1	347	153	183	248	6e-15	63.9
scaffold1373134	OTU_0305	81.25	32	6	0	205	300	132	163	6e-13	57.4
scaffold1374637	OTU_0155	28.80	191	85	5	19	471	97	276	4e-12	56.6
scaffold1380907	OTU_0203	59.52	42	17	0	128	3	97	138	2e-11	52.8
scaffold1382266	OTU_0115	67.39	46	15	0	256	393	130	175	5e-16	66.2
scaffold1384339	OTU_0119	30.65	186	92	7	467	21	116	301	7e-12	55.8
scaffold1388892	OTU_0203	63.41	41	15	0	464	342	112	152	5e-16	66.2
scaffold1389174	OTU_0098	28.57	161	98	4	466	5	11	161	6e-13	57.8
scaffold1391623	OTU_0191	32.45	151	86	3	17	466	46	181	4e-11	53.5
scaffold1392079	OTU_0224	32.40	179	76	3	59	466	1	177	2e-22	84.0
scaffold1396771	OTU_0234	29.19	185	98	5	464	6	118	301	4e-11	53.5
scaffold1402045	OTU_0249	28.49	179	89	8	465	1	87	250	9e-11	52.4
scaffold1408676	OTU_0204	95.52	134	6	0	463	62	176	309	1e-92	  269
scaffold1409679	OTU_0042	37.97	187	65	4	431	3	118	297	7e-28	  100
scaffold1409900	OTU_0262	56.45	62	27	0	409	224	138	199	6e-19	74.7
scaffold1412483	OTU_0341	47.54	61	32	0	214	396	240	300	2e-13	60.1
scaffold1413188	OTU_0127	44.83	87	44	1	404	144	98	180	7e-18	71.6
scaffold1413269	OTU_0140	42.35	85	39	2	449	225	214	298	6e-15	64.7
scaffold1415275	OTU_0341	43.56	101	45	3	1	276	217	314	1e-19	77.8
scaffold1415361	OTU_0229	50.00	66	27	3	442	260	146	210	7e-11	52.0
scaffold1417119	OTU_0021	50.98	51	24	1	312	461	200	250	9e-13	57.8
scaffold1417824	OTU_0314	69.05	42	13	0	298	423	261	302	1e-13	60.8
scaffold1420074	OTU_0229	50.98	51	24	1	462	313	163	213	6e-11	52.4
scaffold1424185	OTU_0234	29.24	171	89	5	2	418	130	300	3e-14	62.8
scaffold1424970	OTU_0132	37.29	118	67	4	453	106	51	163	7e-16	67.0
scaffold1430172	OTU_0140	51.47	68	33	0	57	260	231	298	2e-18	74.3
scaffold1431131	OTU_0030	48.19	83	38	1	286	53	220	302	6e-21	81.3
scaffold1432118	OTU_0053	39.19	74	44	1	298	77	122	194	3e-12	55.5
scaffold1434567	OTU_0203	66.67	51	17	0	2	154	105	155	9e-21	79.3
scaffold1435386	OTU_0074	51.61	62	30	0	28	213	97	158	3e-17	69.3
scaffold1436292	OTU_0314	46.46	99	44	2	4	276	218	315	9e-19	75.1
scaffold1436316	OTU_0305	62.96	54	20	0	221	60	123	176	2e-20	78.6
scaffold1437484	OTU_0165	36.57	134	80	3	458	63	33	163	5e-16	66.2
scaffold1438244	OTU_0292	54.55	66	29	1	386	189	97	161	6e-16	65.5
scaffold1444819	OTU_0219	42.47	73	38	2	57	275	248	316	7e-11	52.8
scaffold1452113	OTU_0262	54.24	59	27	0	49	225	141	199	6e-16	65.9
scaffold1454087	OTU_0043	31.52	184	84	5	457	26	120	301	7e-23	86.7
scaffold1458844	OTU_0067	33.77	154	88	5	439	2	12	159	5e-18	73.2
scaffold1459437	OTU_0251	29.13	127	86	4	81	452	11	136	1e-13	61.2
scaffold1460367	OTU_0115	64.81	54	19	0	1	162	132	185	4e-17	69.3
scaffold1460863	OTU_0257	67.65	34	11	0	456	355	78	111	1e-11	52.8
scaffold1463183	OTU_0003	60.87	46	18	0	453	316	268	313	9e-14	61.2
scaffold1463950	OTU_0044	44.00	100	56	0	383	84	205	304	2e-19	76.6
scaffold1464859	OTU_0291	67.27	55	18	0	108	272	248	302	1e-19	77.8
scaffold1466251	OTU_0203	53.73	67	27	1	428	228	93	155	1e-18	73.2
scaffold1467037	OTU_0287	53.03	66	21	3	10	189	214	275	1e-12	58.2
scaffold1470144	OTU_0305	73.17	41	11	0	310	188	133	173	1e-16	67.4
scaffold1471610	OTU_0211	38.20	89	47	4	452	201	217	302	2e-11	54.7
scaffold1477178	OTU_0212	56.67	60	26	0	93	272	243	302	1e-17	71.6
scaffold1477671	OTU_0044	36.53	167	69	1	4	393	138	304	5e-25	92.4
scaffold1480112	OTU_0265	55.56	45	20	0	239	373	131	175	4e-11	52.0
scaffold1484371	OTU_0111	39.86	143	80	5	33	449	3	143	2e-18	73.9
scaffold1487460	OTU_0155	37.78	180	77	6	439	2	92	270	7e-27	97.8
scaffold1489831	OTU_0012	35.23	88	49	2	288	25	124	203	3e-12	55.5
scaffold1492752	OTU_0287	37.50	88	54	1	122	385	219	305	6e-11	53.1
scaffold1494118	OTU_0115	54.17	48	22	0	256	113	133	180	6e-13	57.0
scaffold1496913	OTU_0150	29.55	176	86	4	35	448	22	197	3e-16	67.0
scaffold1500881	OTU_0229	35.29	102	57	3	52	354	2	95	3e-11	53.1
scaffold1502177	OTU_0155	31.21	173	87	6	25	447	121	293	3e-20	79.0
scaffold1506897	OTU_0048	36.73	147	89	4	442	11	1	146	3e-22	84.7
scaffold1507505	OTU_0267	50.00	64	32	0	292	101	232	295	2e-17	70.9
scaffold1508559	OTU_0157	42.86	77	43	1	310	83	239	315	3e-11	53.9
scaffold1510593	OTU_0305	64.44	45	16	0	336	202	129	173	1e-16	67.8
scaffold1511430	OTU_0235	36.67	150	85	5	437	6	41	186	1e-18	73.9
scaffold1513782	OTU_0265	68.18	44	14	0	43	174	132	175	1e-15	65.1
scaffold1514276	OTU_0307	34.29	175	79	3	421	2	122	295	1e-25	94.7
scaffold1521142	OTU_0277	43.86	57	32	0	408	238	80	136	8e-11	50.8
scaffold1526975	OTU_0210	37.37	99	57	4	287	3	10	107	4e-12	56.2
scaffold1532994	OTU_0217	35.25	139	84	2	431	30	67	204	2e-20	79.7
scaffold1533174	OTU_0151	30.98	184	89	3	3	443	88	270	8e-21	80.5
scaffold1534672	OTU_0305	68.89	45	14	0	9	143	132	176	2e-17	70.1
scaffold1535111	OTU_0260	32.98	188	83	6	2	442	11	196	4e-19	75.1
scaffold1535729	OTU_0233	34.50	171	72	6	51	443	120	290	1e-14	63.9
scaffold1539201	OTU_0218	38.10	105	58	2	118	411	195	299	3e-13	59.7
scaffold1539265	OTU_0153	31.10	164	75	5	2	379	140	303	6e-14	61.6
scaffold1539752	OTU_0012	43.94	66	36	1	408	211	130	194	2e-12	55.8
scaffold1540767	OTU_0124	32.69	104	56	3	283	11	48	150	3e-11	52.0
scaffold1543139	OTU_0191	35.34	133	72	3	412	17	61	180	1e-13	60.1
scaffold1543252	OTU_0203	50.79	63	31	0	440	252	98	160	3e-15	63.5
scaffold1543953	OTU_0095	37.50	176	75	4	7	429	127	302	2e-25	93.6
scaffold1551253	OTU_0097	55.17	58	25	1	141	311	243	300	1e-14	63.9
scaffold1552958	OTU_0079	43.86	57	32	0	418	248	244	300	9e-11	52.4
scaffold1553333	OTU_0181	31.78	129	82	4	63	440	11	136	2e-12	55.5
scaffold1554862	OTU_0265	57.14	42	18	0	330	205	131	172	9e-12	53.9
scaffold1561209	OTU_0341	43.43	99	46	2	396	130	216	314	3e-21	82.0
scaffold1563809	OTU_0229	32.00	175	78	5	421	11	26	197	2e-19	75.9
scaffold1570099	OTU_0042	34.88	172	71	4	4	396	143	314	3e-23	87.4
scaffold1571150	OTU_0341	36.84	171	70	7	36	437	122	291	1e-20	80.5
scaffold1571914	OTU_0105	34.15	164	71	5	385	2	64	226	2e-17	70.9
scaffold1575380	OTU_0265	68.75	48	15	0	395	252	136	183	1e-17	70.9
scaffold1576194	OTU_0257	52.86	70	33	0	154	363	39	108	8e-20	75.5
scaffold1577722	OTU_0026	42.37	59	34	0	74	250	125	183	3e-12	55.5
scaffold1580739	OTU_0010	44.25	113	59	3	434	102	66	176	5e-20	78.6
scaffold1581623	OTU_0319	28.57	98	62	1	66	335	83	180	5e-11	52.8
scaffold1584274	OTU_0152	32.58	89	49	1	117	350	163	251	3e-12	56.2
scaffold1594173	OTU_0233	34.31	102	59	2	61	363	92	186	1e-11	54.7
scaffold1607097	OTU_0274	81.82	110	20	0	1	330	108	217	4e-54	  167
scaffold1607794	OTU_0087	43.33	60	34	0	37	216	115	174	6e-11	51.6
scaffold1610556	OTU_0107	55.56	63	28	0	431	243	251	313	1e-17	71.6
scaffold1616518	OTU_0341	38.10	84	45	2	26	274	227	304	1e-11	54.7
scaffold1616802	OTU_0226	39.68	63	38	0	339	151	242	304	2e-11	53.9
scaffold1617840	OTU_0105	42.37	118	62	3	394	50	1	115	2e-16	67.8
scaffold1620931	OTU_0305	70.59	34	10	0	1	102	143	176	6e-13	57.0
scaffold1628963	OTU_0141	44.17	120	65	2	423	67	58	176	3e-23	87.4
scaffold1630617	OTU_0258	59.32	59	24	0	13	189	256	314	1e-17	72.0
scaffold1635185	OTU_0025	32.35	136	81	5	407	6	51	177	1e-12	57.4
scaffold1635217	OTU_0155	33.94	109	64	3	422	96	74	174	2e-13	59.7
scaffold1635756	OTU_0287	34.46	177	78	3	5	421	126	302	8e-20	77.8
scaffold1636899	OTU_0207	40.00	100	56	2	353	63	54	152	1e-14	62.4
scaffold1637315	OTU_0306	45.33	75	31	2	34	252	101	167	2e-12	55.5
scaffold1651467	OTU_0161	46.05	76	35	2	235	8	115	184	1e-12	56.2
scaffold1653861	OTU_0305	45.08	122	63	2	411	55	52	172	6e-31	  106
scaffold1654224	OTU_0191	47.31	93	48	1	425	147	74	165	1e-18	73.6
scaffold1657803	OTU_0124	47.37	57	28	1	131	301	112	166	2e-11	52.4
scaffold1662373	OTU_0305	71.11	45	13	0	416	282	130	174	6e-20	76.6
scaffold1667423	OTU_0335	63.64	55	20	0	20	184	247	301	1e-19	77.0
scaffold1668571	OTU_0299	55.32	47	21	0	423	283	119	165	9e-13	56.2
scaffold1670071	OTU_0192	37.23	94	51	4	70	351	7	92	5e-11	50.4
scaffold1671005	OTU_0120	40.43	94	46	2	2	274	7	93	6e-15	62.4
scaffold1672288	OTU_0284	47.44	78	37	1	11	232	223	300	3e-16	68.2
scaffold1673485	OTU_0217	31.51	146	84	5	422	3	49	184	2e-11	53.9
scaffold1678096	OTU_0029	51.47	68	32	1	395	195	103	170	5e-16	65.9
scaffold1683567	OTU_0033	39.77	88	44	4	316	77	162	248	7e-11	52.4
scaffold1687689	OTU_0030	51.43	70	34	0	32	241	240	309	1e-20	80.1
scaffold1688464	OTU_0047	41.67	84	47	2	280	32	57	139	9e-13	56.2
scaffold1690933	OTU_0025	65.00	80	28	0	273	34	4	83	4e-30	  106
scaffold1691117	OTU_0305	53.85	39	18	0	1	117	132	170	2e-11	52.4
scaffold1692417	OTU_0026	38.46	169	69	4	9	410	29	197	2e-26	94.7
scaffold1693579	OTU_0249	52.94	85	37	1	92	346	207	288	5e-21	80.9
scaffold1702489	OTU_0182	83.45	139	23	0	2	418	78	216	3e-70	  211
scaffold1707620	OTU_0223	38.64	132	78	2	9	398	32	162	2e-18	73.6
scaffold1709889	OTU_0243	36.31	179	72	5	3	416	98	275	6e-23	86.3
scaffold1720666	OTU_0181	35.71	126	80	1	395	18	38	162	1e-21	80.9
scaffold1722757	OTU_0281	54.55	77	35	0	377	147	26	102	6e-23	83.2
scaffold1723428	OTU_0119	54.00	50	23	0	232	381	252	301	7e-11	52.4
scaffold1724300	OTU_0161	43.08	65	33	2	243	52	122	183	5e-12	54.3
scaffold1724937	OTU_0292	99.28	138	1	0	1	414	7	144	7e-89	  254
scaffold1726571	OTU_0140	61.70	47	18	0	273	413	239	285	1e-14	63.5
scaffold1728542	OTU_0048	40.82	98	53	4	15	296	20	116	2e-12	57.0
scaffold1729581	OTU_0233	59.18	49	20	0	193	339	268	316	6e-12	55.8
scaffold1729681	OTU_0127	33.92	171	72	2	398	9	1	171	2e-25	92.0
scaffold1734439	OTU_0341	39.22	102	48	4	95	376	218	313	4e-12	56.2
scaffold1744707	OTU_0277	36.99	73	45	1	345	127	80	151	3e-11	51.6
scaffold1750436	OTU_0298	56.00	50	21	1	73	219	264	313	3e-12	56.2
scaffold1751578	OTU_0325	45.00	60	32	1	241	62	143	201	2e-11	53.5
scaffold1752852	OTU_0012	52.63	57	26	1	370	200	137	192	4e-14	60.5
scaffold1753659	OTU_0274	30.81	172	81	4	2	409	10	179	1e-15	65.1
scaffold1757991	OTU_0203	60.71	56	22	0	171	338	97	152	8e-19	73.2
scaffold1758331	OTU_0305	63.33	60	21	1	3	182	115	173	1e-20	78.6
scaffold1759246	OTU_0009	31.63	98	53	3	371	120	219	316	4e-11	53.1
scaffold1760010	OTU_0140	54.24	59	27	0	359	183	239	297	1e-16	68.9
scaffold1767751	OTU_0266	34.21	114	71	3	365	33	1	113	4e-13	58.9
scaffold1768483	OTU_0311	36.11	72	46	0	410	195	35	106	2e-11	51.6
scaffold1771689	OTU_0292	35.07	134	85	2	403	5	22	154	2e-13	58.2
scaffold1771765	OTU_0247	45.83	72	36	1	219	4	99	167	1e-13	59.7
scaffold1771838	OTU_0029	54.39	57	26	0	3	173	117	173	2e-15	63.9
scaffold1772725	OTU_0203	59.09	44	17	1	154	26	108	151	3e-14	60.5
scaffold1774300	OTU_0192	56.06	66	28	1	280	83	31	95	1e-20	77.0
scaffold1775095	OTU_0305	51.32	76	36	1	325	98	99	173	2e-21	80.5
scaffold1776338	OTU_0219	45.59	68	36	1	1	204	248	314	1e-14	63.5
scaffold1782550	OTU_0154	34.57	81	52	1	244	5	1	81	4e-11	52.8
scaffold1782839	OTU_0266	39.76	166	65	6	14	406	127	292	5e-26	95.1
scaffold1784592	OTU_0327	68.89	135	42	0	3	407	139	273	4e-63	  192
scaffold1786183	OTU_0051	37.50	128	76	3	405	28	7	132	1e-20	79.7
scaffold1793711	OTU_0314	48.84	86	38	2	134	373	218	303	9e-22	82.8
scaffold1795201	OTU_0191	40.00	130	76	2	399	13	37	165	7e-20	77.4
scaffold1799763	OTU_0265	52.27	44	21	0	224	93	132	175	6e-11	51.2
scaffold1812377	OTU_0121	59.32	59	24	0	187	11	243	301	1e-17	71.6
scaffold1816039	OTU_0282	53.49	43	20	0	157	29	148	190	2e-11	52.8
scaffold1821500	OTU_0249	50.91	55	26	1	240	401	220	274	2e-12	57.0
scaffold1821954	OTU_0005	60.98	41	16	0	1	123	80	120	2e-11	51.6
scaffold1822562	OTU_0203	73.81	42	11	0	401	276	114	155	8e-18	70.5
scaffold1823009	OTU_0161	47.44	78	38	2	402	172	109	184	3e-15	63.2
scaffold1828186	OTU_0157	39.09	110	64	3	334	11	38	146	6e-19	75.1
scaffold1834256	OTU_0048	47.62	63	32	1	4	192	243	304	3e-12	56.2
scaffold1835553	OTU_0101	44.74	114	52	2	10	318	202	315	4e-22	84.0
scaffold1839824	OTU_0249	42.34	111	61	2	3	329	45	154	2e-16	67.8
scaffold1840949	OTU_0262	51.76	85	31	1	3	227	115	199	5e-21	80.1
scaffold1844697	OTU_0203	61.82	55	20	1	1	165	102	155	2e-19	75.1
scaffold1845040	OTU_0260	50.00	52	25	1	201	353	156	207	8e-13	57.0
scaffold1845107	OTU_0320	37.31	134	76	3	8	397	20	149	2e-21	81.6
scaffold1846146	OTU_0155	34.15	123	80	1	400	32	47	168	2e-18	73.9
scaffold1846176	OTU_0043	47.56	82	43	0	379	134	220	301	7e-18	72.0
scaffold1852323	OTU_0267	36.84	114	62	3	346	8	56	160	9e-12	55.1
scaffold1857692	OTU_0235	39.84	128	67	4	29	397	54	176	5e-17	68.6
scaffold1859269	OTU_0043	56.52	69	30	0	2	208	247	315	1e-21	82.4
scaffold1859394	OTU_0193	44.95	109	58	2	393	70	70	177	1e-18	73.9
scaffold1864364	OTU_0282	54.24	59	25	2	393	217	135	191	2e-11	52.4
scaffold1869069	OTU_0131	43.06	72	40	1	375	160	188	258	2e-12	56.2
scaffold1870794	OTU_0140	50.00	68	34	0	111	314	231	298	1e-16	68.6
scaffold1873510	OTU_0203	39.42	104	45	3	84	344	48	150	5e-14	59.7
scaffold1877270	OTU_0344	35.77	123	78	1	392	24	43	164	2e-16	68.2
scaffold1888988	OTU_0101	38.46	130	64	3	344	3	186	315	3e-17	70.1
scaffold1895098	OTU_0104	52.05	73	35	0	298	80	176	248	2e-18	73.2
scaffold1896122	OTU_0203	50.00	52	26	0	120	275	101	152	2e-16	67.0
scaffold1899637	OTU_0068	45.71	105	51	2	27	323	52	156	7e-21	78.6
scaffold1902377	OTU_0162	35.21	71	45	1	98	307	232	302	4e-11	52.8
scaffold1904467	OTU_0155	32.12	165	74	5	11	391	119	283	2e-15	65.1
scaffold1904764	OTU_0339	34.15	164	72	5	386	3	125	288	2e-14	62.4
scaffold1904869	OTU_0299	38.54	96	49	1	350	93	68	163	4e-17	68.6
scaffold1905451	OTU_0131	47.83	46	24	0	190	327	213	258	1e-11	53.9
scaffold1919941	OTU_0262	58.33	48	20	0	217	74	149	196	2e-15	64.3
scaffold1922103	OTU_0203	56.45	62	27	0	163	348	94	155	3e-22	82.4
scaffold1930613	OTU_0221	43.37	83	38	3	335	90	61	135	6e-11	50.8
scaffold1933270	OTU_0305	56.82	44	19	0	382	251	130	173	7e-13	56.2
scaffold1937370	OTU_0222	36.28	113	63	4	64	378	181	292	5e-12	55.8
scaffold1938322	OTU_0196	40.28	72	42	1	149	364	231	301	6e-12	55.5
scaffold1938930	OTU_0298	62.75	51	19	0	388	236	263	313	1e-16	68.6
scaffold1941406	OTU_0277	34.44	90	58	1	118	387	39	127	6e-14	59.3
scaffold1942456	OTU_0336	38.27	81	42	2	280	62	3	83	4e-11	51.6
scaffold1943987	OTU_0350	33.93	112	49	3	73	333	3	114	5e-11	50.8
scaffold1944099	OTU_0021	49.09	55	27	1	116	280	195	248	5e-11	52.4
scaffold1947252	OTU_0234	27.85	158	74	4	359	3	115	271	3e-12	56.2
scaffold1948384	OTU_0335	66.67	51	17	0	29	181	251	301	1e-17	71.6
scaffold1950259	OTU_0112	35.29	102	54	4	72	350	126	224	6e-12	54.3
scaffold1951684	OTU_0128	44.64	56	30	1	2	169	244	298	5e-11	52.8
scaffold1957417	OTU_0298	54.55	55	25	0	274	110	259	313	3e-16	67.4
scaffold1963055	OTU_0257	66.67	39	13	0	386	270	70	108	1e-14	61.2
scaffold1963938	OTU_0229	56.90	58	25	0	385	212	152	209	8e-17	68.2
scaffold1966681	OTU_0305	71.88	32	9	0	385	290	143	174	9e-13	55.8
scaffold1973618	OTU_0217	41.75	103	56	2	361	53	89	187	4e-19	75.5
scaffold1975411	OTU_0203	74.36	39	10	0	385	269	114	152	2e-16	66.6
scaffold1980910	OTU_0148	35.38	130	69	6	7	384	45	163	6e-13	56.6
scaffold1982583	OTU_0084	35.71	140	72	3	368	3	26	165	2e-15	63.5
scaffold1984595	OTU_0203	64.71	51	18	0	200	352	102	152	6e-19	73.6
scaffold1986542	OTU_0196	46.43	56	30	0	169	2	240	295	9e-15	63.5
scaffold1995263	OTU_0217	36.42	162	67	5	380	3	136	297	4e-19	75.1
scaffold1999456	OTU_0266	29.81	104	71	2	306	1	4	107	3e-11	53.1
scaffold2002612	OTU_0224	78.69	61	13	0	1	183	130	190	2e-30	  104
scaffold2003127	OTU_0133	45.45	66	35	1	132	329	83	147	5e-12	53.5
scaffold2003532	OTU_0175	33.33	84	45	1	5	223	218	301	5e-11	52.8
scaffold2003979	OTU_0006	51.72	58	27	1	377	204	247	303	3e-14	61.6
scaffold2011236	OTU_0275	43.33	60	33	1	40	216	82	141	2e-11	51.6
scaffold2011442	OTU_0132	81.58	38	7	0	381	268	265	302	2e-16	68.2
scaffold2011650	OTU_0305	75.00	28	7	0	2	85	147	174	3e-11	51.6
scaffold2013001	OTU_0042	38.27	162	64	4	379	2	128	289	1e-25	93.2
scaffold2021868	OTU_0171	35.29	119	69	3	13	348	184	301	8e-11	52.0
scaffold2023643	OTU_0235	39.62	106	55	5	6	320	69	166	4e-11	52.0
scaffold2027154	OTU_0229	79.41	34	7	0	377	276	176	209	4e-13	57.8
scaffold2030170	OTU_0351	33.53	167	69	4	1	378	6	171	1e-15	64.7
scaffold2032345	OTU_0226	60.34	58	23	0	51	224	254	311	6e-18	72.0
scaffold2032415	OTU_0023	63.49	63	23	0	3	191	255	317	4e-20	78.2
scaffold2032538	OTU_0111	30.97	155	65	6	36	377	117	270	8e-11	52.0
