scaffold00001	OTU_0127	34.46	177	78	1	944031	943615	1	177	2e-22	99.8
scaffold00002	OTU_0233	34.38	192	86	4	597813	597358	120	311	1e-16	83.6
scaffold00006	OTU_0052	28.09	267	137	10	677389	676736	39	299	2e-12	70.5
scaffold00011	OTU_0104	29.79	235	114	7	508986	508402	21	244	3e-20	94.0
scaffold00019	OTU_0042	36.72	177	72	5	392893	393303	125	301	2e-16	82.4
scaffold00022	OTU_0155	34.24	184	85	5	241821	242264	119	302	1e-21	98.6
scaffold00025	OTU_0248	33.56	295	159	10	178942	179751	2	284	2e-24	  107
scaffold00039	OTU_0344	25.08	303	171	8	35995	35210	14	301	5e-18	86.7
scaffold00043	OTU_0140	31.77	277	134	10	136806	137525	43	301	1e-14	76.3
scaffold00045	OTU_0295	30.20	298	159	8	19090	19863	14	302	7e-16	80.1
scaffold00048	OTU_0121	29.90	311	150	10	182696	181884	19	301	8e-18	86.3
scaffold00049	OTU_0217	34.20	193	90	4	168096	168566	121	312	2e-18	88.2
scaffold00054	OTU_0042	40.11	177	66	8	196895	197305	125	301	3e-16	80.9
scaffold00055	OTU_0351	37.38	214	89	8	69308	68775	2	206	2e-21	96.3
scaffold00077	OTU_0203	46.51	86	35	3	161808	162035	68	152	1e-16	80.5
scaffold00097	OTU_0132	31.00	300	153	8	162996	162217	17	302	3e-23	  103
scaffold00109	OTU_0176	33.79	219	103	7	70477	69929	1	213	1e-22	99.4
scaffold00120	OTU_0249	25.82	275	167	4	8751	8032	3	275	2e-12	68.2
scaffold00125	OTU_0020	28.53	319	164	10	201591	200767	3	301	9e-21	94.7
scaffold00126	OTU_0320	28.80	309	156	13	40142	39348	14	302	5e-18	86.3
scaffold00127	OTU_0165	34.94	166	102	4	214696	215184	1	163	7e-15	75.1
scaffold00129	OTU_0234	34.58	214	94	8	93705	93178	96	301	3e-18	86.7
scaffold00141	OTU_0176	34.85	241	104	7	111646	111032	1	224	9e-21	94.0
scaffold00153	OTU_0150	33.80	216	98	7	175671	176207	7	214	2e-20	92.4
scaffold00162	OTU_0200	35.43	175	74	4	74548	74955	127	301	2e-18	87.0
scaffold00163	OTU_0041	26.83	246	138	4	43260	43874	60	304	1e-12	69.7
scaffold00183	OTU_0351	34.29	210	96	6	25285	25806	2	205	3e-21	94.7
scaffold00197	OTU_0305	69.09	55	17	0	66623	66459	119	173	5e-16	78.2
scaffold00198	OTU_0031	34.03	238	113	8	38246	38851	73	302	1e-22	  100
scaffold00254	OTU_0031	28.71	310	168	8	102535	101735	1	300	4e-22	98.6
scaffold00259	OTU_0217	34.89	235	108	6	33405	32815	73	300	6e-25	  107
scaffold00268	OTU_0105	35.75	221	99	6	84197	84754	28	240	4e-22	98.2
scaffold00278	OTU_0150	36.87	217	85	8	72899	72372	12	217	2e-22	98.2
scaffold00297	OTU_0229	36.49	211	93	7	56525	55998	5	209	4e-21	94.4
scaffold00302	OTU_0314	33.64	217	103	4	135844	136389	95	305	9e-21	94.4
scaffold00303	OTU_0258	34.59	292	144	10	131432	130665	22	302	5e-27	  114
scaffold00403	OTU_0155	33.70	276	125	10	28868	28155	47	302	2e-27	  114
scaffold00427	OTU_0129	33.47	242	114	7	93195	92584	34	266	2e-16	79.7
scaffold00446	OTU_0019	46.88	64	34	0	119289	119098	238	301	7e-12	66.6
scaffold00448	OTU_0176	34.74	213	92	5	26977	26441	14	213	1e-18	86.7
scaffold00470	OTU_0023	36.57	216	85	8	22462	22989	100	303	7e-23	  100
scaffold00491	OTU_0044	36.39	305	146	6	3466	2681	5	304	4e-33	  131
scaffold00520	OTU_0203	69.77	43	13	0	12982	13110	110	152	1e-13	69.7
scaffold00543	OTU_0258	32.38	210	100	5	98717	99238	100	303	5e-22	97.8
scaffold00596	OTU_0019	25.60	293	154	11	83642	84367	19	298	9e-12	65.9
scaffold00601	OTU_0022	99.35	310	2	0	33614	32685	1	310	0.0	  570
scaffold00663	OTU_0042	39.33	178	68	6	51087	50671	125	301	5e-20	91.3
scaffold00893	OTU_0043	30.58	278	136	12	14700	15428	46	301	2e-16	79.3
scaffold00895	OTU_0173	26.20	271	143	9	52101	52790	48	302	3e-15	76.3
scaffold00904	OTU_0115	30.00	190	85	4	58358	57915	1	184	1e-15	76.3
scaffold00934	OTU_0140	53.52	71	32	1	24128	24337	228	298	7e-14	71.6
scaffold00937	OTU_0262	35.64	188	80	6	42883	42434	17	201	3e-18	84.3
scaffold00939	OTU_0291	34.33	233	103	9	26652	27236	82	302	1e-21	95.9
scaffold00942	OTU_0278	34.64	179	73	3	27099	27509	34	210	5e-18	83.6
scaffold00944	OTU_0095	32.68	306	144	9	28225	29013	16	302	3e-25	  107
scaffold00961	OTU_0101	37.36	174	79	5	8657	9088	128	301	5e-18	84.3
scaffold01010	OTU_0200	34.66	176	76	4	48962	48549	127	301	4e-17	81.6
scaffold01011	OTU_0132	30.00	270	136	9	59466	60152	45	302	5e-18	84.3
scaffold01113	OTU_0320	53.93	89	28	4	40526	40293	218	304	1e-16	80.1
scaffold01124	OTU_0093	28.43	299	172	6	54172	53372	15	303	2e-17	82.0
scaffold01138	OTU_0229	31.52	184	84	5	18018	18449	27	208	4e-11	62.0
scaffold01139	OTU_0157	30.32	277	125	7	45800	46486	46	302	2e-20	92.0
scaffold01139	OTU_0157	31.51	219	111	5	46944	47504	91	302	7e-15	74.7
scaffold01186	OTU_0243	100.00	297	0	0	56377	55487	19	315	0.0	  604
scaffold01191	OTU_0176	33.02	215	95	10	39136	39660	4	209	4e-16	77.4
scaffold01326	OTU_0351	35.32	218	99	7	2019	1474	2	213	2e-20	90.5
scaffold01394	OTU_0105	32.88	222	99	6	43423	42866	33	240	4e-18	84.0
scaffold01397	OTU_0217	33.94	218	100	5	8284	7760	96	312	9e-21	92.8
scaffold01448	OTU_0320	31.86	317	173	6	35801	34968	3	315	1e-34	  135
scaffold01532	OTU_0351	28.99	238	125	5	26261	26938	1	206	7e-18	82.4
scaffold01542	OTU_0077	74.07	81	21	0	495	253	205	285	1e-45	97.1
scaffold01542	OTU_0077	62.50	56	21	0	695	528	137	192	1e-45	79.0
scaffold01542	OTU_0077	90.91	22	2	0	254	189	285	306	1e-45	44.7
scaffold01542	OTU_0077	81.82	11	2	0	526	494	193	203	1e-45	20.8
scaffold01558	OTU_0076	31.64	177	90	6	20876	21313	125	301	4e-15	75.1
scaffold01597	OTU_0267	30.82	279	149	7	4291	5022	26	295	3e-23	  100
scaffold01641	OTU_0246	29.45	309	160	11	30377	29598	4	303	2e-20	91.7
scaffold01670	OTU_0290	28.89	135	94	2	83	484	1	134	2e-11	62.8
scaffold01701	OTU_0104	54.55	55	25	0	24857	25021	178	232	1e-12	66.6
scaffold01778	OTU_0121	34.41	311	151	9	22712	23500	10	315	7e-36	  139
scaffold01838	OTU_0318	28.39	310	169	14	849	1679	13	302	3e-13	68.9
scaffold01947	OTU_0106	33.71	175	84	7	21571	21140	124	297	7e-12	64.7
scaffold02050	OTU_0158	33.12	320	154	15	18663	17815	8	304	3e-22	97.1
scaffold02089	OTU_0227	46.91	81	39	1	33261	33019	239	315	3e-12	65.9
scaffold02133	OTU_0229	36.44	225	82	9	32480	31926	6	209	3e-20	89.4
scaffold02156	OTU_0131	73.91	46	12	0	586	723	51	96	2e-14	72.0
scaffold02232	OTU_0140	56.34	71	30	1	21736	21945	228	298	2e-14	72.0
scaffold02236	OTU_0155	37.57	181	78	7	19591	19151	121	300	2e-23	  100
scaffold02380	OTU_0300	31.62	234	105	13	891	295	15	228	5e-12	63.9
scaffold02519	OTU_0084	70.73	41	12	0	15347	15469	131	171	6e-13	66.2
scaffold02570	OTU_0196	26.44	295	170	8	12591	11830	12	300	1e-15	75.9
scaffold02572	OTU_0212	28.37	282	152	9	4753	5490	38	305	2e-17	81.6
scaffold02713	OTU_0016	39.13	184	68	8	8143	8571	77	257	6e-21	92.0
scaffold02828	OTU_0155	34.75	282	136	11	14414	15148	31	301	1e-26	  110
scaffold03233	OTU_0238	81.25	32	6	0	5571	5476	173	204	8e-11	59.3
scaffold03624	OTU_0043	28.92	204	107	7	18922	19419	95	298	2e-12	65.5
scaffold03656	OTU_0020	27.16	324	165	9	16868	17701	3	301	4e-22	95.9
scaffold03742	OTU_0233	30.47	279	136	9	1463	2197	49	303	2e-21	93.2
scaffold03813	OTU_0176	34.53	223	101	6	3408	2842	1	212	3e-23	97.8
scaffold03951	OTU_0031	32.42	293	139	9	17524	18288	38	309	1e-21	94.0
scaffold03972	OTU_0284	38.41	315	179	7	16851	15940	3	313	4e-63	  217
scaffold03996	OTU_0351	36.67	210	92	6	6704	7228	2	205	4e-23	97.4
scaffold04248	OTU_0234	34.76	187	83	4	190	642	118	301	2e-19	87.0
scaffold04277	OTU_0095	31.68	303	145	8	8976	8194	20	302	1e-25	  106
scaffold04277	OTU_0095	50.88	57	28	0	7285	7115	246	302	1e-11	63.2
scaffold04362	OTU_0219	30.19	265	136	9	680	3	48	302	2e-19	87.0
scaffold04403	OTU_0084	65.85	41	14	0	16962	16840	131	171	2e-11	60.5
scaffold04527	OTU_0127	79.49	39	7	1	9984	9868	144	181	6e-11	58.9
scaffold04553	OTU_0271	32.09	187	101	5	11029	11526	118	299	3e-15	73.9
scaffold04700	OTU_0079	29.68	283	140	10	2934	2188	42	299	1e-14	72.0
scaffold04711	OTU_0132	31.90	210	95	4	12350	12853	99	302	3e-16	77.0
scaffold05163	OTU_0014	66.67	183	61	0	8755	8207	1	183	2e-72	  243
scaffold05298	OTU_0270	73.74	99	25	1	13012	13308	1	98	5e-37	  139
scaffold05412	OTU_0155	32.42	219	107	6	4332	3781	88	300	1e-22	96.7
scaffold05571	OTU_0351	32.89	225	89	6	13785	13234	1	204	1e-16	77.0
scaffold05665	OTU_0260	36.36	187	82	8	5580	6032	29	214	4e-20	87.8
scaffold05819	OTU_0312	35.94	217	98	7	3297	2752	93	303	8e-24	  100
scaffold05867	OTU_0106	32.08	212	102	6	6710	6183	98	303	1e-19	87.4
scaffold06008	OTU_0115	31.02	187	83	6	1099	1566	1	172	4e-11	59.3
scaffold06239	OTU_0320	30.04	253	122	11	5816	6427	56	302	8e-16	75.5
scaffold06466	OTU_0320	33.12	317	167	5	9867	10694	3	315	3e-42	  155
scaffold06606	OTU_0131	100.00	258	0	0	789	1562	1	258	2e-160	  494
scaffold06663	OTU_0140	27.24	268	136	5	7977	8648	43	295	4e-19	85.5
scaffold06980	OTU_0150	35.02	217	89	7	8570	9097	12	217	2e-23	97.8
scaffold06991	OTU_0305	65.22	46	16	0	8569	8432	128	173	1e-13	67.0
scaffold07013	OTU_0246	29.22	219	113	6	5726	5178	90	302	3e-18	82.4
scaffold07043	OTU_0176	28.83	222	125	7	7370	6801	4	224	2e-13	66.6
scaffold07208	OTU_0105	33.16	193	84	6	5852	5388	55	240	1e-18	83.2
scaffold07291	OTU_0225	32.48	311	152	11	6900	6082	12	302	4e-25	  104
scaffold07373	OTU_0233	31.65	218	109	7	1462	2013	89	300	2e-16	77.0
scaffold07466	OTU_0121	34.71	170	73	3	3128	2733	132	301	2e-16	77.0
scaffold07753	OTU_0041	27.09	299	160	10	4101	3334	15	298	8e-15	72.0
scaffold08416	OTU_0173	30.00	270	137	10	5184	4486	48	302	1e-15	74.3
scaffold08937	OTU_0093	28.12	313	160	10	2543	1719	15	300	3e-19	85.5
scaffold09223	OTU_0246	33.55	310	140	11	8320	7520	16	302	2e-25	  105
scaffold09223	OTU_0246	29.22	308	148	11	7340	6561	20	305	9e-21	90.1
scaffold09828	OTU_0031	27.80	295	161	8	3276	2497	23	300	9e-17	77.8
scaffold09860	OTU_0141	29.41	187	113	6	1362	835	122	300	7e-13	65.9
scaffold10102	OTU_0203	61.02	59	22	1	1150	974	96	153	4e-19	82.8
scaffold10160	OTU_0043	28.20	305	161	8	6952	7758	19	301	3e-20	88.6
scaffold10568	OTU_0217	33.99	306	151	8	4963	5739	12	313	3e-39	  146
scaffold10640	OTU_0059	49.04	104	40	2	4729	4457	155	258	5e-21	90.5
scaffold10747	OTU_0246	31.35	319	165	10	6024	6869	4	305	1e-22	96.3
scaffold10788	OTU_0335	33.88	307	141	12	986	1789	18	301	4e-24	  100
scaffold10833	OTU_0320	33.57	277	127	12	5621	6322	40	302	2e-17	79.7
scaffold11168	OTU_0032	27.23	202	100	6	2190	2672	97	292	5e-12	63.2
scaffold11473	OTU_0144	29.83	181	86	4	6862	6440	122	301	4e-16	75.5
scaffold11552	OTU_0260	29.35	184	93	5	1363	1809	29	210	2e-15	72.4
scaffold12631	OTU_0262	32.32	198	102	5	6734	7234	3	199	2e-15	72.0
scaffold12733	OTU_0217	26.90	197	87	5	994	542	128	313	5e-12	63.2
scaffold12846	OTU_0121	33.81	210	90	6	7044	6538	97	298	9e-21	90.1
scaffold12933	OTU_0218	33.03	221	106	5	2935	3489	97	311	7e-24	99.8
scaffold13169	OTU_0121	29.46	258	121	6	3881	3213	69	300	1e-18	83.2
scaffold13377	OTU_0226	25.93	297	167	12	6167	5388	15	295	7e-12	62.4
scaffold13420	OTU_0312	31.23	301	153	14	6661	5891	11	301	1e-15	73.9
scaffold13480	OTU_0229	37.91	211	99	5	5797	5243	5	209	5e-22	92.4
scaffold13633	OTU_0211	39.35	277	161	4	257	1078	3	275	2e-52	  184
scaffold13761	OTU_0125	32.12	274	123	11	4494	5192	7	258	5e-18	80.5
scaffold13821	OTU_0196	30.66	274	136	9	2541	3254	46	301	4e-17	78.2
scaffold14051	OTU_0245	26.86	309	174	10	2417	1587	12	300	1e-12	64.7
scaffold14305	OTU_0157	34.56	217	91	9	1941	2474	98	302	5e-21	90.5
scaffold14325	OTU_0031	35.25	295	133	12	959	1732	36	309	2e-32	  125
scaffold14354	OTU_0217	28.39	236	119	7	666	70	89	311	1e-14	70.9
scaffold14432	OTU_0176	29.05	210	119	5	2959	3501	5	213	5e-14	67.8
scaffold15598	OTU_0176	33.14	172	78	5	4518	4922	40	211	1e-12	63.2
scaffold15642	OTU_0320	25.73	307	181	11	4391	5200	7	303	6e-14	68.6
scaffold15668	OTU_0157	32.72	272	127	9	5695	5015	42	302	6e-17	77.4
scaffold15991	OTU_0229	36.62	213	92	7	5138	5662	2	209	7e-20	85.9
scaffold16182	OTU_0206	27.97	261	139	7	868	221	58	314	7e-15	71.2
scaffold16561	OTU_0217	33.11	293	138	12	3187	2420	38	309	8e-27	  108
scaffold16574	OTU_0031	31.25	224	103	6	5510	4953	87	297	9e-18	80.1
scaffold17216	OTU_0140	47.25	91	44	1	5196	5456	211	301	1e-18	82.8
scaffold17628	OTU_0203	36.52	115	54	4	5629	5303	54	155	7e-14	66.6
scaffold17774	OTU_0013	29.36	235	116	8	1607	2197	73	295	4e-17	77.8
scaffold18005	OTU_0226	31.02	216	107	6	4229	3690	90	299	5e-21	90.1
scaffold18267	OTU_0351	33.81	210	97	5	1449	1970	2	205	2e-22	93.6
scaffold18804	OTU_0153	29.26	311	170	11	4291	5112	18	315	1e-21	92.4
scaffold19326	OTU_0336	29.23	195	108	7	1362	1889	3	186	1e-12	62.8
scaffold19509	OTU_0003	100.00	314	0	0	2750	3691	1	314	0.0	  603
scaffold19883	OTU_0140	28.81	302	148	12	1867	1115	13	298	4e-16	74.7
scaffold20449	OTU_0072	35.43	302	152	4	2395	3174	14	314	1e-38	  143
scaffold21167	OTU_0142	27.65	217	105	5	2728	3258	86	290	1e-11	61.2
scaffold21288	OTU_0301	32.39	318	136	14	3580	4374	4	295	1e-27	  110
scaffold21388	OTU_0150	32.97	182	82	2	1616	1191	33	214	6e-16	73.2
scaffold21542	OTU_0200	35.39	178	76	5	4054	3635	125	301	3e-20	87.8
scaffold21671	OTU_0229	33.33	213	93	6	4329	4847	6	209	3e-20	86.7
scaffold23256	OTU_0176	33.19	238	120	5	1203	556	4	224	2e-21	90.1
scaffold23296	OTU_0031	27.46	295	162	8	2959	2180	23	300	3e-16	75.5
scaffold23517	OTU_0106	32.17	230	91	11	2929	3480	90	300	3e-12	62.8
scaffold23829	OTU_0140	60.00	60	24	0	4025	3846	239	298	9e-18	79.7
scaffold24000	OTU_0233	28.95	266	140	8	2934	3626	49	300	3e-11	59.7
scaffold25301	OTU_0196	30.19	265	153	10	4075	3365	41	301	3e-22	93.6
scaffold25433	OTU_0260	35.65	216	90	6	3355	2831	3	210	3e-21	89.7
scaffold25534	OTU_0171	27.27	264	146	6	1541	2230	34	285	8e-11	58.5
scaffold26412	OTU_0173	30.26	271	132	9	3345	2659	48	303	4e-23	96.3
scaffold26938	OTU_0217	32.43	222	104	5	2971	3522	87	300	2e-22	94.4
scaffold26950	OTU_0104	32.35	204	110	10	879	334	39	236	3e-13	64.7
scaffold27011	OTU_0305	71.43	42	12	0	38	163	132	173	2e-16	73.9
scaffold27132	OTU_0101	29.79	292	154	10	1500	2243	17	301	1e-15	73.6
scaffold28116	OTU_0016	25.50	251	153	10	3023	3694	17	260	8e-13	63.9
scaffold28899	OTU_0173	28.71	209	93	6	455	943	104	302	3e-11	59.7
scaffold29747	OTU_0233	31.78	258	128	9	3668	2997	60	303	2e-17	78.6
scaffold29808	OTU_0303	28.09	267	141	10	1988	1308	46	301	3e-15	72.0
scaffold29928	OTU_0204	34.08	179	78	8	3232	2810	116	292	2e-12	63.5
scaffold31100	OTU_0227	29.50	278	146	12	1049	324	41	304	3e-13	65.9
scaffold31307	OTU_0175	29.72	212	111	6	737	1261	92	302	5e-14	68.2
scaffold31653	OTU_0260	32.26	186	86	6	2833	3276	31	214	2e-17	77.4
scaffold31829	OTU_0291	34.92	189	79	5	2275	1823	120	302	5e-21	89.4
scaffold31955	OTU_0315	59.57	47	19	0	3652	3512	68	114	3e-12	60.5
scaffold33038	OTU_0030	26.97	304	181	9	2554	1742	16	311	1e-16	76.3
scaffold33340	OTU_0291	29.41	221	120	8	117	695	91	303	5e-11	58.9
scaffold33472	OTU_0173	37.25	102	63	1	670	365	199	299	3e-11	59.7
scaffold34031	OTU_0031	30.69	303	158	11	890	99	12	301	3e-24	99.4
scaffold34556	OTU_0339	36.07	183	82	6	2320	1877	122	304	7e-18	79.7
scaffold34556	OTU_0339	64.44	45	16	0	2873	2739	260	304	2e-14	68.9
scaffold34706	OTU_0335	43.48	92	52	0	1042	1317	222	313	2e-14	69.3
scaffold35103	OTU_0318	26.46	325	168	16	2138	2983	13	309	9e-13	64.3
scaffold35267	OTU_0105	34.02	241	109	4	2885	2277	12	240	1e-26	  105
scaffold35297	OTU_0234	30.03	313	159	10	1033	206	12	301	5e-20	86.3
scaffold35458	OTU_0016	28.98	176	82	7	1426	1824	85	260	3e-12	61.6
scaffold36082	OTU_0197	59.32	59	24	0	33	209	115	173	3e-16	73.2
scaffold36258	OTU_0171	29.04	303	161	6	1005	199	3	285	1e-16	75.5
scaffold36394	OTU_0246	34.40	282	130	8	1185	1901	33	302	2e-22	94.0
scaffold37658	OTU_0198	32.29	288	141	10	1468	722	29	301	4e-27	  108
scaffold38321	OTU_0071	26.39	216	120	7	2100	1522	103	302	7e-11	58.2
scaffold38347	OTU_0126	33.33	192	78	6	1836	2282	111	295	2e-16	75.1
scaffold38900	OTU_0140	58.21	67	28	0	2624	2424	235	301	4e-19	83.2
scaffold39085	OTU_0243	81.48	108	20	0	847	1170	172	279	7e-113	  180
scaffold39085	OTU_0243	86.02	93	13	0	473	751	65	157	7e-113	  162
scaffold39085	OTU_0243	75.00	64	16	0	280	471	1	64	7e-113	  100
scaffold39085	OTU_0243	60.00	70	16	2	1173	1361	251	315	5e-16	73.9
scaffold39260	OTU_0196	27.39	314	173	9	1784	2623	8	300	1e-21	90.9
scaffold39722	OTU_0260	61.11	36	14	0	887	994	172	207	5e-11	57.4
scaffold41005	OTU_0173	30.00	250	120	12	2495	1863	75	308	6e-14	67.4
scaffold41022	OTU_0178	24.45	274	168	10	726	1	19	285	2e-12	62.8
scaffold41196	OTU_0203	60.00	40	16	0	2	121	113	152	8e-11	56.2
scaffold41974	OTU_0208	41.05	95	51	2	2385	2101	213	302	3e-16	74.3
scaffold42800	OTU_0031	34.77	256	113	7	1199	546	73	312	3e-27	  108
scaffold43140	OTU_0124	44.05	84	33	3	1410	1198	68	150	1e-11	58.5
scaffold43333	OTU_0325	30.77	182	101	5	1016	1495	25	203	6e-17	75.5
scaffold44426	OTU_0225	32.77	177	81	2	1114	1530	124	300	1e-20	87.8
scaffold44530	OTU_0127	31.82	176	80	3	697	1104	2	177	6e-23	93.2
scaffold44800	OTU_0339	37.91	306	142	7	162	944	12	314	3e-46	  164
scaffold45210	OTU_0213	48.68	76	38	1	674	901	227	301	3e-15	71.6
scaffold45241	OTU_0183	32.90	307	157	6	2473	1682	14	314	3e-32	  123
scaffold45339	OTU_0226	32.00	225	99	5	2188	1640	84	296	6e-17	76.3
scaffold46781	OTU_0013	30.63	222	107	10	486	1058	96	301	1e-12	63.5
scaffold46864	OTU_0142	100.00	306	0	0	17	934	1	306	0.0	  637
scaffold47278	OTU_0305	42.59	54	31	0	1015	1176	119	172	1e-10	55.8
scaffold47390	OTU_0179	31.25	272	139	10	1166	456	25	283	2e-17	77.4
scaffold48381	OTU_0197	69.05	42	13	0	1121	996	134	175	5e-15	68.9
scaffold48432	OTU_0128	100.00	82	0	0	2689	2444	232	313	1e-39	  144
scaffold48434	OTU_0219	31.37	255	120	10	216	839	69	315	1e-14	69.3
scaffold48867	OTU_0137	27.06	303	162	12	1810	2610	36	315	4e-15	70.9
scaffold49899	OTU_0229	34.25	219	103	6	2085	1528	2	212	1e-24	98.6
scaffold50093	OTU_0078	27.22	180	91	4	9	431	32	210	2e-11	58.2
scaffold50297	OTU_0140	60.00	55	22	0	2236	2400	244	298	1e-15	72.0
scaffold50888	OTU_0314	37.98	258	113	9	2574	1933	61	315	6e-33	  125
scaffold51166	OTU_0217	34.12	255	120	10	49	705	58	300	5e-26	  104
scaffold51760	OTU_0320	31.93	285	126	12	37	750	39	302	7e-16	73.2
scaffold51772	OTU_0119	81.58	38	7	0	945	832	277	314	1e-17	67.4
scaffold51772	OTU_0119	68.18	22	7	0	1009	944	256	277	1e-17	35.0
scaffold52288	OTU_0157	34.25	181	82	5	1356	925	122	302	3e-19	83.6
scaffold52469	OTU_0218	33.55	307	163	7	473	1276	11	315	2e-37	  138
scaffold52574	OTU_0101	29.97	317	163	10	926	90	7	302	1e-19	84.3
scaffold53751	OTU_0105	35.59	177	78	5	93	515	64	240	5e-18	79.0
scaffold53940	OTU_0151	32.90	231	101	9	849	277	86	302	2e-18	80.9
scaffold53982	OTU_0229	44.44	90	41	2	452	186	6	87	8e-11	56.6
scaffold54259	OTU_0134	28.38	222	116	6	874	317	88	302	1e-11	60.1
scaffold55344	OTU_0133	42.86	70	39	1	2373	2164	78	146	7e-12	58.9
scaffold55641	OTU_0217	28.02	257	133	8	2425	1772	69	312	9e-12	60.5
scaffold55759	OTU_0016	24.90	261	147	8	1788	1120	3	252	9e-12	60.1
scaffold56187	OTU_0341	32.71	266	131	10	1345	2028	46	301	4e-25	  101
scaffold56413	OTU_0071	26.44	208	136	6	693	82	9	203	6e-11	57.8
scaffold56814	OTU_0015	26.77	254	146	6	1967	1302	56	301	5e-13	64.3
scaffold56891	OTU_0096	31.40	172	80	5	682	281	1	172	3e-12	60.1
scaffold59256	OTU_0234	29.12	261	139	6	1299	1979	53	301	9e-15	69.3
scaffold60234	OTU_0312	32.18	202	97	5	1150	1641	101	300	7e-18	79.0
scaffold60363	OTU_0071	27.33	322	184	11	1015	1902	2	299	4e-16	73.6
scaffold60415	OTU_0242	28.47	295	150	9	1521	2279	23	298	7e-24	97.4
scaffold60818	OTU_0229	36.32	212	93	7	1420	1947	7	212	7e-24	96.3
scaffold61164	OTU_0229	98.66	224	1	1	941	270	1	222	1e-153	  444
scaffold62127	OTU_0320	32.88	292	118	13	729	1472	47	304	2e-24	99.0
scaffold62302	OTU_0287	28.21	273	142	8	1423	722	48	305	5e-18	79.3
scaffold63206	OTU_0079	32.78	180	89	5	1081	1527	121	299	1e-15	72.0
scaffold63902	OTU_0128	99.22	128	1	0	386	3	1	128	3e-82	  261
scaffold65757	OTU_0157	31.62	272	128	9	1525	839	46	302	2e-22	92.8
scaffold67156	OTU_0246	33.47	239	100	6	453	1076	91	301	4e-19	82.4
scaffold67461	OTU_0140	31.15	244	118	10	772	1368	65	303	4e-17	76.3
scaffold68644	OTU_0258	31.28	195	91	7	1529	2068	13	179	6e-11	57.8
scaffold69998	OTU_0246	37.33	225	91	8	4	558	88	302	5e-25	  100
scaffold69999	OTU_0267	29.57	230	109	9	152	751	89	295	1e-14	68.6
scaffold70092	OTU_0262	32.95	173	82	7	545	123	20	190	5e-13	62.8
scaffold70676	OTU_0217	31.13	257	128	6	339	1013	73	312	2e-20	86.3
scaffold70833	OTU_0046	77.14	280	64	0	840	1	1	280	7e-156	  451
scaffold74468	OTU_0126	33.93	224	109	7	1746	1171	82	298	4e-23	94.7
scaffold74772	OTU_0217	38.81	201	85	6	3	509	106	300	3e-26	  103
scaffold76383	OTU_0031	27.42	299	165	9	1792	1010	20	304	4e-21	88.6
scaffold76630	OTU_0178	39.09	110	54	4	987	1277	194	303	4e-17	63.9
scaffold76630	OTU_0178	30.00	80	49	2	721	960	90	162	4e-17	36.2
scaffold77406	OTU_0079	35.56	180	84	5	1207	1653	121	299	1e-17	77.8
scaffold77676	OTU_0196	27.65	217	112	8	988	458	89	300	9e-12	60.1
scaffold78036	OTU_0079	35.00	180	85	5	106	552	121	299	1e-15	72.0
scaffold78732	OTU_0234	31.10	209	116	5	1211	1813	13	201	5e-15	69.7
scaffold79384	OTU_0104	32.46	228	112	10	1061	1639	24	244	5e-17	75.1
scaffold79609	OTU_0198	26.69	266	148	8	1157	1843	45	300	1e-16	74.3
scaffold81075	OTU_0106	90.70	43	4	0	2	130	271	313	1e-19	84.0
scaffold82224	OTU_0203	64.29	56	20	0	4	171	97	152	2e-18	77.8
scaffold83479	OTU_0072	28.62	304	166	12	432	1211	3	299	3e-15	70.5
scaffold83755	OTU_0071	25.16	306	170	8	1739	960	9	301	3e-16	73.6
scaffold84120	OTU_0226	30.79	328	158	12	1128	235	10	298	1e-29	  113
scaffold85804	OTU_0305	53.42	73	33	1	1674	1456	103	174	3e-18	77.8
scaffold86968	OTU_0196	27.80	259	154	8	891	1580	41	295	7e-21	87.4
scaffold87528	OTU_0105	32.81	192	85	2	502	41	55	240	1e-18	79.7
scaffold87591	OTU_0341	25.49	255	136	8	14	637	51	298	1e-11	59.3
scaffold89058	OTU_0267	28.14	295	153	12	1520	786	15	300	2e-14	67.8
scaffold89559	OTU_0127	39.11	179	74	5	371	802	1	179	2e-18	78.6
scaffold90281	OTU_0175	28.00	275	158	10	709	1434	34	301	1e-15	71.2
scaffold91119	OTU_0072	35.48	217	104	7	321	881	91	301	3e-21	88.2
scaffold91136	OTU_0031	29.58	240	116	8	1495	890	86	310	9e-19	80.9
scaffold92958	OTU_0112	26.75	228	131	6	820	227	1	222	5e-17	74.7
scaffold93765	OTU_0197	54.24	59	27	0	7	183	121	179	9e-16	70.5
scaffold95127	OTU_0277	41.46	82	38	1	7	222	57	138	9e-12	57.8
scaffold95725	OTU_0203	46.43	56	30	0	1358	1191	97	152	4e-12	58.9
scaffold96611	OTU_0229	34.12	211	95	6	1061	1582	7	210	3e-22	90.1
scaffold96786	OTU_0196	29.00	300	154	9	161	937	19	300	2e-23	94.7
scaffold97546	OTU_0217	33.33	246	111	9	1513	887	73	302	4e-23	94.0
scaffold98304	OTU_0271	64.44	45	16	0	2	136	262	306	1e-13	65.1
scaffold99710	OTU_0198	30.93	291	133	15	846	1550	32	310	1e-17	77.4
scaffold101668	OTU_0155	29.18	305	170	9	873	61	8	300	2e-11	58.9
scaffold102545	OTU_0027	46.27	67	34	2	1041	1238	238	303	8e-11	57.0
scaffold103002	OTU_0302	64.21	271	97	0	814	2	1	271	2e-100	  302
scaffold105861	OTU_0229	37.10	186	79	6	1051	605	26	210	6e-21	85.9
scaffold106366	OTU_0217	31.46	178	105	7	517	2	1	167	2e-11	58.9
scaffold108245	OTU_0121	28.37	282	143	9	731	3	13	274	4e-12	60.5
scaffold108394	OTU_0219	31.52	257	117	10	486	1115	58	302	2e-14	67.8
scaffold108466	OTU_0067	30.49	223	109	10	407	988	99	304	3e-15	70.1
scaffold108648	OTU_0211	99.59	241	1	0	565	1287	1	241	2e-177	  499
scaffold110068	OTU_0140	27.47	233	116	8	708	118	86	301	3e-11	58.2
scaffold111231	OTU_0217	29.36	235	124	5	1426	827	73	300	4e-23	93.2
scaffold112861	OTU_0107	36.23	276	134	5	1414	710	39	313	3e-40	  142
scaffold113011	OTU_0027	42.86	70	40	0	1076	1285	238	307	2e-11	58.5
scaffold113133	OTU_0071	23.40	265	145	8	885	226	47	298	5e-11	57.4
scaffold113377	OTU_0217	36.46	181	77	4	1287	856	121	300	5e-25	99.0
scaffold113391	OTU_0218	30.73	218	109	8	835	287	104	314	7e-13	62.8
scaffold113831	OTU_0121	35.29	221	97	6	495	1043	90	302	2e-26	  103
scaffold117937	OTU_0274	35.24	210	95	5	230	754	1	204	8e-26	99.4
scaffold118851	OTU_0072	30.90	301	152	11	1007	225	16	300	4e-24	95.9
scaffold120303	OTU_0229	37.33	217	87	6	664	1194	2	209	7e-25	96.7
scaffold120347	OTU_0137	30.57	193	112	5	612	1187	11	182	2e-15	70.1
scaffold120364	OTU_0157	31.67	180	77	6	1326	907	126	299	8e-14	65.5
scaffold121220	OTU_0115	58.73	63	26	0	3	191	109	171	1e-19	81.3
scaffold123074	OTU_0071	27.19	228	141	8	672	22	3	216	2e-15	70.5
scaffold123477	OTU_0212	33.21	271	141	9	1194	475	41	302	2e-25	99.8
scaffold123763	OTU_0192	44.12	68	37	1	420	217	32	98	4e-11	54.7
scaffold123943	OTU_0212	29.04	303	159	11	1283	492	17	302	3e-16	72.8
scaffold124083	OTU_0020	31.43	245	111	8	315	989	94	301	5e-17	75.1
scaffold125281	OTU_0267	29.48	173	91	4	332	760	123	294	2e-12	61.6
scaffold125455	OTU_0127	31.28	179	88	3	1237	806	2	180	3e-22	88.6
scaffold128831	OTU_0125	27.60	250	134	8	790	134	25	258	9e-17	73.6
scaffold128974	OTU_0175	28.85	253	140	10	357	1049	70	304	3e-12	60.5
scaffold129255	OTU_0104	44.44	81	38	2	1029	790	174	248	8e-13	61.6
scaffold129349	OTU_0305	64.29	42	15	0	1207	1082	132	173	1e-13	62.8
scaffold130152	OTU_0031	32.95	258	122	7	1236	562	73	312	2e-26	  102
scaffold130275	OTU_0229	32.26	217	98	4	1197	667	2	209	1e-20	84.7
scaffold131026	OTU_0267	29.80	302	148	13	1261	485	15	295	2e-23	93.6
scaffold132254	OTU_0071	30.45	312	160	13	929	102	13	303	5e-22	89.7
scaffold132254	OTU_0071	55.10	49	22	0	1219	1073	253	301	2e-13	64.3
scaffold133443	OTU_0257	51.95	77	35	2	7	234	33	108	1e-15	67.8
scaffold134201	OTU_0161	45.12	82	39	2	656	411	108	183	5e-12	58.5
scaffold136248	OTU_0129	34.43	212	97	6	840	313	64	269	1e-21	87.8
scaffold137318	OTU_0317	78.85	52	11	0	1099	944	242	293	1e-18	79.7
scaffold137806	OTU_0227	58.92	314	129	0	1118	177	2	315	9e-123	  357
scaffold142825	OTU_0320	28.02	257	131	8	1168	521	59	302	2e-15	70.5
scaffold145003	OTU_0234	26.50	234	125	9	582	4	59	286	5e-11	56.6
scaffold147188	OTU_0150	40.86	93	45	3	441	166	6	89	5e-12	58.9
scaffold147874	OTU_0031	34.60	211	95	5	398	922	103	306	9e-21	85.5
scaffold148252	OTU_0176	67.21	61	20	0	1135	953	152	212	4e-20	82.4
scaffold148594	OTU_0256	34.02	194	82	5	506	967	103	290	4e-21	86.3
scaffold148834	OTU_0105	40.10	197	75	5	1146	685	58	254	1e-28	  107
scaffold149369	OTU_0198	33.82	207	97	3	223	723	103	309	1e-27	  105
scaffold150657	OTU_0311	51.85	54	25	1	795	956	43	95	2e-11	55.5
scaffold153845	OTU_0212	26.61	342	184	13	204	1115	3	315	2e-18	79.0
scaffold154113	OTU_0339	29.78	319	162	11	217	1053	13	309	7e-22	88.6
scaffold155209	OTU_0111	28.37	282	141	9	373	1110	11	267	3e-12	60.1
scaffold156106	OTU_0196	32.33	232	118	7	722	120	78	301	2e-20	84.3
scaffold158341	OTU_0026	50.75	67	33	0	796	996	120	186	2e-16	71.2
scaffold158344	OTU_0105	37.04	189	78	5	95	538	65	253	6e-24	93.2
scaffold159404	OTU_0291	32.59	224	109	9	590	9	105	316	4e-14	65.9
scaffold161634	OTU_0326	77.42	31	7	0	134	226	121	151	3e-11	55.5
scaffold164248	OTU_0339	37.33	217	80	9	252	773	98	301	3e-21	86.7
scaffold165335	OTU_0249	83.09	136	20	1	1058	651	64	196	8e-72	  223
scaffold166259	OTU_0290	34.57	81	52	1	375	136	2	82	1e-11	51.2
scaffold166259	OTU_0290	35.19	54	32	2	158	3	82	134	1e-11	29.3
scaffold169407	OTU_0341	30.21	192	90	8	179	637	126	312	9e-14	64.7
scaffold169792	OTU_0003	72.73	44	12	0	777	908	261	304	4e-17	74.7
scaffold170259	OTU_0198	28.57	224	132	7	876	268	91	307	1e-14	67.4
scaffold173486	OTU_0335	30.73	218	117	8	605	6	100	301	3e-11	57.0
scaffold175540	OTU_0079	37.87	169	68	5	985	587	127	294	1e-20	84.3
scaffold177212	OTU_0175	62.31	130	48	1	480	866	15	144	1e-41	  143
scaffold177212	OTU_0175	82.05	39	7	0	858	974	275	313	7e-18	76.6
scaffold178094	OTU_0129	30.48	269	141	6	245	940	8	267	2e-22	89.0
scaffold178095	OTU_0093	29.29	297	163	7	161	940	18	304	3e-23	91.7
scaffold179266	OTU_0079	35.56	180	84	5	797	351	121	299	7e-18	76.6
scaffold179574	OTU_0107	34.13	293	152	4	774	16	10	301	6e-42	  144
scaffold181773	OTU_0351	33.17	208	97	6	296	811	3	204	1e-18	77.0
scaffold184682	OTU_0260	30.88	204	96	5	316	804	11	210	1e-21	85.9
scaffold184868	OTU_0229	38.32	214	83	8	800	276	6	209	3e-29	  107
scaffold189409	OTU_0266	36.81	182	80	6	947	507	124	305	1e-20	84.0
scaffold194583	OTU_0155	35.32	252	129	6	658	2	36	286	2e-35	  126
scaffold197908	OTU_0138	28.21	156	97	4	470	12	3	146	4e-11	54.7
scaffold198282	OTU_0129	30.54	239	105	4	734	117	55	265	8e-23	89.7
scaffold198909	OTU_0196	32.26	217	107	8	56	610	87	295	8e-17	73.2
scaffold202728	OTU_0210	27.11	284	168	6	2	760	21	296	8e-13	61.6
scaffold204498	OTU_0226	33.18	220	102	6	642	103	87	301	1e-24	95.1
scaffold205904	OTU_0140	27.04	233	117	8	708	118	86	301	8e-11	55.5
scaffold208950	OTU_0155	35.14	185	79	5	294	728	118	301	9e-24	92.8
scaffold209740	OTU_0114	40.70	86	45	3	854	609	93	176	2e-11	55.8
scaffold210220	OTU_0121	28.57	301	161	10	87	881	13	295	5e-19	79.0
scaffold210390	OTU_0140	30.90	301	152	10	880	101	16	301	2e-26	  100
scaffold213477	OTU_0238	38.16	76	45	2	781	557	131	205	4e-11	55.1
scaffold214253	OTU_0258	32.63	190	92	6	287	751	116	304	1e-13	63.9
scaffold214483	OTU_0105	32.20	177	70	5	386	6	64	240	2e-16	70.9
scaffold215600	OTU_0314	34.97	183	70	6	12	413	123	305	2e-15	68.6
scaffold216114	OTU_0320	32.08	212	103	6	535	2	91	295	9e-20	80.9
scaffold220028	OTU_0317	29.58	213	106	9	533	12	100	307	7e-13	61.2
scaffold220035	OTU_0097	26.17	214	121	8	111	650	104	314	5e-12	58.9
scaffold222839	OTU_0203	64.44	45	16	0	716	582	108	152	7e-17	70.5
scaffold222869	OTU_0217	35.44	237	121	9	841	206	73	302	7e-26	98.6
scaffold226241	OTU_0262	64.71	51	17	1	416	565	149	199	6e-16	68.6
scaffold227165	OTU_0281	100.00	74	0	0	830	609	29	102	4e-48	  153
scaffold229913	OTU_0043	29.05	210	128	6	19	588	92	300	6e-17	72.8
scaffold232077	OTU_0275	32.98	94	59	2	630	349	46	135	4e-11	53.9
scaffold236553	OTU_0094	87.89	190	23	0	155	724	1	190	1e-102	  295
scaffold245645	OTU_0305	69.57	46	14	0	753	616	128	173	2e-16	68.6
scaffold246210	OTU_0266	37.62	101	54	4	409	113	90	183	7e-11	55.1
scaffold250286	OTU_0087	30.73	192	89	8	27	521	1	175	2e-11	55.5
scaffold253380	OTU_0173	43.75	64	35	1	640	452	239	302	6e-12	58.2
scaffold254410	OTU_0307	31.58	190	97	6	686	150	14	181	5e-11	55.5
scaffold260729	OTU_0305	75.61	41	10	0	749	627	133	173	1e-16	69.3
scaffold262135	OTU_0021	36.59	123	49	5	626	312	140	251	2e-13	62.0
scaffold262604	OTU_0229	36.92	214	93	6	727	194	2	209	5e-25	94.4
scaffold271966	OTU_0134	33.01	206	112	9	704	147	104	303	3e-13	61.6
scaffold272256	OTU_0065	55.56	45	20	0	717	583	209	253	4e-11	55.1
scaffold273658	OTU_0247	62.90	62	23	0	512	327	4	65	1e-21	85.1
scaffold276979	OTU_0351	38.59	184	78	7	713	261	25	206	8e-24	90.5
scaffold281275	OTU_0233	38.55	179	69	8	678	256	128	303	1e-22	88.2
scaffold281704	OTU_0265	66.67	42	14	0	599	474	134	175	6e-15	64.7
scaffold282825	OTU_0265	81.82	33	6	0	1	99	143	175	9e-13	58.5
scaffold286214	OTU_0140	26.87	227	118	8	697	113	98	308	1e-11	57.0
scaffold289459	OTU_0195	42.35	85	44	4	276	521	218	300	6e-11	54.7
scaffold291171	OTU_0175	46.27	67	34	2	238	435	238	303	1e-11	57.0
scaffold298325	OTU_0262	31.52	184	90	6	56	505	18	199	1e-15	66.6
scaffold298575	OTU_0305	67.27	55	18	0	664	500	119	173	1e-20	80.5
scaffold299191	OTU_0176	68.85	61	19	0	19	201	152	212	3e-21	83.2
scaffold301145	OTU_0341	30.71	127	77	4	108	488	188	303	2e-11	55.8
scaffold303782	OTU_0271	32.90	155	79	4	403	2	118	268	1e-11	56.6
scaffold305983	OTU_0027	46.27	67	34	2	413	610	238	303	6e-11	54.7
scaffold307168	OTU_0282	39.47	76	45	1	537	313	112	187	2e-12	57.4
scaffold308515	OTU_0203	64.71	51	18	0	78	230	102	152	1e-18	74.3
scaffold313180	OTU_0155	29.71	175	119	4	559	44	1	174	2e-17	72.8
scaffold319355	OTU_0305	43.55	62	34	1	138	320	115	176	6e-13	58.5
scaffold321955	OTU_0068	53.85	39	18	0	638	522	110	148	3e-11	53.5
scaffold328030	OTU_0281	63.83	47	17	0	23	163	51	97	1e-14	62.0
scaffold329818	OTU_0267	36.55	145	55	3	24	350	152	295	3e-22	86.7
scaffold331079	OTU_0020	48.53	68	35	0	94	297	234	301	7e-16	68.6
scaffold331376	OTU_0140	43.08	65	37	0	544	350	235	299	1e-11	56.2
scaffold332807	OTU_0155	29.17	216	111	7	545	3	83	291	2e-19	78.2
scaffold335369	OTU_0234	34.10	173	72	6	401	6	118	289	5e-18	74.3
scaffold335561	OTU_0314	30.45	220	112	8	38	610	89	296	1e-15	67.4
scaffold336266	OTU_0203	60.00	40	16	0	2	121	113	152	3e-12	56.2
scaffold336329	OTU_0300	50.94	53	26	0	302	144	178	230	2e-11	55.5
scaffold336382	OTU_0341	28.25	177	88	8	613	194	125	299	2e-12	58.9
scaffold336673	OTU_0203	66.67	51	17	0	575	423	105	155	2e-20	79.3
scaffold339626	OTU_0012	29.89	184	103	6	613	137	21	203	1e-18	75.1
scaffold342093	OTU_0133	47.14	70	36	1	242	451	78	146	3e-14	61.6
scaffold342959	OTU_0196	28.14	167	85	5	119	514	134	300	1e-11	56.2
scaffold344870	OTU_0257	70.59	34	10	0	606	505	75	108	5e-12	54.7
scaffold348722	OTU_0126	35.21	213	92	7	2	526	94	298	3e-24	92.0
scaffold353893	OTU_0233	27.92	197	89	7	91	546	112	300	1e-11	55.8
scaffold354827	OTU_0176	27.70	213	107	9	564	46	1	206	1e-12	57.8
scaffold355768	OTU_0305	67.27	55	18	0	522	358	119	173	3e-20	79.3
scaffold367097	OTU_0203	62.75	51	19	0	95	247	102	152	6e-17	69.3
scaffold367748	OTU_0087	52.94	68	32	0	327	124	111	178	9e-19	75.1
scaffold370751	OTU_0019	37.25	102	61	1	507	202	203	301	2e-15	66.6
scaffold377842	OTU_0284	65.38	52	16	1	227	382	14	63	3e-15	66.2
scaffold377956	OTU_0195	100.00	31	0	0	563	471	280	310	4e-15	65.9
scaffold382414	OTU_0203	59.68	62	25	0	62	247	93	154	2e-20	79.3
scaffold383846	OTU_0305	70.21	47	14	0	454	314	130	176	1e-19	77.0
scaffold385780	OTU_0133	44.29	70	38	1	111	320	78	146	6e-14	60.5
scaffold386658	OTU_0320	27.94	204	109	5	41	556	97	294	1e-16	70.1
scaffold392964	OTU_0059	29.94	167	71	6	72	434	73	239	1e-11	55.5
scaffold393822	OTU_0018	35.03	157	61	4	532	185	21	177	4e-19	75.9
scaffold395845	OTU_0048	47.62	63	32	1	312	124	243	304	7e-13	59.3
scaffold396172	OTU_0121	33.33	216	97	9	7	543	90	295	1e-18	75.9
scaffold401206	OTU_0345	52.46	61	24	2	452	285	240	300	2e-15	66.6
scaffold402260	OTU_0126	33.65	208	95	6	524	3	90	288	1e-19	78.2
scaffold406127	OTU_0150	29.02	193	111	4	521	3	12	198	6e-15	63.9
scaffold407222	OTU_0292	44.16	77	36	2	135	362	92	162	6e-11	52.0
scaffold410905	OTU_0266	29.75	158	101	4	491	21	18	166	1e-13	61.6
scaffold411074	OTU_0229	30.85	201	92	6	54	530	10	205	8e-15	63.5
scaffold412545	OTU_0012	43.59	78	43	1	520	287	127	203	5e-17	69.7
scaffold425431	OTU_0256	27.32	183	85	5	2	415	98	277	6e-11	53.5
scaffold425832	OTU_0219	73.33	75	20	0	225	1	1	75	1e-33	  117
scaffold427126	OTU_0281	78.12	32	7	0	516	421	58	89	1e-11	52.4
scaffold431549	OTU_0291	34.94	166	87	9	2	481	14	164	9e-11	52.8
scaffold434189	OTU_0101	35.29	119	70	3	147	503	52	163	8e-11	52.8
scaffold438877	OTU_0197	50.82	61	30	0	192	374	115	175	2e-14	62.0
scaffold440699	OTU_0325	30.77	182	96	6	482	6	25	199	1e-13	59.7
scaffold442101	OTU_0197	72.22	36	10	0	3	110	140	175	9e-14	60.1
scaffold442926	OTU_0291	27.45	204	101	3	501	16	104	302	1e-16	69.7
scaffold445615	OTU_0016	48.28	58	29	1	363	193	199	256	3e-14	62.4
scaffold446740	OTU_0204	30.12	166	97	6	12	494	7	158	6e-12	56.2
scaffold446995	OTU_0155	29.83	181	95	5	46	495	121	300	5e-17	70.9
scaffold447391	OTU_0203	52.54	59	28	0	118	294	94	152	3e-15	63.9
scaffold447881	OTU_0335	37.21	129	67	5	473	105	181	301	2e-16	68.9
scaffold448333	OTU_0229	29.28	181	88	5	1	423	27	207	1e-13	60.1
scaffold449134	OTU_0096	36.99	73	42	2	484	275	114	185	6e-11	52.0
scaffold451926	OTU_0018	41.86	86	46	3	359	108	96	179	7e-14	60.1
scaffold455971	OTU_0003	54.55	55	25	0	167	3	233	287	4e-14	62.4
scaffold458187	OTU_0150	33.68	190	85	5	468	4	11	194	3e-19	76.3
scaffold459352	OTU_0265	47.83	46	24	0	470	333	130	175	2e-12	55.8
scaffold460310	OTU_0133	41.54	65	37	1	105	299	83	146	1e-11	53.5
scaffold464373	OTU_0037	57.69	52	21	1	2	157	253	303	9e-11	52.8
scaffold465264	OTU_0300	32.81	128	70	4	406	56	120	242	1e-11	54.7
scaffold465339	OTU_0317	56.58	76	31	1	255	476	181	256	9e-22	84.0
scaffold466421	OTU_0281	71.05	38	11	0	460	347	63	100	5e-12	53.5
scaffold468435	OTU_0130	33.57	143	60	6	109	438	42	182	5e-11	52.4
scaffold470844	OTU_0262	64.41	59	21	0	34	210	141	199	5e-20	78.2
scaffold473434	OTU_0155	36.72	128	68	5	469	98	63	181	7e-12	55.8
scaffold475638	OTU_0300	46.88	64	33	1	350	159	167	229	1e-13	60.1
scaffold476463	OTU_0257	59.09	44	18	0	2	133	70	113	8e-15	62.0
scaffold483321	OTU_0096	54.55	55	25	0	332	168	118	172	2e-14	61.6
scaffold485361	OTU_0271	38.14	97	56	1	94	384	86	178	1e-13	61.2
scaffold486803	OTU_0328	58.97	39	16	0	14	130	185	223	1e-11	54.3
scaffold489508	OTU_0311	48.33	60	28	2	167	337	34	93	1e-12	55.5
scaffold497226	OTU_0234	27.96	186	89	4	458	6	100	275	4e-13	59.3
scaffold507589	OTU_0150	34.07	182	80	4	1	426	41	222	2e-19	76.3
scaffold507883	OTU_0018	36.16	177	80	4	3	434	1	177	7e-27	96.3
scaffold509051	OTU_0300	40.58	69	40	1	434	228	163	230	2e-12	56.6
scaffold510111	OTU_0236	42.48	113	64	1	336	1	1	113	2e-21	82.4
scaffold513748	OTU_0055	52.94	51	24	0	1	153	114	164	5e-13	57.4
scaffold517244	OTU_0267	34.39	157	83	5	424	2	116	268	5e-17	70.1
scaffold520845	OTU_0050	33.64	110	65	2	1	330	73	174	3e-12	55.5
scaffold521204	OTU_0115	65.31	49	17	0	7	153	123	171	6e-17	68.9
scaffold523236	OTU_0130	47.62	63	31	2	364	179	121	182	4e-11	52.0
scaffold523718	OTU_0191	78.43	51	11	0	92	244	14	64	7e-23	86.3
scaffold529490	OTU_0225	33.04	112	74	1	101	433	5	116	3e-15	65.1
scaffold538222	OTU_0176	52.83	53	24	1	254	96	162	213	9e-11	51.6
scaffold542981	OTU_0124	39.73	73	42	2	2	220	83	153	8e-12	53.5
scaffold549779	OTU_0203	64.29	56	20	0	292	125	97	152	5e-21	79.7
scaffold552311	OTU_0176	33.53	173	77	5	9	419	36	206	8e-14	59.7
scaffold553091	OTU_0350	31.17	154	70	6	356	3	3	156	9e-12	53.1
scaffold559633	OTU_0176	44.78	67	36	1	17	217	148	213	3e-12	55.8
scaffold559650	OTU_0305	66.67	57	19	0	72	242	117	173	2e-21	80.9
scaffold567389	OTU_0196	48.21	56	29	0	2	169	240	295	4e-13	59.3
scaffold572536	OTU_0133	44.78	67	36	1	335	135	83	148	3e-13	57.8
scaffold575523	OTU_0247	65.91	132	42	1	413	18	110	238	3e-57	  176
scaffold577630	OTU_0265	65.31	49	17	0	22	168	130	178	2e-16	66.6
scaffold577636	OTU_0347	51.39	72	30	2	270	58	13	80	7e-14	59.3
scaffold583070	OTU_0203	53.97	63	29	0	83	271	93	155	8e-21	79.0
scaffold585979	OTU_0186	43.86	57	31	1	408	238	121	176	4e-11	51.6
scaffold589915	OTU_0192	65.52	58	20	0	263	90	41	98	2e-22	81.6
scaffold591773	OTU_0305	63.64	55	20	0	380	216	119	173	2e-19	75.1
scaffold593325	OTU_0240	36.84	133	81	3	4	396	1	132	6e-18	71.2
scaffold595181	OTU_0150	32.99	97	52	2	28	318	7	90	3e-11	52.8
scaffold622623	OTU_0066	43.30	97	43	4	378	118	202	296	4e-12	55.8
scaffold623200	OTU_0127	52.17	69	33	0	389	183	122	190	7e-20	76.3
scaffold627939	OTU_0012	43.59	78	32	2	9	206	114	191	2e-13	58.2
scaffold628015	OTU_0021	35.63	87	52	2	75	335	166	248	8e-13	57.4
scaffold633666	OTU_0217	39.13	115	62	3	366	28	73	181	1e-13	60.1
scaffold640459	OTU_0016	43.94	66	35	2	9	203	194	258	4e-12	55.5
scaffold645920	OTU_0305	62.07	58	21	1	283	110	119	175	4e-21	79.7
scaffold648340	OTU_0127	76.92	39	9	0	209	93	141	179	4e-16	65.9
scaffold650658	OTU_0070	84.38	32	5	0	375	280	185	216	5e-14	60.1
scaffold660724	OTU_0291	32.38	105	64	2	57	353	213	316	2e-11	53.5
scaffold660981	OTU_0043	41.51	53	31	0	283	125	247	299	2e-11	53.5
scaffold661227	OTU_0341	61.36	44	17	0	359	228	258	301	3e-12	56.2
scaffold661697	OTU_0203	62.50	56	21	0	58	225	97	152	5e-18	70.9
scaffold662881	OTU_0140	50.75	67	33	0	343	143	235	301	7e-21	80.1
scaffold662883	OTU_0311	35.56	90	51	2	313	65	17	106	7e-12	52.8
scaffold663970	OTU_0275	42.17	83	43	1	278	45	70	152	1e-13	58.2
scaffold665054	OTU_0115	64.15	53	19	0	2	160	119	171	6e-17	67.8
scaffold665695	OTU_0203	48.84	86	36	2	371	114	75	152	3e-21	79.3
scaffold665758	OTU_0128	37.33	75	45	2	26	250	238	310	1e-11	54.7
scaffold669052	OTU_0258	31.61	155	65	6	352	2	126	277	5e-12	55.5
scaffold670029	OTU_0305	77.42	31	7	0	367	275	144	174	1e-12	55.8
scaffold671052	OTU_0150	42.50	80	39	2	129	365	7	80	6e-12	54.3
scaffold671140	OTU_0351	65.52	58	20	0	347	174	147	204	8e-20	76.3
scaffold671984	OTU_0275	47.56	82	39	2	62	295	57	138	3e-17	68.6
scaffold676424	OTU_0233	39.71	68	36	1	43	231	235	302	2e-11	53.5
scaffold679681	OTU_0229	69.23	39	12	0	246	362	171	209	5e-15	62.8
scaffold683305	OTU_0265	72.50	40	11	0	348	229	136	175	1e-15	63.9
scaffold694041	OTU_0305	68.18	44	14	0	178	47	128	171	5e-17	67.8
scaffold697195	OTU_0249	51.79	56	25	1	7	168	220	275	2e-11	53.5
scaffold700201	OTU_0091	36.42	151	60	5	12	356	15	165	5e-17	67.8
scaffold704370	OTU_0130	51.72	58	28	0	103	276	127	184	4e-15	62.8
scaffold706492	OTU_0305	59.52	42	17	0	126	1	117	158	2e-13	57.8
scaffold710559	OTU_0249	97.44	117	0	1	352	2	55	168	4e-57	  176
scaffold713323	OTU_0350	30.46	151	69	5	4	351	6	155	3e-12	54.3
scaffold721454	OTU_0219	51.43	70	34	0	332	123	235	304	2e-19	75.9
scaffold741388	OTU_0150	39.13	92	49	2	39	311	10	95	5e-11	51.6
scaffold745315	OTU_0275	42.11	76	40	1	286	59	64	135	5e-17	67.4
scaffold747663	OTU_0096	38.82	85	50	2	291	40	102	185	2e-11	52.0
scaffold752157	OTU_0350	45.61	57	30	1	149	316	3	59	8e-11	50.1
scaffold760056	OTU_0265	71.74	46	13	0	70	207	130	175	1e-17	69.7
scaffold771789	OTU_0249	76.19	42	10	0	2	127	246	287	8e-19	73.6
scaffold772392	OTU_0192	55.36	56	25	0	50	217	32	87	1e-15	62.8
scaffold776256	OTU_0260	29.90	97	63	2	304	14	12	103	8e-11	50.8
scaffold778543	OTU_0291	34.95	103	51	4	285	22	202	303	2e-11	53.5
scaffold788879	OTU_0130	43.28	67	36	2	24	221	117	182	2e-11	52.0
scaffold789955	OTU_0003	69.77	43	13	0	3	131	259	301	2e-17	70.1
scaffold792649	OTU_0274	48.44	64	33	0	291	100	141	204	3e-15	62.8
scaffold803582	OTU_0072	69.15	94	29	0	282	1	1	94	4e-40	  132
scaffold812529	OTU_0267	50.94	53	26	0	160	318	236	288	2e-13	59.3
scaffold819154	OTU_0229	78.79	33	7	0	317	219	177	209	2e-13	57.8
scaffold823405	OTU_0150	39.56	91	48	3	43	312	1	85	8e-12	53.5
scaffold827506	OTU_0043	48.31	89	34	3	233	3	209	297	2e-18	72.4
scaffold832375	OTU_0150	38.37	86	46	2	315	58	18	96	3e-11	52.0
scaffold837743	OTU_0326	31.62	136	53	3	288	1	16	151	9e-14	58.2
scaffold838789	OTU_0305	56.86	51	22	0	153	1	115	165	3e-15	62.4
scaffold841286	OTU_0030	51.35	74	34	1	9	224	231	304	6e-20	76.6
scaffold842031	OTU_0042	34.06	138	53	5	301	2	150	287	2e-13	59.3
scaffold842271	OTU_0305	66.67	54	18	0	165	4	120	173	2e-19	74.3
scaffold846473	OTU_0287	52.94	85	30	2	63	287	218	302	4e-22	82.8
scaffold859614	OTU_0217	44.21	95	45	4	281	3	73	161	2e-12	55.8
scaffold860630	OTU_0274	57.38	61	26	0	299	117	157	217	1e-19	75.1
scaffold860938	OTU_0319	41.18	102	57	3	302	3	30	130	7e-20	75.9
scaffold866126	OTU_0195	100.00	101	0	0	1	303	28	128	5e-69	  206
scaffold877462	OTU_0238	50.00	64	32	0	86	277	128	191	5e-14	58.9
scaffold878288	OTU_0003	53.33	75	30	1	293	84	227	301	5e-20	76.6
scaffold900373	OTU_0265	63.64	33	12	0	184	86	143	175	2e-11	51.6
scaffold901550	OTU_0271	47.54	61	32	0	215	33	240	300	2e-14	61.6
scaffold904575	OTU_0203	62.22	45	17	0	218	84	108	152	1e-16	65.9
scaffold905058	OTU_0069	39.76	83	44	2	278	33	26	103	1e-11	52.4
scaffold906187	OTU_0265	56.10	41	18	0	176	54	132	172	4e-11	50.8
scaffold913417	OTU_0336	72.73	55	15	0	3	167	131	185	2e-23	84.7
scaffold915101	OTU_0315	72.50	40	11	0	1	120	70	109	3e-16	64.3
scaffold919486	OTU_0175	40.21	97	42	5	37	288	210	303	2e-12	56.2
scaffold925685	OTU_0032	62.50	56	21	0	3	170	245	300	1e-19	75.5
scaffold927936	OTU_0305	64.29	42	15	0	128	3	118	159	8e-14	58.2
scaffold931417	OTU_0197	59.52	42	17	0	289	164	134	175	8e-14	58.2
scaffold947514	OTU_0133	51.02	49	23	1	258	112	99	146	2e-12	53.9
scaffold951938	OTU_0238	43.75	64	35	1	284	96	140	203	2e-11	52.0
scaffold966627	OTU_0203	50.00	52	24	1	116	265	89	140	4e-12	53.1
scaffold975915	OTU_0096	46.55	58	31	0	267	94	114	171	7e-14	58.2
scaffold981579	OTU_0305	76.19	42	10	0	277	152	135	176	1e-18	71.6
scaffold988302	OTU_0030	56.45	62	27	0	265	80	240	301	2e-17	69.7
scaffold989268	OTU_0018	43.64	55	31	0	78	242	5	59	4e-12	53.1
scaffold992666	OTU_0021	66.04	53	18	0	161	3	195	247	2e-20	77.0
scaffold996093	OTU_0229	47.69	65	34	0	56	250	26	90	7e-14	58.5
scaffold1016101	OTU_0203	58.00	50	21	0	1	150	111	160	1e-14	60.5
scaffold1038040	OTU_0203	64.29	56	19	1	3	170	98	152	5e-22	80.5
scaffold1038497	OTU_0104	47.37	76	37	1	229	2	154	226	9e-18	69.7
scaffold1052953	OTU_0203	63.46	52	19	0	261	106	104	155	3e-21	78.6
scaffold1058974	OTU_0335	62.50	64	24	0	257	66	240	303	9e-24	86.7
scaffold1077427	OTU_0084	60.34	58	23	0	20	193	114	171	6e-21	77.4
scaffold1085346	OTU_0175	35.11	94	50	3	258	10	204	297	9e-11	50.8
scaffold1090090	OTU_0096	52.73	55	25	1	46	207	118	172	1e-13	57.4
scaffold1092559	OTU_0084	50.98	51	25	0	154	2	119	169	2e-14	59.7
scaffold1093799	OTU_0317	41.54	65	34	1	4	198	241	301	6e-12	54.3
scaffold1106686	OTU_0066	54.55	55	24	1	5	166	245	299	3e-14	60.8
scaffold1124303	OTU_0302	63.41	41	14	1	124	2	265	304	1e-10	50.4
scaffold1127977	OTU_0295	53.41	88	30	3	236	3	218	304	3e-20	76.6
scaffold1138489	OTU_0318	47.37	57	28	2	16	180	250	306	2e-11	52.8
scaffold1154856	OTU_0043	50.00	44	22	0	216	85	257	300	3e-11	52.0
scaffold1155552	OTU_0203	59.68	62	24	1	8	193	94	154	2e-21	78.6
scaffold1172146	OTU_0161	35.90	78	42	1	3	212	107	184	1e-11	51.6
scaffold1179531	OTU_0305	64.91	57	20	0	20	190	117	173	3e-22	80.9
scaffold1200054	OTU_0073	75.00	44	11	0	139	8	229	272	1e-18	72.0
scaffold1202258	OTU_0179	50.00	64	32	0	2	193	223	286	4e-17	68.2
scaffold1202262	OTU_0179	50.00	64	32	0	2	193	223	286	4e-17	68.2
scaffold1208065	OTU_0241	100.00	34	0	0	1	102	245	278	8e-19	72.4
scaffold1211499	OTU_0150	41.03	78	39	3	13	243	9	80	3e-12	53.5
scaffold1211551	OTU_0133	46.03	63	33	1	218	30	83	144	7e-14	57.8
scaffold1211575	OTU_0350	50.00	48	23	1	6	149	6	52	7e-11	49.3
scaffold1227983	OTU_0103	58.49	53	22	0	8	166	257	309	8e-16	64.7
scaffold1238985	OTU_0260	76.74	43	10	0	2	130	182	224	3e-18	70.1
scaffold1254654	OTU_0150	49.09	55	28	0	61	225	160	214	6e-11	50.4
scaffold1255398	OTU_0203	47.27	55	27	1	34	198	97	149	2e-12	53.5
scaffold1259001	OTU_0203	47.06	85	32	3	3	236	74	152	4e-18	69.3
scaffold1269238	OTU_0207	44.87	78	42	1	3	233	129	206	2e-19	73.6
scaffold1281374	OTU_0155	39.68	63	38	0	214	26	119	181	1e-11	52.8
scaffold1284035	OTU_0339	50.00	70	35	0	13	222	234	303	3e-17	68.6
scaffold1285559	OTU_0198	56.06	66	29	0	3	200	249	314	4e-18	70.9
scaffold1288269	OTU_0246	56.72	67	29	0	230	30	248	314	3e-21	79.3
scaffold1289163	OTU_0291	50.00	62	31	0	49	234	247	308	2e-14	60.8
scaffold1289797	OTU_0305	78.12	32	7	0	227	132	142	173	4e-13	55.5
scaffold1290942	OTU_0028	100.00	55	0	0	234	70	67	121	1e-36	  117
scaffold1303597	OTU_0350	45.90	61	32	1	25	204	3	63	6e-12	52.0
scaffold1306946	OTU_0001	78.57	42	9	0	126	1	132	173	3e-20	72.8
scaffold1306946	OTU_0001	81.25	16	3	0	230	183	98	113	3e-20	26.9
scaffold1306946	OTU_0001	68.75	16	5	0	178	131	115	130	3e-20	26.2
scaffold1311685	OTU_0262	47.95	73	35	1	14	232	133	202	8e-15	60.5
scaffold1321312	OTU_0203	70.83	48	14	0	189	46	105	152	1e-20	76.3
scaffold1322099	OTU_0303	63.27	49	18	0	84	230	247	295	9e-17	67.0
scaffold1342200	OTU_0343	67.11	76	25	0	1	228	108	183	2e-20	76.3
scaffold1344793	OTU_0305	79.31	29	6	0	88	2	123	151	2e-11	50.8
scaffold1348989	OTU_0161	46.67	60	31	1	190	14	124	183	5e-12	52.8
scaffold1351836	OTU_0087	50.00	76	37	1	228	4	87	162	3e-17	67.4
scaffold1387010	OTU_0084	46.67	60	28	1	181	2	110	165	1e-12	54.3
scaffold1391003	OTU_0275	51.79	56	27	0	169	2	84	139	4e-15	60.8
scaffold1397044	OTU_0240	70.00	30	9	0	133	222	167	196	2e-12	53.5
scaffold1402841	OTU_0025	75.00	44	11	0	157	26	260	303	8e-18	69.7
scaffold1404182	OTU_0335	76.47	51	12	0	69	221	14	64	9e-25	89.0
scaffold1414602	OTU_0152	47.37	57	30	0	219	49	203	259	8e-12	52.8
scaffold1437496	OTU_0203	60.47	43	17	0	216	88	109	151	9e-16	62.8
scaffold1450156	OTU_0341	54.05	74	22	3	195	1	217	287	2e-19	73.9
scaffold1455888	OTU_0048	48.48	66	32	2	213	22	19	84	3e-11	51.6
scaffold1460905	OTU_0025	70.21	47	14	0	189	49	257	303	6e-18	70.1
scaffold1470429	OTU_0103	58.49	53	22	0	211	53	257	309	4e-16	65.1
scaffold1472696	OTU_0133	45.16	62	33	1	23	208	83	143	4e-12	52.0
scaffold1474399	OTU_0287	54.69	64	29	0	205	14	239	302	6e-20	75.5
scaffold1502033	OTU_0305	58.33	48	19	1	143	3	112	159	8e-13	54.3
scaffold1514491	OTU_0114	50.79	63	31	0	18	206	108	170	2e-16	64.7
scaffold1514679	OTU_0305	59.32	59	24	0	9	185	115	173	2e-21	78.2
scaffold1523625	OTU_0235	49.15	59	30	0	21	197	119	177	1e-13	57.0
scaffold1525716	OTU_0303	57.45	47	20	0	195	55	255	301	6e-15	62.0
scaffold1529047	OTU_0140	70.00	40	12	0	3	122	240	279	7e-12	53.5
scaffold1533634	OTU_0190	42.86	70	36	3	206	3	67	134	6e-11	50.4
scaffold1537158	OTU_0267	52.54	59	28	0	181	5	235	293	2e-17	68.6
scaffold1542048	OTU_0305	64.44	45	16	0	3	137	131	175	8e-18	68.6
scaffold1549227	OTU_0151	65.67	67	23	0	203	3	170	236	2e-30	  104
scaffold1550329	OTU_0265	55.74	61	20	1	16	198	133	186	4e-16	63.9
scaffold1554686	OTU_0004	100.00	67	0	0	1	201	175	241	2e-43	  137
scaffold1579685	OTU_0106	100.00	66	0	0	199	2	164	229	5e-45	  143
scaffold1582715	OTU_0203	43.64	55	30	1	36	200	97	150	5e-12	52.0
