scaffold00001	OTU_0041	32.23	273	133	8	77686	78381	39	300	9e-24	  105
scaffold00039	OTU_0155	31.76	233	117	7	44665	45255	74	300	6e-23	  101
scaffold00056	OTU_0320	32.06	262	114	11	62969	62322	59	302	2e-22	99.4
scaffold00081	OTU_0072	35.22	301	158	7	192	986	14	313	4e-37	  144
scaffold00122	OTU_0335	32.96	270	127	11	89955	90638	44	301	6e-22	97.4
scaffold00123	OTU_0267	35.67	300	143	13	91898	91101	12	295	6e-27	  113
scaffold00129	OTU_0246	32.35	306	147	10	14077	14865	14	302	3e-25	  108
scaffold00133	OTU_0320	31.90	326	168	10	26476	27378	14	310	7e-29	  119
scaffold00134	OTU_0106	25.08	299	177	9	93255	92461	15	300	5e-24	  103
scaffold00198	OTU_0226	28.43	306	171	6	59742	60548	7	301	5e-24	  103
scaffold00198	OTU_0226	29.18	257	136	10	58927	59631	66	298	5e-13	68.9
scaffold00209	OTU_0242	28.21	312	157	12	14850	14071	3	299	7e-14	71.6
scaffold00223	OTU_0208	31.48	270	126	8	12552	13229	48	302	2e-23	  102
scaffold00223	OTU_0208	28.76	306	165	9	13601	14401	11	302	1e-14	74.3
scaffold00250	OTU_0043	27.68	336	176	12	56458	55520	10	301	2e-20	92.4
scaffold00271	OTU_0339	34.08	223	96	5	40285	39737	90	301	1e-19	89.4
scaffold00292	OTU_0121	28.87	284	135	9	24553	25281	44	301	2e-15	76.6
scaffold00304	OTU_0261	27.62	239	128	8	2650	3261	74	302	2e-13	70.5
scaffold00306	OTU_0072	31.56	282	141	9	15379	14657	43	313	2e-13	70.1
scaffold00335	OTU_0331	31.86	204	102	6	37274	36762	99	298	2e-14	73.2
scaffold00430	OTU_0020	27.16	324	178	14	44064	43219	6	313	6e-16	77.4
scaffold00461	OTU_0290	28.89	135	94	2	43340	42939	1	134	2e-11	62.8
scaffold00486	OTU_0155	26.26	179	97	5	33937	34368	121	299	5e-11	62.4
scaffold00658	OTU_0106	31.13	257	129	7	7655	6987	58	300	6e-22	96.3
scaffold00695	OTU_0101	29.94	324	191	10	22139	21180	11	302	7e-24	  102
scaffold00756	OTU_0233	35.23	193	80	4	19816	19340	120	301	2e-18	84.7
scaffold00771	OTU_0345	26.13	310	192	11	10665	9826	1	303	2e-16	78.6
scaffold00801	OTU_0303	45.78	83	41	3	2768	2523	220	299	4e-12	65.5
scaffold00882	OTU_0108	27.68	336	167	14	25781	26665	1	301	8e-19	85.9
scaffold01010	OTU_0105	33.93	224	97	7	9399	9950	28	240	2e-22	96.3
scaffold01096	OTU_0121	29.10	299	162	7	3313	4083	11	301	2e-17	81.3
scaffold01103	OTU_0173	29.00	269	137	9	17742	18413	43	302	7e-16	76.3
scaffold01290	OTU_0093	31.94	263	137	7	12803	13492	52	305	2e-22	97.1
scaffold01371	OTU_0040	31.38	188	103	7	18238	18738	120	302	1e-12	66.6
scaffold01431	OTU_0121	35.29	221	97	6	1456	2004	90	302	2e-24	  103
scaffold01501	OTU_0020	36.97	211	91	8	1444	920	97	301	2e-24	  103
scaffold01686	OTU_0317	25.67	261	158	8	5682	4993	41	296	1e-12	66.6
scaffold01693	OTU_0229	37.21	215	93	6	19163	18627	2	210	1e-25	  105
scaffold01701	OTU_0335	36.84	190	88	6	11107	11583	125	313	1e-22	97.4
scaffold01705	OTU_0196	25.82	306	188	10	19584	20435	13	301	2e-13	68.6
scaffold01808	OTU_0320	33.55	313	154	7	3075	3869	9	315	2e-39	  148
scaffold01882	OTU_0226	28.76	306	170	6	5831	6637	7	301	5e-24	  101
scaffold01882	OTU_0226	30.00	180	113	4	5220	5720	119	298	6e-14	70.1
scaffold01891	OTU_0251	26.65	319	158	10	13120	13980	28	302	2e-12	65.5
scaffold01940	OTU_0157	33.12	317	152	10	4272	3448	4	302	6e-27	  110
scaffold01959	OTU_0106	31.90	210	103	6	7761	7234	96	299	8e-15	72.8
scaffold02229	OTU_0020	31.43	245	111	8	3027	2353	94	301	8e-16	75.5
scaffold02350	OTU_0076	32.13	305	154	11	8798	7995	13	301	5e-28	  114
scaffold02359	OTU_0351	34.40	218	101	6	16532	17077	2	213	1e-20	90.1
scaffold02632	OTU_0020	32.39	213	113	7	5860	5306	87	296	2e-18	83.6
scaffold02657	OTU_0267	37.50	208	88	7	10079	10597	95	295	1e-26	  109
scaffold02725	OTU_0245	26.86	309	174	10	3455	4285	12	300	3e-12	64.7
scaffold02849	OTU_0072	30.90	301	152	11	15110	14328	16	300	3e-22	95.9
scaffold02934	OTU_0305	76.47	34	8	0	2355	2456	140	173	3e-11	60.1
scaffold03087	OTU_0233	33.81	281	157	7	5362	6159	37	303	1e-27	  112
scaffold03340	OTU_0196	48.33	60	29	1	8593	8420	241	300	5e-11	60.8
scaffold03390	OTU_0235	43.08	130	65	4	207	572	71	199	8e-18	80.9
scaffold03394	OTU_0173	29.37	269	136	10	10633	11325	47	299	5e-14	70.1
scaffold03413	OTU_0021	41.18	68	40	0	8991	9194	197	264	9e-12	62.4
scaffold03419	OTU_0301	31.54	298	134	13	8193	7435	23	295	1e-23	  100
scaffold03497	OTU_0198	27.83	230	118	9	12847	13440	88	301	7e-11	60.5
scaffold03521	OTU_0260	27.50	200	106	5	8759	8274	11	209	2e-11	60.5
scaffold03758	OTU_0303	34.24	184	86	5	13065	12619	121	304	5e-19	85.1
scaffold03761	OTU_0266	25.33	304	186	12	6928	6119	7	303	8e-14	69.3
scaffold03910	OTU_0095	36.93	176	78	5	12735	12307	126	301	2e-18	83.2
scaffold04091	OTU_0267	31.96	219	104	5	7460	8008	86	295	8e-25	  103
scaffold04316	OTU_0020	31.53	314	164	8	2876	3685	8	314	1e-35	  136
scaffold04653	OTU_0095	33.23	322	141	11	10611	9763	16	302	9e-24	  100
scaffold04653	OTU_0095	28.62	311	158	9	9547	8750	11	302	1e-20	90.1
scaffold04868	OTU_0041	29.14	302	168	6	6779	7576	9	300	2e-23	99.4
scaffold04868	OTU_0041	27.48	262	142	9	5617	6315	58	300	3e-14	70.1
scaffold04987	OTU_0072	29.01	293	156	8	10900	10133	26	303	9e-19	84.3
scaffold05068	OTU_0339	31.91	257	123	9	6402	7052	57	301	1e-21	93.6
scaffold05519	OTU_0217	29.23	284	150	8	626	1366	33	302	1e-23	99.4
scaffold05812	OTU_0155	29.75	316	170	10	2708	1869	3	302	1e-24	  102
scaffold05812	OTU_0155	28.68	258	129	10	3525	2866	60	300	2e-19	86.3
scaffold06090	OTU_0121	31.19	218	105	5	2895	3452	95	299	2e-15	73.9
scaffold06143	OTU_0176	34.38	224	92	10	2359	1817	1	212	4e-18	81.6
scaffold06341	OTU_0129	36.16	177	75	4	261	677	90	266	2e-19	85.5
scaffold06454	OTU_0031	34.31	274	133	10	8585	9292	36	300	3e-28	  114
scaffold06561	OTU_0183	25.76	295	151	10	4669	5394	19	298	9e-14	68.6
scaffold06595	OTU_0096	31.40	172	80	5	7889	7488	1	172	2e-11	60.1
scaffold06631	OTU_0229	33.97	209	99	7	8690	8163	7	209	2e-19	85.1
scaffold06886	OTU_0105	31.08	251	121	9	8496	9134	1	237	6e-14	68.2
scaffold06966	OTU_0140	29.83	295	152	11	5283	4519	19	298	6e-21	90.9
scaffold07150	OTU_0140	47.46	59	31	0	723	547	239	297	1e-11	62.0
scaffold07383	OTU_0320	36.16	177	77	5	3991	3569	126	302	2e-19	85.9
scaffold07387	OTU_0126	32.14	308	161	10	2728	3552	6	298	2e-23	98.6
scaffold07387	OTU_0126	34.25	181	74	4	2137	2547	119	298	5e-20	87.8
scaffold07403	OTU_0317	27.12	295	153	10	727	1482	23	298	5e-18	81.6
scaffold07473	OTU_0339	31.71	287	137	10	500	1246	36	301	1e-19	87.0
scaffold07565	OTU_0266	29.60	321	167	13	2277	1429	2	301	2e-21	92.0
scaffold07679	OTU_0121	30.35	313	152	10	4587	3775	13	301	3e-18	82.4
scaffold07847	OTU_0150	38.39	211	89	6	1840	1313	12	216	2e-23	97.1
scaffold07853	OTU_0155	29.66	236	117	5	7946	7362	74	301	8e-22	93.6
scaffold08015	OTU_0079	31.46	213	104	4	8324	7791	95	300	8e-22	93.6
scaffold08030	OTU_0001	33.22	292	138	13	6874	7638	29	300	7e-12	62.8
scaffold08194	OTU_0058	30.10	309	154	11	3400	4200	12	300	1e-20	89.7
scaffold08200	OTU_0219	30.48	315	188	11	1570	644	16	305	9e-22	93.2
scaffold08402	OTU_0030	28.25	315	175	12	2979	2137	16	313	5e-16	75.5
scaffold08911	OTU_0043	25.79	318	161	11	1381	563	21	308	2e-16	76.3
scaffold09227	OTU_0341	25.70	323	195	12	4664	3768	3	304	2e-12	64.3
scaffold09446	OTU_0229	37.78	180	79	5	181	621	30	209	5e-19	84.0
scaffold09659	OTU_0303	29.08	282	158	8	5351	6097	30	302	2e-25	  104
scaffold09902	OTU_0127	31.07	206	109	11	3887	4480	3	183	6e-11	58.2
scaffold10218	OTU_0229	28.22	202	111	6	6601	7113	6	204	8e-13	63.9
scaffold10372	OTU_0140	44.32	88	33	1	2472	2209	227	298	2e-15	73.6
scaffold10556	OTU_0301	29.30	314	161	11	4997	5821	4	295	9e-23	96.3
scaffold10584	OTU_0258	32.98	282	129	9	2062	1340	40	302	5e-21	90.9
scaffold10648	OTU_0105	29.57	257	121	8	5117	5767	1	237	2e-15	72.8
scaffold11078	OTU_0104	51.35	74	35	1	6898	6677	175	247	1e-18	82.8
scaffold11130	OTU_0351	32.34	167	99	3	6416	6877	27	192	9e-12	60.8
scaffold11202	OTU_0150	35.48	186	80	3	4474	4923	33	214	6e-23	95.5
scaffold11202	OTU_0150	33.18	223	116	6	5406	6002	3	216	6e-19	83.6
scaffold11646	OTU_0295	33.95	271	130	11	3860	3150	47	302	4e-25	  103
scaffold12078	OTU_0010	33.64	217	85	8	5152	5664	98	301	1e-20	89.4
scaffold12851	OTU_0196	30.22	268	138	7	3050	2355	46	300	1e-27	  111
scaffold13311	OTU_0196	28.10	274	143	7	5534	4836	40	300	7e-20	87.0
scaffold13518	OTU_0262	56.45	62	27	0	286	471	138	199	1e-16	75.9
scaffold13715	OTU_0128	25.50	298	175	10	2989	2183	16	295	2e-13	67.0
scaffold13769	OTU_0107	29.97	307	164	9	4203	3397	10	303	9e-22	92.8
scaffold13769	OTU_0107	31.87	182	97	6	4812	4345	121	301	2e-13	67.4
scaffold13876	OTU_0317	25.57	305	187	11	1002	178	19	313	2e-14	70.5
scaffold14305	OTU_0106	28.98	314	167	10	2206	3042	5	297	5e-17	77.8
scaffold14573	OTU_0219	36.61	112	58	3	3786	4085	204	314	6e-11	59.3
scaffold14824	OTU_0227	41.10	163	65	3	11	406	153	315	8e-25	  102
scaffold15361	OTU_0150	31.36	220	96	5	4834	5379	12	214	8e-20	85.9
scaffold15615	OTU_0175	25.47	322	173	11	2885	2022	17	305	3e-13	66.2
scaffold15657	OTU_0287	28.17	213	111	6	247	771	97	305	5e-13	65.9
scaffold16273	OTU_0183	35.71	140	87	3	4928	5341	10	148	2e-13	67.0
scaffold16534	OTU_0234	27.70	278	147	8	2646	1924	41	301	6e-14	68.6
scaffold16560	OTU_0116	28.78	271	148	11	2158	2841	33	301	7e-13	65.1
scaffold16687	OTU_0305	75.00	36	9	0	1	108	141	176	9e-13	63.2
scaffold16974	OTU_0200	37.08	178	73	6	1948	2367	125	301	2e-19	85.1
scaffold18018	OTU_0043	31.17	324	167	9	2055	2885	1	315	9e-36	  135
scaffold18097	OTU_0105	34.98	203	77	6	3816	4277	47	243	5e-17	77.0
scaffold18106	OTU_0341	25.32	237	132	6	3516	2917	70	298	5e-13	65.5
scaffold18806	OTU_0317	35.87	223	106	7	2446	3057	99	303	4e-23	96.7
scaffold18978	OTU_0105	36.46	192	78	7	2511	2050	55	240	5e-22	92.8
scaffold19141	OTU_0001	32.23	273	126	9	3838	3176	36	301	5e-19	84.0
scaffold19562	OTU_0229	32.23	211	101	5	948	421	6	209	3e-22	92.8
scaffold19562	OTU_0229	34.27	178	90	7	2067	1606	35	209	3e-15	71.2
scaffold20906	OTU_0271	28.11	217	112	3	4375	3845	86	298	7e-17	77.0
scaffold20987	OTU_0272	35.94	320	145	14	622	1470	7	303	1e-25	  104
scaffold22027	OTU_0312	44.62	65	36	0	4232	4426	241	305	1e-12	64.3
scaffold22091	OTU_0040	32.84	268	125	7	4000	3323	48	302	2e-25	  104
scaffold22379	OTU_0351	33.05	239	119	7	3083	3766	2	210	2e-23	96.3
scaffold22796	OTU_0229	37.26	212	91	7	965	438	7	212	1e-23	96.7
scaffold22886	OTU_0351	27.70	213	111	6	804	1319	3	213	5e-12	60.8
scaffold23034	OTU_0157	32.26	310	147	13	1351	548	14	302	5e-20	86.7
scaffold23356	OTU_0105	33.52	179	69	5	608	207	67	240	7e-14	67.0
scaffold23706	OTU_0048	32.67	300	157	9	1413	2180	1	299	2e-33	  128
scaffold23708	OTU_0013	35.58	312	155	8	1555	743	8	314	8e-41	  149
scaffold23752	OTU_0017	39.77	88	46	2	3091	2849	109	196	5e-15	70.1
scaffold24285	OTU_0155	37.78	135	77	3	4313	3918	51	181	1e-14	70.5
scaffold24305	OTU_0339	30.07	286	143	10	3149	2421	30	301	3e-17	78.2
scaffold24389	OTU_0351	34.56	217	87	6	110	634	1	204	6e-20	85.5
scaffold24441	OTU_0105	28.64	199	85	5	1526	1990	69	254	6e-11	58.2
scaffold24543	OTU_0341	32.69	309	152	10	3120	3905	15	314	1e-36	  137
scaffold24639	OTU_0229	36.92	214	107	6	3713	3138	2	209	4e-24	98.2
scaffold24669	OTU_0351	65.31	49	17	0	4249	4103	156	204	2e-14	68.6
scaffold24981	OTU_0066	29.63	297	155	9	792	4	10	286	1e-14	70.1
scaffold25141	OTU_0105	35.75	221	91	9	3015	3557	29	238	1e-20	88.6
scaffold25554	OTU_0260	27.75	209	111	6	3428	2907	7	210	2e-11	59.3
scaffold25890	OTU_0229	32.80	186	93	4	1374	1835	26	211	7e-16	72.8
scaffold26025	OTU_0183	32.73	220	116	9	2551	3123	87	303	5e-19	83.6
scaffold27159	OTU_0246	33.02	321	139	11	2543	3373	14	302	6e-29	  114
scaffold27236	OTU_0131	32.12	193	90	6	28	492	69	258	1e-13	66.2
scaffold27799	OTU_0157	31.37	271	134	10	3012	2314	46	302	1e-22	95.1
scaffold28089	OTU_0318	29.53	254	124	10	98	742	62	299	7e-15	70.9
scaffold28259	OTU_0266	32.13	277	147	9	2647	1913	42	309	7e-21	89.4
scaffold28532	OTU_0176	33.18	217	104	6	3025	3570	4	214	2e-22	93.2
scaffold29842	OTU_0137	26.48	219	127	5	3003	3569	98	312	1e-13	67.0
scaffold30007	OTU_0121	32.34	269	138	9	2427	3134	46	303	6e-23	95.9
scaffold30073	OTU_0217	31.87	273	157	8	770	1531	38	300	1e-22	94.7
scaffold30093	OTU_0043	25.24	309	186	10	1166	333	8	302	3e-15	72.0
scaffold30096	OTU_0093	28.43	299	172	6	541	1341	15	303	1e-18	82.0
scaffold30537	OTU_0351	36.02	211	91	8	3099	3620	2	205	2e-24	98.2
scaffold30784	OTU_0137	28.00	225	132	6	3082	2492	83	305	2e-12	63.2
scaffold30935	OTU_0145	28.77	285	137	13	2542	3270	47	307	5e-16	74.3
scaffold31105	OTU_0265	68.75	48	15	0	1512	1655	136	183	2e-15	71.2
scaffold31434	OTU_0030	27.73	220	110	7	691	155	103	314	4e-12	62.0
scaffold32130	OTU_0140	27.00	263	145	8	2146	2835	47	295	1e-13	67.0
scaffold32354	OTU_0105	33.96	212	94	5	2429	2944	35	240	3e-22	92.8
scaffold32354	OTU_0105	30.66	212	100	4	1527	2039	36	241	1e-16	75.1
scaffold32670	OTU_0031	25.88	313	172	12	1663	836	9	298	1e-11	60.5
scaffold32987	OTU_0320	29.14	278	153	7	3526	2813	3	276	2e-21	90.9
scaffold33207	OTU_0233	30.86	269	140	6	2551	3255	44	300	1e-16	76.3
scaffold35207	OTU_0274	34.29	210	93	5	965	450	2	204	4e-25	  100
scaffold35329	OTU_0217	34.12	255	116	7	1000	347	73	312	2e-21	90.9
scaffold35735	OTU_0016	33.49	215	100	8	869	1408	54	260	4e-22	92.4
scaffold35994	OTU_0072	37.85	317	145	9	289	1092	1	314	3e-37	  139
scaffold36196	OTU_0226	32.92	319	158	8	3063	2251	1	311	9e-43	  154
scaffold36815	OTU_0233	30.30	264	135	9	1949	2629	52	303	3e-17	77.8
scaffold37546	OTU_0233	29.47	190	103	3	2093	2569	117	306	4e-17	77.4
scaffold37720	OTU_0043	31.61	310	144	13	1124	318	19	301	2e-24	99.8
scaffold37768	OTU_0087	29.44	180	90	3	2066	1638	3	182	1e-11	58.5
scaffold38180	OTU_0132	34.00	200	105	6	2339	2926	126	302	2e-20	87.4
scaffold38245	OTU_0150	35.45	220	93	8	2239	2781	5	214	4e-27	  106
scaffold38411	OTU_0234	31.14	273	141	9	845	1558	41	301	2e-18	81.6
scaffold38909	OTU_0031	28.24	255	131	7	671	3	49	283	7e-13	64.3
scaffold38972	OTU_0198	27.39	303	176	11	2209	3015	16	308	5e-19	83.2
scaffold39332	OTU_0196	32.78	302	165	5	525	1319	13	313	3e-39	  144
scaffold39928	OTU_0312	35.21	213	96	7	2853	2323	97	303	1e-24	  100
scaffold40155	OTU_0351	73.81	42	11	0	2902	2777	163	204	1e-14	68.6
scaffold40666	OTU_0141	31.05	277	135	7	1077	373	39	301	3e-23	96.3
scaffold41077	OTU_0338	33.11	293	151	9	292	1038	11	302	2e-36	  135
scaffold41520	OTU_0341	32.36	309	153	10	2956	2171	15	314	1e-35	  133
scaffold41552	OTU_0020	26.56	320	167	9	504	1322	3	301	4e-23	95.9
scaffold42135	OTU_0226	34.98	223	91	9	91	639	90	298	1e-18	81.6
scaffold42254	OTU_0183	34.67	150	93	4	1714	2154	10	157	5e-16	73.9
scaffold42384	OTU_0233	33.86	189	91	6	69	539	114	300	6e-15	70.9
scaffold42555	OTU_0339	29.39	296	144	10	1001	249	27	302	4e-24	99.0
scaffold42847	OTU_0013	27.60	279	141	8	2185	2886	39	301	1e-16	75.5
scaffold42895	OTU_0151	43.24	74	41	1	2519	2298	95	167	1e-11	60.8
scaffold43011	OTU_0176	32.43	185	98	7	1655	2146	40	218	2e-12	61.2
scaffold43103	OTU_0192	64.41	59	20	1	2881	2708	37	95	4e-18	77.0
scaffold43379	OTU_0121	29.41	221	131	6	1778	1191	78	298	6e-17	76.6
scaffold44024	OTU_0053	48.39	62	31	1	2492	2677	133	193	9e-11	56.2
scaffold44294	OTU_0121	31.56	225	114	5	2424	1852	85	303	3e-23	96.3
scaffold44316	OTU_0335	31.31	313	173	5	2833	2021	2	314	4e-36	  134
scaffold45796	OTU_0320	31.52	276	134	9	2154	1453	40	302	3e-22	92.8
scaffold46660	OTU_0266	28.36	268	135	9	674	1348	39	292	3e-12	62.0
scaffold46760	OTU_0218	33.55	304	163	6	355	1155	15	316	1e-32	  125
scaffold47522	OTU_0320	36.04	308	147	9	2561	1770	14	315	4e-39	  143
scaffold47698	OTU_0246	38.79	214	95	6	55	606	95	302	9e-21	88.2
scaffold48009	OTU_0105	33.49	215	101	9	989	1522	28	237	3e-14	67.4
scaffold48328	OTU_0183	34.06	320	161	7	2521	1694	1	314	5e-39	  143
scaffold48970	OTU_0234	30.94	223	109	4	1255	692	89	301	1e-21	90.9
scaffold49383	OTU_0115	37.77	188	72	3	2	442	1	184	1e-24	97.8
scaffold50983	OTU_0106	27.04	270	134	9	1591	2259	46	299	5e-15	70.5
scaffold51180	OTU_0105	35.32	218	91	8	54	587	33	240	2e-19	83.2
scaffold51967	OTU_0301	37.50	184	80	7	49	495	116	299	3e-25	  102
scaffold52702	OTU_0155	31.75	274	141	8	594	1307	37	300	2e-28	  111
scaffold52952	OTU_0234	27.80	313	176	8	733	1557	1	301	9e-27	  106
scaffold53358	OTU_0048	33.66	303	156	8	277	1053	1	302	4e-37	  137
scaffold53600	OTU_0150	37.96	216	92	8	1267	728	6	215	2e-26	  103
scaffold53914	OTU_0311	39.06	64	39	0	2107	2298	43	106	2e-11	57.0
scaffold54533	OTU_0236	24.76	311	182	9	2254	1433	4	299	2e-11	59.7
scaffold55285	OTU_0250	33.33	198	109	6	2193	1666	14	210	1e-15	72.4
scaffold55614	OTU_0068	50.88	57	24	1	179	21	104	160	1e-11	58.5
scaffold56906	OTU_0306	100.00	167	0	0	949	449	1	167	7e-111	  334
scaffold57098	OTU_0101	36.16	177	76	4	2207	1788	126	302	5e-21	89.0
scaffold58179	OTU_0162	35.27	275	126	10	925	212	43	302	2e-26	  105
scaffold58247	OTU_0144	34.39	221	102	7	464	1021	89	301	5e-24	98.2
scaffold58331	OTU_0217	36.51	304	146	9	2360	1584	12	313	1e-40	  147
scaffold58495	OTU_0157	33.55	313	157	6	125	928	9	315	2e-43	  155
scaffold58669	OTU_0278	65.52	58	20	0	1	174	156	213	3e-19	82.0
scaffold59615	OTU_0176	27.23	213	113	6	2378	1848	6	212	7e-17	75.1
scaffold60052	OTU_0040	26.14	241	119	6	627	37	77	302	9e-14	66.6
scaffold60367	OTU_0141	29.77	262	145	11	238	960	66	309	5e-11	58.2
scaffold60599	OTU_0150	33.80	213	95	8	1890	1384	4	214	3e-21	88.6
scaffold61425	OTU_0020	29.15	247	103	8	53	685	91	301	3e-17	77.4
scaffold61426	OTU_0155	32.27	313	174	5	2333	1506	2	313	5e-40	  145
scaffold61888	OTU_0317	30.18	328	191	10	1048	98	1	301	2e-20	87.0
scaffold62444	OTU_0341	31.90	232	116	6	66	656	77	301	3e-20	86.3
scaffold63475	OTU_0176	38.95	190	81	3	2392	1928	36	225	7e-30	  114
scaffold63643	OTU_0267	31.06	264	134	11	1011	331	45	297	8e-24	97.4
scaffold64083	OTU_0229	29.15	199	110	8	245	757	12	207	3e-13	63.9
scaffold64836	OTU_0272	31.49	181	88	7	403	837	115	295	3e-13	65.1
scaffold64927	OTU_0229	31.58	209	102	4	1509	2030	10	212	1e-22	92.4
scaffold65042	OTU_0265	68.75	48	15	0	1306	1449	136	183	9e-16	71.2
scaffold65121	OTU_0227	35.87	315	165	8	2239	1400	2	314	4e-44	  157
scaffold67044	OTU_0320	25.93	216	120	6	1745	1182	102	305	3e-13	64.7
scaffold67213	OTU_0197	50.00	62	31	0	2287	2102	114	175	2e-13	63.9
scaffold67286	OTU_0126	33.64	220	100	6	919	371	88	298	5e-22	91.7
scaffold67286	OTU_0126	32.58	178	79	6	1745	1332	119	295	5e-16	73.2
scaffold67403	OTU_0339	26.44	295	151	7	708	1475	41	308	3e-17	77.0
scaffold67442	OTU_0093	34.34	297	134	9	1969	1229	18	303	1e-28	  112
scaffold67974	OTU_0204	27.40	208	108	7	2221	1724	86	292	6e-11	57.8
scaffold68208	OTU_0229	38.21	212	91	7	1305	769	5	209	4e-23	94.0
scaffold68416	OTU_0287	33.96	212	91	6	1051	1566	100	302	2e-23	96.3
scaffold71387	OTU_0183	34.59	159	99	4	141	608	10	166	4e-20	85.9
scaffold72415	OTU_0226	32.31	294	144	11	1391	651	13	298	2e-24	99.4
scaffold73868	OTU_0030	33.49	212	99	7	1782	1255	97	302	4e-23	95.1
scaffold73987	OTU_0287	35.20	304	150	7	187	963	14	315	1e-41	  149
scaffold74831	OTU_0218	53.16	79	37	0	2028	1792	226	304	4e-20	85.5
scaffold74889	OTU_0155	25.71	245	132	7	909	1553	77	301	9e-12	60.5
scaffold75054	OTU_0183	28.00	200	115	5	1345	830	98	296	1e-14	69.3
scaffold75252	OTU_0124	38.55	83	37	3	857	648	69	150	3e-11	57.0
scaffold75255	OTU_0031	28.62	269	140	9	1314	622	46	300	6e-21	88.2
scaffold75489	OTU_0282	28.09	178	91	3	2113	1691	14	191	1e-11	58.2
scaffold75643	OTU_0085	100.00	126	0	0	378	1	1	126	1e-68	  219
scaffold77359	OTU_0225	30.33	300	157	12	1236	2024	18	302	1e-16	75.1
scaffold78270	OTU_0093	30.92	304	148	10	417	1196	21	306	2e-22	92.8
scaffold79096	OTU_0107	33.89	180	84	4	9	443	124	303	6e-18	79.0
scaffold79377	OTU_0320	31.84	223	92	8	1653	1111	98	302	2e-16	74.7
scaffold79712	OTU_0072	34.52	310	160	5	78	881	6	314	3e-41	  147
scaffold80558	OTU_0105	27.71	249	133	6	1038	1655	10	254	1e-13	64.7
scaffold80601	OTU_0116	25.74	303	147	11	257	1006	21	298	2e-12	62.4
scaffold81239	OTU_0351	35.07	211	93	7	745	1266	2	205	2e-25	  100
scaffold81411	OTU_0176	34.74	213	92	5	1428	1964	14	213	9e-21	86.7
scaffold81955	OTU_0339	31.84	267	137	8	1196	1888	47	304	2e-27	  107
scaffold82590	OTU_0229	32.93	164	74	5	1664	2047	26	189	2e-16	73.2
scaffold82789	OTU_0266	30.14	292	141	11	754	2	19	288	5e-18	79.0
scaffold83068	OTU_0229	26.72	232	118	8	719	132	8	223	4e-11	57.0
scaffold84194	OTU_0189	65.45	55	19	0	225	389	259	313	6e-17	75.9
scaffold84252	OTU_0105	29.12	182	92	7	197	634	59	239	7e-12	59.7
scaffold84323	OTU_0217	32.77	235	113	6	420	1010	73	300	1e-24	99.4
scaffold85765	OTU_0137	27.15	221	129	9	101	673	94	312	5e-11	57.8
scaffold86514	OTU_0112	89.29	56	6	0	1487	1320	169	224	4e-29	  110
scaffold86829	OTU_0021	46.03	63	33	1	870	1058	189	250	1e-11	59.3
scaffold86874	OTU_0041	28.96	221	111	4	1442	891	89	300	4e-18	79.3
scaffold86874	OTU_0041	64.29	42	15	0	1948	1823	259	300	5e-12	61.2
scaffold87144	OTU_0023	36.18	304	149	9	159	938	15	317	4e-38	  138
scaffold87586	OTU_0196	27.36	296	150	10	1171	1959	46	309	4e-16	73.2
scaffold90164	OTU_0226	33.87	186	79	4	1404	1841	119	300	1e-19	83.6
scaffold90431	OTU_0105	35.88	170	71	6	473	78	71	240	7e-16	71.6
scaffold91927	OTU_0251	64.06	64	23	0	144	335	239	302	1e-18	81.3
scaffold92346	OTU_0183	36.53	167	103	3	736	242	10	175	2e-18	80.5
scaffold92670	OTU_0278	29.95	197	90	8	606	1100	33	213	2e-12	60.8
scaffold92965	OTU_0195	35.19	162	70	5	4	384	141	302	9e-17	75.1
scaffold93129	OTU_0030	28.17	284	173	10	1452	685	16	296	7e-18	78.6
scaffold93369	OTU_0243	26.12	268	164	9	389	1108	40	301	2e-11	59.3
scaffold93851	OTU_0013	28.88	277	143	10	899	180	40	299	2e-13	65.5
scaffold93922	OTU_0225	32.17	314	162	10	303	1106	5	313	2e-30	  116
scaffold94023	OTU_0219	32.22	180	84	4	447	872	122	301	6e-21	87.8
scaffold94459	OTU_0305	48.44	64	32	1	1042	854	110	173	3e-11	56.6
scaffold95704	OTU_0026	46.27	67	34	2	1592	1395	123	188	3e-11	56.6
scaffold95747	OTU_0006	30.62	209	110	10	1741	1196	100	300	2e-12	62.0
scaffold96226	OTU_0341	39.47	190	77	5	72	530	126	314	3e-32	  121
scaffold96719	OTU_0341	35.35	99	60	2	746	1039	208	303	1e-13	65.9
scaffold96924	OTU_0173	39.78	93	47	3	1797	1528	215	301	5e-11	57.8
scaffold96931	OTU_0128	27.40	208	121	7	776	228	97	299	3e-12	61.6
scaffold97252	OTU_0155	33.94	218	104	5	1292	1843	89	300	1e-20	87.0
scaffold97278	OTU_0311	50.00	60	29	1	955	779	33	92	2e-12	59.3
scaffold97733	OTU_0137	29.13	309	180	11	1010	1849	3	301	2e-12	62.0
scaffold98352	OTU_0124	40.96	83	35	3	876	1085	69	150	5e-11	55.8
scaffold98843	OTU_0200	29.57	301	163	14	1440	661	6	298	2e-14	68.6
scaffold99095	OTU_0124	40.96	83	35	3	874	1083	69	150	4e-11	56.2
scaffold99167	OTU_0305	40.15	132	56	5	1511	1185	42	173	3e-18	78.2
scaffold100348	OTU_0256	28.06	196	103	4	811	338	84	279	8e-12	60.1
scaffold101709	OTU_0144	36.08	316	145	11	7	810	8	314	2e-34	  127
scaffold102937	OTU_0020	29.49	312	158	11	1168	365	8	301	4e-20	85.5
scaffold102984	OTU_0042	38.98	177	68	8	534	944	125	301	2e-19	83.2
scaffold103084	OTU_0234	29.58	311	165	9	783	1613	11	301	1e-18	80.9
scaffold103149	OTU_0226	29.41	306	166	7	54	854	7	301	6e-24	97.1
scaffold103151	OTU_0175	37.22	309	148	8	430	1224	9	315	6e-49	  168
scaffold103656	OTU_0305	69.23	52	16	0	85	240	124	175	5e-19	80.1
scaffold106417	OTU_0151	28.04	271	148	9	964	281	33	299	8e-18	78.2
scaffold106516	OTU_0325	30.56	180	80	7	940	533	23	201	3e-11	57.0
scaffold106874	OTU_0274	40.37	218	94	6	901	353	1	217	2e-34	  124
scaffold107106	OTU_0246	28.99	207	104	4	726	1235	104	304	6e-14	66.6
scaffold107545	OTU_0249	39.11	225	89	4	1717	1175	67	287	1e-35	  130
scaffold108818	OTU_0084	55.17	58	26	0	1695	1522	114	171	1e-15	69.7
scaffold108960	OTU_0121	34.02	241	94	11	709	1323	90	301	6e-23	93.6
scaffold109443	OTU_0104	46.25	80	43	0	1490	1729	154	233	4e-15	69.3
scaffold109480	OTU_0305	50.98	51	25	0	236	388	120	170	4e-12	59.3
scaffold110344	OTU_0240	34.78	115	60	4	386	60	32	137	6e-13	61.6
scaffold114536	OTU_0121	27.21	305	184	11	127	948	16	313	5e-19	81.6
scaffold116480	OTU_0137	32.61	276	128	9	1155	439	51	305	5e-22	90.9
scaffold120413	OTU_0155	36.42	313	161	8	430	1257	2	313	7e-45	  156
scaffold121220	OTU_0328	39.53	86	39	3	242	24	138	223	5e-11	56.2
scaffold121310	OTU_0254	100.00	195	0	0	587	3	1	195	6e-122	  355
scaffold123153	OTU_0305	62.50	56	20	1	1607	1440	119	173	4e-18	77.4
scaffold123788	OTU_0339	27.66	235	115	5	1321	743	91	312	1e-12	62.4
scaffold124622	OTU_0031	32.87	289	135	10	871	119	45	312	4e-27	  105
scaffold125131	OTU_0121	31.21	157	67	3	15	362	142	298	5e-12	60.5
scaffold126144	OTU_0176	35.82	67	37	1	199	17	135	201	2e-11	42.7
scaffold126144	OTU_0176	33.68	95	57	2	495	211	13	101	2e-11	38.1
scaffold127665	OTU_0249	33.05	233	128	11	184	819	62	287	5e-15	69.3
scaffold127947	OTU_0291	27.73	220	129	7	797	1372	88	305	2e-13	64.7
scaffold128471	OTU_0075	31.37	153	86	5	1554	1150	150	301	5e-11	57.4
scaffold128818	OTU_0029	36.05	86	54	1	1049	1306	81	165	1e-11	57.8
scaffold129253	OTU_0267	34.07	273	127	11	1089	376	42	296	7e-24	96.3
scaffold129740	OTU_0157	31.96	194	111	7	910	1482	14	189	1e-12	62.8
scaffold132322	OTU_0198	27.74	274	156	9	1153	452	27	298	3e-18	79.3
scaffold133189	OTU_0052	29.96	247	120	8	1125	526	59	299	5e-14	66.6
scaffold136806	OTU_0266	35.48	155	98	2	471	10	9	162	7e-24	95.9
scaffold136941	OTU_0031	32.07	237	110	9	1221	640	73	301	2e-22	91.7
scaffold137963	OTU_0151	31.69	183	86	5	30	464	121	302	3e-13	64.3
scaffold139051	OTU_0140	48.65	74	33	1	114	335	235	303	1e-14	68.6
scaffold144021	OTU_0267	37.76	98	43	3	580	822	200	296	5e-12	60.5
scaffold144106	OTU_0219	28.57	203	130	7	1276	704	104	303	3e-12	61.2
scaffold144521	OTU_0295	32.94	170	79	4	799	395	121	290	6e-12	60.1
scaffold145468	OTU_0150	36.26	182	80	6	39	476	33	214	1e-23	93.6
scaffold145623	OTU_0245	29.03	217	112	7	1471	926	93	302	3e-12	60.8
scaffold147385	OTU_0278	37.84	185	63	7	995	591	28	210	1e-20	85.1
scaffold147948	OTU_0155	30.31	254	130	10	662	9	47	289	9e-22	89.7
scaffold147948	OTU_0155	56.82	44	19	0	1136	1005	257	300	3e-12	60.8
scaffold151662	OTU_0140	64.06	64	23	0	1368	1177	235	298	1e-19	82.8
scaffold155167	OTU_0246	29.69	229	113	8	1012	437	87	304	1e-12	62.4
scaffold156523	OTU_0001	35.64	289	141	7	4	738	27	314	4e-36	  131
scaffold157970	OTU_0208	25.00	276	160	6	1392	694	36	307	8e-13	62.8
scaffold162036	OTU_0124	35.25	122	56	4	844	518	39	150	4e-11	55.5
scaffold162846	OTU_0079	32.22	180	87	3	1342	908	121	300	6e-16	72.0
scaffold164707	OTU_0226	34.33	201	86	5	1058	591	99	298	5e-23	92.8
scaffold166166	OTU_0145	61.40	57	22	0	1192	1362	82	138	5e-15	69.3
scaffold166545	OTU_0278	35.75	179	73	7	616	1029	36	213	4e-18	77.4
scaffold168654	OTU_0305	60.94	64	25	0	1180	989	113	176	2e-19	80.5
scaffold169603	OTU_0155	33.48	227	113	7	1342	755	83	302	5e-27	  104
scaffold170474	OTU_0262	30.77	195	115	7	757	230	6	199	7e-17	73.6
scaffold170844	OTU_0256	30.53	285	151	7	445	1194	1	273	9e-25	97.8
scaffold170881	OTU_0051	25.32	233	130	6	1276	668	74	292	3e-13	63.9
scaffold171755	OTU_0351	35.19	216	86	5	1156	632	2	204	2e-23	92.0
scaffold172799	OTU_0095	33.04	224	97	5	1275	700	100	302	9e-23	92.0
scaffold173773	OTU_0219	30.25	281	139	10	983	276	37	305	9e-24	95.1
scaffold177038	OTU_0249	26.62	293	161	8	471	1214	4	287	1e-15	70.9
scaffold177850	OTU_0026	33.90	177	78	6	1307	891	7	182	3e-18	77.0
scaffold179748	OTU_0287	51.92	52	25	0	963	808	264	315	2e-14	55.8
scaffold179748	OTU_0287	28.57	112	43	3	1193	969	150	261	2e-14	34.3
scaffold180488	OTU_0319	24.16	269	164	6	831	109	4	260	2e-13	63.9
scaffold180617	OTU_0234	29.35	276	145	7	1220	498	41	301	1e-14	67.8
scaffold181114	OTU_0312	97.78	316	4	1	1280	333	1	313	0.0	  589
scaffold181453	OTU_0141	32.42	182	99	6	5	541	139	299	4e-19	81.3
scaffold181846	OTU_0311	46.88	64	32	2	1081	893	36	98	3e-11	55.1
scaffold182229	OTU_0229	33.04	227	94	8	641	1204	2	209	8e-25	96.3
scaffold182713	OTU_0291	31.76	233	99	10	626	39	94	303	8e-12	59.3
scaffold182996	OTU_0351	53.45	58	27	0	33	206	141	198	1e-12	60.5
scaffold183243	OTU_0140	50.00	70	30	1	1224	1015	235	299	3e-14	67.0
scaffold183420	OTU_0286	98.55	138	2	0	871	1284	1	138	5e-84	  253
scaffold184295	OTU_0157	37.14	315	148	9	28	834	5	315	3e-44	  153
scaffold184827	OTU_0016	29.04	272	135	13	360	1052	2	256	1e-16	73.6
scaffold185278	OTU_0238	28.42	183	117	5	699	187	11	191	3e-12	58.9
scaffold185321	OTU_0173	38.89	180	77	4	563	1003	123	302	2e-21	87.8
scaffold185592	OTU_0305	60.87	46	18	0	602	739	125	170	3e-13	62.0
scaffold186393	OTU_0250	28.57	252	144	6	707	36	60	303	4e-15	69.3
scaffold186959	OTU_0155	32.97	182	87	5	77	517	119	300	7e-25	97.8
scaffold186979	OTU_0225	27.10	310	180	5	245	1066	1	300	5e-24	95.5
scaffold187850	OTU_0331	28.00	200	108	7	1269	736	122	307	5e-11	57.0
scaffold189920	OTU_0260	76.19	42	9	1	123	1	177	218	2e-14	65.9
scaffold191221	OTU_0126	28.91	294	149	11	1089	328	24	297	6e-22	89.4
scaffold191827	OTU_0208	33.65	211	97	4	1053	529	99	302	9e-24	94.4
scaffold194493	OTU_0013	27.74	274	150	9	150	869	40	299	2e-16	73.6
scaffold197237	OTU_0222	32.13	249	125	8	67	717	64	300	2e-25	99.0
scaffold202016	OTU_0015	33.70	273	138	6	1	693	31	302	2e-32	  119
scaffold202843	OTU_0072	35.40	161	102	2	554	1033	2	161	7e-22	89.0
scaffold205208	OTU_0072	41.91	136	69	4	394	2	14	144	1e-19	82.8
scaffold205360	OTU_0158	37.01	308	155	11	144	953	3	309	2e-42	  147
scaffold207009	OTU_0183	36.57	134	80	4	806	1198	10	141	1e-16	73.9
scaffold207815	OTU_0010	37.63	279	137	5	82	810	37	314	2e-42	  147
scaffold208213	OTU_0351	33.65	211	91	4	605	1114	2	204	4e-24	93.6
scaffold208349	OTU_0307	26.54	309	163	10	373	1191	12	292	9e-11	55.8
scaffold209725	OTU_0140	25.25	301	159	11	200	949	13	298	1e-14	67.4
scaffold212104	OTU_0203	55.32	47	21	0	1156	1016	103	149	1e-12	59.7
scaffold212706	OTU_0320	31.48	305	151	13	850	59	14	301	1e-27	  105
scaffold216159	OTU_0305	63.64	55	20	0	1140	976	119	173	1e-20	82.8
scaffold216256	OTU_0179	29.89	271	142	9	109	816	26	283	1e-11	58.9
scaffold217179	OTU_0073	30.56	180	88	5	70	498	91	270	1e-17	76.3
scaffold219115	OTU_0043	30.45	312	144	12	856	53	19	301	1e-27	  105
scaffold219813	OTU_0203	55.22	67	26	1	333	133	93	155	8e-18	74.7
scaffold220316	OTU_0140	30.51	177	89	6	684	256	122	298	2e-13	64.3
scaffold223199	OTU_0274	48.44	64	33	0	142	333	141	204	1e-14	66.2
scaffold223275	OTU_0203	56.45	62	27	0	154	339	94	155	3e-20	81.6
scaffold223465	OTU_0105	30.66	212	109	9	959	435	30	240	6e-11	55.8
scaffold223992	OTU_0238	44.90	98	47	1	1131	859	107	204	8e-21	84.0
scaffold224539	OTU_0133	58.46	65	27	0	1134	940	95	159	3e-20	81.3
scaffold225451	OTU_0229	41.18	102	46	4	861	1139	120	216	6e-13	61.2
scaffold226916	OTU_0115	53.23	62	29	0	1099	914	108	169	2e-15	68.2
scaffold228143	OTU_0312	37.97	79	45	1	579	355	227	305	1e-11	58.9
scaffold230719	OTU_0266	33.33	279	133	11	793	77	39	304	3e-25	97.8
scaffold231297	OTU_0042	37.29	177	71	5	96	506	125	301	6e-19	80.1
scaffold235954	OTU_0265	55.56	45	20	0	7	141	131	175	1e-11	57.0
scaffold236715	OTU_0218	30.60	232	120	5	716	120	88	311	6e-23	91.7
scaffold237402	OTU_0013	34.52	197	82	6	509	976	89	279	2e-24	95.5
scaffold237657	OTU_0335	35.77	246	119	3	115	738	70	314	2e-37	  133
scaffold240155	OTU_0126	25.84	298	160	11	316	1098	1	274	1e-10	55.8
scaffold240262	OTU_0157	27.91	215	111	4	342	866	90	300	1e-19	82.0
scaffold240296	OTU_0121	30.77	234	100	7	7	603	94	300	4e-19	80.5
scaffold240666	OTU_0203	73.81	42	11	0	1097	972	111	152	7e-17	72.0
scaffold243399	OTU_0020	28.31	166	110	5	777	283	147	304	8e-11	55.8
scaffold243679	OTU_0125	84.85	33	5	0	205	107	226	258	1e-13	63.9
scaffold248060	OTU_0291	32.99	291	135	9	813	55	46	314	1e-24	96.3
scaffold248165	OTU_0262	37.57	181	73	5	430	855	20	199	4e-23	90.1
scaffold250831	OTU_0078	31.21	141	65	6	571	960	9	128	5e-12	58.2
scaffold251934	OTU_0217	31.94	310	180	10	1027	119	15	300	3e-30	  112
scaffold252121	OTU_0249	36.76	185	78	6	920	483	93	277	1e-20	84.3
scaffold253888	OTU_0067	54.55	55	25	0	1019	855	249	303	3e-14	66.6
scaffold254666	OTU_0262	55.00	60	27	0	200	379	140	199	8e-17	72.4
scaffold255020	OTU_0217	34.62	182	79	4	13	444	121	300	2e-23	92.4
scaffold257621	OTU_0315	60.42	48	19	0	1053	910	59	106	2e-14	63.9
scaffold259225	OTU_0017	27.27	198	101	7	396	872	17	210	3e-12	58.9
scaffold260674	OTU_0111	29.86	288	141	8	749	3	10	275	3e-13	63.2
scaffold263854	OTU_0267	48.39	62	31	1	82	267	235	295	6e-12	59.3
scaffold265314	OTU_0261	45.00	60	32	1	822	998	242	301	3e-11	57.4
scaffold265758	OTU_0314	35.23	88	45	2	242	15	217	304	5e-11	56.6
scaffold266695	OTU_0267	29.70	303	157	8	171	959	9	295	1e-27	  104
scaffold267357	OTU_0203	53.33	60	28	0	112	291	93	152	3e-15	67.0
scaffold267981	OTU_0200	30.77	182	91	2	78	518	120	301	1e-20	84.7
scaffold268656	OTU_0320	33.09	278	143	7	715	2	15	289	2e-34	  124
scaffold268948	OTU_0015	25.44	287	161	9	242	1030	15	272	5e-14	65.5
scaffold269002	OTU_0305	60.00	55	22	0	140	304	119	173	3e-18	75.5
scaffold269633	OTU_0238	30.77	195	88	7	1001	555	12	205	4e-14	64.3
scaffold270450	OTU_0203	48.08	52	27	0	1027	872	99	150	2e-12	58.9
scaffold273479	OTU_0159	39.81	103	52	5	903	613	10	108	6e-11	54.3
scaffold276513	OTU_0212	35.80	176	98	5	450	953	17	185	2e-22	89.4
scaffold276595	OTU_0226	32.03	281	152	5	736	5	11	289	2e-34	  124
scaffold279052	OTU_0155	33.91	233	116	5	688	86	74	300	5e-28	  105
scaffold281033	OTU_0115	68.00	50	16	0	229	378	122	171	2e-19	79.0
scaffold281668	OTU_0115	34.91	169	74	3	1004	606	3	171	1e-21	84.7
scaffold283926	OTU_0104	32.46	228	112	10	211	789	24	244	9e-18	75.1
scaffold285782	OTU_0319	33.10	142	82	5	409	834	4	132	8e-11	55.5
scaffold287036	OTU_0235	32.03	153	94	4	935	498	29	178	6e-16	69.7
scaffold287899	OTU_0157	58.46	65	26	1	776	582	239	302	1e-19	81.3
scaffold289371	OTU_0175	36.49	296	152	8	193	978	9	302	1e-42	  146
scaffold290663	OTU_0267	30.03	303	155	9	869	84	9	295	3e-27	  103
scaffold292650	OTU_0234	31.14	167	81	3	5	403	135	301	1e-17	75.5
scaffold293392	OTU_0150	36.84	209	90	8	888	370	12	214	3e-27	  102
scaffold294042	OTU_0291	26.13	287	161	11	931	185	36	309	1e-14	67.0
scaffold294229	OTU_0084	29.63	162	80	4	568	972	17	171	4e-11	55.1
scaffold294887	OTU_0163	47.22	72	37	1	92	304	81	152	2e-16	69.7
scaffold295254	OTU_0140	58.33	72	29	1	891	679	230	301	6e-20	82.0
scaffold297024	OTU_0256	30.23	215	104	8	971	420	83	282	8e-11	55.5
scaffold297652	OTU_0150	38.42	177	71	8	972	553	39	214	5e-24	92.8
scaffold298026	OTU_0088	33.33	270	135	8	683	6	13	281	8e-30	  110
scaffold298127	OTU_0173	33.22	301	156	9	201	971	11	310	2e-33	  121
scaffold298678	OTU_0196	32.71	214	106	9	655	116	92	301	3e-15	68.9
scaffold301047	OTU_0105	36.87	179	74	7	269	691	63	240	4e-21	84.7
scaffold302953	OTU_0305	71.43	35	10	0	3	107	139	173	4e-13	60.8
scaffold302968	OTU_0267	28.00	300	164	10	792	1	12	295	7e-17	73.6
scaffold304389	OTU_0059	25.76	198	113	5	193	684	47	244	2e-11	57.0
scaffold306122	OTU_0150	26.70	191	88	4	676	242	29	213	2e-16	71.2
scaffold306476	OTU_0229	30.77	195	80	7	458	3	2	184	3e-14	64.7
scaffold306515	OTU_0234	24.44	180	94	5	424	8	122	300	4e-11	56.6
scaffold306803	OTU_0320	39.36	188	79	4	745	287	128	315	7e-26	90.9
scaffold306803	OTU_0320	40.74	54	31	1	933	775	65	118	7e-26	37.4
scaffold307377	OTU_0072	31.03	174	83	4	11	421	128	301	2e-12	60.5
scaffold307877	OTU_0006	28.23	209	133	7	277	891	3	198	2e-11	57.4
scaffold308888	OTU_0229	35.38	212	93	6	818	294	7	211	1e-26	  100
scaffold313044	OTU_0024	100.00	203	0	0	610	2	1	203	9e-130	  368
scaffold315804	OTU_0124	42.86	84	34	4	290	502	68	150	1e-11	56.2
scaffold316191	OTU_0234	32.13	221	100	6	876	325	94	301	8e-22	87.4
scaffold316292	OTU_0042	35.39	178	76	5	684	265	125	301	6e-22	87.8
scaffold317793	OTU_0132	47.46	59	31	0	71	247	244	302	3e-12	60.1
scaffold319510	OTU_0219	32.29	192	83	9	377	856	129	305	1e-12	61.2
scaffold319640	OTU_0217	31.13	257	123	8	814	155	73	312	3e-25	97.4
scaffold320402	OTU_0341	28.71	303	166	10	122	922	13	301	9e-21	84.3
scaffold320795	OTU_0312	32.73	278	144	10	217	930	14	288	6e-29	  108
scaffold321249	OTU_0240	33.33	108	62	3	565	876	36	137	1e-12	59.7
scaffold322224	OTU_0245	27.87	287	149	8	167	925	12	274	3e-13	63.2
scaffold322720	OTU_0351	37.02	181	65	5	741	334	28	204	2e-21	85.1
scaffold322759	OTU_0016	29.77	215	96	5	926	411	55	257	2e-19	79.7
scaffold324617	OTU_0203	54.24	59	26	1	922	746	98	155	1e-16	70.5
scaffold325202	OTU_0278	31.52	184	91	6	13	468	34	214	6e-13	60.8
scaffold329509	OTU_0245	30.56	180	111	6	214	753	12	177	1e-11	57.8
scaffold330388	OTU_0196	27.74	292	165	12	774	4	11	291	2e-23	92.0
scaffold332037	OTU_0229	35.59	177	78	3	914	492	34	210	1e-25	97.1
scaffold334041	OTU_0270	49.18	61	31	0	7	189	25	85	3e-12	59.3
scaffold338393	OTU_0116	31.18	263	126	8	143	793	48	301	8e-21	84.3
scaffold341905	OTU_0249	37.40	131	80	2	465	76	10	139	1e-15	69.3
scaffold342411	OTU_0225	35.52	183	82	5	866	423	119	300	4e-23	90.9
scaffold346437	OTU_0260	29.95	217	103	5	554	24	3	210	1e-18	77.0
scaffold347162	OTU_0197	60.00	45	18	0	27	161	131	175	5e-14	63.2
scaffold348542	OTU_0096	42.35	85	39	1	112	336	88	172	6e-18	73.9
scaffold351667	OTU_0222	52.54	59	28	0	530	706	239	297	7e-16	70.1
scaffold351818	OTU_0335	30.58	291	154	7	118	882	16	294	1e-28	  106
scaffold352968	OTU_0226	38.79	165	99	2	513	22	11	174	4e-26	99.8
scaffold353721	OTU_0303	29.57	186	77	9	242	655	125	304	5e-11	55.8
scaffold356560	OTU_0155	26.29	251	134	10	643	2	47	283	5e-13	62.0
scaffold357576	OTU_0125	26.29	232	126	8	589	2	5	227	3e-15	67.4
scaffold360183	OTU_0072	34.81	181	113	4	602	69	2	180	6e-24	93.2
scaffold362569	OTU_0271	36.36	77	48	1	563	793	237	312	9e-11	55.1
scaffold364599	OTU_0115	63.27	49	18	0	853	707	123	171	2e-15	67.0
scaffold365976	OTU_0140	28.93	318	162	13	850	14	6	298	9e-20	80.9
scaffold366357	OTU_0207	100.00	225	0	0	677	3	1	225	3e-167	  462
scaffold369493	OTU_0203	53.45	58	27	0	15	188	98	155	4e-16	68.6
scaffold369682	OTU_0016	25.30	253	148	9	661	2	3	247	4e-11	55.8
scaffold369772	OTU_0233	33.15	181	90	4	74	523	120	300	5e-18	76.3
scaffold369919	OTU_0262	30.94	181	86	2	637	209	20	199	3e-20	80.9
scaffold370062	OTU_0218	40.00	75	45	0	775	551	239	313	3e-11	56.6
scaffold370959	OTU_0314	31.16	138	89	4	497	93	20	154	7e-12	58.5
scaffold371195	OTU_0217	32.94	252	118	9	89	739	74	309	2e-23	92.0
scaffold371417	OTU_0265	73.17	41	11	0	182	304	135	175	5e-15	65.9
scaffold372828	OTU_0260	31.61	174	79	3	2	403	37	210	1e-16	71.2
scaffold373246	OTU_0271	29.21	202	107	6	65	568	99	298	1e-13	63.5
scaffold374056	OTU_0062	26.37	273	157	5	831	109	35	295	1e-10	55.1
scaffold374587	OTU_0070	27.96	186	95	4	375	851	3	176	3e-11	55.8
scaffold376348	OTU_0115	53.85	65	30	0	803	609	108	172	7e-19	76.6
scaffold377251	OTU_0234	29.21	267	131	7	784	116	49	301	3e-22	87.8
scaffold377291	OTU_0076	31.87	273	139	6	687	1	5	274	1e-21	86.3
scaffold379167	OTU_0121	28.86	298	138	9	845	36	50	301	2e-22	88.2
scaffold380271	OTU_0295	29.22	219	106	7	103	645	95	302	1e-13	63.9
scaffold381501	OTU_0295	29.54	281	151	10	116	844	14	285	2e-17	74.3
scaffold381707	OTU_0010	35.78	218	98	3	831	301	87	303	5e-28	  105
scaffold381753	OTU_0173	27.07	266	135	13	154	804	60	315	6e-14	64.7
scaffold385625	OTU_0229	52.83	53	25	0	840	682	171	223	9e-15	65.5
scaffold389458	OTU_0320	39.01	182	69	8	1	429	124	302	1e-22	89.4
scaffold389998	OTU_0217	34.35	262	123	6	832	176	58	313	2e-32	  117
scaffold390514	OTU_0084	66.67	39	13	0	119	3	131	169	2e-14	63.9
scaffold390636	OTU_0341	24.42	303	171	10	834	31	17	296	1e-14	66.2
scaffold390930	OTU_0150	31.34	217	97	10	125	664	14	215	9e-12	57.0
scaffold391241	OTU_0150	35.51	214	96	6	219	752	7	214	2e-22	87.8
scaffold391526	OTU_0043	29.18	281	136	9	19	753	45	298	3e-21	85.1
scaffold391612	OTU_0277	100.00	154	0	0	829	368	1	154	4e-107	  306
scaffold392499	OTU_0071	30.69	202	102	9	624	115	107	302	3e-11	56.6
scaffold393750	OTU_0305	67.39	46	15	0	815	678	130	175	5e-19	76.6
scaffold395640	OTU_0219	35.65	115	70	3	622	287	2	115	2e-11	57.4
scaffold400155	OTU_0179	26.85	216	126	6	800	225	76	283	4e-11	55.8
scaffold400239	OTU_0067	35.50	169	107	2	269	772	12	179	2e-25	97.4
scaffold400829	OTU_0203	55.56	63	28	0	75	263	93	155	3e-21	82.8
scaffold400841	OTU_0001	43.94	66	36	1	425	228	238	302	4e-13	62.0
scaffold402912	OTU_0157	35.58	163	61	8	365	3	126	286	1e-13	63.5
scaffold403457	OTU_0016	34.74	213	109	8	646	80	51	257	2e-25	96.7
scaffold408039	OTU_0107	37.08	178	79	5	503	69	124	301	5e-19	78.6
scaffold408421	OTU_0155	25.48	157	111	3	479	12	1	152	9e-11	55.1
scaffold410205	OTU_0183	36.69	139	73	5	249	641	14	145	1e-16	71.6
scaffold411727	OTU_0200	37.50	248	113	4	779	159	68	314	4e-41	  140
scaffold418537	OTU_0203	57.45	47	20	0	2	142	106	152	2e-16	68.9
scaffold419331	OTU_0236	34.44	151	91	4	446	3	14	159	2e-20	82.4
scaffold420889	OTU_0261	27.94	204	117	7	155	691	103	301	6e-14	64.3
scaffold422688	OTU_0314	33.02	212	94	10	797	258	108	303	2e-15	68.6
scaffold424059	OTU_0271	27.14	210	109	4	783	274	95	300	3e-18	76.3
scaffold424237	OTU_0351	32.60	181	78	6	24	443	27	204	7e-18	73.9
scaffold428928	OTU_0303	33.46	254	121	8	673	29	57	301	1e-30	  111
scaffold430478	OTU_0341	48.00	100	40	3	768	496	217	313	2e-21	85.1
scaffold431981	OTU_0136	42.17	83	44	1	147	395	224	302	7e-12	58.2
scaffold432033	OTU_0140	36.31	179	78	5	3	431	123	301	1e-23	91.7
scaffold433605	OTU_0095	30.23	301	141	10	3	785	23	294	2e-21	85.1
scaffold433964	OTU_0191	95.93	246	7	1	48	785	14	256	1e-135	  382
scaffold438330	OTU_0262	37.29	177	69	7	778	371	24	199	7e-18	73.9
scaffold439386	OTU_0150	31.32	182	80	7	432	1	11	185	2e-15	67.0
scaffold439499	OTU_0021	32.18	202	98	5	777	271	56	251	2e-23	90.5
scaffold445501	OTU_0267	34.84	221	97	6	153	704	85	295	1e-30	  111
scaffold450883	OTU_0021	39.56	91	48	3	527	255	170	253	3e-14	64.3
scaffold452658	OTU_0157	29.03	186	115	7	549	1	20	191	4e-13	61.6
scaffold454640	OTU_0249	35.68	185	84	5	730	281	93	277	1e-20	82.8
scaffold456040	OTU_0162	25.09	283	166	7	742	2	2	274	1e-13	63.2
scaffold456512	OTU_0203	63.64	44	16	0	332	201	109	152	8e-17	69.7
scaffold456656	OTU_0048	32.97	276	140	7	66	761	1	275	2e-31	  113
scaffold460620	OTU_0229	32.29	192	92	5	529	68	18	209	4e-21	83.2
scaffold461410	OTU_0150	33.64	220	96	7	675	139	7	217	4e-23	89.4
scaffold465647	OTU_0068	40.91	66	38	1	728	534	80	145	8e-11	52.8
scaffold467198	OTU_0229	35.87	184	78	5	723	292	26	209	2e-22	86.7
scaffold468525	OTU_0203	70.73	41	12	0	743	621	112	152	2e-16	68.6
scaffold469450	OTU_0317	25.20	250	130	8	624	4	45	280	4e-12	58.5
scaffold470597	OTU_0281	52.00	50	24	0	205	354	40	89	5e-13	58.2
scaffold470701	OTU_0203	59.57	47	19	0	2	142	106	152	5e-17	70.1
scaffold471848	OTU_0247	60.78	51	20	0	595	747	12	62	6e-17	71.2
scaffold471850	OTU_0305	64.41	59	20	1	58	231	118	176	7e-19	75.9
scaffold472838	OTU_0338	31.07	206	103	10	15	533	103	302	9e-12	57.4
scaffold473600	OTU_0155	31.08	251	126	11	647	3	47	286	7e-22	86.3
scaffold476225	OTU_0038	28.74	261	157	9	742	2	43	288	2e-16	70.5
scaffold479100	OTU_0162	100.00	121	0	0	742	380	196	316	3e-84	  252
scaffold479747	OTU_0261	28.87	194	96	8	574	107	112	301	4e-11	55.8
scaffold489200	OTU_0124	49.21	63	29	2	28	216	97	156	4e-11	53.9
scaffold489495	OTU_0346	77.14	35	8	0	49	153	132	166	2e-11	54.7
scaffold491117	OTU_0012	30.00	190	84	8	59	529	19	192	2e-11	55.1
scaffold492195	OTU_0299	44.86	107	49	2	712	422	59	165	2e-22	86.3
scaffold492791	OTU_0171	38.58	267	119	8	729	49	40	301	9e-41	  138
scaffold493026	OTU_0150	31.93	238	103	7	647	33	3	214	2e-22	87.0
scaffold493608	OTU_0145	27.80	241	129	11	29	637	68	301	2e-12	59.7
scaffold495243	OTU_0133	44.12	68	37	1	724	521	80	146	2e-13	60.5
scaffold496138	OTU_0047	53.85	91	40	2	468	202	1	91	7e-25	92.4
scaffold499334	OTU_0140	37.57	189	74	6	132	575	113	298	8e-23	89.0
scaffold499445	OTU_0203	53.45	58	27	0	181	354	97	154	9e-16	66.6
scaffold500289	OTU_0042	31.15	183	89	4	18	458	120	301	6e-21	83.6
scaffold500770	OTU_0048	27.84	176	92	3	658	236	127	302	3e-15	67.4
scaffold503455	OTU_0078	29.70	202	102	6	614	111	15	210	1e-12	58.5
scaffold505839	OTU_0284	42.93	184	100	2	159	707	8	187	3e-43	  145
scaffold506688	OTU_0140	35.35	215	98	6	75	614	90	298	1e-25	97.1
scaffold507864	OTU_0203	60.71	56	22	0	132	299	97	152	1e-17	71.6
scaffold509207	OTU_0140	59.18	49	20	0	226	80	263	311	1e-12	59.7
scaffold509679	OTU_0067	28.37	215	122	10	51	611	95	305	2e-12	58.9
scaffold512068	OTU_0193	32.82	131	86	2	400	11	11	140	6e-18	74.3
scaffold517380	OTU_0179	32.17	258	124	10	693	22	24	264	4e-12	58.2
scaffold518733	OTU_0204	31.11	225	120	7	611	24	91	309	2e-11	56.2
scaffold520364	OTU_0235	36.16	177	108	4	147	668	10	184	7e-28	  102
scaffold521037	OTU_0150	28.14	199	98	4	25	486	16	214	1e-16	70.1
scaffold523488	OTU_0260	44.30	79	42	2	252	485	147	224	7e-12	56.6
scaffold528617	OTU_0345	38.60	114	66	3	357	692	60	171	1e-14	65.5
scaffold529482	OTU_0217	34.57	269	135	6	11	700	33	299	7e-40	  136
scaffold530111	OTU_0258	38.56	153	62	5	16	381	152	303	6e-23	89.4
scaffold530518	OTU_0095	35.16	182	81	5	472	38	121	302	3e-20	81.6
scaffold532059	OTU_0140	34.06	276	126	6	689	3	20	286	2e-32	  115
scaffold532208	OTU_0238	40.38	104	54	2	3	290	99	202	9e-15	64.3
scaffold534523	OTU_0197	50.00	62	31	0	86	271	114	175	3e-15	65.5
scaffold534794	OTU_0351	34.74	190	92	4	188	661	23	212	1e-27	  100
scaffold537162	OTU_0155	26.42	246	133	8	62	694	46	278	8e-15	65.9
scaffold541379	OTU_0015	30.11	269	119	13	675	1	39	282	8e-14	63.2
scaffold545512	OTU_0140	47.46	59	31	0	559	383	240	298	4e-13	61.2
scaffold546906	OTU_0043	29.72	212	104	5	637	119	99	304	6e-24	92.0
scaffold551036	OTU_0305	61.90	63	24	0	503	315	113	175	8e-20	78.2
scaffold552096	OTU_0155	34.78	115	74	1	336	677	2	116	3e-17	72.8
scaffold554667	OTU_0098	65.53	206	71	0	63	680	1	206	5e-77	  229
scaffold557487	OTU_0210	34.30	172	96	8	557	57	26	185	1e-13	62.8
scaffold558096	OTU_0175	33.69	187	88	7	624	151	123	302	1e-16	71.2
scaffold561555	OTU_0265	68.63	51	16	0	379	227	133	183	2e-19	77.4
scaffold562534	OTU_0141	32.66	248	127	7	28	675	64	303	9e-29	  105
scaffold563377	OTU_0140	34.44	180	82	4	40	471	122	301	2e-25	95.9
scaffold564495	OTU_0217	34.36	227	90	4	48	590	87	300	6e-33	  117
scaffold566870	OTU_0012	40.54	74	43	1	353	132	131	203	3e-12	57.0
scaffold567662	OTU_0236	33.33	177	83	4	243	668	126	302	9e-20	79.7
scaffold568381	OTU_0305	72.97	37	10	0	673	563	137	173	1e-13	60.8
scaffold569270	OTU_0026	59.57	47	19	0	671	531	151	197	2e-13	60.1
scaffold570124	OTU_0305	52.94	85	31	3	171	398	89	173	2e-21	82.8
scaffold570664	OTU_0260	34.95	186	77	6	224	670	16	194	1e-18	75.5
scaffold570988	OTU_0227	36.11	108	64	4	346	657	12	118	4e-12	58.2
scaffold571360	OTU_0351	65.31	49	17	0	653	507	156	204	7e-16	67.4
scaffold571989	OTU_0229	31.64	177	66	7	669	283	37	206	2e-13	60.5
scaffold574706	OTU_0300	29.72	212	119	8	1	552	21	230	2e-19	78.2
scaffold575257	OTU_0287	35.37	164	71	2	651	265	152	315	2e-22	87.4
scaffold577909	OTU_0325	34.93	146	54	4	665	348	60	204	2e-17	72.0
scaffold580530	OTU_0284	33.52	179	84	5	2	433	125	303	1e-19	79.3
scaffold580695	OTU_0274	28.11	185	94	4	634	194	20	203	1e-13	60.8
scaffold582932	OTU_0140	48.44	64	33	0	2	193	235	298	7e-17	71.6
scaffold587940	OTU_0234	30.72	166	77	2	385	2	118	283	7e-16	68.6
scaffold588286	OTU_0043	30.36	168	92	5	16	444	129	296	1e-12	59.3
scaffold589399	OTU_0218	37.58	157	62	7	368	3	123	278	2e-13	61.6
scaffold594058	OTU_0155	29.96	227	117	8	575	3	74	294	2e-20	81.6
scaffold597380	OTU_0238	39.34	61	37	0	508	326	131	191	2e-11	54.7
scaffold603749	OTU_0140	43.75	96	42	3	52	303	203	298	2e-19	79.0
scaffold607260	OTU_0115	54.69	64	29	0	99	290	108	171	3e-19	76.6
scaffold607418	OTU_0282	28.41	176	76	5	647	237	24	188	2e-11	54.7
scaffold609204	OTU_0006	42.86	91	46	3	126	389	227	314	2e-12	58.5
scaffold612095	OTU_0040	60.94	64	25	0	168	359	239	302	2e-22	87.0
scaffold613455	OTU_0246	36.15	213	91	6	2	523	99	305	1e-24	93.6
scaffold616758	OTU_0203	48.84	86	36	2	130	387	75	152	4e-21	81.6
scaffold617399	OTU_0226	33.52	179	77	4	30	443	90	267	5e-14	63.2
scaffold618971	OTU_0260	26.76	213	114	8	549	19	7	213	5e-11	53.9
scaffold621904	OTU_0305	66.67	51	17	0	620	468	124	174	1e-20	80.9
scaffold622662	OTU_0305	59.62	52	19	1	42	191	112	163	1e-13	60.5
scaffold622675	OTU_0234	31.40	172	80	2	237	638	118	289	3e-17	72.4
scaffold622729	OTU_0114	60.00	50	20	0	639	490	127	176	2e-15	65.9
scaffold626303	OTU_0105	37.04	189	78	5	543	100	65	253	9e-25	93.6
scaffold631929	OTU_0106	35.88	170	72	4	1	402	98	266	1e-17	73.2
scaffold632115	OTU_0335	31.74	167	73	4	630	253	135	301	3e-15	66.6
scaffold633285	OTU_0316	40.95	105	60	2	302	610	9	113	5e-15	65.9
scaffold634208	OTU_0305	63.64	55	20	0	559	395	119	173	7e-21	81.3
scaffold639411	OTU_0243	49.09	55	28	0	625	461	247	301	5e-15	66.2
scaffold639468	OTU_0126	32.52	163	96	6	486	4	29	179	3e-15	66.6
scaffold643405	OTU_0173	37.64	178	103	5	548	36	2	178	5e-25	94.7
scaffold644652	OTU_0284	34.07	182	84	4	554	117	119	300	3e-22	86.3
scaffold645546	OTU_0305	61.90	63	24	0	140	328	114	176	8e-22	83.6
scaffold647235	OTU_0315	70.27	37	11	0	582	472	70	106	4e-14	60.5
scaffold647445	OTU_0163	62.50	48	18	0	626	483	105	152	1e-15	65.5
scaffold648632	OTU_0243	32.64	242	114	7	620	3	69	297	3e-24	92.4
scaffold650390	OTU_0150	32.99	197	90	7	485	3	6	196	1e-16	69.7
scaffold652507	OTU_0322	55.63	142	62	1	46	468	173	314	3e-47	  154
scaffold656028	OTU_0245	29.74	195	120	6	617	48	17	199	1e-13	62.0
scaffold657386	OTU_0105	33.14	169	78	4	619	218	86	254	1e-18	75.9
scaffold657731	OTU_0192	44.12	68	37	1	575	372	29	95	6e-12	54.3
scaffold658278	OTU_0315	71.05	38	11	0	620	507	72	109	3e-15	63.9
scaffold659925	OTU_0025	72.97	37	10	0	617	507	267	303	3e-13	61.2
scaffold660519	OTU_0091	33.13	163	70	5	375	1	1	162	7e-16	66.6
scaffold661079	OTU_0021	26.32	190	99	5	108	554	72	261	4e-16	68.2
scaffold662699	OTU_0175	35.51	245	116	6	612	1	72	315	2e-33	  118
scaffold665451	OTU_0003	42.47	73	42	0	41	259	229	301	7e-14	62.8
scaffold667038	OTU_0274	28.64	213	105	6	3	527	1	204	6e-18	73.2
scaffold668364	OTU_0251	34.56	136	86	3	403	2	11	145	7e-20	79.7
scaffold674727	OTU_0274	37.88	198	83	4	584	111	20	217	8e-29	  103
