scaffold00424	OTU_0784	99.27	274	2	0	47125	46304	1	274	1e-158	  496
scaffold00594	OTU_6375	100.00	273	0	0	27144	27962	1	273	1e-161	  504
scaffold01005	OTU_7149	97.44	273	6	1	5964	6782	1	272	2e-166	  518
scaffold01075	OTU_2046	100.00	274	0	0	2559	3380	1	274	9e-180	  556
scaffold01275	OTU_1776	98.18	274	5	0	7006	7827	1	274	8e-148	  464
scaffold01423	OTU_3874	97.03	269	8	0	12900	13706	1	269	4e-162	  505
scaffold02618	OTU_1403	96.67	270	9	0	15079	15888	1	270	2e-163	  508
scaffold02917	OTU_7461	100.00	268	0	0	13360	12557	1	268	3e-175	  542
scaffold03590	OTU_6456	97.08	274	8	0	11832	11011	1	274	2e-156	  488
scaffold03739	OTU_2911	99.64	274	0	1	2479	3300	1	273	2e-148	  465
scaffold04311	OTU_4248	99.63	271	1	0	2504	3316	1	271	6e-155	  483
scaffold05023	OTU_3355	100.00	274	0	0	5665	6486	1	274	0.0	  558
scaffold05689	OTU_4872	100.00	273	0	0	2569	3387	1	273	1e-178	  550
scaffold05731	OTU_3509	83.15	273	46	0	9549	10367	1	273	2e-152	  475
scaffold06313	OTU_6053	99.64	275	0	1	7962	7138	1	274	5e-176	  543
scaffold06535	OTU_4123	54.12	255	115	2	2031	2795	3	255	5e-81	  270
scaffold07954	OTU_2646	81.58	266	49	0	1256	459	1	266	1e-135	  427
scaffold08868	OTU_3568	100.00	273	0	0	2381	1563	1	273	2e-175	  540
scaffold10697	OTU_4286	99.64	275	0	1	6394	5570	1	274	7e-170	  522
scaffold10822	OTU_5295	100.00	272	0	0	6521	5706	1	272	0.0	  554
scaffold11522	OTU_0056	100.00	274	0	0	2532	3353	1	274	0.0	  556
scaffold11630	OTU_2445	99.26	272	2	0	2385	3200	1	272	0.0	  554
scaffold11832	OTU_4724	97.77	269	6	0	4240	3434	1	269	5e-175	  536
scaffold12923	OTU_0378	99.62	264	1	0	2448	3239	1	264	6e-177	  541
scaffold14437	OTU_2333	100.00	273	0	0	2006	2824	1	273	2e-164	  505
scaffold14515	OTU_2480	94.53	274	15	0	6235	5414	1	274	1e-163	  503
scaffold14534	OTU_5749	100.00	273	0	0	2179	2997	1	273	9e-160	  492
scaffold15537	OTU_6786	96.35	274	10	0	5806	4985	1	274	2e-159	  490
scaffold15758	OTU_4432	40.78	179	95	5	3972	3448	38	209	4e-30	  120
scaffold19389	OTU_2308	100.00	232	0	0	1453	2148	1	232	3e-155	  475
scaffold19518	OTU_0574	98.54	274	4	0	869	48	1	274	0.0	  547
scaffold19738	OTU_0334	99.26	272	2	0	2999	2184	1	272	2e-158	  485
scaffold22184	OTU_6651	98.18	274	5	0	2959	3780	1	274	0.0	  549
scaffold23448	OTU_3288	34.82	224	116	6	3387	4043	38	236	1e-22	98.6
scaffold23753	OTU_6914	88.09	277	30	1	4434	3604	1	274	5e-154	  471
scaffold24175	OTU_6672	100.00	274	0	0	2382	1561	1	274	3e-167	  506
scaffold24887	OTU_2607	100.00	269	0	0	2935	3741	1	269	0.0	  543
scaffold25219	OTU_3344	99.64	275	0	1	2495	3319	1	274	5e-171	  515
scaffold28961	OTU_6318	95.22	272	13	0	3589	2774	1	272	2e-166	  500
scaffold29330	OTU_7679	100.00	273	0	0	2158	1340	1	273	9e-168	  504
scaffold29804	OTU_5350	100.00	62	0	0	4132	3947	208	269	3e-32	  127
scaffold30215	OTU_4324	100.00	231	0	0	4097	3405	1	231	4e-134	  412
scaffold30577	OTU_4998	96.09	128	5	0	4070	3687	92	219	5e-77	  253
scaffold30626	OTU_0316	96.34	273	10	0	874	56	1	273	4e-179	  533
scaffold32185	OTU_0570	99.64	274	0	1	709	1530	1	273	0.0	  549
scaffold32730	OTU_3244	98.56	278	1	1	920	1753	1	275	2e-164	  493
scaffold32921	OTU_6059	99.64	274	1	0	3233	2412	1	274	0.0	  538
scaffold34117	OTU_0045	96.69	272	9	0	3743	2928	1	272	5e-162	  486
scaffold35531	OTU_1276	69.01	142	43	1	1513	1088	129	269	6e-43	  158
scaffold35531	OTU_1276	51.56	128	58	2	2554	2180	1	127	5e-36	  138
scaffold35783	OTU_6543	98.13	214	4	0	3701	3060	57	270	1e-130	  402
scaffold36211	OTU_5265	100.00	272	0	0	2200	3015	1	272	0.0	  555
scaffold36647	OTU_0317	97.77	269	6	0	1236	430	1	269	0.0	  549
scaffold37392	OTU_0856	98.18	275	4	1	1360	2184	1	274	8e-172	  510
scaffold37501	OTU_6689	98.14	269	5	0	777	1583	1	269	0.0	  550
scaffold38524	OTU_0459	99.26	272	2	0	1147	1962	1	272	0.0	  556
scaffold38715	OTU_5282	99.33	149	0	1	3527	3081	4	151	3e-93	  295
scaffold39686	OTU_3725	94.58	166	9	0	498	1	1	166	2e-89	  289
scaffold41834	OTU_3025	100.00	237	0	0	2661	3371	1	237	2e-165	  491
scaffold42348	OTU_3962	100.00	271	0	0	994	182	1	271	0.0	  552
scaffold43480	OTU_3264	90.81	272	25	0	2390	3205	1	272	2e-160	  478
scaffold43561	OTU_7675	95.22	272	13	0	1635	2450	1	272	3e-170	  503
scaffold43961	OTU_5854	97.04	270	8	0	582	1391	1	270	4e-163	  484
scaffold44835	OTU_3467	100.00	251	0	0	907	1659	1	251	2e-175	  515
scaffold47982	OTU_6802	92.70	137	10	0	412	2	1	137	4e-73	  238
scaffold47986	OTU_0956	98.17	273	5	0	1950	1132	1	273	3e-150	  449
scaffold49441	OTU_3281	100.00	275	0	0	207	1031	1	275	1e-170	  501
scaffold51398	OTU_0137	100.00	159	0	0	2973	2497	114	272	8e-104	  326
scaffold53233	OTU_4438	97.03	269	7	1	127	930	1	269	2e-177	  518
scaffold53734	OTU_2622	98.54	274	3	1	1239	2060	1	273	2e-169	  497
scaffold55251	OTU_5350	98.59	142	2	0	428	3	1	142	1e-88	  285
scaffold58299	OTU_0073	98.18	274	5	0	1338	517	1	274	0.0	  551
scaffold61739	OTU_1274	94.44	270	15	0	1634	2443	1	270	9e-171	  498
scaffold63076	OTU_1444	97.06	272	8	0	1114	1929	1	272	5e-176	  511
scaffold63358	OTU_2749	95.83	96	4	0	2340	2627	1	96	9e-57	  191
scaffold66507	OTU_0316	100.00	273	0	0	1568	750	1	273	0.0	  551
scaffold66509	OTU_6490	100.00	265	0	0	1454	2248	1	265	0.0	  538
scaffold67201	OTU_5247	99.26	135	1	0	1	405	138	272	5e-87	  278
scaffold68593	OTU_6493	93.75	272	17	0	1053	238	1	272	3e-168	  489
scaffold70916	OTU_0994	99.51	203	1	0	611	3	1	203	2e-137	  410
scaffold71242	OTU_0852	100.00	274	0	0	2389	1568	1	274	0.0	  553
scaffold71417	OTU_2408	99.63	272	1	0	2013	1198	1	272	0.0	  556
scaffold71668	OTU_6606	99.63	272	1	0	1223	2038	1	272	0.0	  552
scaffold75878	OTU_6366	81.75	274	49	1	100	921	1	273	3e-153	  450
scaffold76850	OTU_2336	100.00	274	0	0	1670	849	1	274	4e-176	  508
scaffold78844	OTU_4314	100.00	272	0	0	474	1289	1	272	5e-175	  505
scaffold80104	OTU_6517	100.00	122	0	0	368	3	1	122	3e-79	  252
scaffold82437	OTU_7431	100.00	269	0	0	449	1255	1	269	0.0	  545
scaffold82677	OTU_3563	100.00	50	0	0	2246	2097	141	190	2e-26	  106
scaffold83024	OTU_2878	96.67	270	9	0	1071	1880	1	270	8e-165	  478
scaffold84203	OTU_0513	100.00	274	0	0	214	1035	1	274	0.0	  556
scaffold85617	OTU_6940	45.63	252	114	4	873	121	3	232	1e-50	  176
scaffold86160	OTU_5453	100.00	272	0	0	514	1329	1	272	0.0	  559
scaffold86270	OTU_4108	96.95	131	4	0	1	393	143	273	3e-81	  261
scaffold93706	OTU_7268	91.03	234	21	0	2086	1385	8	241	7e-133	  393
scaffold100798	OTU_6132	91.30	138	12	0	1999	1586	128	265	1e-84	  268
scaffold106463	OTU_3310	100.00	196	0	0	1936	1349	73	268	2e-124	  371
scaffold110999	OTU_6651	97.45	274	7	0	875	1696	1	274	0.0	  547
scaffold112409	OTU_4519	92.06	189	15	0	1874	1308	44	232	2e-119	  356
scaffold117254	OTU_2844	98.89	270	3	0	1786	977	1	270	0.0	  523
scaffold118662	OTU_4512	99.32	147	1	0	3	443	128	274	8e-97	  298
scaffold121042	OTU_1661	97.94	97	2	0	1795	1505	69	165	2e-60	  198
scaffold123375	OTU_6689	98.41	252	4	0	1018	1773	1	252	0.0	  515
scaffold138333	OTU_0798	94.49	272	15	0	620	1435	1	272	1e-171	  489
scaffold138518	OTU_6282	100.00	244	0	0	1	732	16	259	9e-153	  440
scaffold143786	OTU_6840	97.65	255	6	0	1	765	18	272	3e-154	  444
scaffold151374	OTU_4857	100.00	252	0	0	811	1566	1	252	5e-172	  488
scaffold154779	OTU_4537	98.89	90	1	0	1552	1283	66	155	3e-36	  130
scaffold158602	OTU_2155	100.00	206	0	0	620	3	1	206	5e-144	  417
scaffold160813	OTU_1103	100.00	233	0	0	700	2	1	233	3e-167	  476
scaffold164796	OTU_4753	100.00	190	0	0	570	1	1	190	3e-133	  386
scaffold169328	OTU_3029	100.00	43	0	0	129	1	1	43	6e-20	87.8
scaffold169719	OTU_5295	87.91	91	11	0	1196	1468	1	91	4e-50	  172
scaffold170492	OTU_7675	90.81	272	25	0	549	1364	1	272	1e-167	  476
scaffold170523	OTU_1568	93.07	274	19	0	404	1225	1	274	5e-175	  494
scaffold176105	OTU_4105	99.56	228	1	0	3	686	42	269	2e-161	  459
scaffold177961	OTU_4871	99.35	155	1	0	467	3	1	155	7e-104	  312
scaffold178923	OTU_0586	100.00	190	0	0	1423	854	61	250	5e-134	  389
scaffold179776	OTU_6045	99.44	177	1	0	1	531	30	206	1e-123	  361
scaffold180516	OTU_3717	91.95	87	7	0	1155	1415	1	87	5e-50	  168
scaffold183192	OTU_1011	94.53	274	15	0	199	1020	1	274	9e-164	  465
scaffold185046	OTU_1916	80.56	108	17	2	322	2	1	105	6e-51	  174
scaffold188606	OTU_1866	98.18	274	5	0	1233	412	1	274	1e-173	  490
scaffold191169	OTU_2688	100.00	240	0	0	648	1367	1	240	1e-171	  485
scaffold194067	OTU_5559	100.00	179	0	0	1358	822	44	222	7e-123	  358
scaffold195068	OTU_5336	98.88	269	3	0	244	1050	1	269	0.0	  542
scaffold195187	OTU_5892	99.61	258	0	1	292	1065	1	257	3e-161	  458
scaffold199325	OTU_6744	97.22	180	5	0	1337	798	1	180	1e-122	  356
scaffold199671	OTU_5404	70.59	119	35	0	968	1324	1	119	3e-53	  179
scaffold203400	OTU_1267	100.00	217	0	0	669	1319	1	217	9e-143	  409
scaffold203664	OTU_6908	100.00	269	0	0	37	843	1	269	0.0	  550
scaffold210024	OTU_2451	98.98	98	1	0	1296	1003	173	270	2e-61	  201
scaffold214812	OTU_1281	98.82	170	2	0	1	510	1	170	4e-107	  315
scaffold220199	OTU_3776	96.97	198	6	0	1	594	77	274	3e-136	  393
scaffold220258	OTU_2905	99.63	273	1	0	217	1035	1	273	2e-180	  505
scaffold226953	OTU_1522	100.00	44	0	0	1106	1237	1	44	6e-22	92.0
scaffold232758	OTU_6079	100.00	165	0	0	495	1	1	165	6e-116	  337
scaffold238984	OTU_5338	76.50	200	46	1	1121	522	2	200	7e-104	  307
scaffold249942	OTU_1207	41.31	259	129	4	394	1167	3	239	4e-53	  177
scaffold252424	OTU_0253	100.00	111	0	0	830	1162	1	111	8e-74	  232
scaffold253519	OTU_1255	98.62	145	2	0	726	1160	1	145	4e-96	  290
scaffold256323	OTU_2554	98.33	60	0	1	1154	975	136	194	5e-31	  116
scaffold256848	OTU_2381	99.37	158	1	0	1	474	115	272	1e-109	  324
scaffold257079	OTU_1675	100.00	44	0	0	1021	1152	1	44	6e-21	89.0
scaffold260265	OTU_0953	71.43	112	29	1	2	337	165	273	3e-46	  160
scaffold265045	OTU_2382	92.70	137	10	0	720	1130	1	137	2e-88	  267
scaffold278729	OTU_0369	98.48	66	1	0	200	3	1	66	6e-37	  134
scaffold282182	OTU_5704	96.00	50	1	1	1091	942	145	193	3e-24	96.7
scaffold297059	OTU_0118	93.99	233	14	0	1058	360	42	274	2e-149	  424
scaffold299847	OTU_2288	98.63	73	0	1	1053	835	175	246	4e-41	  144
scaffold304509	OTU_2450	100.00	273	0	0	155	973	1	273	2e-179	  500
scaffold305169	OTU_4195	96.43	56	2	0	873	1040	1	56	6e-29	  109
scaffold306251	OTU_0391	100.00	256	0	0	768	1	3	258	0.0	  522
scaffold308684	OTU_5255	100.00	119	0	0	359	3	3	121	4e-82	  249
scaffold309753	OTU_4705	97.99	149	3	0	1033	587	126	274	6e-101	  300
scaffold311199	OTU_2326	95.17	269	13	0	925	119	1	269	7e-176	  491
scaffold320211	OTU_5690	93.62	47	3	0	145	5	1	47	4e-23	93.6
scaffold323097	OTU_5435	98.65	223	3	0	1008	340	52	274	2e-160	  452
scaffold324909	OTU_2913	99.63	270	0	1	193	1002	1	269	0.0	  540
scaffold327607	OTU_2681	100.00	264	0	0	1000	209	10	273	2e-180	  502
scaffold335552	OTU_0862	98.08	104	2	0	314	3	1	104	6e-70	  217
scaffold341559	OTU_6941	99.00	201	2	0	975	373	74	274	2e-142	  405
scaffold345835	OTU_6536	98.99	99	1	0	299	3	1	99	2e-63	  203
