scaffold00025	OTU_3652	38.31	154	89	3	50335	50793	76	224	4e-21	97.8
scaffold00113	OTU_7363	99.63	270	0	1	1118	309	1	269	1e-176	  547
scaffold00321	OTU_0681	90.00	270	26	1	7223	6417	1	270	2e-150	  471
scaffold01164	OTU_1758	86.67	60	8	0	181	2	1	60	3e-26	  110
scaffold01560	OTU_7525	99.56	226	1	0	90	767	1	226	3e-148	  459
scaffold01588	OTU_2411	91.14	271	23	1	4474	3662	1	270	4e-157	  485
scaffold03308	OTU_1269	100.00	274	0	0	4213	3392	1	274	7e-169	  511
scaffold03622	OTU_1374	100.00	44	0	0	4549	4418	226	269	1e-13	70.5
scaffold05434	OTU_4833	100.00	268	0	0	3467	2664	1	268	0.0	  545
scaffold06534	OTU_5893	99.64	274	0	1	3016	2195	1	273	0.0	  547
scaffold06727	OTU_1611	100.00	273	0	0	2821	2003	1	273	8e-161	  479
scaffold08013	OTU_4923	99.27	274	1	1	10	831	1	273	0.0	  543
scaffold08621	OTU_4355	98.05	154	0	1	1	462	79	229	3e-87	  280
scaffold10749	OTU_2255	96.72	274	9	0	2632	1811	1	274	3e-169	  495
scaffold10877	OTU_0279	98.35	121	2	0	2411	2773	1	121	7e-76	  247
scaffold11300	OTU_7208	98.53	273	4	0	661	1479	1	273	0.0	  546
scaffold12865	OTU_5467	91.97	274	22	0	1866	1045	1	274	1e-171	  499
scaffold13102	OTU_2516	91.60	250	21	0	752	3	1	250	3e-146	  434
scaffold14570	OTU_5182	91.49	47	4	0	2314	2454	1	47	2e-22	95.5
scaffold16160	OTU_0689	79.56	274	56	0	1434	613	1	274	8e-147	  433
scaffold16381	OTU_7293	99.27	274	2	0	1073	252	1	274	0.0	  531
scaffold16777	OTU_2739	100.00	272	0	0	1602	787	1	272	0.0	  550
scaffold17605	OTU_5076	88.89	72	8	0	218	3	1	72	2e-35	  133
scaffold20389	OTU_3964	97.73	132	3	0	2152	1757	139	270	2e-73	  240
scaffold23844	OTU_6102	98.28	116	2	0	348	1	1	116	4e-72	  235
scaffold24048	OTU_4282	91.45	269	23	0	244	1050	1	269	6e-165	  476
scaffold24749	OTU_3868	100.00	53	0	0	1	159	222	274	4e-27	  110
scaffold24896	OTU_3454	94.44	270	15	0	1022	213	1	270	1e-173	  498
scaffold25840	OTU_4268	90.74	270	25	0	1935	1126	1	270	1e-159	  462
scaffold26152	OTU_5371	95.02	241	12	0	1953	1231	29	269	1e-155	  451
scaffold32915	OTU_2080	96.55	29	1	0	1700	1786	1	29	7e-12	62.8
scaffold37399	OTU_3183	96.88	32	1	0	9	104	155	186	6e-14	68.9
scaffold40907	OTU_7518	93.07	274	19	0	815	1636	1	274	1e-161	  463
scaffold48257	OTU_5743	100.00	166	0	0	1036	1533	1	166	5e-117	  343
scaffold48863	OTU_2221	94.40	232	13	0	821	1516	1	232	2e-157	  451
scaffold50987	OTU_1156	100.00	215	0	0	647	3	1	215	7e-153	  437
scaffold52543	OTU_2123	99.18	122	1	0	366	1	1	122	8e-80	  248
scaffold52884	OTU_3685	100.00	92	0	0	2	277	182	273	7e-57	  191
scaffold53169	OTU_6780	100.00	177	0	0	6	536	91	267	6e-122	  359
scaffold54567	OTU_7569	99.03	207	2	0	2	622	65	271	2e-123	  363
scaffold60270	OTU_6808	99.64	274	0	1	106	927	1	273	8e-179	  504
scaffold61197	OTU_2372	95.19	270	13	0	351	1160	1	270	4e-178	  501
scaffold63796	OTU_5464	96.35	274	10	0	338	1159	1	274	0.0	  520
scaffold65241	OTU_2713	99.28	138	1	0	414	1	1	138	2e-92	  283
scaffold65669	OTU_1425	80.68	88	17	0	266	3	1	88	4e-41	  147
scaffold66379	OTU_6338	99.01	101	0	1	303	1	5	104	2e-44	  153
scaffold71384	OTU_1294	94.32	229	13	0	624	1310	1	229	1e-156	  446
scaffold76750	OTU_2517	100.00	81	0	0	1032	1274	1	81	2e-48	  167
scaffold78149	OTU_5881	88.52	270	31	0	979	170	1	270	2e-169	  478
scaffold80646	OTU_7546	100.00	91	0	0	275	3	1	91	4e-45	  157
scaffold81216	OTU_2255	100.00	56	0	0	1079	1246	1	56	1e-31	  120
scaffold82101	OTU_2620	99.57	232	0	1	545	1240	1	231	5e-167	  470
scaffold84221	OTU_1618	96.30	270	7	1	812	3	1	267	1e-171	  483
scaffold86440	OTU_7368	94.27	157	9	0	743	1213	1	157	7e-100	  300
scaffold87096	OTU_3297	100.00	171	0	0	1	513	1	171	2e-101	  300
scaffold88035	OTU_4268	96.50	200	7	0	6	605	71	270	8e-128	  371
scaffold88289	OTU_2594	96.00	50	2	0	1	150	225	274	3e-17	79.0
scaffold89061	OTU_3740	98.91	274	2	1	864	43	1	273	0.0	  543
scaffold89459	OTU_1618	91.94	62	2	1	3	188	217	275	6e-23	95.1
scaffold90350	OTU_0352	99.26	136	1	0	1	408	134	269	2e-81	  252
scaffold93005	OTU_7330	90.96	177	15	1	550	20	1	176	1e-111	  326
scaffold93076	OTU_3446	99.52	207	1	0	557	1177	1	207	6e-146	  415
scaffold93464	OTU_2147	86.06	165	22	1	1177	686	5	169	3e-92	  276
scaffold97978	OTU_3241	66.12	121	40	1	1153	791	68	187	2e-41	  144
scaffold107368	OTU_6569	91.11	270	24	0	65	874	1	270	9e-174	  487
scaffold107463	OTU_5560	100.00	252	0	0	357	1112	1	252	2e-169	  475
scaffold108287	OTU_1421	99.63	270	0	1	1084	275	1	269	0.0	  543
scaffold110673	OTU_7673	85.54	166	24	0	600	1097	1	166	1e-86	  264
scaffold114849	OTU_7506	93.03	201	14	0	605	3	1	201	1e-138	  397
scaffold114901	OTU_4352	91.49	188	16	0	518	1081	1	188	2e-124	  358
scaffold116436	OTU_5630	97.96	49	1	0	1076	930	224	272	1e-16	76.3
scaffold116707	OTU_5017	100.00	84	0	0	823	1074	1	84	6e-50	  169
scaffold116727	OTU_2817	100.00	237	0	0	713	3	1	237	2e-162	  457
scaffold123963	OTU_7413	90.30	268	26	0	68	871	3	270	8e-158	  446
scaffold126910	OTU_1231	91.11	45	3	1	1040	906	230	273	7e-20	85.5
scaffold128293	OTU_5453	97.73	176	4	0	506	1033	1	176	5e-123	  357
scaffold129579	OTU_1955	97.66	128	3	0	1029	646	147	274	5e-84	  257
scaffold135983	OTU_0003	37.50	136	79	3	2	406	116	246	1e-18	81.6
scaffold138648	OTU_1618	97.64	127	3	0	621	1001	1	127	1e-74	  232
