scaffold00002	OTU_0054	36.00	350	214	5	200088	201125	1	344	5e-52	  188
scaffold00007	OTU_0054	37.68	345	213	2	65583	66617	2	344	4e-50	  182
scaffold00009	OTU_0037	28.65	349	243	2	238472	237438	1	347	2e-24	  104
scaffold00017	OTU_0043	30.08	133	84	2	14118	13720	17	140	1e-13	67.8
scaffold00018	OTU_0034	84.97	193	28	1	86452	87030	1	192	1e-94	  304
scaffold00062	OTU_0043	31.58	133	82	2	44304	43906	17	140	6e-14	68.2
scaffold00084	OTU_0054	26.10	341	242	5	62158	63159	8	345	2e-11	62.8
scaffold00148	OTU_0054	28.61	339	233	4	80634	79627	5	337	1e-23	  100
scaffold00152	OTU_0054	25.74	303	211	6	3353	4243	41	335	8e-12	63.5
scaffold00642	OTU_0054	25.91	359	218	10	17483	16479	1	335	1e-14	71.2
scaffold00675	OTU_0036	28.85	260	174	4	9693	10448	75	331	2e-14	70.5
scaffold01023	OTU_0054	24.92	333	246	3	17746	16754	7	337	3e-20	87.8
scaffold01058	OTU_0054	28.57	301	195	10	5599	6480	43	330	2e-11	60.8
scaffold02932	OTU_0054	24.12	340	244	5	2642	3652	9	337	8e-14	67.4
scaffold04364	OTU_0009	25.23	325	239	2	9089	8127	12	336	2e-15	71.6
scaffold06503	OTU_0054	25.36	343	242	7	6498	5497	8	345	1e-12	63.2
scaffold07863	OTU_0054	27.38	325	186	9	1634	681	51	332	3e-11	58.2
scaffold08052	OTU_0054	27.92	283	178	9	3773	2958	44	311	5e-12	61.2
scaffold11267	OTU_0054	25.00	352	212	7	4169	5146	9	334	8e-15	69.3
scaffold14839	OTU_0034	81.87	193	34	1	3614	3036	1	192	3e-78	  252
scaffold22217	OTU_0054	29.31	174	120	3	3493	2972	50	220	9e-11	56.2
scaffold28419	OTU_0054	26.06	307	205	7	2301	3191	41	335	1e-11	58.9
scaffold30128	OTU_0054	25.87	344	240	6	240	1247	1	337	1e-22	92.4
scaffold31364	OTU_0054	37.78	225	116	2	1	654	137	344	2e-42	  152
scaffold31572	OTU_0009	52.19	343	160	4	861	1886	1	340	2e-98	  312
scaffold42891	OTU_0043	32.28	127	86	0	653	1033	15	141	6e-13	60.1
scaffold56331	OTU_0054	26.21	309	211	7	2408	1485	22	314	9e-16	70.9
scaffold64326	OTU_0043	34.58	107	63	1	2188	1868	15	114	3e-16	69.7
scaffold67419	OTU_0054	28.26	184	130	1	1005	1550	150	333	3e-11	56.6
scaffold69848	OTU_0009	51.73	346	163	4	1246	2280	1	343	3e-92	  289
scaffold74768	OTU_0058	28.01	357	236	6	1321	2358	5	351	1e-18	79.0
scaffold76644	OTU_0055	92.47	93	7	0	2039	2317	2	94	4e-41	  142
scaffold80168	OTU_0054	41.49	188	93	2	2288	1725	175	345	5e-38	  137
scaffold82164	OTU_0054	25.82	337	242	6	1077	2078	3	334	4e-12	59.3
scaffold83878	OTU_0056	75.62	320	75	2	1	960	27	343	3e-160	  463
scaffold94421	OTU_0009	27.00	300	215	2	29	916	37	336	2e-16	72.4
scaffold119179	OTU_0054	36.89	328	182	3	304	1287	43	345	4e-56	  187
scaffold158543	OTU_0054	28.71	303	190	8	137	1006	43	332	2e-13	62.4
scaffold186575	OTU_0024	29.81	104	73	0	914	1225	26	129	9e-11	51.6
scaffold187071	OTU_0036	39.82	329	193	2	987	1	1	324	6e-44	  151
scaffold187613	OTU_0054	28.57	161	108	3	192	665	179	335	1e-10	53.9
scaffold220343	OTU_0054	25.41	366	226	12	1111	44	7	335	3e-11	55.1
scaffold224452	OTU_0050	40.31	129	77	0	839	1225	8	136	1e-27	99.8
scaffold229976	OTU_0054	25.08	303	215	4	25	912	40	337	3e-19	79.3
scaffold231749	OTU_0009	25.66	343	236	5	1085	90	3	337	3e-12	58.2
scaffold247505	OTU_0027	58.49	212	82	3	8	640	59	265	1e-75	  231
scaffold271757	OTU_0054	37.57	173	100	1	3	521	181	345	5e-32	  116
scaffold273946	OTU_0039	57.14	42	18	0	959	1084	1	42	3e-12	55.8
scaffold275614	OTU_0054	24.65	284	208	4	1024	182	58	338	9e-15	65.9
scaffold288052	OTU_0054	49.28	138	70	0	28	441	208	345	5e-33	  119
scaffold320356	OTU_0037	50.94	320	153	3	50	1009	5	320	3e-84	  254
scaffold321763	OTU_0036	27.82	248	159	7	740	30	3	241	3e-14	63.9
scaffold329904	OTU_0007	58.90	146	59	1	558	995	1	145	2e-45	  147
scaffold330652	OTU_0058	28.10	331	199	9	972	4	13	312	4e-17	72.4
scaffold342227	OTU_0054	27.96	304	205	5	49	936	40	337	6e-20	80.5
scaffold379325	OTU_0054	25.59	211	141	3	20	643	133	330	4e-12	57.0
scaffold384414	OTU_0027	40.77	233	107	2	817	119	64	265	3e-49	  159
scaffold397055	OTU_0043	34.17	120	79	0	671	312	17	136	2e-12	55.8
scaffold457033	OTU_0054	27.09	251	157	9	788	60	36	268	5e-12	56.2
scaffold460419	OTU_0027	48.11	185	93	2	1	552	83	265	2e-50	  162
scaffold525003	OTU_0011	32.33	232	141	6	744	64	127	347	1e-25	95.1
scaffold534646	OTU_0040	32.86	140	94	0	692	273	8	147	6e-16	64.7
scaffold535898	OTU_0009	27.19	217	144	7	3	641	35	241	1e-11	55.1
scaffold554075	OTU_0007	67.16	134	41	2	404	3	1	131	3e-54	  167
scaffold598368	OTU_0036	26.55	226	162	3	1	669	17	241	7e-14	61.2
scaffold604625	OTU_0015	30.06	163	103	4	119	592	34	190	7e-14	59.3
scaffold641861	OTU_0040	34.43	122	80	0	306	671	15	136	3e-11	50.8
scaffold692058	OTU_0043	37.38	107	60	1	216	536	15	114	2e-18	71.2
scaffold692791	OTU_0054	28.65	171	110	4	135	641	144	304	4e-15	63.9
scaffold699748	OTU_0028	27.70	148	102	2	606	169	7	151	5e-11	50.4
scaffold701519	OTU_0054	30.28	109	76	0	446	120	210	318	7e-12	54.7
scaffold708400	OTU_0054	32.55	212	142	1	1	636	57	267	2e-26	96.3
scaffold747964	OTU_0054	36.87	179	105	1	616	80	175	345	6e-36	  123
scaffold757957	OTU_0009	26.63	184	131	2	608	69	46	229	1e-11	53.9
scaffold812282	OTU_0027	32.30	161	99	4	52	516	102	258	2e-16	66.2
scaffold847903	OTU_0015	27.60	192	128	4	8	568	5	190	1e-14	60.5
scaffold867339	OTU_0054	33.08	133	73	4	565	191	214	338	1e-12	56.6
scaffold886273	OTU_0005	32.35	102	69	0	550	245	42	143	5e-11	49.7
scaffold926346	OTU_0034	83.91	174	27	1	2	523	20	192	6e-78	  227
scaffold974041	OTU_0054	32.95	173	97	1	521	3	135	288	2e-27	98.6
scaffold1014137	OTU_0015	28.47	144	99	2	425	3	5	147	9e-13	54.7
scaffold1018647	OTU_0009	74.42	172	43	1	1	516	2	172	1e-86	  253
scaffold1033080	OTU_0054	33.33	174	98	5	503	3	118	280	4e-20	77.4
scaffold1036069	OTU_0054	39.41	170	96	2	1	510	171	333	2e-34	  117
scaffold1055704	OTU_0054	55.00	60	27	0	503	324	285	344	1e-18	73.2
scaffold1090402	OTU_0027	86.71	158	19	1	2	475	110	265	9e-92	  264
scaffold1095864	OTU_0054	49.00	100	51	0	489	190	246	345	3e-25	91.7
scaffold1098508	OTU_0005	31.09	119	82	0	468	112	25	143	9e-12	51.2
scaffold1149887	OTU_0048	26.97	152	109	2	458	6	43	193	6e-12	52.4
scaffold1175210	OTU_0043	31.78	129	79	2	84	470	17	136	4e-17	66.6
scaffold1179138	OTU_0054	33.88	121	80	0	472	110	225	345	4e-19	74.3
scaffold1180673	OTU_0034	80.42	143	27	1	429	1	44	185	8e-72	  210
scaffold1237117	OTU_0054	54.02	87	40	0	456	196	258	344	5e-27	96.3
scaffold1255755	OTU_0054	23.13	147	113	0	14	454	142	288	2e-11	52.4
scaffold1324176	OTU_0054	45.65	138	75	0	426	13	207	344	7e-27	95.5
scaffold1329522	OTU_0040	36.84	114	65	1	368	27	8	114	3e-15	60.8
scaffold1351375	OTU_0034	87.14	70	8	1	437	228	124	192	2e-39	  126
scaffold1390574	OTU_0054	41.30	138	65	3	16	429	169	290	1e-25	91.7
scaffold1392957	OTU_0054	28.87	142	86	6	1	405	184	317	1e-11	52.4
scaffold1434832	OTU_0046	82.89	76	12	1	1	228	116	190	1e-41	  132
scaffold1535960	OTU_0054	44.53	128	71	0	20	403	211	338	4e-30	  104
scaffold1548684	OTU_0034	33.62	116	76	1	1	348	78	192	3e-14	58.2
scaffold1552446	OTU_0048	65.82	79	26	1	400	164	118	195	1e-32	  108
scaffold1602762	OTU_0041	91.94	124	9	1	22	393	1	123	1e-80	  230
scaffold1625447	OTU_0028	34.43	122	67	2	350	3	1	115	5e-13	53.9
