scaffold00089	OTU_0058	26.25	339	231	3	29850	30857	13	335	5e-16	77.4
scaffold00436	OTU_0009	28.57	343	232	5	59167	58154	2	336	5e-22	95.1
scaffold01304	OTU_0054	23.57	297	206	6	1990	1136	33	320	8e-11	59.3
scaffold02472	OTU_0054	24.67	300	204	7	16166	15297	25	312	2e-11	60.8
scaffold03044	OTU_0054	38.23	361	187	4	9922	8840	21	345	6e-67	  227
scaffold03144	OTU_0054	24.92	305	213	5	8178	9071	35	330	7e-11	58.5
scaffold04203	OTU_0054	26.18	317	225	7	8345	7407	6	317	2e-20	87.8
scaffold04842	OTU_0054	24.45	319	235	3	7414	6464	23	337	1e-12	63.9
scaffold06138	OTU_0009	27.35	340	226	4	1962	2945	6	336	3e-22	93.2
scaffold07078	OTU_0054	29.36	109	77	0	7529	7855	210	318	2e-11	59.3
scaffold11024	OTU_0054	25.74	303	208	5	1756	2640	40	333	5e-12	60.8
scaffold12495	OTU_0033	28.99	307	189	8	7073	6201	43	336	4e-18	79.7
scaffold22846	OTU_0009	26.42	318	230	2	3442	4386	20	336	5e-15	69.3
scaffold26717	OTU_0056	28.07	342	230	4	2752	1754	3	337	2e-19	82.8
scaffold28758	OTU_0054	25.24	313	209	9	3441	2548	17	319	1e-11	58.5
scaffold30057	OTU_0054	25.17	302	214	4	3151	2264	35	330	6e-12	59.3
scaffold30911	OTU_0054	24.85	338	243	4	1899	2903	7	336	2e-11	57.8
scaffold32567	OTU_0054	25.44	342	241	7	2489	3502	4	335	1e-13	64.7
scaffold45100	OTU_0054	25.44	342	242	4	2533	1511	1	330	1e-17	76.6
scaffold55420	OTU_0054	27.02	285	192	5	1237	407	42	318	5e-15	68.2
scaffold98284	OTU_0043	32.31	130	81	1	329	718	17	139	1e-11	55.1
scaffold102038	OTU_0054	37.75	355	209	4	190	1251	2	345	3e-60	  197
scaffold150694	OTU_0054	44.44	297	147	4	1225	335	66	344	2e-69	  218
scaffold151932	OTU_0054	25.15	334	244	3	1186	191	8	337	7e-20	81.3
scaffold186125	OTU_0009	29.41	187	113	6	909	382	39	217	7e-11	53.5
scaffold203320	OTU_0054	38.74	302	183	2	102	1007	5	304	3e-49	  163
scaffold224507	OTU_0015	28.95	190	129	4	644	87	1	188	2e-13	59.3
scaffold268982	OTU_0054	26.87	134	98	0	831	430	185	318	4e-12	56.6
scaffold298703	OTU_0054	25.97	154	111	2	657	202	182	334	1e-10	52.4
scaffold341535	OTU_0054	44.37	142	79	0	5	430	203	344	2e-31	  111
scaffold486337	OTU_0054	27.87	183	121	4	545	21	91	270	7e-12	53.9
scaffold498220	OTU_0054	34.88	86	56	0	1	258	259	344	1e-14	62.0
scaffold498941	OTU_0008	31.37	102	70	0	505	200	41	142	1e-12	54.3
scaffold505684	OTU_0022	66.86	175	57	1	531	7	2	175	7e-67	  198
scaffold603764	OTU_0048	27.52	149	106	1	43	483	25	173	3e-13	56.2
scaffold763478	OTU_0054	29.63	135	95	0	6	410	184	318	5e-12	53.5
scaffold765904	OTU_0022	69.35	62	18	1	2	187	129	189	1e-27	95.1
scaffold815628	OTU_0043	32.65	98	66	0	81	374	18	115	1e-12	52.8
scaffold858255	OTU_0008	28.00	125	81	2	11	373	8	127	3e-11	48.9
scaffold924879	OTU_0054	26.61	109	80	0	1	327	210	318	4e-11	50.4
scaffold1090463	OTU_0004	87.84	74	9	0	224	3	1	74	9e-31	  101
scaffold1287376	OTU_0028	81.05	95	18	0	285	1	36	130	1e-52	  157
scaffold1570198	OTU_0054	51.81	83	40	0	249	1	41	123	1e-23	84.0
scaffold2149302	OTU_0048	54.84	62	28	0	19	204	1	62	1e-21	76.6
