scaffold00098	OTU_0054	27.43	175	126	1	2438	1914	154	327	7e-11	62.4
scaffold00265	OTU_0058	27.95	347	240	5	125155	124121	13	351	4e-14	72.0
scaffold00299	OTU_0054	26.79	336	200	9	6922	5981	24	335	5e-12	65.1
scaffold00420	OTU_0054	24.62	333	247	4	132033	131041	7	337	6e-16	77.0
scaffold00713	OTU_0037	54.86	350	154	3	55454	56503	2	347	1e-103	  336
scaffold00998	OTU_0009	27.04	318	226	4	59272	60210	20	336	2e-14	71.6
scaffold01241	OTU_0054	37.93	348	212	3	12098	13138	1	345	2e-49	  178
scaffold01338	OTU_0054	25.08	319	221	3	7193	8125	25	333	1e-12	65.9
scaffold01539	OTU_0054	25.71	319	224	4	10084	11034	23	330	3e-12	64.7
scaffold01597	OTU_0054	46.67	345	181	2	38471	39505	5	346	1e-79	  266
scaffold01713	OTU_0054	25.86	321	221	4	18389	17439	23	330	7e-14	69.3
scaffold01809	OTU_0033	99.13	346	0	2	16943	15906	1	343	0.0	  610
scaffold01867	OTU_0054	31.60	212	131	6	52560	51931	132	331	2e-13	68.2
scaffold02099	OTU_0054	39.88	346	206	2	25218	24184	1	345	3e-66	  226
scaffold02133	OTU_0054	25.73	342	243	6	25908	26915	1	337	3e-22	95.1
scaffold02390	OTU_0054	26.09	207	144	4	29518	28910	129	330	3e-12	64.3
scaffold02446	OTU_0009	26.17	321	225	3	6061	6999	20	336	2e-14	70.5
scaffold02888	OTU_0054	34.32	370	199	8	18964	17906	4	346	8e-37	  140
scaffold03354	OTU_0054	39.28	359	190	6	34704	33667	1	344	1e-61	  213
scaffold03823	OTU_0054	27.13	258	185	3	30111	30881	75	330	5e-11	60.1
scaffold04402	OTU_0037	28.36	268	178	2	3571	2798	50	313	7e-16	74.7
scaffold04774	OTU_0010	65.17	201	69	1	5049	4447	1	200	1e-72	  239
scaffold05392	OTU_0009	27.19	342	236	7	22929	21925	1	336	4e-19	84.3
scaffold05804	OTU_0054	25.90	278	194	6	11727	12545	39	309	2e-11	60.8
scaffold06040	OTU_0054	28.75	240	164	4	22295	22999	7	244	8e-13	65.1
scaffold06451	OTU_0054	41.08	353	192	3	21904	22962	9	345	3e-78	  261
scaffold06452	OTU_0054	40.11	349	204	3	23607	24653	2	345	3e-60	  208
scaffold06481	OTU_0054	43.48	138	78	0	25018	24605	208	345	3e-32	  125
scaffold06877	OTU_0054	26.07	303	207	5	3062	3946	39	332	4e-12	62.8
scaffold07579	OTU_0054	26.30	327	229	7	19900	18944	7	329	1e-18	82.4
scaffold08597	OTU_0037	36.57	350	215	3	6132	5095	1	347	3e-50	  178
scaffold10713	OTU_0037	27.25	356	232	9	4148	3114	1	340	1e-15	72.8
scaffold13146	OTU_0054	27.00	300	211	6	13828	14715	7	302	8e-13	64.3
scaffold14139	OTU_0054	26.21	351	233	8	10416	11429	1	338	2e-19	84.3
scaffold15609	OTU_0054	26.47	272	192	4	1151	348	51	318	1e-12	63.5
scaffold16477	OTU_0010	98.51	201	2	1	9245	8643	1	200	1e-101	  321
scaffold16485	OTU_0054	44.32	352	184	4	6292	7347	5	344	4e-79	  262
scaffold18104	OTU_0037	51.14	352	164	2	3383	4438	4	347	1e-92	  301
scaffold18200	OTU_0036	29.69	293	190	7	2066	2914	3	289	5e-12	61.2
scaffold18303	OTU_0054	35.45	347	220	3	10107	11144	1	344	6e-44	  159
scaffold20508	OTU_0054	26.19	336	232	3	7356	6376	2	330	3e-14	68.2
scaffold22315	OTU_0018	46.32	190	99	2	570	1	1	187	2e-27	  105
scaffold25429	OTU_0054	25.45	334	243	4	8321	7329	7	337	4e-17	76.6
scaffold25869	OTU_0054	26.01	323	232	3	7173	8135	3	320	7e-17	75.9
scaffold26131	OTU_0054	27.62	344	231	7	6760	5753	4	337	3e-18	80.1
scaffold26173	OTU_0054	24.86	362	238	7	4564	3512	1	339	4e-12	61.2
scaffold29010	OTU_0037	62.45	277	99	3	1	831	76	347	2e-96	  311
scaffold29590	OTU_0054	25.00	320	223	5	5988	6923	20	330	7e-13	63.5
scaffold30219	OTU_0054	25.29	261	175	6	860	1612	67	317	7e-14	66.6
scaffold30285	OTU_0004	72.63	95	26	0	7251	7535	2	96	2e-33	  122
scaffold30653	OTU_0011	38.64	352	211	2	3788	2733	1	347	1e-68	  230
scaffold32316	OTU_0054	24.93	345	240	5	2043	1021	1	330	4e-14	67.4
scaffold37097	OTU_0009	28.98	314	208	5	5062	4139	20	324	1e-13	65.5
scaffold37465	OTU_0054	27.61	355	209	16	4089	5108	7	328	4e-11	57.8
scaffold38601	OTU_0009	24.29	317	236	2	54	992	20	336	2e-12	61.6
scaffold38954	OTU_0036	27.87	244	159	7	2409	1708	5	241	9e-12	59.7
scaffold46775	OTU_0009	27.38	325	216	3	4235	5173	20	336	1e-22	93.2
scaffold49811	OTU_0054	23.58	318	232	3	3846	4796	23	330	1e-12	62.0
scaffold49940	OTU_0054	25.50	302	204	8	2209	3081	17	308	3e-12	60.8
scaffold49944	OTU_0054	27.27	198	144	0	619	1212	138	335	5e-11	57.0
scaffold57190	OTU_0054	24.45	274	194	4	1899	2708	32	296	7e-11	56.2
scaffold62803	OTU_0054	24.78	343	219	8	1691	714	23	343	4e-14	66.6
scaffold65689	OTU_0054	34.13	334	208	3	2613	1612	24	345	7e-58	  197
scaffold71986	OTU_0046	78.00	150	32	1	3437	3886	1	149	4e-57	  190
scaffold72570	OTU_0054	38.22	225	124	2	29	703	135	344	2e-45	  161
scaffold76317	OTU_0054	26.92	286	195	6	1287	445	42	318	1e-12	61.6
scaffold84758	OTU_0054	26.61	327	219	7	2452	3402	18	333	8e-11	55.8
scaffold85974	OTU_0054	22.75	334	222	8	2230	3180	21	335	6e-11	56.2
scaffold87147	OTU_0059	100.00	70	0	0	3178	3387	1	70	1e-41	  144
scaffold87603	OTU_0056	78.61	346	71	2	1411	374	1	343	0.0	  529
scaffold91315	OTU_0036	27.16	243	162	6	2116	2817	4	240	3e-11	57.0
scaffold94884	OTU_0054	23.51	285	214	3	447	1298	51	332	4e-12	59.7
scaffold95228	OTU_0054	25.78	256	185	3	1940	1179	75	327	4e-11	56.2
scaffold96441	OTU_0054	21.93	301	213	6	869	9	6	298	5e-11	56.2
scaffold102702	OTU_0054	24.62	199	140	2	2895	2314	125	318	3e-16	72.0
scaffold113634	OTU_0054	21.95	328	219	7	2195	1260	40	346	6e-11	55.8
scaffold113756	OTU_0009	27.94	315	210	5	1169	2095	21	324	2e-19	81.6
scaffold116997	OTU_0054	41.48	352	195	3	839	1894	5	345	2e-73	  239
scaffold119624	OTU_0024	34.29	140	91	1	1886	2305	9	147	1e-15	67.8
scaffold120081	OTU_0033	23.57	297	197	5	588	1424	47	331	4e-14	65.5
scaffold124475	OTU_0054	27.35	234	152	6	800	1477	81	304	4e-11	56.2
scaffold124897	OTU_0009	26.02	342	240	5	1596	2600	1	336	1e-18	79.7
scaffold126538	OTU_0054	24.72	360	224	10	1028	2053	2	332	2e-13	63.5
scaffold127284	OTU_0054	42.72	103	59	0	2592	2284	242	344	1e-18	79.3
scaffold130866	OTU_0010	30.15	199	130	3	1958	2539	2	196	2e-15	67.4
scaffold130878	OTU_0054	35.38	325	208	2	1588	2562	1	323	2e-36	  133
scaffold134634	OTU_0054	54.21	107	49	0	1	321	238	344	7e-30	  114
scaffold137880	OTU_0054	23.58	318	220	6	39	968	36	338	1e-11	57.8
scaffold148734	OTU_0054	23.76	181	137	1	1488	949	138	318	1e-11	57.4
scaffold149526	OTU_0054	25.91	301	215	3	1485	583	42	334	4e-14	65.5
scaffold155851	OTU_0054	23.49	298	221	2	1453	578	22	318	2e-12	60.1
scaffold164456	OTU_0054	27.97	286	192	5	832	1674	42	318	9e-15	67.4
scaffold169430	OTU_0015	31.93	119	81	0	361	5	5	123	5e-13	59.7
scaffold172119	OTU_0054	29.08	251	170	6	1400	2137	5	252	4e-22	89.4
scaffold172292	OTU_0054	21.36	295	210	6	880	20	40	320	2e-11	57.0
scaffold179706	OTU_0024	32.03	128	86	1	1333	1716	9	135	1e-14	64.3
scaffold184075	OTU_0043	32.54	126	85	0	1960	1583	11	136	5e-12	56.2
scaffold185170	OTU_0054	24.52	314	203	7	1475	582	35	330	1e-10	54.7
scaffold199813	OTU_0011	24.65	353	213	8	1614	640	8	335	2e-13	62.8
scaffold206792	OTU_0054	25.00	332	231	6	1169	201	8	330	2e-14	65.9
scaffold210554	OTU_0054	26.46	291	189	8	1035	1859	3	284	2e-15	68.6
scaffold226359	OTU_0010	76.80	194	44	1	774	193	6	198	2e-83	  255
scaffold234339	OTU_0058	66.01	356	115	4	691	1758	1	350	4e-153	  440
scaffold235893	OTU_0054	27.27	286	196	6	1234	389	43	320	2e-16	72.4
scaffold244236	OTU_0017	25.64	195	132	4	1089	1655	2	189	4e-11	53.5
scaffold244807	OTU_0043	33.90	118	71	1	1	354	21	131	1e-12	58.2
scaffold263695	OTU_0054	25.37	335	242	6	1400	408	7	337	2e-15	68.9
scaffold264159	OTU_0054	26.20	271	194	4	392	1195	71	338	3e-20	83.6
scaffold268134	OTU_0060	36.17	94	59	1	284	3	3	95	8e-11	52.8
scaffold276395	OTU_0027	81.40	43	8	0	2	130	223	265	5e-17	72.4
scaffold276700	OTU_0054	25.76	330	225	7	973	14	1	320	7e-16	70.1
scaffold283975	OTU_0054	25.24	317	218	6	1488	559	40	344	6e-21	85.1
scaffold285534	OTU_0010	28.35	194	136	3	578	3	5	197	7e-16	68.2
scaffold286400	OTU_0054	26.28	331	236	5	1154	174	7	333	5e-15	67.4
scaffold293388	OTU_0048	26.84	190	136	2	582	19	7	195	1e-13	61.2
scaffold327287	OTU_0054	26.33	281	187	8	1176	358	43	311	9e-14	63.2
scaffold366561	OTU_0043	34.11	129	78	1	57	443	8	129	9e-12	54.7
scaffold382420	OTU_0054	25.00	296	188	8	1297	473	29	311	2e-11	55.5
scaffold388458	OTU_0001	98.91	184	0	2	1037	486	1	182	2e-125	  357
scaffold393807	OTU_0017	28.72	188	127	3	657	106	5	189	6e-14	61.6
scaffold399719	OTU_0054	37.04	162	101	1	548	63	1	161	7e-24	92.8
scaffold400571	OTU_0009	26.91	223	159	2	573	1232	20	241	1e-16	71.6
scaffold416080	OTU_0054	29.44	197	124	4	797	234	141	331	4e-15	67.4
scaffold418317	OTU_0054	24.32	185	138	1	1161	607	148	330	1e-12	59.3
scaffold425157	OTU_0010	28.32	173	121	1	602	1111	25	197	2e-13	59.7
scaffold437896	OTU_0054	26.67	150	109	1	62	511	182	330	6e-11	53.9
scaffold455050	OTU_0054	23.30	339	255	3	143	1150	1	337	2e-20	82.8
scaffold466944	OTU_0043	34.15	123	81	0	703	335	19	141	5e-15	63.9
scaffold471067	OTU_0053	85.05	194	28	1	721	140	1	193	5e-110	  316
scaffold493583	OTU_0054	40.74	162	95	1	1101	616	184	344	5e-29	  107
scaffold510207	OTU_0044	29.86	144	94	3	596	171	5	143	4e-12	55.5
scaffold529340	OTU_0027	75.82	91	22	0	1062	790	175	265	2e-39	  135
scaffold538938	OTU_0030	99.38	160	0	1	773	294	1	159	3e-83	  245
scaffold552851	OTU_0050	41.06	151	88	1	565	1017	1	150	4e-28	  100
scaffold558669	OTU_0036	28.57	231	158	3	127	810	3	229	3e-16	69.7
scaffold592231	OTU_0009	26.78	239	158	7	760	65	13	241	3e-16	69.7
scaffold601958	OTU_0043	31.97	122	83	0	1	366	20	141	8e-11	50.8
scaffold610863	OTU_0034	25.52	192	140	2	127	696	2	192	2e-14	62.4
scaffold614653	OTU_0054	28.90	263	170	7	763	2	1	255	9e-16	68.2
scaffold626489	OTU_0054	26.50	234	159	4	139	819	1	228	7e-13	59.3
scaffold635191	OTU_0054	24.77	327	204	6	946	14	31	331	7e-15	65.5
scaffold637131	OTU_0054	24.05	291	206	5	38	892	15	296	6e-11	53.5
scaffold646572	OTU_0054	29.08	196	126	2	34	597	142	332	2e-15	67.0
scaffold646714	OTU_0042	80.00	55	11	0	773	937	3	57	3e-26	94.7
scaffold648521	OTU_0005	100.00	127	0	0	383	3	1	127	3e-66	  200
scaffold689394	OTU_0054	26.29	232	158	5	193	885	1	220	2e-17	72.8
scaffold726874	OTU_0054	31.05	190	129	2	777	211	141	329	8e-15	64.7
scaffold733784	OTU_0043	27.91	129	93	0	694	308	9	137	9e-14	59.3
scaffold744655	OTU_0054	49.25	134	68	0	799	398	208	341	5e-33	  117
scaffold753750	OTU_0054	30.56	288	194	6	2	853	11	296	6e-25	94.0
scaffold754652	OTU_0027	28.95	266	166	6	83	838	2	258	3e-21	82.0
scaffold780862	OTU_0027	83.16	95	16	0	1	285	171	265	5e-49	  158
scaffold806391	OTU_0015	29.17	168	113	2	525	22	29	190	3e-11	52.4
scaffold858409	OTU_0043	37.50	128	74	2	45	419	17	141	7e-13	56.2
scaffold869495	OTU_0034	27.37	179	109	5	277	780	4	172	7e-11	51.2
scaffold913612	OTU_0054	26.54	260	173	6	758	9	81	332	1e-19	77.8
scaffold923913	OTU_0054	29.15	223	141	6	745	116	39	257	4e-11	53.1
scaffold928597	OTU_0054	29.37	126	89	0	657	280	212	337	2e-11	54.3
scaffold966022	OTU_0024	33.88	121	79	1	488	126	9	128	8e-14	58.5
scaffold1006267	OTU_0010	30.69	202	134	3	631	29	1	197	7e-11	51.2
scaffold1008325	OTU_0028	28.97	145	99	1	605	171	6	146	4e-11	50.8
scaffold1009098	OTU_0009	26.86	175	126	1	39	557	67	241	3e-14	62.0
