scaffold00036	OTU_0054	25.00	348	251	5	26195	27217	1	345	1e-13	70.1
scaffold00207	OTU_0046	97.91	191	3	1	15348	14776	1	190	9e-94	  300
scaffold00274	OTU_0009	28.13	327	222	6	33472	34437	13	331	4e-14	69.7
scaffold00728	OTU_0054	25.89	336	238	6	22103	21111	6	335	2e-17	78.6
scaffold00759	OTU_0054	23.95	334	246	4	6851	7834	14	345	5e-11	59.3
scaffold02283	OTU_0054	24.16	327	240	5	12348	13316	8	330	1e-11	60.1
scaffold06202	OTU_0054	24.46	327	237	6	3189	2224	9	330	2e-16	73.9
scaffold06705	OTU_0017	99.48	192	0	1	5857	6432	1	191	3e-92	  292
scaffold07175	OTU_0054	27.91	301	192	7	962	93	32	318	2e-14	68.2
scaffold08521	OTU_0009	36.47	351	208	4	3677	2625	5	340	8e-56	  192
scaffold09822	OTU_0047	86.44	177	23	1	6053	5523	15	190	4e-89	  283
scaffold10442	OTU_0043	31.30	131	90	0	3166	2774	11	141	1e-13	63.2
scaffold11286	OTU_0054	26.19	336	222	6	3805	4773	9	331	1e-16	74.3
scaffold11617	OTU_0054	25.14	350	248	7	4230	5252	1	345	1e-16	74.7
scaffold11966	OTU_0037	27.14	350	236	5	3259	4278	1	341	2e-13	65.1
scaffold13677	OTU_0054	26.65	334	238	5	1242	250	4	333	1e-15	71.2
scaffold19874	OTU_0054	23.63	292	220	3	1498	626	41	330	1e-11	58.9
scaffold23106	OTU_0036	30.49	305	198	4	2009	1125	37	337	9e-19	80.5
scaffold26287	OTU_0054	26.42	318	228	4	3520	2576	23	337	8e-15	68.2
scaffold26595	OTU_0054	25.00	184	127	3	187	738	140	312	6e-11	56.2
scaffold27940	OTU_0054	26.33	300	207	5	1040	1921	41	332	5e-12	59.7
scaffold29352	OTU_0015	26.75	157	113	2	2098	2568	36	190	1e-11	56.2
scaffold31170	OTU_0054	40.62	352	198	3	2805	1750	5	345	4e-67	  223
scaffold31287	OTU_0054	25.00	328	234	5	1732	2697	9	330	2e-14	66.6
scaffold31885	OTU_0054	24.72	356	238	8	562	1593	6	343	4e-15	68.9
scaffold35736	OTU_0043	31.85	135	92	0	310	714	7	141	2e-12	58.2
scaffold35942	OTU_0054	30.08	266	161	8	1	759	85	338	1e-19	82.8
scaffold42406	OTU_0037	23.23	353	234	7	1717	2724	3	335	2e-11	57.0
scaffold46127	OTU_0054	26.91	249	171	5	1301	561	95	334	5e-15	68.6
scaffold48738	OTU_0009	27.48	313	221	3	306	1229	20	331	7e-17	73.9
scaffold57988	OTU_0054	24.63	341	247	5	1609	608	8	345	2e-16	72.8
scaffold61215	OTU_0054	25.07	343	244	4	1460	435	1	331	3e-16	71.6
scaffold62455	OTU_0015	32.48	157	104	2	407	877	36	190	2e-11	55.1
scaffold66653	OTU_0037	28.94	349	242	2	938	1972	1	347	2e-26	  103
scaffold72308	OTU_0054	23.53	323	245	2	1617	652	9	330	4e-15	68.2
scaffold73655	OTU_0017	27.89	190	134	2	1378	1941	1	189	3e-12	57.4
scaffold79733	OTU_0009	27.27	341	233	8	672	1667	3	337	5e-13	61.6
scaffold81121	OTU_0009	27.74	328	230	4	287	1255	6	331	2e-18	78.2
scaffold90175	OTU_0033	25.56	313	225	4	1782	862	19	329	1e-11	57.4
scaffold91893	OTU_0054	23.84	302	218	5	1636	746	41	335	2e-13	63.2
scaffold93486	OTU_0054	38.76	356	202	2	352	1419	6	345	6e-81	  254
scaffold101565	OTU_0054	24.46	278	190	3	86	889	71	338	1e-17	75.5
scaffold104242	OTU_0054	23.74	337	245	4	740	1732	7	337	1e-12	60.5
scaffold104534	OTU_0009	29.56	318	218	4	1795	857	20	336	2e-22	90.1
scaffold106451	OTU_0010	30.41	171	116	1	1105	1608	26	196	9e-16	68.2
scaffold108893	OTU_0009	23.60	322	185	10	1647	775	39	330	9e-11	54.3
scaffold113967	OTU_0027	28.30	159	114	0	198	674	101	259	1e-14	65.1
scaffold115685	OTU_0009	27.38	325	222	4	182	1129	12	331	3e-21	86.3
scaffold118286	OTU_0010	66.84	196	64	1	596	9	1	195	1e-66	  210
scaffold126883	OTU_0054	29.19	209	126	1	1640	1014	156	342	2e-26	  102
scaffold128879	OTU_0015	36.29	124	69	3	349	696	2	123	5e-11	53.1
scaffold135272	OTU_0027	30.86	162	100	4	1267	800	97	252	2e-12	58.5
scaffold139211	OTU_0054	27.50	160	110	3	60	536	158	312	2e-11	56.2
scaffold142202	OTU_0032	32.00	125	80	2	1183	1551	3	124	1e-11	55.1
scaffold142393	OTU_0054	29.27	287	173	9	1435	614	39	308	4e-11	55.1
scaffold145998	OTU_0054	45.59	136	74	0	9	416	209	344	3e-34	  124
scaffold154193	OTU_0036	26.47	306	204	8	882	1	5	301	5e-11	54.7
scaffold158539	OTU_0054	26.97	304	208	5	4	891	40	337	1e-23	92.8
scaffold164769	OTU_0054	26.46	325	222	7	375	1325	17	332	4e-17	73.6
scaffold165581	OTU_0054	26.38	326	188	11	1215	319	25	325	4e-13	61.2
scaffold168006	OTU_0034	87.92	149	17	1	449	3	1	148	7e-89	  265
scaffold175540	OTU_0009	26.64	244	162	6	668	1369	5	241	5e-12	57.8
scaffold180960	OTU_0054	34.33	134	72	4	1322	945	212	337	1e-12	59.7
scaffold189298	OTU_0036	26.65	334	228	7	54	1034	13	336	2e-15	68.2
scaffold189626	OTU_0054	26.14	306	206	7	923	33	41	335	3e-13	61.6
scaffold201137	OTU_0015	28.12	192	127	4	632	1192	5	190	6e-13	58.5
scaffold203724	OTU_0054	26.69	266	187	4	15	803	75	335	8e-12	57.0
scaffold207646	OTU_0054	39.41	236	132	3	1279	572	120	344	7e-51	  169
scaffold227968	OTU_0054	25.56	313	211	9	213	1133	34	330	2e-11	55.8
scaffold228773	OTU_0058	29.24	277	170	8	421	1218	13	274	2e-16	71.2
scaffold229664	OTU_0034	98.18	110	1	1	1216	887	84	192	2e-69	  213
scaffold231089	OTU_0054	26.51	347	235	7	73	1083	1	337	1e-19	80.5
scaffold233178	OTU_0054	23.23	297	210	3	1079	216	43	330	1e-12	59.3
scaffold234420	OTU_0054	33.67	294	172	4	1205	324	74	344	5e-45	  153
scaffold242686	OTU_0034	100.00	71	0	0	971	1183	1	71	4e-44	  146
scaffold243670	OTU_0034	55.19	183	81	1	1130	582	8	189	3e-66	  204
scaffold246487	OTU_0005	90.48	84	8	0	254	3	1	84	4e-48	  155
scaffold247514	OTU_0054	37.97	187	115	1	1172	612	159	344	8e-32	  115
scaffold251354	OTU_0054	40.96	249	135	2	1156	410	107	343	7e-59	  189
scaffold263065	OTU_0054	34.78	322	187	5	2	967	46	344	2e-57	  186
scaffold268728	OTU_0034	100.00	45	0	0	988	1122	1	45	5e-27	98.6
scaffold278921	OTU_0054	26.10	318	211	7	973	41	32	332	4e-16	69.7
scaffold290136	OTU_0034	85.29	102	15	0	773	1078	1	102	9e-47	  152
scaffold294219	OTU_0054	26.67	195	142	1	1056	472	144	337	2e-15	67.4
scaffold344681	OTU_0036	26.21	309	207	6	944	54	4	303	2e-15	67.4
scaffold357394	OTU_0047	82.05	39	7	0	118	2	1	39	7e-18	72.0
scaffold362725	OTU_0034	61.90	42	16	0	128	3	10	51	1e-12	57.0
scaffold381646	OTU_0043	32.80	125	84	0	831	457	17	141	2e-13	58.5
scaffold386659	OTU_0054	35.39	308	197	2	6	929	13	318	1e-54	  176
scaffold393379	OTU_0010	29.73	185	127	3	294	842	13	196	7e-17	68.9
scaffold396190	OTU_0015	26.70	191	129	4	620	63	5	189	6e-12	55.1
scaffold399773	OTU_0054	24.46	184	132	2	563	12	142	318	2e-12	58.2
scaffold422305	OTU_0024	31.47	143	91	2	507	97	3	144	9e-11	50.8
scaffold427808	OTU_0043	32.06	131	88	1	863	471	17	146	3e-11	52.0
scaffold432894	OTU_0009	28.91	211	127	5	748	143	25	221	6e-11	53.1
scaffold458700	OTU_0054	25.59	211	126	4	835	203	129	308	2e-12	57.8
scaffold460897	OTU_0054	24.65	284	210	3	849	4	23	304	5e-11	53.5
scaffold477298	OTU_0006	32.26	186	126	0	215	772	1	186	2e-22	84.3
scaffold484628	OTU_0043	31.06	132	91	0	651	256	10	141	4e-13	57.4
scaffold492095	OTU_0054	37.70	183	113	1	815	267	163	344	6e-30	  108
scaffold503297	OTU_0054	30.28	109	76	0	438	764	210	318	2e-12	57.8
scaffold527922	OTU_0027	28.38	222	149	4	25	663	33	253	8e-14	60.8
scaffold531385	OTU_0028	32.19	146	98	1	349	786	7	151	3e-13	57.4
scaffold547287	OTU_0054	34.15	123	75	2	382	741	197	316	4e-11	53.5
scaffold552632	OTU_0054	28.57	161	110	3	629	150	65	221	3e-12	56.6
scaffold568904	OTU_0015	26.06	165	121	1	528	34	27	190	1e-11	53.5
scaffold594009	OTU_0034	57.26	117	50	0	391	741	10	126	8e-33	  112
scaffold634664	OTU_0054	42.58	155	85	1	23	487	194	344	3e-35	  122
scaffold653206	OTU_0047	84.03	119	19	0	357	1	1	119	3e-38	  126
scaffold674570	OTU_0009	26.17	214	152	3	66	692	104	316	4e-12	55.8
scaffold674953	OTU_0027	32.41	145	94	1	4	426	109	253	3e-12	55.8
scaffold676714	OTU_0046	100.00	94	0	0	400	681	1	94	2e-52	  163
scaffold682287	OTU_0043	33.93	112	67	1	98	433	17	121	1e-14	60.8
scaffold712486	OTU_0009	27.36	212	136	6	34	636	37	241	6e-11	52.0
scaffold735759	OTU_0054	27.93	111	80	0	648	316	208	318	2e-11	53.5
scaffold747101	OTU_0010	58.52	176	72	1	655	128	16	190	3e-52	  162
scaffold775537	OTU_0028	34.11	129	84	1	74	460	1	128	2e-15	62.8
scaffold838813	OTU_0028	32.79	122	81	1	603	238	31	151	8e-11	49.7
scaffold849264	OTU_0048	27.66	188	133	2	560	3	4	190	3e-12	54.3
scaffold853249	OTU_0004	34.94	83	53	1	195	443	13	94	6e-11	50.1
scaffold856166	OTU_0054	27.27	176	120	5	553	44	173	346	7e-13	57.4
scaffold874669	OTU_0034	34.83	178	115	1	536	3	2	178	3e-20	77.0
scaffold919999	OTU_0009	29.12	182	124	3	587	57	49	230	8e-14	60.1
scaffold929733	OTU_0043	30.30	132	91	1	579	184	6	136	8e-18	69.3
scaffold939713	OTU_0054	27.53	178	118	3	521	6	142	314	3e-13	58.5
scaffold944489	OTU_0034	53.72	188	86	1	566	3	1	187	3e-65	  194
scaffold946559	OTU_0054	23.57	140	106	1	113	532	181	319	4e-11	52.0
scaffold950576	OTU_0054	31.94	191	124	2	3	575	100	284	2e-29	  104
scaffold957841	OTU_0043	30.15	136	95	0	49	456	7	142	9e-12	52.0
scaffold970346	OTU_0054	49.25	134	68	0	569	168	211	344	4e-33	  114
scaffold982930	OTU_0054	28.76	153	104	3	487	38	180	330	3e-13	58.2
scaffold1011605	OTU_0034	58.77	114	47	0	217	558	1	114	4e-30	  103
scaffold1012054	OTU_0027	31.34	134	92	0	474	73	126	259	4e-12	54.3
scaffold1015573	OTU_0034	89.83	59	6	0	381	557	1	59	2e-20	77.4
scaffold1018653	OTU_0027	27.32	183	132	1	551	6	69	251	7e-13	56.6
scaffold1031421	OTU_0051	80.74	135	25	1	552	148	21	154	1e-60	  181
scaffold1042411	OTU_0004	79.12	91	19	0	363	91	6	96	1e-34	  114
scaffold1070927	OTU_0044	48.34	151	77	1	457	5	1	150	2e-43	  136
scaffold1115502	OTU_0029	86.52	141	18	1	423	1	1	140	1e-58	  176
scaffold1118951	OTU_0047	70.06	167	49	1	527	27	25	190	1e-64	  192
scaffold1186182	OTU_0032	35.40	113	72	1	509	171	10	121	6e-13	55.1
scaffold1201684	OTU_0042	34.02	97	63	1	361	71	1	96	1e-12	53.9
scaffold1205735	OTU_0054	37.42	163	91	3	491	3	136	287	3e-32	  111
scaffold1209223	OTU_0047	78.06	155	33	1	506	42	13	166	6e-56	  170
scaffold1215622	OTU_0054	27.71	166	113	1	485	9	154	319	1e-11	53.1
scaffold1276946	OTU_0054	45.59	136	74	0	473	66	211	346	3e-35	  119
scaffold1302320	OTU_0046	85.06	154	22	1	464	3	1	153	1e-70	  207
scaffold1331761	OTU_0034	62.41	141	52	1	53	475	10	149	1e-52	  161
scaffold1374102	OTU_0054	27.82	133	95	1	2	400	207	338	5e-13	57.0
scaffold1379974	OTU_0054	37.11	97	61	0	293	3	1	97	2e-12	54.7
scaffold1388501	OTU_0009	31.69	142	97	0	445	20	179	320	1e-12	55.8
scaffold1399544	OTU_0034	97.42	155	3	1	1	465	39	192	2e-105	  295
scaffold1399551	OTU_0004	45.03	151	82	1	1	453	4	153	6e-19	71.6
scaffold1401485	OTU_0043	30.21	96	67	0	147	434	17	112	9e-11	48.1
scaffold1407013	OTU_0054	44.44	153	74	3	463	5	170	311	5e-34	  115
scaffold1434024	OTU_0054	44.72	123	68	0	379	11	203	325	1e-27	98.2
scaffold1453282	OTU_0018	78.63	131	28	0	65	457	1	131	5e-48	  149
scaffold1458002	OTU_0054	46.67	120	64	0	456	97	225	344	9e-30	  103
scaffold1481847	OTU_0054	41.88	117	61	1	445	116	228	344	2e-15	63.9
scaffold1490952	OTU_0054	28.46	123	88	0	52	420	210	332	4e-13	57.0
scaffold1504864	OTU_0034	79.55	88	17	1	3	266	106	192	2e-45	  142
scaffold1516633	OTU_0028	33.33	129	73	2	374	6	1	122	5e-13	54.3
scaffold1520641	OTU_0009	27.33	150	107	1	1	444	167	316	1e-10	49.7
scaffold1601625	OTU_0034	85.25	61	9	0	249	431	1	61	1e-23	84.7
scaffold1635519	OTU_0054	42.00	100	58	0	94	393	1	100	8e-13	55.8
scaffold1670041	OTU_0054	32.76	116	70	2	20	364	209	317	9e-11	49.7
scaffold1674400	OTU_0027	29.51	122	79	3	373	20	41	159	4e-13	56.2
scaffold1689902	OTU_0054	50.00	104	52	0	413	102	241	344	1e-26	94.4
scaffold1724142	OTU_0004	32.97	91	60	1	357	85	5	94	3e-12	52.4
scaffold1779380	OTU_0008	34.83	89	58	0	141	407	4	92	8e-15	59.3
scaffold1784827	OTU_0054	33.62	116	71	2	13	351	204	316	6e-11	50.1
scaffold1790228	OTU_0032	30.95	126	82	2	32	403	2	124	2e-12	53.1
scaffold1807111	OTU_0061	49.40	83	42	0	320	72	41	123	5e-24	85.5
scaffold1814368	OTU_0051	99.19	123	0	1	403	35	33	154	3e-66	  194
scaffold1824149	OTU_0034	56.69	127	55	0	395	15	1	127	5e-36	  117
scaffold1840211	OTU_0054	42.86	133	64	3	401	3	163	283	5e-22	81.6
scaffold1847503	OTU_0034	90.23	133	12	1	400	2	55	186	4e-81	  233
scaffold1857004	OTU_0040	42.99	107	61	0	10	330	38	144	1e-12	52.8
scaffold1857351	OTU_0054	39.05	105	64	0	83	397	201	305	8e-19	72.8
scaffold1873491	OTU_0054	51.49	101	49	0	393	91	246	346	6e-29	  100
scaffold1887008	OTU_0034	82.56	86	14	1	393	136	108	192	7e-46	  142
scaffold1925405	OTU_0043	33.33	111	74	0	58	390	8	118	4e-12	51.6
scaffold1961833	OTU_0026	38.30	94	45	2	7	270	99	185	2e-18	70.5
scaffold2190921	OTU_0054	32.77	119	79	1	361	5	159	276	5e-17	67.4
scaffold2277182	OTU_0046	73.40	94	25	0	350	69	1	94	2e-35	  114
