scaffold00017	OTU_0054	22.75	334	252	3	21402	22397	8	337	9e-14	71.6
scaffold00022	OTU_0009	29.51	244	145	9	287515	286829	6	237	5e-11	62.8
scaffold00081	OTU_0033	26.99	326	216	8	167233	168171	20	336	2e-12	66.2
scaffold00107	OTU_0009	26.53	343	231	4	130964	129972	3	336	3e-19	87.0
scaffold00294	OTU_0054	24.86	362	245	6	33666	34721	2	346	3e-22	95.5
scaffold00346	OTU_0054	26.84	339	238	6	25538	24537	4	337	2e-16	77.0
scaffold00377	OTU_0009	72.83	346	91	2	13384	14421	1	343	3e-148	  463
scaffold00867	OTU_0037	49.13	344	172	2	31656	32687	4	344	3e-87	  287
scaffold01105	OTU_0009	27.41	321	211	4	15262	14339	20	331	9e-19	83.2
scaffold01186	OTU_0054	24.78	335	247	5	24352	25347	5	337	7e-15	71.6
scaffold01186	OTU_0054	24.71	344	238	7	26018	27016	4	337	4e-12	62.8
scaffold02292	OTU_0048	99.50	199	0	1	14118	13522	1	198	2e-126	  392
scaffold02938	OTU_0011	23.12	320	220	10	5304	4381	30	335	9e-13	63.9
scaffold03808	OTU_0036	28.57	245	158	4	8340	7636	3	240	4e-14	67.8
scaffold04183	OTU_0011	41.85	356	196	4	2675	3736	1	347	3e-62	  213
scaffold04830	OTU_0054	24.50	347	254	4	284	1306	1	345	1e-11	60.5
scaffold06637	OTU_0054	24.22	322	234	4	3553	4500	15	332	2e-12	62.0
scaffold09327	OTU_0054	32.79	122	81	1	6191	5826	210	330	8e-11	57.0
scaffold10835	OTU_0054	28.62	304	201	6	3766	4656	41	335	2e-15	71.2
scaffold12169	OTU_0054	24.87	382	225	12	3800	4912	2	332	2e-11	58.5
scaffold13818	OTU_0054	26.40	303	209	6	3331	2441	41	335	5e-11	57.4
scaffold13909	OTU_0054	24.29	317	216	6	1200	2132	32	330	3e-12	60.8
scaffold15034	OTU_0009	25.89	336	242	4	2115	3107	3	336	2e-16	73.6
scaffold16899	OTU_0036	26.65	334	228	7	2163	3143	13	336	1e-14	68.2
scaffold22308	OTU_0034	54.89	184	82	1	3654	4205	7	189	7e-50	  169
scaffold23138	OTU_0054	23.75	341	234	9	2125	3111	4	330	4e-12	60.1
scaffold25165	OTU_0054	30.82	146	89	3	1988	2389	180	325	5e-11	56.6
scaffold27371	OTU_0054	26.84	339	237	4	1152	2150	4	337	6e-19	80.9
scaffold27764	OTU_0009	28.05	328	228	4	2883	1921	10	336	3e-23	94.4
scaffold29303	OTU_0054	25.62	320	219	5	1599	667	31	340	2e-16	73.2
scaffold29368	OTU_0054	24.41	299	207	3	2129	1260	32	320	8e-14	65.1
scaffold29456	OTU_0054	26.18	275	181	5	1234	443	74	337	4e-14	65.9
scaffold39598	OTU_0054	25.94	347	235	7	2356	1334	1	331	4e-15	68.9
scaffold40406	OTU_0054	25.81	341	245	4	2367	1363	7	345	2e-16	73.2
scaffold50827	OTU_0054	26.65	334	220	9	1101	2066	21	341	2e-12	60.5
scaffold52704	OTU_0017	98.96	192	1	1	1566	991	1	191	2e-94	  290
scaffold56994	OTU_0054	40.28	355	197	4	1209	145	5	344	5e-75	  243
scaffold60656	OTU_0047	93.19	191	12	1	445	1017	1	190	3e-89	  275
scaffold60750	OTU_0047	87.96	191	22	1	1358	1930	1	190	3e-91	  281
scaffold63982	OTU_0054	24.85	326	241	3	1434	463	7	330	3e-11	56.2
scaffold70081	OTU_0054	24.83	294	211	5	2318	1449	43	330	8e-11	55.1
scaffold71234	OTU_0009	26.81	317	226	3	1694	759	21	336	2e-18	78.2
scaffold72817	OTU_0009	48.03	304	151	2	2279	1368	47	343	1e-74	  240
scaffold76668	OTU_0052	27.51	189	121	3	1601	2149	41	219	2e-12	58.5
scaffold79123	OTU_0054	26.22	328	221	5	60	1013	14	330	3e-13	62.4
scaffold80606	OTU_0054	26.90	342	240	5	1037	27	7	343	2e-27	  105
scaffold82048	OTU_0054	26.07	211	125	4	1665	1033	129	308	3e-12	59.7
scaffold85591	OTU_0009	26.38	326	236	2	1067	102	11	336	3e-20	84.0
scaffold87542	OTU_0054	25.21	357	242	7	241	1281	4	345	1e-22	91.3
scaffold98119	OTU_0046	81.68	191	34	1	459	1031	1	190	1e-80	  248
scaffold103146	OTU_0046	79.58	191	38	1	1187	615	1	190	6e-73	  228
scaffold104537	OTU_0036	29.53	342	225	6	1640	645	1	336	2e-25	99.4
scaffold105494	OTU_0043	34.11	129	85	0	339	725	8	136	3e-12	57.0
scaffold106867	OTU_0054	24.62	333	225	6	892	1851	9	328	8e-14	63.9
scaffold107486	OTU_0054	29.27	123	84	1	1575	1207	178	297	3e-11	56.2
scaffold109873	OTU_0054	24.63	341	250	3	1082	69	2	338	6e-25	97.8
scaffold116622	OTU_0054	23.41	346	259	3	1171	149	1	345	2e-12	59.7
scaffold117137	OTU_0015	26.75	157	113	2	1079	1549	36	190	6e-12	56.2
scaffold118655	OTU_0054	38.42	354	195	7	174	1232	13	344	3e-64	  209
scaffold149777	OTU_0054	27.32	183	128	2	766	1308	161	340	2e-13	62.8
scaffold153319	OTU_0054	24.56	228	164	4	82	747	120	345	7e-13	60.5
scaffold166664	OTU_0054	27.37	179	122	3	637	1170	153	324	1e-12	59.7
scaffold174693	OTU_0043	31.20	125	86	0	971	1345	17	141	6e-16	67.4
scaffold175436	OTU_0054	23.87	243	181	3	699	1421	85	325	2e-11	55.8
scaffold180549	OTU_0054	28.83	274	178	6	181	984	76	338	1e-17	75.1
scaffold183522	OTU_0035	43.09	123	67	2	370	2	1	120	1e-14	63.5
scaffold186303	OTU_0054	25.66	265	189	4	12	788	83	345	8e-15	66.2
scaffold190932	OTU_0054	24.38	242	167	4	1326	610	78	306	3e-11	55.1
scaffold194611	OTU_0054	26.94	219	150	4	1327	683	85	297	8e-12	57.0
scaffold194823	OTU_0054	22.03	345	244	7	1303	308	7	339	4e-11	54.7
scaffold197878	OTU_0054	24.31	181	120	3	752	1273	160	330	6e-12	57.4
scaffold198641	OTU_0054	27.46	193	139	1	579	1157	136	327	8e-15	66.2
scaffold220043	OTU_0054	31.97	122	82	1	1160	795	210	330	3e-14	64.3
scaffold231222	OTU_0054	29.47	190	116	5	598	1155	141	316	4e-12	57.8
scaffold248259	OTU_0010	28.65	178	116	4	663	136	18	186	5e-11	52.8
scaffold251564	OTU_0037	29.07	227	155	2	495	1163	1	225	2e-15	68.2
scaffold252717	OTU_0054	28.52	256	178	4	409	1167	7	260	4e-15	67.0
scaffold258357	OTU_0054	23.13	294	204	4	3	854	39	320	2e-14	64.7
scaffold266513	OTU_0054	36.88	301	188	2	1092	190	46	344	1e-43	  148
scaffold266882	OTU_0054	27.78	126	87	2	669	298	209	332	2e-11	55.5
scaffold268512	OTU_0054	27.10	310	201	7	965	69	35	330	5e-16	69.7
scaffold276330	OTU_0054	48.51	134	69	0	1102	701	211	344	1e-38	  134
scaffold278378	OTU_0054	57.58	99	42	0	23	319	246	344	7e-31	  112
scaffold283739	OTU_0043	32.06	131	89	0	1041	649	11	141	6e-11	51.6
scaffold297033	OTU_0054	25.09	271	171	8	980	222	65	321	8e-11	53.5
scaffold307663	OTU_0008	29.61	152	101	3	525	73	1	147	5e-12	55.1
scaffold317131	OTU_0054	28.87	142	87	2	859	449	179	311	5e-11	53.9
scaffold326179	OTU_0043	29.51	122	86	0	169	534	15	136	2e-15	65.1
scaffold327563	OTU_0034	38.85	139	84	1	600	1016	6	143	1e-12	57.4
scaffold329501	OTU_0046	71.79	78	22	0	235	2	1	78	2e-23	87.8
scaffold338021	OTU_0054	25.32	233	168	3	808	116	2	230	8e-13	59.3
scaffold346441	OTU_0054	38.91	221	124	2	984	322	135	344	4e-48	  159
scaffold346514	OTU_0009	26.98	278	183	4	986	189	67	336	2e-16	70.5
scaffold361767	OTU_0040	32.50	120	81	0	574	215	17	136	2e-12	55.8
scaffold380653	OTU_0054	45.41	185	89	1	937	383	173	345	4e-41	  140
scaffold394638	OTU_0054	38.24	272	156	4	920	105	85	344	1e-52	  171
scaffold400601	OTU_0054	26.40	303	219	3	5	907	1	301	6e-17	71.6
scaffold412490	OTU_0054	26.29	194	130	6	628	59	144	328	6e-11	53.5
scaffold470629	OTU_0054	32.96	270	169	3	810	1	2	259	7e-46	  152
scaffold471396	OTU_0036	25.62	242	161	7	696	4	4	237	6e-12	56.2
scaffold472905	OTU_0054	44.44	90	50	0	833	564	255	344	6e-19	76.6
scaffold487590	OTU_0015	28.57	175	112	3	783	277	23	190	1e-13	59.3
scaffold494456	OTU_0054	25.00	220	142	6	813	166	144	344	6e-11	53.1
scaffold509485	OTU_0054	25.00	184	127	2	247	798	140	312	4e-13	59.3
scaffold519332	OTU_0028	33.33	126	83	1	293	670	4	128	3e-15	63.2
scaffold522568	OTU_0054	30.17	116	81	0	784	437	210	325	4e-12	56.2
scaffold528621	OTU_0054	30.34	145	92	1	341	775	197	332	1e-12	58.2
scaffold535980	OTU_0054	26.45	155	107	2	177	635	183	332	3e-12	56.6
scaffold536091	OTU_0054	26.00	200	137	2	684	97	150	342	3e-11	53.9
scaffold537853	OTU_0026	30.32	188	128	2	710	153	3	189	7e-13	57.0
scaffold589424	OTU_0058	26.77	254	172	5	2	739	61	308	7e-15	64.3
scaffold601834	OTU_0034	59.59	146	57	2	438	1	2	145	2e-31	  108
scaffold607980	OTU_0054	35.39	243	141	3	1	726	109	336	8e-46	  150
scaffold616484	OTU_0047	73.78	164	42	1	492	1	1	163	4e-53	  165
scaffold617008	OTU_0009	28.26	230	145	4	7	660	20	241	7e-15	63.9
scaffold643124	OTU_0034	79.33	150	30	1	655	206	44	192	2e-80	  235
scaffold645633	OTU_0054	25.00	240	162	5	1	690	74	305	1e-14	63.5
scaffold663195	OTU_0054	40.17	229	131	4	691	11	120	344	7e-49	  158
scaffold673868	OTU_0010	26.92	208	138	6	53	667	1	197	2e-11	52.4
scaffold696147	OTU_0054	43.94	132	74	0	107	502	213	344	2e-31	  110
scaffold730951	OTU_0054	26.55	177	123	1	632	123	156	332	2e-13	59.3
scaffold828953	OTU_0040	34.04	141	93	0	69	491	2	142	2e-19	73.6
scaffold838209	OTU_0048	26.19	168	124	0	563	60	26	193	7e-11	50.4
scaffold840184	OTU_0054	25.95	185	130	2	40	594	141	318	4e-14	60.8
scaffold938866	OTU_0054	30.34	89	62	0	26	292	209	297	3e-11	52.4
scaffold968461	OTU_0028	35.96	89	57	0	355	89	37	125	2e-11	50.4
scaffold1017507	OTU_0054	25.32	154	105	3	538	104	178	330	5e-11	51.2
scaffold1019058	OTU_0015	25.00	124	93	0	378	7	5	128	9e-11	49.7
scaffold1022872	OTU_0031	99.36	157	0	1	475	5	1	156	3e-94	  267
scaffold1049529	OTU_0054	23.73	177	132	1	1	531	159	332	7e-14	59.7
scaffold1058477	OTU_0036	30.14	146	87	4	22	432	101	240	6e-11	51.2
scaffold1105151	OTU_0054	27.64	123	89	0	58	426	208	330	3e-11	52.0
scaffold1118900	OTU_0034	90.06	171	16	1	514	2	1	170	4e-110	  308
scaffold1141315	OTU_0034	82.50	40	7	0	120	1	1	40	1e-19	74.7
scaffold1159670	OTU_0027	30.00	130	83	2	496	119	133	258	4e-11	51.2
scaffold1245910	OTU_0009	30.30	165	108	3	12	488	135	298	6e-11	50.8
scaffold1264762	OTU_0054	43.92	148	80	2	478	41	51	197	1e-34	  118
scaffold1324623	OTU_0058	25.00	160	117	1	473	3	114	273	4e-11	51.2
scaffold1369091	OTU_0047	89.33	75	7	1	464	240	117	190	2e-44	  139
scaffold1371131	OTU_0034	34.06	138	90	1	3	416	56	192	1e-17	68.2
scaffold1392173	OTU_0050	33.04	115	65	3	131	448	6	117	3e-11	49.7
scaffold1424332	OTU_0015	29.10	134	94	1	418	17	23	155	9e-12	51.6
scaffold1443296	OTU_0054	32.64	144	94	2	22	450	168	309	3e-15	63.2
scaffold1449611	OTU_0043	27.97	118	85	0	443	90	20	137	9e-12	50.8
scaffold1475888	OTU_0032	33.58	137	87	3	3	410	3	136	4e-15	60.8
scaffold1510596	OTU_0043	32.43	111	75	0	3	335	31	141	1e-13	56.2
scaffold1545785	OTU_0007	36.43	129	82	0	47	433	1	129	9e-23	82.0
scaffold1571933	OTU_0051	52.33	86	40	1	425	168	67	151	6e-26	90.5
scaffold1677436	OTU_0021	54.69	64	29	0	216	407	1	64	7e-16	62.4
scaffold1797813	OTU_0035	46.90	113	52	4	49	384	7	112	2e-17	67.4
scaffold1856313	OTU_0055	54.90	51	23	0	3	155	139	189	5e-18	68.9
scaffold1971583	OTU_0054	34.21	114	72	2	24	362	195	306	5e-12	53.1
scaffold1974262	OTU_0054	40.80	125	74	0	4	378	213	337	1e-17	69.3
scaffold1977037	OTU_0028	72.22	126	34	1	1	378	15	139	9e-58	  171
scaffold2089000	OTU_0005	80.70	114	22	0	25	366	3	116	7e-51	  154
scaffold2095494	OTU_0054	37.36	91	57	0	328	56	208	298	9e-16	63.9
scaffold2100267	OTU_0015	42.74	117	66	1	364	14	75	190	1e-22	81.6
scaffold2153090	OTU_0054	30.00	120	70	1	2	361	150	255	5e-17	67.4
