scaffold00053	OTU_0009	27.48	313	221	3	27040	26117	20	331	6e-20	89.0
scaffold05929	OTU_0036	57.26	351	139	3	2249	3292	1	343	9e-104	  331
scaffold10209	OTU_0037	34.47	322	206	3	4593	3637	3	322	2e-43	  156
scaffold13661	OTU_0009	25.23	325	239	2	3195	4157	12	336	6e-16	72.0
scaffold13771	OTU_0054	26.99	289	176	9	3439	2618	43	311	3e-14	66.6
scaffold14438	OTU_0054	27.45	306	202	8	3215	4105	41	335	2e-16	73.6
scaffold19205	OTU_0054	26.65	334	238	5	3511	2519	4	333	1e-15	70.9
scaffold20675	OTU_0009	25.30	249	162	7	2042	2752	4	240	2e-11	57.4
scaffold21036	OTU_0015	27.84	176	112	3	3069	3575	23	190	3e-12	58.2
scaffold24596	OTU_0054	26.56	305	209	6	1792	2685	41	337	4e-16	72.0
scaffold25077	OTU_0009	27.61	326	217	6	2056	1103	10	324	5e-16	71.6
scaffold37093	OTU_0054	22.84	324	246	3	2493	1528	9	330	9e-11	55.1
scaffold37217	OTU_0027	31.34	134	92	0	2785	2384	125	258	4e-12	58.5
scaffold40039	OTU_0054	25.43	346	236	7	907	1905	9	345	1e-14	67.4
scaffold40589	OTU_0009	27.03	344	235	6	1116	115	3	340	6e-16	71.2
scaffold44616	OTU_0054	23.27	318	223	5	578	1504	35	340	5e-13	62.0
scaffold47122	OTU_0058	25.90	363	235	7	1198	2232	5	351	1e-22	91.3
scaffold58488	OTU_0054	26.42	212	151	3	1424	792	47	254	8e-11	55.1
scaffold59082	OTU_0029	77.36	53	12	0	2065	2223	1	53	3e-14	63.5
scaffold59399	OTU_0047	83.25	191	31	1	1512	940	1	190	1e-92	  282
scaffold62747	OTU_0054	24.58	297	206	6	43	906	43	330	9e-13	60.8
scaffold63550	OTU_0058	25.21	349	221	7	590	1594	13	335	3e-12	59.3
scaffold64101	OTU_0009	25.67	300	215	4	1373	492	39	336	6e-14	64.7
scaffold67014	OTU_0054	28.26	230	140	7	2057	1407	120	337	8e-13	61.2
scaffold75148	OTU_0058	25.93	351	246	5	1752	730	5	351	2e-20	84.3
scaffold82981	OTU_0054	23.20	181	138	1	1289	750	138	318	2e-11	56.6
scaffold84001	OTU_0054	26.20	313	219	7	971	42	1	304	5e-17	73.9
scaffold90444	OTU_0011	22.76	312	224	5	938	15	28	326	1e-11	57.0
scaffold91604	OTU_0043	34.38	128	78	2	475	849	17	141	2e-11	54.3
scaffold99377	OTU_0054	28.49	186	117	5	163	696	165	342	6e-12	57.8
scaffold99420	OTU_0029	98.94	94	1	0	317	36	1	94	3e-46	  154
scaffold117488	OTU_0009	27.60	337	228	5	1141	161	1	331	1e-22	90.1
scaffold129939	OTU_0054	25.58	344	237	4	54	1055	3	337	6e-22	88.2
scaffold133927	OTU_0055	83.33	192	31	1	1302	727	1	191	3e-86	  259
scaffold141050	OTU_0028	77.33	150	33	1	737	288	3	151	3e-75	  228
scaffold143449	OTU_0054	24.71	344	217	7	433	1401	9	331	1e-16	72.4
scaffold152397	OTU_0054	26.29	194	134	5	1282	704	139	324	1e-11	56.6
scaffold153198	OTU_0054	26.22	164	114	3	37	510	183	345	4e-11	55.1
scaffold157382	OTU_0054	25.10	243	166	7	727	29	78	314	9e-11	53.9
scaffold165687	OTU_0008	29.61	152	101	3	973	521	1	147	1e-11	54.3
scaffold167425	OTU_0054	29.09	110	78	0	848	519	209	318	4e-12	57.8
scaffold184856	OTU_0054	23.68	342	249	7	213	1214	8	345	5e-11	54.3
scaffold194851	OTU_0043	100.00	130	0	0	1208	819	18	147	1e-87	  258
scaffold201986	OTU_0055	80.54	185	35	1	2	556	8	191	3e-85	  253
scaffold202056	OTU_0054	26.07	349	235	8	1063	50	1	337	4e-15	67.0
scaffold203390	OTU_0036	26.75	243	163	4	725	24	4	240	2e-13	62.0
scaffold219811	OTU_0029	76.79	56	13	0	967	1134	8	63	2e-16	68.2
scaffold223384	OTU_0028	31.08	148	97	2	679	1116	7	151	3e-12	55.8
scaffold228586	OTU_0054	27.15	302	208	7	948	58	41	335	8e-16	68.9
scaffold229539	OTU_0028	28.77	146	103	1	560	997	7	151	3e-11	52.8
scaffold236945	OTU_0027	31.01	158	109	0	35	508	101	258	4e-17	71.6
scaffold251366	OTU_0052	28.12	224	151	5	765	118	2	223	2e-11	54.3
scaffold261330	OTU_0058	28.11	338	210	6	1019	27	24	335	2e-25	95.9
scaffold274159	OTU_0034	53.16	190	88	1	586	17	1	189	2e-62	  192
scaffold286134	OTU_0054	28.09	235	159	6	716	27	1	230	2e-13	61.6
scaffold305310	OTU_0040	39.47	114	62	1	483	824	8	114	6e-20	77.0
scaffold339736	OTU_0043	34.06	138	88	2	686	276	1	136	5e-16	65.9
scaffold343086	OTU_0008	28.37	141	99	2	420	842	3	141	4e-12	54.7
scaffold369323	OTU_0010	85.00	200	29	1	51	650	1	199	2e-103	  296
scaffold429017	OTU_0054	25.75	268	192	4	2	796	40	303	6e-13	58.9
scaffold432737	OTU_0054	37.04	243	149	3	4	729	99	338	7e-36	  124
scaffold438676	OTU_0043	31.20	125	86	0	585	211	17	141	9e-17	67.0
scaffold490972	OTU_0040	54.76	42	19	0	4	129	105	146	1e-12	55.5
scaffold501539	OTU_0054	27.92	240	154	5	691	2	75	305	1e-15	66.2
scaffold518973	OTU_0052	25.00	168	123	2	508	5	41	205	1e-12	57.0
scaffold537932	OTU_0043	34.96	123	74	2	484	125	17	136	3e-12	53.9
scaffold549230	OTU_0054	26.92	234	161	4	689	3	69	297	4e-14	61.6
scaffold559523	OTU_0010	27.38	168	119	1	198	692	25	192	2e-13	58.2
scaffold603536	OTU_0004	39.44	71	43	0	360	572	24	94	7e-11	50.1
scaffold608880	OTU_0055	97.40	192	4	1	656	81	1	191	5e-100	  284
scaffold612866	OTU_0054	28.98	176	103	6	519	37	162	330	6e-11	52.0
scaffold631883	OTU_0035	44.55	101	54	1	338	640	14	112	4e-14	59.3
scaffold640778	OTU_0024	29.58	142	94	3	145	567	6	142	8e-11	49.7
scaffold683916	OTU_0047	31.82	88	59	1	561	298	6	92	9e-11	50.1
scaffold723363	OTU_0028	31.41	156	92	4	572	129	1	149	2e-11	51.2
scaffold739457	OTU_0054	56.25	64	28	0	598	407	281	344	8e-19	74.7
scaffold747984	OTU_0054	27.03	148	105	2	571	134	179	325	4e-11	52.0
scaffold761123	OTU_0024	30.88	136	93	1	150	557	2	136	5e-14	58.5
scaffold776501	OTU_0028	34.13	126	82	1	428	51	4	128	2e-15	62.0
scaffold781817	OTU_0028	28.77	146	103	1	135	572	7	151	4e-11	50.4
scaffold784641	OTU_0024	32.69	104	70	0	326	15	26	129	5e-12	52.8
scaffold803106	OTU_0043	40.00	85	51	0	2	256	17	101	2e-14	59.7
scaffold805082	OTU_0046	91.10	146	12	1	1	438	46	190	4e-77	  225
scaffold820184	OTU_0054	47.66	128	67	0	1	384	217	344	2e-33	  115
scaffold833828	OTU_0004	30.82	146	98	3	109	540	4	148	4e-12	53.1
scaffold869988	OTU_0054	24.54	163	116	2	60	548	141	296	2e-11	52.8
scaffold893069	OTU_0004	32.61	92	61	1	480	205	4	94	3e-11	50.1
scaffold907905	OTU_0054	47.11	121	64	0	536	174	224	344	2e-27	98.2
scaffold920963	OTU_0054	29.52	166	102	4	19	495	154	311	3e-11	52.0
scaffold948869	OTU_0047	27.44	164	117	2	522	37	25	188	5e-11	50.1
scaffold960317	OTU_0027	43.90	164	86	2	31	522	60	217	8e-41	  133
scaffold982041	OTU_0054	47.76	134	70	0	6	407	211	344	8e-40	  132
scaffold997763	OTU_0051	66.43	143	47	1	2	430	9	150	2e-52	  160
scaffold1003158	OTU_0040	99.32	147	1	0	509	69	1	147	8e-103	  288
scaffold1091864	OTU_0042	30.23	129	88	2	18	401	16	143	5e-11	49.3
scaffold1120260	OTU_0054	49.26	136	69	0	34	441	209	344	9e-39	  129
scaffold1122648	OTU_0028	68.24	148	46	1	2	445	1	147	2e-66	  195
scaffold1126856	OTU_0007	57.25	138	56	1	414	1	1	135	2e-52	  159
scaffold1130542	OTU_0015	28.36	134	95	1	41	442	23	155	1e-11	51.6
scaffold1146181	OTU_0013	38.14	97	53	3	183	464	3	95	8e-12	52.0
scaffold1167377	OTU_0008	27.01	137	100	0	7	417	8	144	6e-12	51.6
scaffold1346681	OTU_0041	98.98	98	0	1	1	294	55	151	1e-65	  192
scaffold1352930	OTU_0007	29.79	141	84	2	1	423	11	136	2e-11	50.1
scaffold1354180	OTU_0054	46.27	67	36	0	1	201	279	345	5e-15	62.4
scaffold1389049	OTU_0054	48.82	127	65	0	382	2	211	337	1e-36	  122
scaffold1436607	OTU_0043	36.05	86	48	1	411	154	37	115	4e-11	48.9
scaffold1489802	OTU_0009	31.21	141	91	3	2	409	90	229	4e-11	50.4
scaffold1495768	OTU_0046	84.38	32	5	0	317	412	1	32	4e-16	63.5
scaffold1502368	OTU_0054	29.10	134	90	2	397	2	178	308	1e-12	55.5
scaffold1511993	OTU_0054	49.62	131	66	0	3	395	214	344	2e-32	  110
scaffold1610990	OTU_0054	29.09	110	78	0	387	58	209	318	1e-11	52.4
scaffold1655159	OTU_0028	81.13	106	19	1	2	319	47	151	2e-57	  171
scaffold1658585	OTU_0005	56.90	58	25	0	179	6	6	63	4e-19	71.6
scaffold1714512	OTU_0047	58.54	82	34	0	247	2	3	84	7e-20	73.9
scaffold1766830	OTU_0054	29.36	109	77	0	9	335	210	318	2e-11	51.2
scaffold1797462	OTU_0034	88.68	53	6	0	2	160	140	192	2e-30	  102
scaffold1811282	OTU_0027	86.57	67	9	0	374	174	199	265	8e-36	  118
scaffold1813127	OTU_0054	32.77	119	79	1	369	13	158	275	4e-16	64.7
scaffold1838839	OTU_0054	55.71	70	31	0	12	221	275	344	6e-22	80.9
scaffold1856228	OTU_0029	100.00	64	0	0	192	1	1	64	5e-29	98.2
scaffold1866679	OTU_0028	74.63	67	17	0	167	367	3	69	2e-29	98.6
scaffold2036763	OTU_0043	34.41	93	61	0	68	346	17	109	1e-15	61.2
scaffold2177705	OTU_0054	51.09	92	45	0	1	276	253	344	4e-27	94.7
scaffold2250469	OTU_0051	79.28	111	22	1	1	333	43	152	1e-45	  140
scaffold2267833	OTU_0002	44.00	75	40	1	98	322	3	75	4e-12	52.0
scaffold2304290	OTU_0054	52.86	70	33	0	7	216	275	344	7e-22	80.5
scaffold2310234	OTU_0034	86.24	109	15	0	329	3	22	130	2e-41	  130
scaffold2323793	OTU_0034	89.83	59	6	0	15	191	134	192	1e-35	  115
scaffold2372789	OTU_0004	69.64	56	17	0	69	236	3	58	6e-16	62.0
