scaffold00019	OTU_0054	24.56	342	246	6	212931	211930	8	345	9e-11	62.8
scaffold00055	OTU_0036	25.54	325	238	2	138468	139430	12	336	5e-14	72.0
scaffold00058	OTU_0054	25.00	340	247	4	196004	197005	8	345	2e-16	79.3
scaffold00061	OTU_0054	45.01	351	182	3	87615	88667	5	344	1e-72	  248
scaffold00116	OTU_0054	28.17	323	215	6	61301	60360	23	337	3e-18	84.3
scaffold00407	OTU_0054	24.43	307	212	5	21901	21008	35	330	2e-12	65.5
scaffold00589	OTU_0034	29.74	195	128	5	33680	34264	7	192	4e-11	58.9
scaffold01170	OTU_0009	28.57	343	232	5	833	1846	2	336	2e-22	95.1
scaffold01538	OTU_0054	23.41	346	259	3	3692	2670	1	345	5e-11	59.7
scaffold04079	OTU_0054	29.37	286	171	9	3005	3808	58	330	4e-11	58.9
scaffold04132	OTU_0033	28.99	307	189	8	7069	7941	43	336	7e-18	79.7
scaffold04555	OTU_0054	27.91	301	190	8	9669	10523	43	332	1e-15	72.8
scaffold04697	OTU_0009	25.30	332	231	5	2881	3864	13	331	3e-13	65.5
scaffold04801	OTU_0054	24.68	316	223	4	2111	3028	25	335	9e-11	57.4
scaffold05802	OTU_0009	25.22	341	238	5	7008	6016	3	336	3e-14	68.2
scaffold07347	OTU_0054	26.34	186	136	1	1354	1911	146	330	5e-11	57.8
scaffold08068	OTU_0054	26.67	330	233	4	1714	740	7	332	1e-28	  112
scaffold09055	OTU_0054	25.58	344	232	7	3940	2942	7	337	3e-15	70.9
scaffold10196	OTU_0054	25.46	326	233	4	6476	5511	13	332	3e-13	64.3
scaffold10263	OTU_0054	27.02	322	173	13	5713	6594	43	330	8e-11	57.0
scaffold10902	OTU_0037	25.71	350	228	11	2109	1108	7	340	4e-14	67.0
scaffold12530	OTU_0058	27.95	347	240	5	1480	2514	13	351	1e-15	72.0
scaffold15343	OTU_0037	28.22	241	156	7	1634	2338	7	236	2e-11	58.5
scaffold15607	OTU_0034	78.24	193	41	1	3720	4298	1	192	2e-87	  278
scaffold15770	OTU_0037	25.30	336	240	6	1496	504	6	335	4e-14	66.6
scaffold15901	OTU_0054	28.86	298	181	11	688	1542	22	301	8e-14	65.9
scaffold21726	OTU_0054	26.92	338	235	8	2102	1104	7	337	2e-16	73.6
scaffold26365	OTU_0047	84.82	191	28	1	2240	1668	1	190	9e-81	  256
scaffold28732	OTU_0009	25.52	286	207	3	3543	2701	47	331	2e-11	57.4
scaffold32179	OTU_0009	28.15	302	187	8	2872	2015	43	330	5e-11	56.2
scaffold35157	OTU_0036	27.67	318	224	4	1588	650	20	336	2e-19	82.4
scaffold39744	OTU_0054	27.93	333	233	5	196	1185	5	333	2e-15	70.1
scaffold40541	OTU_0054	23.89	339	242	5	1271	279	1	331	6e-13	62.0
scaffold46997	OTU_0009	25.31	320	225	5	2183	1242	20	331	3e-13	63.2
scaffold51297	OTU_0054	25.41	307	219	5	1271	2179	2	302	1e-13	63.9
scaffold51854	OTU_0009	26.32	247	162	6	670	1377	4	241	1e-11	57.4
scaffold63954	OTU_0054	29.34	167	106	3	356	847	159	316	7e-11	55.1
scaffold65889	OTU_0054	57.58	99	42	0	2146	1850	246	344	8e-30	  113
scaffold67801	OTU_0009	27.81	338	218	10	1083	100	3	324	5e-16	70.9
scaffold72526	OTU_0009	29.65	317	219	3	1559	621	21	337	2e-21	87.0
scaffold73380	OTU_0054	26.29	194	143	0	1301	720	144	337	2e-11	57.0
scaffold84306	OTU_0010	27.22	180	124	2	1527	988	18	190	9e-11	52.8
scaffold96599	OTU_0033	25.44	338	233	8	1587	607	4	333	9e-11	54.3
scaffold101695	OTU_0054	24.32	333	248	3	201	1193	7	337	1e-20	84.7
scaffold112861	OTU_0054	19.71	340	244	5	538	1521	10	332	5e-11	55.1
scaffold113848	OTU_0054	29.95	197	116	8	138	677	145	336	1e-13	63.2
scaffold116386	OTU_0043	27.78	108	78	0	10	333	29	136	6e-11	52.4
scaffold129564	OTU_0054	27.69	325	216	6	49	993	23	338	3e-14	64.7
scaffold140349	OTU_0040	36.80	125	79	0	1085	711	17	141	8e-15	63.9
scaffold143598	OTU_0054	28.09	267	187	3	37	828	74	338	2e-11	55.8
scaffold157178	OTU_0054	25.37	335	234	4	34	1014	8	334	3e-12	58.2
scaffold173588	OTU_0054	29.75	158	101	3	1240	776	153	303	1e-12	59.3
scaffold177364	OTU_0054	32.82	259	166	3	1223	456	91	344	2e-37	  132
scaffold205150	OTU_0010	33.53	167	108	1	774	283	30	196	1e-14	63.5
scaffold206254	OTU_0054	25.75	268	191	3	994	206	73	337	1e-17	74.3
scaffold206593	OTU_0036	30.69	202	122	5	479	1057	39	231	3e-11	55.1
scaffold210269	OTU_0010	80.21	192	37	1	1118	543	10	200	2e-75	  227
scaffold226848	OTU_0054	25.16	314	225	4	1070	144	22	330	4e-12	57.4
scaffold233022	OTU_0043	30.30	132	92	0	1034	639	10	141	1e-12	56.6
scaffold236367	OTU_0054	29.36	109	77	0	593	919	210	318	7e-11	53.5
scaffold261957	OTU_0054	21.62	185	143	1	95	643	146	330	3e-11	54.3
scaffold267053	OTU_0027	98.80	250	0	2	978	229	19	265	5e-177	  487
scaffold287796	OTU_0028	33.83	133	75	2	383	3	1	126	1e-13	59.3
scaffold312256	OTU_0009	27.41	259	184	3	896	132	78	336	8e-16	68.2
scaffold322874	OTU_0038	35.32	218	125	4	193	846	1	202	3e-20	78.6
scaffold335280	OTU_0054	40.40	250	137	4	7	756	107	344	5e-52	  169
scaffold346669	OTU_0043	34.33	134	88	0	128	529	8	141	7e-13	56.6
scaffold349599	OTU_0029	99.40	167	0	1	503	3	1	166	2e-82	  241
scaffold351339	OTU_0054	25.48	263	190	3	786	7	74	333	2e-12	57.8
scaffold397106	OTU_0054	30.28	109	76	0	581	255	210	318	6e-11	52.8
scaffold413226	OTU_0054	33.50	203	107	2	11	610	167	344	6e-32	  113
scaffold418090	OTU_0022	99.47	190	0	1	584	15	1	189	3e-122	  342
scaffold481005	OTU_0010	28.38	148	103	1	16	450	51	198	3e-12	55.1
scaffold481687	OTU_0043	32.50	120	81	0	184	543	17	136	5e-13	56.2
scaffold491639	OTU_0035	35.29	136	86	2	259	666	7	140	8e-14	58.9
scaffold497230	OTU_0017	24.87	189	139	2	112	672	2	189	1e-11	53.1
scaffold498445	OTU_0054	47.06	136	72	0	669	262	209	344	2e-36	  125
scaffold499064	OTU_0001	98.91	184	0	2	596	45	1	182	4e-128	  356
scaffold540423	OTU_0005	88.57	70	8	0	210	1	1	70	1e-38	  126
scaffold552911	OTU_0043	33.09	136	83	2	204	611	2	129	7e-15	61.2
scaffold552989	OTU_0054	28.00	175	124	1	551	27	160	332	4e-11	52.4
scaffold555029	OTU_0044	26.32	133	97	1	199	597	7	138	5e-12	53.1
scaffold569644	OTU_0015	30.00	160	89	5	507	64	4	152	4e-11	51.2
scaffold579347	OTU_0028	36.59	123	77	1	269	637	1	122	1e-17	68.9
scaffold600067	OTU_0024	28.87	142	95	3	618	196	6	142	5e-11	50.1
scaffold615640	OTU_0013	25.83	120	89	0	594	235	3	122	8e-12	53.1
scaffold618712	OTU_0027	32.48	157	105	1	491	24	102	258	5e-14	60.5
scaffold630129	OTU_0004	78.02	91	20	0	336	608	5	95	1e-34	  115
scaffold691996	OTU_0047	27.81	187	131	3	573	22	5	190	2e-13	57.0
scaffold709125	OTU_0032	30.47	128	88	1	418	35	3	129	1e-14	60.5
scaffold729371	OTU_0054	44.62	186	91	2	558	1	150	323	4e-44	  144
scaffold741123	OTU_0054	47.17	106	56	0	18	335	241	346	9e-15	62.4
scaffold797062	OTU_0054	42.66	143	82	0	1	429	202	344	7e-24	88.2
scaffold803570	OTU_0034	56.05	157	68	1	473	3	10	165	6e-43	  137
scaffold862909	OTU_0027	33.82	136	76	2	10	396	130	258	2e-12	55.1
scaffold887843	OTU_0004	73.96	96	25	0	330	43	1	96	5e-47	  145
scaffold900533	OTU_0054	41.86	129	75	0	1	387	216	344	2e-32	  112
scaffold945887	OTU_0054	38.32	107	66	0	29	349	239	345	2e-19	75.1
scaffold971916	OTU_0054	36.31	157	86	3	10	480	179	321	5e-30	  105
scaffold1025929	OTU_0015	29.85	134	89	2	7	396	56	188	7e-11	49.3
scaffold1076321	OTU_0054	44.57	92	51	0	450	175	250	341	2e-15	63.9
scaffold1093412	OTU_0054	32.37	139	80	3	424	8	135	259	2e-20	77.8
scaffold1128722	OTU_0043	31.45	124	85	0	441	70	18	141	2e-13	55.5
scaffold1136500	OTU_0029	79.17	24	5	0	137	66	1	24	8e-11	48.5
scaffold1166052	OTU_0004	60.45	134	53	0	28	429	5	138	6e-27	92.8
scaffold1166734	OTU_0051	49.38	81	40	1	77	319	72	151	9e-23	82.0
scaffold1176100	OTU_0004	34.04	94	61	1	28	309	2	94	8e-11	48.1
scaffold1188072	OTU_0048	30.33	122	85	0	10	375	23	144	4e-12	52.4
scaffold1212630	OTU_0024	32.14	112	75	1	77	412	9	119	1e-11	50.4
scaffold1306000	OTU_0054	37.50	136	78	2	405	7	174	305	6e-21	78.6
scaffold1377367	OTU_0007	66.39	119	37	2	39	395	1	116	5e-48	  147
scaffold1416957	OTU_0036	45.00	100	53	1	57	356	143	240	8e-24	86.3
scaffold1430317	OTU_0034	47.66	128	66	1	3	386	19	145	1e-30	  103
scaffold1505860	OTU_0054	40.80	125	62	3	1	375	157	269	3e-24	87.4
scaffold1627947	OTU_0054	46.75	77	41	0	360	130	268	344	6e-20	75.5
scaffold1852769	OTU_0038	35.34	116	56	2	1	333	5	106	3e-16	63.5
scaffold2028415	OTU_0054	33.98	103	52	2	311	3	179	265	1e-14	60.1
scaffold2148773	OTU_0054	40.79	76	45	0	78	305	258	333	1e-11	51.6
scaffold2223381	OTU_0054	50.00	66	33	0	301	104	280	345	1e-17	68.6
scaffold2251342	OTU_0054	52.58	97	46	0	294	4	234	330	1e-28	98.6
scaffold2306804	OTU_0034	58.95	95	38	1	286	2	75	168	3e-32	  106
