scaffold00094	OTU_0054	40.83	360	197	3	59801	60880	1	344	1e-65	  226
scaffold00109	OTU_0009	27.84	352	223	8	88094	87081	7	341	1e-17	82.4
scaffold00137	OTU_0054	27.35	340	228	4	2257	3246	7	337	1e-17	82.4
scaffold00218	OTU_0054	39.21	329	181	3	25964	26950	36	345	3e-55	  196
scaffold00535	OTU_0054	24.77	331	231	6	29883	28915	2	322	2e-17	80.1
scaffold00643	OTU_0054	34.63	361	219	3	53781	52699	2	345	2e-58	  204
scaffold01177	OTU_0054	25.15	338	233	7	5995	5012	1	328	5e-13	66.2
scaffold01794	OTU_0054	26.70	206	139	4	10999	10397	126	324	7e-11	58.9
scaffold07102	OTU_0036	26.65	334	229	5	3259	2276	3	326	2e-14	68.6
scaffold08037	OTU_0058	26.25	339	231	3	4357	3350	13	335	4e-17	76.6
scaffold10503	OTU_0054	24.17	211	150	2	3154	2537	113	318	2e-15	71.2
scaffold19045	OTU_0054	24.76	307	211	7	2909	3802	2	297	4e-12	60.1
scaffold24968	OTU_0054	25.74	303	208	5	1754	2638	40	333	2e-12	60.8
scaffold27058	OTU_0054	25.79	190	141	0	3120	3689	144	333	5e-11	56.6
scaffold36315	OTU_0036	26.49	336	235	4	2021	1035	1	331	1e-18	79.7
scaffold38835	OTU_0054	26.63	323	223	6	2279	1332	23	338	2e-16	72.8
scaffold42520	OTU_0054	25.81	310	214	6	361	1266	1	302	4e-16	71.6
scaffold47377	OTU_0054	26.10	272	174	7	76	852	75	332	4e-11	55.8
scaffold61126	OTU_0009	26.10	318	231	2	1011	67	20	336	3e-15	68.6
scaffold117132	OTU_0054	28.05	303	209	6	280	1176	7	304	1e-15	68.9
scaffold130866	OTU_0040	35.20	125	81	0	35	409	17	141	9e-11	51.2
scaffold212441	OTU_0054	27.80	205	125	2	16	615	151	337	3e-15	65.9
scaffold234459	OTU_0040	31.62	136	92	1	512	105	3	137	6e-11	50.4
scaffold273876	OTU_0036	32.44	225	140	3	670	17	22	241	5e-21	81.3
scaffold285793	OTU_0054	24.60	187	140	1	1	561	153	338	2e-13	59.7
scaffold293321	OTU_0054	25.81	186	138	0	67	624	160	345	1e-13	60.1
scaffold296117	OTU_0043	30.95	126	87	0	206	583	17	142	2e-12	53.9
scaffold357940	OTU_0050	43.06	72	41	0	351	566	2	73	2e-13	56.2
scaffold403424	OTU_0033	29.61	179	122	2	1	528	106	283	1e-16	67.8
scaffold416435	OTU_0043	31.58	133	91	0	80	478	5	137	2e-14	59.3
scaffold468340	OTU_0058	29.41	119	82	1	3	359	235	351	6e-12	53.5
scaffold482753	OTU_0044	49.15	59	30	0	271	447	3	61	2e-16	64.7
scaffold502471	OTU_0043	29.60	125	88	0	54	428	17	141	1e-14	58.9
scaffold597185	OTU_0054	46.27	67	36	0	410	210	279	345	2e-15	63.2
scaffold736812	OTU_0042	56.99	93	40	0	67	345	5	97	1e-21	78.2
scaffold785558	OTU_0054	40.48	84	50	0	257	6	203	286	2e-15	63.2
scaffold799278	OTU_0054	40.71	113	67	0	340	2	211	323	4e-22	81.3
scaffold1021285	OTU_0027	65.31	98	34	0	294	1	143	240	2e-29	  100
scaffold1153050	OTU_0054	39.29	56	34	0	104	271	208	263	8e-11	48.5
scaffold1470482	OTU_0054	40.26	77	46	0	235	5	256	332	4e-11	49.3
scaffold1561312	OTU_0054	44.16	77	43	0	231	1	217	293	1e-18	70.5
scaffold1750102	OTU_0025	42.25	71	40	1	214	2	81	150	3e-16	61.6
scaffold1751868	OTU_0027	41.79	67	39	0	9	209	193	259	2e-13	55.1
scaffold1857327	OTU_0006	58.97	39	16	0	118	2	1	39	7e-14	54.7
