scaffold00304	OTU_0054	25.07	335	233	6	40275	39298	9	334	4e-15	73.2
scaffold00342	OTU_0054	25.21	349	249	6	29194	28172	1	345	6e-14	69.7
scaffold01682	OTU_0017	99.48	192	0	1	11951	11376	1	191	1e-91	  292
scaffold02937	OTU_0009	28.51	242	162	5	1791	2495	3	240	2e-15	72.0
scaffold03189	OTU_0009	27.65	311	221	2	9297	8377	21	331	5e-11	58.5
scaffold04342	OTU_0054	25.00	312	214	6	6546	5635	32	331	8e-15	70.1
scaffold07352	OTU_0009	25.83	240	163	4	417	1109	4	237	2e-11	58.9
scaffold09291	OTU_0009	26.98	341	234	8	6059	7054	3	337	4e-12	60.8
scaffold11184	OTU_0054	24.63	337	226	7	2313	1345	8	330	2e-11	58.9
scaffold13437	OTU_0054	24.48	335	227	6	1501	536	9	330	4e-18	79.0
scaffold18559	OTU_0054	25.82	337	242	6	3576	4577	3	334	5e-11	57.0
scaffold21923	OTU_0054	26.88	346	233	7	3040	4047	3	338	6e-16	72.0
scaffold22884	OTU_0054	23.70	346	239	5	1409	2410	6	338	2e-17	76.3
scaffold26766	OTU_0054	30.56	180	98	4	3682	3182	151	316	7e-11	56.2
scaffold29152	OTU_0010	85.50	200	28	1	2779	3378	1	199	5e-87	  274
scaffold31058	OTU_0054	26.02	319	230	4	55	1005	23	337	5e-14	65.9
scaffold34047	OTU_0054	24.48	339	228	4	2063	3037	8	332	2e-13	63.5
scaffold34216	OTU_0009	25.71	350	233	8	2343	3359	3	336	3e-14	66.6
scaffold39444	OTU_0054	26.77	325	204	7	2012	1098	22	332	4e-13	62.8
scaffold44123	OTU_0054	23.82	340	236	7	736	1719	4	332	1e-20	85.9
scaffold50019	OTU_0054	39.04	356	202	3	923	1990	4	344	1e-75	  245
scaffold50111	OTU_0058	27.97	311	197	7	958	68	13	310	8e-19	80.1
scaffold51795	OTU_0054	26.65	334	238	5	1771	779	4	333	8e-16	70.9
scaffold51835	OTU_0054	26.29	194	130	5	244	813	134	318	4e-12	59.3
scaffold52207	OTU_0009	29.30	215	138	5	815	198	12	221	5e-13	62.0
scaffold60080	OTU_0034	53.68	190	87	1	1625	2194	1	189	3e-60	  196
scaffold63817	OTU_0054	27.03	333	236	4	2049	1060	5	333	3e-17	75.1
scaffold67538	OTU_0054	25.07	335	220	12	144	1097	5	325	4e-11	55.8
scaffold73813	OTU_0054	23.78	286	200	4	864	31	34	309	6e-12	58.5
scaffold103099	OTU_0054	27.14	350	229	8	1488	478	1	337	1e-18	78.6
scaffold112642	OTU_0054	25.08	319	227	4	1703	765	18	330	2e-12	59.7
scaffold118458	OTU_0009	24.29	317	236	2	274	1212	20	336	2e-13	62.8
scaffold131442	OTU_0054	26.21	351	233	8	472	1485	1	338	1e-20	84.3
scaffold132063	OTU_0009	29.63	324	211	5	943	5	20	337	2e-22	89.7
scaffold141696	OTU_0047	84.82	191	28	1	1373	801	1	190	5e-85	  256
scaffold144721	OTU_0009	29.96	237	156	6	33	722	103	336	3e-15	67.8
scaffold146505	OTU_0036	25.43	291	207	3	613	1464	12	299	2e-12	59.3
scaffold156524	OTU_0013	33.09	139	82	3	431	42	6	142	9e-13	58.2
scaffold156997	OTU_0054	25.00	340	247	4	356	1357	8	345	3e-19	79.7
scaffold171849	OTU_0040	88.11	143	17	0	91	519	3	145	9e-86	  254
scaffold181094	OTU_0054	35.62	306	187	3	921	4	3	298	4e-53	  176
scaffold220461	OTU_0054	36.79	299	187	2	962	66	2	298	9e-51	  168
scaffold222226	OTU_0054	26.44	208	145	4	15	620	125	330	5e-12	57.4
scaffold222556	OTU_0043	35.00	120	71	1	984	625	17	129	1e-11	53.9
scaffold231701	OTU_0058	31.22	205	124	5	615	40	5	205	1e-14	65.1
scaffold235903	OTU_0052	27.51	189	121	3	389	937	41	219	7e-13	58.5
scaffold243631	OTU_0032	34.27	143	88	4	594	1013	3	142	1e-12	57.4
scaffold244689	OTU_0054	28.81	177	123	3	99	629	47	220	1e-11	56.2
scaffold270571	OTU_0027	29.76	168	116	1	37	534	91	258	8e-11	52.8
scaffold287281	OTU_0054	24.83	286	213	2	918	64	7	291	1e-12	58.9
scaffold296268	OTU_0034	26.44	174	125	2	521	6	1	173	2e-11	53.5
scaffold296513	OTU_0028	33.64	107	71	0	655	975	21	127	3e-12	55.1
scaffold299373	OTU_0054	24.21	190	122	4	2	550	169	343	6e-13	59.7
scaffold301376	OTU_0054	43.11	283	149	3	2	850	74	344	1e-59	  189
scaffold303930	OTU_0040	31.30	131	90	0	67	459	12	142	5e-12	54.7
scaffold306387	OTU_0054	22.79	272	205	2	922	113	69	337	4e-15	66.2
scaffold310876	OTU_0027	25.43	173	113	2	430	918	59	225	7e-11	52.8
scaffold334438	OTU_0005	68.89	45	14	0	137	3	2	46	5e-16	65.9
scaffold349990	OTU_0055	48.35	182	93	1	145	690	10	190	1e-38	  129
scaffold359645	OTU_0027	27.80	223	149	4	813	175	33	253	5e-11	53.1
scaffold384321	OTU_0010	64.06	192	68	1	786	211	5	195	3e-70	  211
scaffold420793	OTU_0043	32.56	129	80	1	793	407	10	131	2e-13	58.2
scaffold432171	OTU_0027	25.57	219	151	3	767	114	46	253	1e-11	54.7
scaffold434943	OTU_0043	31.75	126	86	0	195	572	17	142	8e-11	50.4
scaffold450542	OTU_0027	25.67	261	171	5	12	755	3	253	3e-13	58.9
scaffold492649	OTU_0054	41.49	241	122	3	6	725	103	325	1e-57	  182
scaffold524729	OTU_0009	26.01	223	157	3	663	13	21	241	1e-13	60.5
scaffold536823	OTU_0055	49.20	187	94	1	623	63	5	190	1e-49	  155
scaffold588825	OTU_0008	31.01	129	80	2	579	205	7	130	4e-12	53.5
scaffold614779	OTU_0054	36.31	168	106	1	11	514	178	344	9e-27	97.4
scaffold625634	OTU_0054	39.86	143	85	1	431	3	1	142	3e-17	70.5
scaffold636111	OTU_0017	26.84	190	136	3	55	618	3	191	3e-16	65.5
scaffold673203	OTU_0028	31.09	119	77	1	199	540	18	136	8e-11	49.7
scaffold709877	OTU_0010	85.07	134	19	1	3	404	68	200	9e-68	  201
scaffold710891	OTU_0054	26.59	173	118	2	85	591	151	318	4e-12	55.1
scaffold731563	OTU_0054	26.74	187	130	4	40	582	160	345	1e-12	56.6
scaffold732636	OTU_0027	27.91	172	116	3	573	67	87	253	3e-12	55.1
scaffold745736	OTU_0034	85.64	188	26	1	576	13	6	192	1e-95	  272
scaffold758719	OTU_0024	32.17	143	90	2	41	451	6	147	2e-12	53.9
scaffold764905	OTU_0048	25.00	168	110	4	538	56	33	191	4e-12	53.5
scaffold781364	OTU_0009	29.82	171	116	2	506	6	71	241	5e-14	60.5
scaffold832588	OTU_0009	26.70	176	123	4	15	527	67	241	8e-12	53.9
scaffold833819	OTU_0043	30.83	120	82	1	148	504	14	133	5e-12	52.4
scaffold836714	OTU_0054	41.41	128	75	0	539	156	217	344	4e-15	63.5
scaffold861794	OTU_0009	37.70	61	38	0	88	270	175	235	4e-11	51.6
scaffold889069	OTU_0053	30.84	107	72	1	9	323	85	191	8e-11	49.7
scaffold895978	OTU_0005	86.11	72	10	0	216	1	1	72	6e-32	  107
scaffold898192	OTU_0040	29.75	121	85	0	70	432	14	134	2e-12	53.5
scaffold907076	OTU_0015	59.49	158	63	1	517	44	34	190	4e-59	  178
scaffold931689	OTU_0015	28.36	134	95	1	61	462	23	155	3e-11	50.4
scaffold939655	OTU_0004	46.41	153	81	1	479	21	2	153	2e-29	  100
scaffold969930	OTU_0005	96.67	60	2	0	317	496	1	60	2e-36	  118
scaffold975187	OTU_0055	85.19	81	11	1	494	252	112	191	7e-47	  146
scaffold1004347	OTU_0004	64.58	96	34	0	293	6	1	96	2e-33	  110
scaffold1039629	OTU_0054	40.59	101	44	4	169	447	212	304	5e-12	53.9
scaffold1056619	OTU_0054	45.95	74	40	0	474	253	271	344	6e-15	62.8
scaffold1093406	OTU_0054	30.89	123	85	0	28	396	210	332	2e-13	57.8
scaffold1121917	OTU_0034	29.60	125	70	3	26	370	76	192	1e-11	51.2
scaffold1126845	OTU_0054	45.05	111	60	1	102	434	41	150	1e-25	92.0
scaffold1249072	OTU_0034	54.55	55	25	0	165	1	6	60	4e-16	63.5
scaffold1264055	OTU_0007	49.11	112	47	1	120	425	1	112	2e-28	97.1
scaffold1289864	OTU_0054	35.71	140	89	1	422	3	144	282	2e-21	80.1
scaffold1322105	OTU_0046	66.18	68	22	1	415	212	122	188	2e-29	  100
scaffold1354252	OTU_0034	80.15	136	26	1	410	3	22	156	5e-55	  166
scaffold1367191	OTU_0036	46.67	120	64	0	362	3	1	120	5e-24	87.0
scaffold1372837	OTU_0034	42.22	135	77	1	408	4	10	143	7e-27	93.2
scaffold1400905	OTU_0028	35.38	130	81	3	16	402	1	128	4e-14	57.4
scaffold1418919	OTU_0054	46.56	131	70	0	9	401	211	341	3e-33	  112
scaffold1436725	OTU_0051	63.10	84	30	1	398	147	68	150	8e-33	  107
scaffold1452827	OTU_0054	45.97	124	67	0	391	20	1	124	7e-32	  108
scaffold1473614	OTU_0054	40.79	76	45	0	392	165	50	125	1e-11	52.4
scaffold1495550	OTU_0034	30.09	113	77	1	389	57	77	189	1e-11	50.8
scaffold1526043	OTU_0054	42.98	121	69	0	9	371	213	333	6e-29	  100
scaffold1529127	OTU_0024	35.29	102	65	1	79	384	8	108	3e-11	49.3
scaffold1536172	OTU_0054	45.61	57	31	0	1	171	288	344	2e-11	51.2
scaffold1568919	OTU_0002	47.54	61	32	0	162	344	7	67	7e-11	49.3
scaffold1588427	OTU_0041	98.04	102	1	1	1	306	51	151	9e-69	  199
scaffold1602590	OTU_0027	56.07	107	47	0	363	43	156	262	1e-35	  117
scaffold1735066	OTU_0004	36.26	91	57	1	339	67	5	94	1e-11	49.7
scaffold1752823	OTU_0061	46.99	83	44	0	76	324	41	123	9e-23	81.6
scaffold1851884	OTU_0010	81.82	33	6	0	344	246	163	195	2e-15	61.2
scaffold1863810	OTU_0041	99.11	112	0	1	338	3	1	111	2e-77	  221
scaffold1867591	OTU_0034	77.68	112	25	0	5	340	1	112	1e-50	  154
scaffold1877724	OTU_0005	44.68	94	52	0	286	5	2	95	5e-13	53.9
scaffold1892710	OTU_0054	33.33	111	59	2	8	337	180	276	2e-16	65.5
scaffold1922406	OTU_0028	75.38	65	16	0	142	336	3	67	7e-30	99.4
scaffold1948320	OTU_0035	45.95	111	58	1	1	333	8	116	2e-21	77.8
scaffold2024407	OTU_0042	63.55	107	38	1	326	6	50	155	8e-28	94.0
scaffold2157460	OTU_0048	89.61	77	7	1	312	82	123	198	3e-38	  122
scaffold2220079	OTU_0054	37.62	101	59	2	5	307	174	270	4e-20	75.1
scaffold2304193	OTU_0054	40.62	96	57	0	290	3	245	340	3e-21	78.2
scaffold2327687	OTU_0004	60.00	55	22	0	167	3	5	59	1e-17	66.2
