scaffold00021	OTU_0054	23.99	346	240	6	321643	322644	4	338	4e-20	90.9
scaffold00043	OTU_0054	27.43	175	126	1	322034	322558	154	327	7e-11	62.4
scaffold00063	OTU_0054	26.22	328	225	7	4623	5582	17	335	4e-12	65.9
scaffold00124	OTU_0009	26.19	336	244	3	139111	138113	3	337	3e-20	90.5
scaffold00362	OTU_0009	28.57	343	232	5	46648	47661	2	336	6e-22	95.1
scaffold00625	OTU_0054	46.67	345	181	2	38471	39505	5	346	1e-79	  266
scaffold00681	OTU_0054	38.23	361	187	4	33962	32880	21	345	2e-66	  227
scaffold01167	OTU_0054	27.02	285	192	5	21049	21879	42	318	1e-13	68.2
scaffold01376	OTU_0054	25.15	334	244	3	4823	5818	8	337	7e-18	80.9
scaffold01539	OTU_0054	25.17	302	214	4	28015	28902	35	330	6e-11	59.3
scaffold01543	OTU_0054	39.04	356	203	3	23931	24998	4	345	3e-57	  199
scaffold01940	OTU_0033	25.21	357	223	7	18101	19105	2	336	5e-16	74.7
scaffold02412	OTU_0054	22.92	301	209	5	14713	15579	42	331	2e-11	60.1
scaffold04291	OTU_0054	27.62	344	231	7	12788	13795	4	337	4e-18	80.1
scaffold04530	OTU_0054	39.18	342	206	2	6547	7572	5	344	3e-54	  190
scaffold05992	OTU_0054	38.48	356	203	5	2597	3658	3	344	5e-60	  206
scaffold06250	OTU_0054	32.57	350	226	4	3370	4419	7	346	2e-47	  169
scaffold06259	OTU_0054	23.19	332	237	5	6256	5279	1	320	9e-11	57.4
scaffold08052	OTU_0054	25.74	303	208	5	6846	5962	40	333	5e-12	60.8
scaffold12349	OTU_0054	37.75	355	209	4	247	1308	2	345	5e-57	  196
scaffold13751	OTU_0043	37.39	115	59	3	5328	4993	17	121	8e-14	63.5
scaffold14152	OTU_0054	29.36	109	77	0	5118	5444	210	318	1e-11	59.3
scaffold15342	OTU_0054	24.48	339	247	4	2732	1731	3	337	2e-22	92.4
scaffold20763	OTU_0036	28.24	340	235	5	1493	2494	1	337	5e-26	  103
scaffold24161	OTU_0054	39.79	191	100	2	2	574	169	344	4e-34	  127
scaffold24739	OTU_0054	21.95	328	236	7	621	1574	1	318	4e-11	57.0
scaffold28938	OTU_0034	45.16	124	68	0	2775	3146	6	129	5e-17	72.8
scaffold30224	OTU_0054	23.86	306	213	6	912	19	25	318	3e-13	63.2
scaffold31698	OTU_0033	28.99	307	189	8	1847	2719	43	336	1e-18	79.7
scaffold42932	OTU_0054	23.57	297	206	6	1339	485	33	320	4e-12	59.3
scaffold62749	OTU_0040	32.84	134	72	4	81	455	17	141	5e-11	53.1
scaffold68177	OTU_0036	28.03	289	202	4	846	1697	20	307	4e-17	73.9
scaffold70272	OTU_0010	66.84	187	61	1	1420	860	3	188	1e-66	  209
scaffold95683	OTU_0009	21.79	390	230	9	1169	51	3	334	8e-12	57.0
scaffold100549	OTU_0054	26.11	314	227	3	953	21	6	317	7e-24	93.2
scaffold103543	OTU_0054	24.81	262	186	3	2	769	74	330	4e-11	54.7
scaffold124118	OTU_0054	25.73	342	243	6	117	1124	1	337	5e-25	95.5
scaffold163347	OTU_0054	35.24	210	135	1	838	209	136	344	6e-35	  123
scaffold163776	OTU_0054	25.17	302	205	8	22	894	17	308	2e-12	58.2
scaffold168872	OTU_0054	29.75	121	85	0	49	411	211	331	5e-12	56.6
scaffold182900	OTU_0043	35.04	137	81	2	676	269	17	146	2e-15	64.3
scaffold204475	OTU_0054	43.15	146	83	0	8	445	200	345	1e-30	  110
scaffold206361	OTU_0022	67.74	155	49	1	466	2	2	155	5e-49	  155
scaffold211416	OTU_0015	25.88	170	114	2	23	496	17	186	1e-12	56.2
scaffold211477	OTU_0054	37.50	240	134	3	78	797	9	232	1e-46	  154
scaffold217950	OTU_0051	65.79	152	51	1	55	510	1	151	4e-56	  172
scaffold219821	OTU_0054	23.89	180	130	2	554	21	144	318	7e-14	61.6
scaffold230872	OTU_0054	37.70	252	141	3	762	7	109	344	3e-54	  173
scaffold258190	OTU_0027	44.00	100	56	0	708	409	163	262	6e-20	77.4
scaffold266274	OTU_0054	28.66	157	108	2	71	532	160	315	3e-13	58.9
scaffold282381	OTU_0054	27.47	182	130	2	656	117	155	336	7e-17	69.7
scaffold290899	OTU_0013	39.58	96	58	0	352	639	3	98	9e-20	75.9
scaffold413268	OTU_0022	65.00	80	28	0	240	1	2	81	6e-23	84.0
scaffold418473	OTU_0005	75.00	96	24	0	292	5	1	96	3e-47	  146
scaffold425719	OTU_0008	31.37	102	70	0	467	162	41	142	1e-12	53.9
scaffold431569	OTU_0058	31.16	138	93	1	415	8	183	320	4e-14	60.5
scaffold563535	OTU_0055	56.63	83	36	0	55	303	9	91	1e-17	68.2
scaffold569598	OTU_0054	29.46	129	91	0	391	5	209	337	4e-11	50.8
scaffold629481	OTU_0005	46.74	92	49	0	119	394	5	96	8e-23	81.6
scaffold721403	OTU_0010	78.33	120	25	1	1	360	58	176	2e-47	  146
scaffold722193	OTU_0003	99.17	120	0	1	360	1	16	134	7e-79	  225
scaffold740514	OTU_0008	31.25	112	71	4	11	340	40	147	2e-12	52.0
scaffold912230	OTU_0054	46.08	102	54	1	308	3	88	188	1e-23	84.7
scaffold938025	OTU_0054	36.96	92	48	3	252	1	184	273	1e-11	51.6
scaffold1008743	OTU_0054	58.23	79	33	0	287	51	266	344	4e-26	91.7
scaffold1138451	OTU_0050	76.14	88	20	1	2	265	55	141	4e-44	  135
scaffold1230254	OTU_0054	60.00	85	34	0	255	1	253	337	1e-31	  106
scaffold1236620	OTU_0054	45.12	82	44	1	3	248	84	164	1e-14	59.3
scaffold1290989	OTU_0054	51.25	80	39	0	241	2	246	325	4e-22	80.1
scaffold1395265	OTU_0037	44.87	78	40	2	239	6	127	201	8e-14	57.0
scaffold1424289	OTU_0024	43.06	72	41	0	218	3	7	78	3e-12	50.4
scaffold1502886	OTU_0004	46.67	75	40	0	230	6	13	87	2e-11	48.5
scaffold1636101	OTU_0018	71.11	45	13	0	136	2	1	45	2e-20	73.6
scaffold1663267	OTU_0061	49.30	71	36	0	214	2	40	110	1e-18	68.6
scaffold1719499	OTU_0054	48.44	64	30	2	192	1	168	228	2e-15	61.2
scaffold1753014	OTU_0043	44.78	67	37	0	7	207	57	123	5e-15	58.2
