scaffold00383	OTU_0054	42.13	356	192	3	13404	14468	2	344	1e-68	  232
scaffold00486	OTU_0054	22.94	327	234	6	10351	11316	5	318	2e-11	60.1
scaffold01964	OTU_0036	23.53	306	215	5	6037	5153	4	301	8e-11	56.6
scaffold05044	OTU_0054	26.11	203	150	0	1102	1710	116	318	3e-14	66.6
scaffold08967	OTU_0027	64.60	113	40	0	3001	2663	153	265	3e-33	  122
scaffold13975	OTU_0009	52.59	348	159	3	1239	199	1	343	4e-106	  326
scaffold19011	OTU_0036	60.17	349	132	3	159	1202	1	343	9e-122	  364
scaffold19360	OTU_0054	25.48	310	203	9	227	1129	14	304	7e-12	58.2
scaffold20140	OTU_0054	25.73	307	195	9	1266	2150	35	320	2e-13	63.2
scaffold36158	OTU_0054	39.20	352	194	4	351	1406	13	344	6e-58	  191
scaffold40117	OTU_0006	99.47	187	0	1	1044	1604	1	186	8e-128	  367
scaffold40369	OTU_0034	42.40	125	72	0	1269	1643	8	132	1e-25	97.1
scaffold41063	OTU_0054	46.15	91	49	0	1637	1365	255	345	3e-12	58.9
scaffold46195	OTU_0057	94.59	111	6	0	1231	1563	1	111	6e-70	  216
scaffold73794	OTU_0033	27.84	291	206	3	1281	421	46	336	1e-16	71.6
scaffold89453	OTU_0054	28.62	297	164	11	1164	349	57	330	2e-11	55.8
scaffold93849	OTU_0054	25.23	222	163	2	13	678	116	334	1e-11	56.6
scaffold103859	OTU_0023	96.84	158	4	1	516	43	1	157	2e-105	  303
scaffold106899	OTU_0054	23.13	268	203	2	1077	280	69	335	3e-14	64.3
scaffold118804	OTU_0004	48.78	82	42	0	247	2	9	90	1e-15	65.5
scaffold128143	OTU_0060	57.07	184	79	0	552	1	2	185	2e-57	  180
scaffold143877	OTU_0060	76.72	116	27	0	300	647	7	122	5e-55	  173
scaffold144417	OTU_0054	24.41	295	206	4	95	967	23	304	3e-15	66.6
scaffold168917	OTU_0027	46.67	165	86	1	1	489	101	265	3e-37	  127
scaffold191537	OTU_0027	76.19	84	20	0	2	253	182	265	3e-40	  135
scaffold209835	OTU_0028	30.47	128	83	2	55	423	18	144	3e-12	55.1
scaffold212237	OTU_0058	67.63	278	84	2	1	834	80	351	4e-118	  339
scaffold230597	OTU_0033	28.68	265	186	1	788	3	43	307	2e-17	72.4
scaffold250608	OTU_0054	25.88	228	163	4	117	785	75	301	7e-11	52.8
scaffold258107	OTU_0008	28.67	143	88	3	528	118	7	141	5e-11	51.2
scaffold258816	OTU_0015	29.73	148	100	2	231	671	40	184	9e-11	50.8
scaffold258970	OTU_0043	31.97	122	83	0	182	547	14	135	2e-13	57.8
scaffold285764	OTU_0054	25.46	216	158	2	3	650	119	331	2e-12	57.4
scaffold296953	OTU_0054	34.71	242	156	2	732	7	36	275	7e-38	  129
scaffold302076	OTU_0054	30.36	112	78	0	613	278	207	318	6e-11	52.4
scaffold317383	OTU_0060	62.32	138	52	0	422	9	1	138	1e-52	  164
scaffold325536	OTU_0027	74.55	55	14	0	1	165	211	265	9e-22	82.8
scaffold332510	OTU_0035	49.50	101	49	1	392	694	14	112	1e-17	69.3
scaffold353637	OTU_0059	30.47	128	85	1	657	274	2	125	6e-11	50.4
scaffold385622	OTU_0028	73.53	102	27	0	656	351	30	131	2e-48	  151
scaffold406894	OTU_0049	51.43	105	44	2	333	641	1	100	5e-21	79.3
scaffold427898	OTU_0054	26.75	157	108	3	145	615	174	323	8e-12	54.3
scaffold434236	OTU_0058	64.71	204	66	2	5	616	154	351	1e-77	  232
scaffold442345	OTU_0058	98.54	206	0	2	620	3	120	322	3e-127	  359
scaffold462478	OTU_0047	82.35	187	32	1	603	43	5	190	1e-90	  259
scaffold528456	OTU_0054	26.62	139	102	0	139	555	178	316	8e-11	51.2
scaffold534005	OTU_0054	49.17	120	61	0	7	366	225	344	1e-31	  110
scaffold576063	OTU_0040	63.33	120	44	0	5	364	27	146	4e-49	  151
scaffold577162	OTU_0043	32.80	125	84	0	85	459	17	141	1e-13	57.0
scaffold578149	OTU_0015	29.20	137	84	2	141	533	1	130	2e-11	51.6
scaffold678964	OTU_0028	83.46	127	20	1	1	381	26	151	3e-72	  210
scaffold695494	OTU_0027	64.81	54	19	0	2	163	209	262	2e-19	74.3
scaffold726364	OTU_0043	35.11	131	84	1	455	66	11	141	4e-14	57.8
scaffold731678	OTU_0032	60.74	163	63	1	1	489	27	188	9e-58	  174
scaffold739023	OTU_0036	54.10	61	28	0	395	213	283	343	1e-11	52.8
scaffold810621	OTU_0054	40.14	142	85	0	24	449	202	343	1e-30	  106
scaffold840852	OTU_0059	30.77	130	87	2	394	5	5	131	6e-11	48.9
scaffold861796	OTU_0027	59.48	153	57	1	4	462	54	201	2e-46	  147
scaffold907354	OTU_0034	51.18	127	62	0	383	3	3	129	2e-37	  121
scaffold937476	OTU_0049	62.41	141	50	1	423	1	1	138	2e-57	  172
scaffold942736	OTU_0046	81.48	27	5	0	82	2	1	27	7e-13	54.7
scaffold1001048	OTU_0007	84.38	32	5	0	305	400	11	42	4e-16	63.5
scaffold1008566	OTU_0027	41.26	143	79	2	431	3	49	186	7e-32	  108
scaffold1122707	OTU_0054	51.16	129	63	0	410	24	216	344	5e-38	  126
scaffold1182083	OTU_0054	40.60	133	64	3	4	402	175	292	3e-21	79.3
scaffold1198647	OTU_0027	55.45	110	49	0	5	334	156	265	5e-35	  116
scaffold1237303	OTU_0054	35.00	120	78	0	8	367	225	344	2e-21	79.7
scaffold1321235	OTU_0027	77.98	109	24	0	373	47	157	265	3e-57	  174
scaffold1326106	OTU_0009	82.14	28	5	0	1	84	316	343	5e-11	50.1
scaffold1334081	OTU_0027	90.00	60	6	0	381	202	206	265	7e-33	  110
scaffold1416998	OTU_0027	59.35	123	50	0	1	369	140	262	1e-42	  135
scaffold1419714	OTU_0027	39.17	120	70	1	11	370	79	195	9e-24	85.5
scaffold1553552	OTU_0060	64.10	39	14	0	237	353	1	39	4e-12	52.0
scaffold1576526	OTU_0054	53.26	92	43	0	340	65	253	344	9e-19	72.0
scaffold1608652	OTU_0013	92.31	26	2	0	272	349	1	26	4e-14	57.4
scaffold1616605	OTU_0054	42.98	114	61	2	343	2	167	276	7e-27	94.4
scaffold1674599	OTU_0036	38.61	101	61	1	30	329	17	117	1e-13	57.8
scaffold1802225	OTU_0040	71.23	73	21	0	113	331	9	81	3e-30	  100
scaffold1955396	OTU_0028	71.21	66	18	1	320	123	87	151	2e-27	92.8
scaffold1970717	OTU_0058	60.61	99	39	0	298	2	251	349	1e-32	  110
scaffold2013236	OTU_0021	69.23	104	29	1	313	2	11	111	1e-47	  144
scaffold2022507	OTU_0013	100.00	94	0	0	283	2	1	94	3e-63	  186
scaffold2088924	OTU_0031	35.11	94	61	0	307	26	34	127	9e-11	47.0
scaffold2194924	OTU_0054	51.09	92	45	0	3	278	254	345	1e-27	95.5
