scaffold00018	OTU_0054	39.94	353	198	4	405909	404851	6	344	6e-63	  220
scaffold00027	OTU_0009	26.19	336	244	3	283456	282458	3	337	7e-20	90.5
scaffold00075	OTU_0054	26.22	328	225	7	4623	5582	17	335	4e-12	65.9
scaffold00227	OTU_0054	27.35	340	228	4	2444	3433	7	337	1e-17	82.4
scaffold00241	OTU_0009	26.11	337	246	2	8627	9631	1	336	4e-14	71.6
scaffold00345	OTU_0054	40.83	360	197	3	41216	42295	1	344	9e-66	  226
scaffold00408	OTU_0043	36.84	133	78	2	33810	33421	12	141	4e-13	65.9
scaffold00538	OTU_0009	28.57	343	232	5	46648	47661	2	336	6e-22	95.1
scaffold00647	OTU_0054	24.45	319	235	3	29394	28444	23	337	7e-12	63.9
scaffold00804	OTU_0054	24.93	337	247	3	72370	73374	5	337	8e-14	69.7
scaffold01035	OTU_0054	26.92	338	235	8	31539	32537	7	337	3e-15	73.6
scaffold01040	OTU_0054	25.07	339	247	4	2105	3112	3	337	3e-13	67.8
scaffold01387	OTU_0054	25.75	334	241	4	10530	9541	2	332	3e-15	73.2
scaffold01543	OTU_0054	25.17	302	214	4	36125	35238	35	330	8e-11	59.3
scaffold01632	OTU_0054	23.89	339	253	3	22476	23483	1	337	7e-19	84.0
scaffold01939	OTU_0058	26.25	339	231	3	29849	30856	13	335	9e-17	77.4
scaffold02150	OTU_0036	26.65	334	229	5	3231	2248	3	326	6e-14	68.6
scaffold02161	OTU_0054	34.38	349	219	3	17691	18737	7	345	8e-45	  163
scaffold02727	OTU_0054	24.32	333	248	3	19443	18451	7	337	7e-16	74.3
scaffold02865	OTU_0054	24.02	333	249	4	11430	10438	7	337	6e-16	74.7
scaffold03071	OTU_0054	26.63	323	223	6	1850	903	23	338	2e-15	72.8
scaffold03383	OTU_0054	38.13	375	196	4	9081	7963	6	346	5e-63	  216
scaffold06177	OTU_0054	28.34	247	156	8	7514	8227	75	309	2e-12	63.2
scaffold06358	OTU_0054	23.99	346	240	6	3022	4023	4	338	1e-21	90.9
scaffold10084	OTU_0054	25.74	303	208	5	6846	5962	40	333	5e-12	60.8
scaffold13335	OTU_0054	25.98	254	167	6	1495	764	14	256	4e-12	60.8
scaffold17232	OTU_0054	35.56	270	159	3	5734	4928	89	344	1e-42	  154
scaffold18622	OTU_0036	26.49	336	235	4	2939	1953	1	331	2e-18	79.7
scaffold19919	OTU_0054	25.75	334	243	3	3572	2580	6	337	1e-23	96.3
scaffold22262	OTU_0054	25.08	319	233	3	1339	389	23	337	4e-12	60.5
scaffold22863	OTU_0054	25.73	342	243	6	1921	914	1	337	2e-23	95.1
scaffold23567	OTU_0033	28.99	307	189	8	1977	2849	43	336	2e-18	79.7
scaffold26308	OTU_0054	33.03	330	214	3	58	1044	21	344	8e-36	  133
scaffold30601	OTU_0054	25.26	293	192	9	1941	2774	31	311	5e-11	56.6
scaffold34131	OTU_0004	62.03	79	30	0	3246	3482	3	81	1e-21	86.3
scaffold34594	OTU_0054	38.23	361	187	4	2171	3253	21	345	1e-68	  227
scaffold39520	OTU_0009	27.35	340	226	4	2001	1018	6	336	5e-23	93.2
scaffold40207	OTU_0054	25.94	347	237	7	2215	1205	1	337	2e-17	75.9
scaffold49405	OTU_0054	27.01	137	100	0	981	1391	182	318	9e-11	55.1
scaffold49440	OTU_0054	25.17	302	219	3	6	902	40	337	1e-15	70.1
scaffold52735	OTU_0054	26.19	336	232	7	1162	179	7	334	5e-19	80.5
scaffold53564	OTU_0010	67.68	198	63	1	385	978	4	200	1e-66	  214
scaffold70782	OTU_0018	66.47	167	55	1	1519	2019	4	169	4e-49	  163
scaffold72517	OTU_0010	25.89	197	142	2	822	241	2	197	6e-13	59.7
scaffold87569	OTU_0013	35.34	133	83	1	418	20	3	132	6e-20	80.5
scaffold99905	OTU_0054	24.77	331	231	6	199	1167	2	322	4e-19	79.7
scaffold102841	OTU_0027	36.28	215	133	1	1465	821	55	265	1e-40	  140
scaffold104147	OTU_0058	24.48	335	232	7	502	1479	13	335	5e-12	57.8
scaffold117770	OTU_0004	79.53	127	26	0	984	1364	5	131	3e-37	  127
scaffold119142	OTU_0054	50.54	93	46	0	1350	1072	253	345	1e-16	71.6
scaffold183633	OTU_0054	26.92	156	111	2	919	455	184	337	1e-11	55.5
scaffold188467	OTU_0010	27.78	198	130	5	181	753	5	196	1e-11	53.9
scaffold189951	OTU_0054	44.32	185	92	3	950	396	171	344	1e-43	  147
scaffold204737	OTU_0054	27.59	261	181	5	895	125	81	337	2e-12	58.2
scaffold212391	OTU_0034	26.46	189	132	4	587	33	7	192	1e-12	56.6
scaffold237084	OTU_0054	33.98	206	127	3	2	619	150	346	6e-34	  119
scaffold241092	OTU_0060	36.26	91	57	1	288	16	6	95	7e-11	51.6
scaffold264771	OTU_0054	38.37	245	132	3	2	736	120	345	1e-51	  166
scaffold276527	OTU_0054	44.85	136	75	0	615	208	209	344	1e-35	  123
scaffold307165	OTU_0054	35.62	219	125	3	3	659	13	215	2e-39	  133
scaffold323828	OTU_0009	26.21	206	149	2	28	636	17	222	8e-17	69.3
scaffold338960	OTU_0036	29.44	197	126	3	572	9	37	229	3e-15	64.7
scaffold346168	OTU_0040	31.43	140	80	3	554	159	5	136	3e-11	50.4
scaffold381598	OTU_0054	52.08	48	23	0	561	418	298	345	3e-12	55.1
scaffold395573	OTU_0034	77.42	62	14	0	187	2	1	62	1e-21	80.5
scaffold459048	OTU_0043	34.15	123	74	1	375	7	17	132	2e-15	61.6
scaffold478448	OTU_0054	32.61	138	92	1	60	473	178	314	6e-19	73.9
scaffold600756	OTU_0054	45.92	98	53	0	3	296	247	344	3e-17	68.2
scaffold624090	OTU_0050	42.53	87	50	0	124	384	2	88	6e-17	65.5
scaffold634879	OTU_0054	45.16	124	67	1	8	379	32	154	1e-28	  100
scaffold718193	OTU_0054	29.57	115	73	2	7	351	170	276	1e-11	52.0
scaffold746577	OTU_0054	50.00	82	41	0	1	246	263	344	7e-20	75.1
scaffold752560	OTU_0034	82.41	108	18	1	2	325	86	192	4e-57	  171
scaffold768859	OTU_0054	29.36	109	66	2	334	8	137	234	6e-16	64.3
scaffold832481	OTU_0043	34.38	96	63	0	23	310	17	112	3e-14	57.0
scaffold888358	OTU_0022	90.91	99	8	1	299	3	65	162	3e-42	  132
scaffold1156712	OTU_0028	48.19	83	42	1	249	1	70	151	5e-19	69.7
scaffold1283478	OTU_0047	82.05	78	13	1	2	235	74	150	1e-22	79.7
scaffold1314905	OTU_0007	35.06	77	50	0	2	232	15	91	2e-11	48.1
scaffold1486344	OTU_0054	48.89	45	23	0	211	77	300	344	7e-11	48.5
scaffold1579886	OTU_0059	40.00	65	39	0	2	196	6	70	2e-14	56.2
