scaffold00001	OTU_0068	30.77	195	108	3	497572	498084	1	192	6e-22	96.7
scaffold00020	OTU_0068	40.48	210	101	2	273083	272454	1	186	1e-43	  158
scaffold00054	OTU_0008	34.41	186	104	4	307158	307661	1	186	2e-20	90.1
scaffold00274	OTU_0002	73.47	196	51	1	79640	80227	1	195	1e-76	  252
scaffold00278	OTU_0068	38.67	181	93	4	95575	95087	1	181	3e-26	  106
scaffold00330	OTU_0008	35.60	191	104	4	8281	7763	1	190	3e-21	91.3
scaffold00356	OTU_0002	74.11	197	49	2	71237	71827	1	195	2e-81	  266
scaffold00555	OTU_0064	36.17	188	102	3	58868	58359	4	191	1e-24	  101
scaffold01243	OTU_0097	36.90	187	100	4	23011	23517	2	188	9e-27	  106
scaffold01382	OTU_0097	37.43	187	99	4	8062	8568	2	188	1e-21	91.3
scaffold01861	OTU_0068	32.63	190	107	2	4342	4848	3	192	2e-28	  111
scaffold03594	OTU_0008	34.92	189	99	4	1041	538	1	186	6e-24	96.7
scaffold03989	OTU_0068	31.00	200	107	10	4474	5019	1	187	3e-16	73.2
scaffold06055	OTU_0008	37.63	186	98	3	6179	5676	1	186	5e-29	  111
scaffold07689	OTU_0068	34.57	188	93	5	8583	8035	36	198	2e-27	  106
scaffold08615	OTU_0097	34.74	190	100	4	6986	7492	2	188	7e-24	95.5
scaffold10916	OTU_0050	99.31	145	1	0	4695	4261	1	145	2e-83	  265
scaffold11857	OTU_0068	74.63	201	48	1	6237	5635	1	198	7e-99	  311
scaffold20033	OTU_0068	45.70	221	95	2	1398	739	1	197	1e-53	  181
scaffold31541	OTU_0068	47.03	219	95	2	1159	1815	1	198	1e-60	  199
scaffold35950	OTU_0026	49.32	73	36	1	87	302	37	109	4e-17	72.0
scaffold37165	OTU_0008	37.17	191	101	5	1045	527	1	190	1e-30	  113
scaffold40087	OTU_0068	39.37	221	108	3	1277	621	1	197	4e-45	  155
scaffold45708	OTU_0002	37.57	173	87	5	1383	925	10	181	1e-15	68.9
scaffold62749	OTU_0006	43.41	129	64	4	2221	1835	60	179	3e-25	97.1
scaffold88659	OTU_0094	46.60	103	55	0	1125	1433	4	106	6e-25	93.2
scaffold97730	OTU_0068	38.80	183	94	4	1681	1187	2	184	2e-26	99.4
scaffold110122	OTU_0006	99.49	195	1	0	346	930	1	195	4e-122	  353
scaffold110839	OTU_0097	35.94	192	96	6	1093	581	13	198	3e-26	99.0
scaffold212812	OTU_0029	45.83	72	39	0	224	9	3	74	6e-15	63.2
scaffold224183	OTU_0035	38.86	175	89	4	277	747	15	189	3e-24	90.9
scaffold232967	OTU_0075	36.73	147	65	4	1052	624	60	182	5e-21	81.3
scaffold238035	OTU_0006	71.78	163	45	1	2	490	34	195	2e-72	  219
scaffold250557	OTU_0008	36.02	186	93	5	733	230	12	189	1e-24	91.3
scaffold265155	OTU_0068	35.32	201	102	5	1	591	21	197	2e-32	  113
scaffold335976	OTU_0024	42.25	71	41	0	2	214	67	137	1e-11	53.5
scaffold350609	OTU_0057	36.51	63	40	0	648	836	65	127	3e-11	52.4
scaffold370461	OTU_0008	38.46	143	65	4	782	411	52	190	1e-21	82.4
scaffold382710	OTU_0097	34.33	201	111	5	84	632	1	198	7e-27	97.1
scaffold385934	OTU_0002	40.59	170	80	6	329	778	13	181	3e-18	72.4
scaffold407848	OTU_0049	36.23	69	42	1	234	34	1	69	4e-11	51.2
scaffold413859	OTU_0068	38.17	186	88	8	162	647	1	183	3e-27	97.8
scaffold431656	OTU_0028	77.99	159	35	0	275	751	1	159	1e-87	  254
scaffold493715	OTU_0080	38.10	105	65	0	224	538	2	106	3e-23	84.0
scaffold505053	OTU_0008	27.43	175	109	6	518	3	28	187	2e-15	63.5
scaffold532187	OTU_0068	35.06	154	86	7	151	588	40	187	3e-15	63.2
scaffold535418	OTU_0029	38.64	88	53	1	276	16	3	90	3e-15	61.6
scaffold554452	OTU_0029	37.04	108	64	3	363	46	1	106	1e-13	57.0
scaffold571625	OTU_0049	47.17	53	28	0	473	631	2	54	4e-13	55.8
scaffold581052	OTU_0006	40.96	83	44	2	40	288	104	181	2e-13	57.8
scaffold599867	OTU_0002	38.95	172	84	6	524	69	11	181	3e-23	85.9
scaffold605031	OTU_0030	79.53	171	35	0	623	111	25	195	1e-103	  293
scaffold610921	OTU_0068	41.33	75	42	1	338	556	1	75	2e-15	63.2
scaffold621495	OTU_0011	42.67	75	40	2	389	604	3	77	2e-15	62.8
scaffold626194	OTU_0002	37.79	172	86	5	473	18	11	181	9e-25	89.7
scaffold630543	OTU_0024	45.57	79	43	0	30	266	59	137	7e-16	63.9
scaffold670081	OTU_0006	41.76	170	78	6	586	137	13	181	5e-28	98.6
scaffold678986	OTU_0057	54.05	74	33	1	497	279	63	136	4e-20	75.9
scaffold718022	OTU_0008	39.55	134	65	3	1	354	55	188	1e-18	72.4
scaffold771985	OTU_0075	40.00	145	62	6	366	1	2	144	2e-12	54.3
scaffold795299	OTU_0019	66.36	107	36	0	194	514	1	107	2e-50	  153
scaffold864544	OTU_0008	39.04	146	67	3	23	403	44	186	6e-25	89.7
scaffold927753	OTU_0049	54.40	125	57	0	486	112	2	126	5e-44	  137
scaffold958439	OTU_0019	59.34	91	36	1	3	272	17	107	1e-36	  117
scaffold982064	OTU_0011	38.84	121	57	5	165	476	3	123	5e-16	63.5
scaffold999910	OTU_0030	83.44	157	26	0	1	471	14	170	5e-99	  280
scaffold1021994	OTU_0068	43.94	132	53	1	13	408	88	198	2e-20	76.6
scaffold1049425	OTU_0075	34.78	138	68	4	453	94	41	174	1e-16	65.5
scaffold1100927	OTU_0049	37.90	124	57	5	125	436	1	124	4e-20	74.3
scaffold1236869	OTU_0068	54.17	72	33	0	203	418	1	72	3e-21	78.6
scaffold1245368	OTU_0068	36.55	145	76	3	416	30	40	184	1e-20	76.6
scaffold1256037	OTU_0011	47.22	72	38	0	146	361	1	72	8e-16	62.4
scaffold1257176	OTU_0061	45.90	61	32	1	416	237	34	94	6e-14	56.6
scaffold1282523	OTU_0092	48.08	104	54	0	410	99	22	125	1e-30	  102
scaffold1327069	OTU_0019	65.82	79	27	0	167	403	1	79	2e-37	  118
scaffold1328035	OTU_0060	33.02	106	66	3	326	15	4	106	2e-14	58.2
scaffold1363678	OTU_0097	46.91	81	42	1	27	269	114	193	5e-17	66.2
scaffold1415781	OTU_0002	33.33	69	46	0	5	211	112	180	1e-11	50.8
scaffold1480142	OTU_0077	37.88	132	64	4	19	360	1	132	2e-15	61.6
scaffold1517778	OTU_0085	83.17	101	17	0	65	367	1	101	5e-57	  168
scaffold1517787	OTU_0002	47.20	125	47	4	374	54	56	179	1e-23	84.7
scaffold1518617	OTU_0068	37.12	132	63	3	8	343	13	144	2e-16	64.3
scaffold1548943	OTU_0096	39.34	61	35	1	157	333	4	64	2e-13	55.1
scaffold1586812	OTU_0093	92.56	121	9	0	363	1	21	141	2e-85	  242
scaffold1657936	OTU_0026	42.86	91	47	3	326	54	16	101	2e-18	68.6
scaffold1659987	OTU_0097	38.06	134	67	3	356	3	49	182	5e-19	71.6
scaffold1683856	OTU_0008	39.06	128	62	3	18	353	58	185	2e-17	67.0
scaffold1718601	OTU_0010	50.88	57	28	0	63	233	64	120	2e-17	66.2
scaffold1737755	OTU_0027	36.22	127	64	4	347	18	13	139	6e-18	67.8
scaffold1789544	OTU_0060	37.93	87	54	0	61	321	3	89	2e-12	51.6
scaffold1812379	OTU_0026	40.00	60	34	1	1	174	50	109	7e-12	50.4
scaffold1878594	OTU_0008	38.14	118	51	4	308	12	58	172	2e-14	58.2
scaffold1899193	OTU_0068	50.00	70	33	1	1	204	46	115	6e-19	70.9
scaffold1900486	OTU_0027	35.29	119	60	4	23	328	3	121	3e-15	60.1
scaffold1959123	OTU_0042	40.00	55	33	0	82	246	63	117	3e-11	48.5
scaffold1967866	OTU_0027	35.59	118	59	3	303	1	3	120	2e-16	63.2
scaffold2000281	OTU_0029	38.20	89	54	1	49	312	3	91	2e-15	60.1
scaffold2111992	OTU_0068	64.10	39	14	0	310	194	159	197	4e-15	59.7
scaffold2145659	OTU_0075	51.35	74	35	1	247	29	95	168	3e-20	74.3
scaffold2193073	OTU_0006	42.37	118	49	2	303	4	63	179	8e-21	75.9
scaffold2230397	OTU_0006	34.85	66	43	0	4	201	115	180	5e-12	51.2
scaffold2336910	OTU_0097	47.95	73	37	1	4	222	122	193	3e-16	62.8
scaffold2391265	OTU_0076	46.81	47	25	0	280	140	117	163	1e-11	49.7
