scaffold00055	OTU_0077	36.00	200	107	4	101695	102240	2	198	2e-23	98.2
scaffold00090	OTU_0006	36.00	175	92	3	33375	32905	8	180	8e-19	83.6
scaffold00097	OTU_0068	37.50	184	97	4	14431	13934	1	184	2e-22	94.4
scaffold00535	OTU_0068	41.52	224	105	2	844	173	1	198	2e-55	  189
scaffold01384	OTU_0068	44.34	221	97	3	7939	7283	1	197	5e-44	  155
scaffold11878	OTU_0008	34.41	186	104	4	4453	4956	1	186	3e-22	90.1
scaffold21038	OTU_0084	37.23	188	100	4	1869	2378	2	189	1e-25	99.4
scaffold32504	OTU_0002	79.29	140	29	0	2816	3235	7	146	5e-64	  208
scaffold45959	OTU_0008	36.00	175	94	3	1496	1966	12	186	2e-24	95.5
scaffold56014	OTU_0076	40.74	54	31	1	2470	2309	117	169	8e-11	53.5
scaffold64839	OTU_0002	79.28	111	21	2	3	332	86	195	6e-52	  172
scaffold71689	OTU_0068	36.41	184	99	4	502	999	1	184	5e-23	90.5
scaffold75828	OTU_0097	35.83	187	102	4	861	1367	2	188	3e-21	85.1
scaffold93981	OTU_0002	80.10	196	37	2	1765	1181	1	195	2e-78	  243
scaffold98477	OTU_0088	35.14	185	102	4	1369	869	4	188	5e-24	92.8
scaffold98728	OTU_0068	35.33	184	101	4	605	108	1	184	2e-22	88.2
scaffold105391	OTU_0011	44.00	75	40	1	1551	1769	3	77	7e-14	61.6
scaffold114103	OTU_0068	45.64	195	81	2	4	585	27	197	1e-50	  167
scaffold125011	OTU_0068	44.14	222	97	3	1594	935	1	197	1e-54	  178
scaffold139403	OTU_0008	45.57	79	43	0	1523	1287	108	186	7e-18	74.3
scaffold142519	OTU_0002	78.10	105	22	1	1240	1551	1	105	2e-38	  132
scaffold156431	OTU_0097	36.45	203	104	5	761	1306	1	199	5e-27	  100
scaffold162697	OTU_0068	34.19	155	84	4	1040	1450	1	155	7e-18	73.9
scaffold187710	OTU_0008	36.02	186	101	4	873	370	1	186	4e-24	91.7
scaffold194578	OTU_0014	100.00	201	0	0	538	1140	1	201	4e-151	  424
scaffold212117	OTU_0008	37.84	148	75	3	30	425	44	190	8e-21	82.0
scaffold214841	OTU_0002	78.07	187	41	0	445	1005	9	195	2e-99	  291
scaffold243035	OTU_0075	37.72	167	83	5	882	445	2	168	4e-21	82.0
scaffold251420	OTU_0097	34.59	185	103	4	93	593	4	188	1e-25	94.7
scaffold252657	OTU_0061	37.97	79	49	0	1143	907	20	98	6e-15	63.2
scaffold266675	OTU_0008	38.58	197	95	4	500	1036	1	189	8e-26	95.5
scaffold266781	OTU_0019	66.36	107	36	0	761	1081	1	107	1e-48	  155
scaffold307542	OTU_0026	36.36	132	60	2	15	407	1	109	1e-23	87.0
scaffold317747	OTU_0088	36.36	187	101	4	589	83	2	188	6e-25	92.4
scaffold318496	OTU_0019	75.47	53	13	0	869	1027	1	53	2e-23	86.3
scaffold325979	OTU_0026	49.30	71	36	0	13	225	25	95	2e-17	69.7
scaffold458137	OTU_0088	37.42	163	84	4	1	435	26	188	3e-23	87.0
scaffold485998	OTU_0085	84.54	97	15	0	535	825	1	97	5e-59	  179
scaffold521935	OTU_0020	98.97	195	2	0	182	766	1	195	4e-118	  332
scaffold557082	OTU_0010	48.21	56	29	0	520	687	65	120	1e-15	63.9
scaffold567396	OTU_0061	44.74	76	42	0	747	520	23	98	2e-18	70.9
scaffold569231	OTU_0026	68.52	54	17	0	758	597	56	109	9e-22	80.5
scaffold581038	OTU_0068	41.33	75	42	1	233	15	1	75	2e-14	61.2
scaffold602905	OTU_0068	37.23	188	91	6	736	245	1	185	9e-33	  112
scaffold612752	OTU_0068	36.96	184	98	3	132	629	1	184	6e-27	96.7
scaffold620722	OTU_0075	39.52	167	80	5	1	438	2	168	7e-25	90.9
scaffold680058	OTU_0002	37.65	170	85	3	234	683	13	181	3e-26	94.4
scaffold698928	OTU_0006	69.61	181	45	2	679	137	25	195	2e-64	  194
scaffold726076	OTU_0047	43.21	81	46	0	44	286	18	98	1e-16	65.5
scaffold743249	OTU_0002	39.31	173	84	5	141	599	10	181	3e-23	86.3
scaffold779549	OTU_0024	46.05	76	41	0	567	340	62	137	7e-17	67.0
scaffold793912	OTU_0013	88.00	25	3	0	631	557	110	134	2e-11	50.8
scaffold803569	OTU_0006	79.46	112	21	2	3	338	86	195	2e-58	  178
scaffold820120	OTU_0002	87.50	40	5	0	121	2	1	40	1e-20	78.6
scaffold837949	OTU_0049	48.36	122	63	0	373	8	2	123	2e-41	  132
scaffold843859	OTU_0097	34.16	202	106	5	590	48	4	199	9e-26	92.8
scaffold854739	OTU_0068	40.00	75	43	1	378	596	1	75	3e-14	59.7
scaffold887268	OTU_0094	31.62	117	69	5	228	572	3	110	1e-13	57.0
scaffold899047	OTU_0026	41.46	82	46	1	553	314	28	109	2e-15	61.6
scaffold970169	OTU_0020	47.83	69	29	2	221	424	118	180	7e-15	61.2
scaffold1048028	OTU_0008	32.57	175	92	5	2	472	23	189	3e-23	85.1
scaffold1102626	OTU_0068	47.16	176	93	0	530	3	21	196	6e-67	  199
scaffold1121303	OTU_0076	44.59	74	40	1	50	268	90	163	9e-13	54.7
scaffold1130246	OTU_0010	47.22	144	54	2	92	523	1	122	2e-42	  133
scaffold1155112	OTU_0076	29.94	177	96	8	9	515	6	162	2e-14	59.3
scaffold1172419	OTU_0002	38.95	172	84	6	50	505	11	181	4e-27	95.5
scaffold1266365	OTU_0061	36.99	73	46	0	6	224	25	97	1e-15	62.0
scaffold1271881	OTU_0008	32.47	154	80	4	2	415	46	191	3e-21	79.3
scaffold1311457	OTU_0097	100.00	105	0	0	3	317	95	199	1e-75	  220
scaffold1445875	OTU_0092	40.00	85	44	3	286	44	5	86	4e-13	55.1
scaffold1468261	OTU_0027	36.36	132	67	5	102	446	3	134	6e-16	63.2
scaffold1474976	OTU_0008	34.71	121	61	3	309	1	1	121	2e-14	59.7
scaffold1499533	OTU_0002	81.32	91	17	0	275	3	1	91	3e-38	  124
scaffold1503586	OTU_0028	42.86	63	36	0	448	260	127	189	6e-13	55.1
scaffold1621650	OTU_0075	39.87	153	73	5	424	23	16	168	8e-21	77.0
scaffold1668887	OTU_0010	43.28	134	54	2	1	402	15	126	2e-35	  114
scaffold1755030	OTU_0032	41.67	72	42	0	15	230	20	91	9e-16	61.6
scaffold1762607	OTU_0008	33.81	139	74	3	364	2	1	139	2e-19	73.2
scaffold1797646	OTU_0035	36.23	138	70	4	362	3	2	139	1e-17	68.2
scaffold1826942	OTU_0002	83.33	84	14	0	252	1	11	94	1e-31	  106
scaffold1882212	OTU_0061	47.56	82	40	1	138	383	30	108	1e-29	81.6
scaffold1882212	OTU_0061	75.00	32	8	0	1	96	5	36	1e-29	55.1
scaffold1910965	OTU_0002	77.31	119	27	0	357	1	1	119	3e-56	  169
scaffold1929218	OTU_0008	33.33	141	78	3	386	12	32	172	2e-14	58.9
scaffold1939764	OTU_0075	41.10	146	65	5	7	381	2	147	2e-17	67.4
scaffold2000682	OTU_0075	42.74	124	52	4	382	68	45	168	2e-22	80.9
scaffold2137013	OTU_0026	86.21	29	4	0	1	87	81	109	1e-15	60.8
scaffold2169059	OTU_0088	37.50	136	69	3	360	1	56	191	2e-18	69.7
