scaffold20640	OTU_0008	34.41	186	104	4	847	1350	1	186	3e-23	91.3
scaffold41137	OTU_0008	37.63	186	98	3	1229	726	1	186	2e-27	  102
scaffold44024	OTU_0088	36.90	187	100	4	549	43	2	188	6e-27	  100
scaffold53947	OTU_0097	37.50	184	97	4	971	1468	2	185	8e-29	  105
scaffold80701	OTU_0068	46.67	60	31	1	3	179	138	197	4e-13	59.3
scaffold99447	OTU_0005	45.21	73	40	0	1	219	57	129	3e-15	64.7
scaffold114928	OTU_0068	45.25	221	96	3	837	178	1	197	2e-57	  181
scaffold132017	OTU_0029	48.67	113	50	3	462	127	1	106	1e-19	75.9
scaffold138993	OTU_0094	43.81	105	58	1	629	315	3	106	3e-19	74.7
scaffold149493	OTU_0068	35.67	171	92	2	471	13	1	171	1e-25	94.7
scaffold154509	OTU_0010	38.16	76	46	1	164	388	47	122	2e-11	52.8
scaffold213652	OTU_0068	31.43	175	102	3	310	780	8	182	1e-21	82.8
scaffold222528	OTU_0024	39.47	76	46	0	755	528	62	137	2e-12	55.1
scaffold235657	OTU_0057	76.47	68	16	0	805	602	83	150	9e-36	  119
scaffold237729	OTU_0097	34.04	188	108	4	289	804	2	189	4e-17	69.3
scaffold275064	OTU_0080	38.54	96	53	3	309	593	16	106	4e-12	53.5
scaffold307510	OTU_0097	34.76	187	104	4	125	631	2	188	3e-26	95.1
scaffold325414	OTU_0097	34.57	188	99	4	168	668	4	188	7e-20	76.6
scaffold341454	OTU_0068	36.22	185	98	3	610	116	1	185	1e-28	  101
scaffold344957	OTU_0008	37.57	189	94	5	70	573	1	186	8e-32	  109
scaffold350399	OTU_0008	35.48	186	102	5	19	522	1	186	2e-25	92.4
scaffold351246	OTU_0008	37.30	185	92	5	98	589	1	182	6e-30	  104
scaffold356715	OTU_0068	42.21	199	97	6	73	618	1	198	3e-37	  124
scaffold366116	OTU_0008	33.33	189	102	4	511	8	1	186	9e-27	95.9
scaffold372354	OTU_0049	36.78	87	51	2	417	665	1	87	2e-13	56.6
scaffold387546	OTU_0097	36.49	148	76	4	397	8	2	149	8e-14	58.9
scaffold437329	OTU_0075	38.96	77	39	2	620	393	97	166	9e-12	52.8
scaffold487926	OTU_0068	41.67	192	88	1	578	3	1	168	3e-44	  141
scaffold491702	OTU_0068	45.59	68	35	1	215	18	1	68	3e-15	62.8
scaffold499741	OTU_0061	32.91	79	53	0	23	259	20	98	2e-13	56.2
scaffold508341	OTU_0068	35.67	171	92	4	461	3	1	171	4e-22	82.4
scaffold553002	OTU_0096	50.00	54	27	0	162	1	2	55	5e-15	60.5
scaffold559750	OTU_0024	48.68	76	39	0	4	231	64	139	5e-18	69.7
scaffold642833	OTU_0008	38.57	70	43	0	2	211	114	183	7e-13	55.5
scaffold645292	OTU_0049	41.18	68	38	1	259	62	2	69	3e-14	58.5
scaffold655259	OTU_0010	35.11	94	53	2	400	122	44	130	1e-12	53.9
scaffold669973	OTU_0008	42.11	76	44	0	4	231	111	186	4e-15	62.0
scaffold671858	OTU_0068	47.06	68	34	1	216	413	1	68	2e-16	65.5
scaffold694724	OTU_0011	37.96	137	68	4	139	498	3	139	5e-20	74.7
scaffold710631	OTU_0025	63.64	44	16	0	134	3	6	49	2e-14	58.9
scaffold716343	OTU_0064	35.96	178	96	4	485	6	2	179	3e-20	76.3
scaffold720547	OTU_0026	38.96	77	47	0	430	200	19	95	1e-11	50.4
scaffold769085	OTU_0006	40.96	166	77	5	484	47	17	181	3e-24	87.4
scaffold779987	OTU_0011	38.81	67	39	1	290	484	3	69	6e-12	51.6
scaffold791593	OTU_0008	33.33	138	74	3	54	413	46	183	3e-18	70.9
scaffold807691	OTU_0008	36.80	125	57	3	476	159	65	186	3e-19	73.6
scaffold850925	OTU_0019	91.67	48	4	0	144	1	1	48	1e-27	94.0
scaffold865501	OTU_0068	47.17	53	26	1	463	311	130	182	1e-11	51.6
scaffold886849	OTU_0008	36.57	134	68	4	5	358	58	190	1e-19	74.3
scaffold958591	OTU_0027	39.02	123	58	5	115	432	1	123	4e-19	72.0
scaffold1008448	OTU_0050	44.37	142	66	1	27	413	2	143	7e-25	87.4
scaffold1041486	OTU_0049	50.00	80	40	0	252	13	2	81	1e-16	64.7
scaffold1079394	OTU_0075	38.51	148	72	4	419	33	21	168	6e-20	74.7
scaffold1135153	OTU_0049	49.02	51	26	0	254	406	1	51	2e-12	52.4
scaffold1163727	OTU_0008	42.31	78	45	0	355	122	111	188	2e-16	65.1
scaffold1183139	OTU_0032	49.33	75	38	0	20	244	20	94	2e-21	77.0
scaffold1264182	OTU_0008	34.81	135	68	4	390	46	48	182	1e-20	76.6
scaffold1281665	OTU_0026	47.96	98	44	2	22	315	19	109	5e-19	70.5
scaffold1339003	OTU_0010	34.13	126	59	1	1	378	4	105	3e-20	74.3
scaffold1341017	OTU_0096	48.24	85	44	0	266	12	2	86	3e-27	92.4
scaffold1363052	OTU_0049	58.11	74	31	0	156	377	1	74	3e-17	65.9
scaffold1384643	OTU_0002	75.00	32	8	0	100	5	1	32	5e-13	54.7
scaffold1396439	OTU_0008	37.29	118	56	3	300	1	1	118	3e-11	50.1
scaffold1455240	OTU_0026	41.67	120	45	1	364	5	6	100	6e-25	85.9
scaffold1471415	OTU_0031	42.11	76	44	0	355	128	22	97	2e-16	63.2
scaffold1530663	OTU_0064	37.31	134	68	2	358	5	52	185	1e-21	79.0
scaffold1553460	OTU_0090	64.65	99	35	0	58	354	1	99	2e-44	  135
scaffold1558114	OTU_0046	100.00	102	0	0	49	354	1	102	4e-62	  181
scaffold1596704	OTU_0008	34.59	133	65	3	5	346	57	186	3e-19	72.4
scaffold1597913	OTU_0026	40.00	75	45	0	329	105	23	97	3e-11	48.5
scaffold1638405	OTU_0049	60.00	70	28	0	4	213	57	126	1e-26	90.5
scaffold1658469	OTU_0024	40.15	132	57	3	3	341	9	137	6e-25	86.7
scaffold1672003	OTU_0008	36.00	125	64	3	333	7	58	182	1e-16	64.7
scaffold1901588	OTU_0068	41.33	75	42	1	32	250	1	75	1e-14	58.9
scaffold1902035	OTU_0008	35.20	125	63	4	1	321	22	146	2e-14	57.8
scaffold2030229	OTU_0008	34.48	116	60	3	7	306	57	172	2e-12	52.8
scaffold2048626	OTU_0068	47.62	105	54	1	313	2	44	148	8e-29	97.4
scaffold2051345	OTU_0008	44.78	67	37	0	310	110	120	186	9e-14	56.2
scaffold2071568	OTU_0026	51.43	70	25	2	309	115	44	109	3e-18	67.8
scaffold2148249	OTU_0043	41.94	93	53	1	290	12	15	106	4e-19	69.7
scaffold2179402	OTU_0057	39.13	69	42	0	2	208	66	134	7e-14	55.8
scaffold2228250	OTU_0049	53.75	80	37	0	56	295	2	81	1e-25	87.4
scaffold2331325	OTU_0068	40.86	93	31	2	285	7	91	159	3e-15	60.1
scaffold2352096	OTU_0087	36.17	94	53	3	269	9	15	108	2e-13	54.7
scaffold2358893	OTU_0008	32.43	111	59	2	3	287	36	146	7e-13	53.5
scaffold2412691	OTU_0008	36.54	104	48	4	10	267	23	126	3e-13	54.7
scaffold2413270	OTU_0010	44.93	69	35	2	288	91	61	129	1e-13	55.1
scaffold2456317	OTU_0008	37.25	102	48	2	29	286	44	145	4e-15	59.7
scaffold2461581	OTU_0047	39.51	81	48	1	267	25	21	100	7e-15	58.2
scaffold2507797	OTU_0049	40.58	69	39	1	218	18	1	69	2e-14	57.0
scaffold2520995	OTU_0057	40.00	55	33	0	271	107	80	134	1e-11	49.3
scaffold2541425	OTU_0066	46.67	60	30	1	82	255	1	60	3e-12	50.8
scaffold2542490	OTU_0048	37.89	95	43	4	2	238	8	102	3e-11	47.8
