scaffold00009	OTU_0097	36.17	188	102	4	114598	115107	1	188	7e-26	  106
scaffold00011	OTU_0088	36.50	200	106	6	165669	165127	2	199	5e-23	97.8
scaffold00064	OTU_0010	44.30	79	36	2	11796	11563	47	118	2e-14	69.7
scaffold00132	OTU_0068	36.49	222	111	5	76582	77232	1	197	6e-37	  137
scaffold00175	OTU_0088	37.00	200	105	6	44160	43618	2	199	1e-23	98.2
scaffold00177	OTU_0068	38.80	183	91	5	13517	13032	1	183	3e-25	  102
scaffold00192	OTU_0097	37.30	185	98	4	66797	66297	4	188	7e-25	  101
scaffold00231	OTU_0068	37.43	171	86	5	25215	24766	13	183	5e-22	93.2
scaffold01383	OTU_0008	39.11	202	102	5	22018	22569	1	199	2e-29	  113
scaffold01770	OTU_0068	30.81	185	110	3	9517	10017	1	185	2e-14	67.8
scaffold02978	OTU_0068	38.67	181	93	4	6574	6086	1	181	2e-27	  107
scaffold02995	OTU_0097	38.38	198	101	5	3430	2891	4	198	2e-28	  109
scaffold03786	OTU_0088	36.36	187	101	3	5158	4652	2	188	6e-26	  102
scaffold04639	OTU_0035	35.23	193	106	5	1827	2351	2	193	3e-23	94.4
scaffold06753	OTU_0002	38.71	93	35	3	943	1188	112	193	2e-11	57.4
scaffold07124	OTU_0035	33.16	196	112	5	3613	4146	5	199	3e-23	94.0
scaffold10461	OTU_0002	40.86	93	33	3	3241	2996	112	193	8e-14	64.7
scaffold10696	OTU_0068	33.15	184	105	2	2532	2035	1	184	2e-19	82.4
scaffold15561	OTU_0008	34.03	191	107	4	1299	1817	1	190	1e-24	97.4
scaffold16628	OTU_0008	39.86	148	72	5	5810	5415	44	190	3e-20	84.0
scaffold20112	OTU_0088	36.36	187	101	3	2139	2645	2	188	8e-26	  100
scaffold27162	OTU_0008	34.95	186	103	3	2246	1743	1	186	2e-25	99.4
scaffold29237	OTU_0008	34.34	198	106	4	3066	3587	1	198	2e-25	99.0
scaffold36609	OTU_0084	37.23	188	100	4	3012	2503	2	189	6e-26	  100
scaffold54014	OTU_0097	36.22	185	100	4	2505	2005	4	188	7e-28	  105
scaffold57014	OTU_0080	100.00	106	0	0	1037	720	1	106	5e-70	  221
scaffold68579	OTU_0010	45.57	79	35	2	553	320	47	118	6e-17	71.2
scaffold70927	OTU_0002	39.33	178	85	6	1649	2122	13	187	3e-23	91.7
scaffold73726	OTU_0088	36.90	187	100	4	1410	1916	2	188	4e-26	99.8
scaffold99649	OTU_0088	99.50	201	1	0	1180	1782	1	201	2e-133	  387
scaffold102711	OTU_0068	34.18	196	109	4	874	344	1	195	6e-29	  107
scaffold105728	OTU_0008	35.35	198	107	5	275	814	1	195	8e-28	  104
scaffold106367	OTU_0002	72.45	196	53	1	1589	1002	1	195	5e-82	  253
scaffold122872	OTU_0002	33.89	180	87	7	1069	587	13	179	3e-19	78.6
scaffold144614	OTU_0064	34.59	185	103	3	571	71	4	188	3e-23	90.5
scaffold160681	OTU_0068	34.68	173	92	5	977	1432	11	183	2e-20	81.6
scaffold163721	OTU_0030	100.00	176	0	0	2	529	20	195	2e-116	  337
scaffold186707	OTU_0068	39.92	243	97	5	1166	450	1	198	4e-45	  150
scaffold189280	OTU_0094	37.50	80	49	1	247	11	12	91	2e-12	56.2
scaffold194616	OTU_0097	37.43	187	99	4	1231	725	2	188	7e-24	91.3
scaffold248139	OTU_0010	50.37	135	62	2	21	422	1	131	1e-45	  148
scaffold284435	OTU_0088	36.11	180	97	4	599	1084	4	183	3e-20	79.7
scaffold295722	OTU_0024	47.30	74	39	0	4	225	64	137	1e-15	65.9
scaffold296334	OTU_0049	54.35	92	42	0	784	1059	2	93	2e-32	  112
scaffold327175	OTU_0088	35.87	184	100	4	492	989	2	185	2e-24	90.9
scaffold352256	OTU_0026	62.50	40	14	1	958	842	70	109	3e-11	51.6
scaffold360426	OTU_0068	38.04	184	93	5	738	250	1	184	1e-34	  119
scaffold360457	OTU_0008	100.00	199	0	0	236	832	1	199	5e-150	  416
scaffold389938	OTU_0068	34.90	149	83	2	900	496	34	182	4e-24	89.7
scaffold394102	OTU_0008	34.13	167	86	4	444	7	1	164	7e-21	80.5
scaffold449057	OTU_0020	75.00	48	12	0	8	151	148	195	7e-21	80.1
scaffold511431	OTU_0049	37.88	66	39	1	579	770	2	67	1e-11	52.4
scaffold582573	OTU_0061	38.67	75	41	2	461	682	25	95	6e-13	55.5
scaffold644762	OTU_0008	36.07	183	92	5	6	491	12	190	1e-26	95.9
scaffold693429	OTU_0073	98.35	121	2	0	282	644	2	122	2e-87	  250
scaffold696870	OTU_0042	100.00	93	0	0	1	279	25	117	7e-67	  197
scaffold740968	OTU_0068	46.89	177	73	1	7	537	43	198	6e-47	  148
scaffold783634	OTU_0061	28.75	80	56	1	13	252	23	101	1e-12	53.9
scaffold800626	OTU_0094	40.91	88	50	2	4	261	22	109	7e-17	65.9
scaffold852561	OTU_0008	36.03	136	70	3	570	211	56	190	5e-20	76.6
scaffold869790	OTU_0068	40.76	157	70	5	565	155	45	198	2e-19	74.3
scaffold880924	OTU_0024	44.78	67	37	0	560	360	71	137	2e-14	59.7
scaffold883656	OTU_0008	43.04	79	44	1	557	321	113	190	3e-17	68.2
scaffold912539	OTU_0088	35.17	145	76	4	152	532	4	148	3e-19	73.9
scaffold970754	OTU_0013	74.79	119	30	0	3	359	16	134	2e-54	  164
scaffold973261	OTU_0071	93.94	66	4	0	333	530	1	66	2e-40	  127
scaffold1027118	OTU_0068	39.13	184	84	6	504	28	1	181	1e-26	94.0
scaffold1039015	OTU_0026	57.50	40	17	0	182	63	70	109	2e-13	55.5
scaffold1095526	OTU_0006	38.67	75	44	1	44	268	112	184	1e-12	54.3
scaffold1149274	OTU_0002	44.00	75	35	2	325	104	112	180	3e-14	58.9
scaffold1149840	OTU_0097	42.47	73	41	1	2	220	122	193	4e-14	58.5
scaffold1266898	OTU_0035	84.00	150	24	0	3	452	32	181	7e-79	  228
scaffold1282726	OTU_0097	46.67	90	47	1	33	302	111	199	3e-19	73.2
scaffold1283567	OTU_0008	34.93	146	74	5	2	376	1	146	2e-17	68.2
scaffold1309003	OTU_0008	33.13	163	86	4	2	433	32	190	3e-22	81.6
scaffold1457724	OTU_0002	40.24	82	37	2	62	307	110	179	4e-12	52.4
scaffold1464769	OTU_0011	38.02	121	58	4	103	414	3	123	2e-16	64.3
scaffold1468507	OTU_0041	100.00	138	0	0	2	415	17	154	2e-102	  288
scaffold1504248	OTU_0029	40.23	87	51	1	273	16	4	90	4e-16	62.8
scaffold1530875	OTU_0024	48.53	68	35	0	399	196	70	137	2e-15	61.6
scaffold1540698	OTU_0008	33.58	134	72	4	3	356	58	190	2e-18	70.5
scaffold1559996	OTU_0018	75.31	81	20	0	1	243	24	104	6e-44	  135
scaffold1563127	OTU_0088	36.62	142	72	4	29	400	13	154	9e-20	74.3
scaffold1570860	OTU_0061	36.71	79	50	0	69	305	20	98	8e-16	61.6
scaffold1613426	OTU_0021	84.09	88	14	0	392	129	43	130	4e-53	  159
scaffold1637359	OTU_0049	37.68	69	41	1	185	385	1	69	6e-13	53.9
scaffold1708127	OTU_0008	35.77	137	72	2	370	8	36	172	1e-18	70.9
scaffold1708722	OTU_0080	41.30	92	47	3	281	6	6	90	2e-12	52.0
scaffold1774871	OTU_0019	64.49	107	38	0	363	43	1	107	5e-49	  147
scaffold1793755	OTU_0068	46.15	65	35	0	173	367	1	65	1e-11	50.8
scaffold1805481	OTU_0068	41.18	68	33	1	9	191	115	182	2e-11	50.1
scaffold1900253	OTU_0068	45.59	68	35	1	278	81	1	68	2e-14	58.2
scaffold1903646	OTU_0029	49.45	91	43	2	1	270	18	106	3e-16	62.8
scaffold1952801	OTU_0049	36.92	65	39	1	161	349	1	65	6e-11	47.8
