scaffold00030	OTU_0008	35.08	191	105	5	35044	34526	1	190	7e-24	  100
scaffold00067	OTU_0068	41.52	224	105	2	843	172	1	198	7e-55	  189
scaffold02974	OTU_0068	36.41	184	99	4	3846	4343	1	184	7e-22	90.5
scaffold06923	OTU_0008	36.02	186	101	3	5013	5516	1	186	6e-23	92.8
scaffold09485	OTU_0006	37.78	180	92	3	4904	4422	1	179	9e-18	77.0
scaffold10398	OTU_0002	74.21	190	48	1	1652	1083	7	195	7e-80	  257
scaffold12129	OTU_0008	36.02	186	101	3	71	574	1	186	2e-24	97.1
scaffold15043	OTU_0097	36.79	193	101	6	5161	4637	10	199	5e-21	86.7
scaffold21595	OTU_0088	37.31	193	102	5	47	571	2	193	2e-24	96.7
scaffold21721	OTU_0088	36.36	187	101	4	1890	2396	2	188	9e-25	97.4
scaffold22515	OTU_0077	36.02	186	101	4	2767	3270	3	188	1e-20	85.1
scaffold23195	OTU_0003	88.42	95	11	0	3	287	28	122	5e-55	  181
scaffold28717	OTU_0008	35.00	200	98	5	1018	482	1	189	2e-25	99.0
scaffold32583	OTU_0036	100.00	96	0	0	289	2	1	96	6e-62	  200
scaffold80956	OTU_0008	36.60	194	98	5	1551	2069	1	190	5e-23	90.5
scaffold80962	OTU_0097	49.38	81	40	1	1984	1742	114	193	3e-17	73.2
scaffold82626	OTU_0026	40.35	114	41	2	3	344	23	109	5e-23	87.8
scaffold82993	OTU_0002	72.45	196	53	1	1934	1347	1	195	7e-87	  266
scaffold99642	OTU_0008	37.11	194	97	5	732	214	1	190	2e-30	  111
scaffold101276	OTU_0057	26.43	140	93	3	366	770	1	135	6e-13	58.9
scaffold107959	OTU_0008	34.13	167	92	4	1301	1747	1	167	6e-17	71.6
scaffold113564	OTU_0026	88.00	25	3	0	70	144	85	109	1e-11	54.7
scaffold119845	OTU_0097	31.94	191	106	4	583	1092	2	189	3e-24	93.2
scaffold120011	OTU_0013	84.85	33	5	0	2	100	102	134	4e-15	65.1
scaffold130647	OTU_0008	35.45	189	98	4	520	1023	1	186	3e-23	90.1
scaffold143511	OTU_0024	42.05	88	45	1	1444	1199	62	149	1e-15	66.6
scaffold180020	OTU_0097	37.93	174	84	5	4	462	15	185	2e-26	97.8
scaffold185950	OTU_0002	83.82	68	11	0	205	2	1	68	1e-29	  106
scaffold199729	OTU_0097	35.06	174	95	4	385	852	15	188	7e-24	90.5
scaffold254493	OTU_0019	63.11	103	38	0	756	1064	1	103	3e-43	  140
scaffold259610	OTU_0011	38.02	121	58	3	313	2	1	121	1e-15	65.5
scaffold283595	OTU_0006	39.66	174	84	6	504	965	11	183	3e-24	90.5
scaffold288562	OTU_0008	34.03	144	76	5	984	610	43	186	2e-20	79.3
scaffold306826	OTU_0024	44.44	72	40	0	3	218	66	137	2e-13	58.5
scaffold334694	OTU_0026	51.43	70	33	1	6	212	40	109	1e-14	61.6
scaffold352155	OTU_0059	91.04	67	6	0	1	201	64	130	1e-41	  135
scaffold352868	OTU_0088	36.36	143	73	4	501	875	2	144	4e-15	63.9
scaffold451993	OTU_0094	40.43	94	52	3	413	688	15	106	9e-16	63.5
scaffold453702	OTU_0020	39.71	68	33	1	765	562	120	179	5e-11	52.0
scaffold474845	OTU_0002	74.49	196	49	1	143	730	1	195	4e-97	  278
scaffold488625	OTU_0002	39.55	134	61	4	365	24	10	143	2e-17	69.7
scaffold493639	OTU_0097	40.88	137	65	3	1	363	49	185	3e-23	86.3
scaffold499170	OTU_0008	37.63	186	98	3	512	9	1	186	7e-32	  110
scaffold501142	OTU_0068	36.17	141	70	3	409	47	1	141	5e-22	82.8
scaffold553073	OTU_0088	33.52	182	103	4	649	158	4	185	4e-25	91.7
scaffold574071	OTU_0068	33.52	182	103	4	2	493	3	184	1e-22	84.3
scaffold603714	OTU_0068	32.95	176	59	5	1	513	77	198	3e-21	80.5
scaffold612663	OTU_0057	30.77	143	91	2	558	130	1	135	1e-14	60.5
scaffold624793	OTU_0094	32.48	117	68	5	267	611	3	110	3e-14	58.5
scaffold638281	OTU_0057	43.55	124	50	6	624	313	13	136	2e-19	74.3
scaffold680961	OTU_0011	35.56	135	64	5	260	604	3	134	7e-17	66.6
scaffold699587	OTU_0013	72.22	108	30	0	598	275	27	134	1e-51	  158
scaffold700201	OTU_0055	97.64	127	3	0	54	434	1	127	2e-92	  262
scaffold714107	OTU_0068	44.64	168	87	1	2	487	17	184	1e-41	  134
scaffold781043	OTU_0068	46.91	162	61	3	18	500	60	197	1e-40	  131
scaffold825468	OTU_0002	76.14	88	21	0	281	544	1	88	8e-32	  108
scaffold848283	OTU_0013	40.85	71	41	1	172	381	48	118	1e-12	53.9
scaffold906974	OTU_0026	50.94	53	26	0	504	346	43	95	1e-12	53.5
scaffold911205	OTU_0026	35.80	81	36	2	38	259	23	94	2e-11	50.1
scaffold994367	OTU_0049	42.86	126	72	0	46	423	1	126	6e-31	  103
scaffold1009890	OTU_0005	44.44	72	40	0	485	270	58	129	7e-15	60.1
scaffold1060473	OTU_0011	50.00	68	32	1	210	407	3	70	2e-16	64.7
scaffold1063908	OTU_0068	50.00	68	32	1	190	387	1	68	6e-16	63.9
scaffold1079343	OTU_0026	47.76	67	33	1	3	197	43	109	2e-15	61.2
scaffold1156444	OTU_0006	72.67	150	40	1	1	450	31	179	3e-68	  201
scaffold1165509	OTU_0076	45.95	74	39	1	371	153	90	163	2e-18	70.5
scaffold1190982	OTU_0049	48.24	85	44	0	174	428	2	86	2e-27	93.6
scaffold1226246	OTU_0008	36.13	155	83	2	420	4	32	186	1e-23	85.5
scaffold1285845	OTU_0050	44.93	138	63	1	47	421	2	139	9e-26	89.7
scaffold1293210	OTU_0095	37.98	129	64	3	79	417	13	141	1e-18	70.5
scaffold1306643	OTU_0012	38.46	65	39	1	10	201	37	101	2e-11	49.3
scaffold1310040	OTU_0068	76.81	69	16	0	4	210	130	198	5e-24	86.3
scaffold1346955	OTU_0002	76.00	100	24	0	302	3	1	100	1e-40	  129
scaffold1365018	OTU_0068	47.06	68	35	1	112	312	1	68	8e-16	63.2
scaffold1377485	OTU_0008	34.04	141	69	4	408	49	8	145	7e-19	71.6
scaffold1386736	OTU_0094	31.19	109	67	4	50	367	3	106	5e-12	51.2
scaffold1442501	OTU_0055	40.16	127	53	4	3	380	3	107	2e-25	87.8
scaffold1449428	OTU_0097	46.67	75	40	0	89	313	114	188	9e-18	68.6
scaffold1450366	OTU_0026	46.58	73	38	1	80	295	37	109	1e-16	63.9
scaffold1500708	OTU_0068	32.41	145	72	6	15	386	32	171	2e-19	73.2
scaffold1502818	OTU_0057	48.53	68	34	1	187	387	63	130	5e-15	60.1
scaffold1540120	OTU_0043	39.42	104	61	2	75	380	2	105	6e-19	70.1
scaffold1557237	OTU_0068	44.83	58	32	0	376	203	130	187	5e-12	52.0
scaffold1582744	OTU_0080	34.52	84	50	2	261	10	12	90	1e-11	49.7
scaffold1613590	OTU_0068	51.47	68	31	1	171	368	1	68	3e-19	72.4
scaffold1623401	OTU_0010	51.79	112	50	1	338	3	1	108	3e-39	  123
scaffold1625856	OTU_0026	45.21	73	38	1	362	150	37	109	2e-17	66.2
scaffold1655708	OTU_0026	100.00	101	0	0	303	1	1	101	5e-72	  206
scaffold1892568	OTU_0092	38.30	94	42	3	35	307	2	82	9e-14	55.8
scaffold1922020	OTU_0026	47.95	73	37	1	296	81	37	109	3e-20	73.2
scaffold1995098	OTU_0048	37.23	94	43	2	305	72	5	98	1e-11	49.7
scaffold2011573	OTU_0057	35.65	115	45	4	56	328	11	120	1e-13	55.5
scaffold2064796	OTU_0047	43.42	76	43	0	25	252	21	96	9e-17	63.9
scaffold2122339	OTU_0087	42.03	69	38	1	115	315	2	70	9e-12	50.1
scaffold2151105	OTU_0005	42.31	78	45	0	74	307	52	129	1e-16	63.9
scaffold2184613	OTU_0057	53.75	80	35	1	2	241	73	150	5e-27	91.7
