scaffold00164	OTU_0002	78.57	196	41	1	87700	87113	1	195	4e-91	  294
scaffold00244	OTU_0008	31.82	198	111	5	47528	48049	1	198	3e-20	88.2
scaffold00416	OTU_0008	36.56	186	92	5	34166	34669	12	189	3e-21	90.5
scaffold01240	OTU_0097	36.17	188	96	4	26169	25669	4	188	4e-22	92.0
scaffold02006	OTU_0002	70.73	205	50	2	7480	6866	1	195	1e-74	  244
scaffold02564	OTU_0008	35.00	140	67	4	2	373	58	189	5e-16	72.8
scaffold03412	OTU_0068	38.17	186	88	8	4737	4252	1	183	3e-24	97.8
scaffold12636	OTU_0002	77.55	196	43	1	4404	3817	1	195	4e-86	  275
scaffold16086	OTU_0008	39.25	186	95	3	88	591	1	186	5e-24	95.5
scaffold24985	OTU_0008	46.84	79	42	0	4055	3819	108	186	6e-17	73.6
scaffold27154	OTU_0002	77.02	161	36	1	3419	3901	1	160	5e-75	  241
scaffold32826	OTU_0068	32.82	195	104	3	3408	2896	1	192	1e-26	  102
scaffold39306	OTU_0068	29.57	186	107	2	2394	2888	1	183	5e-23	91.7
scaffold40712	OTU_0049	56.36	110	48	0	330	1	2	111	2e-33	  119
scaffold41376	OTU_0077	97.51	201	5	0	1092	1694	1	201	3e-140	  414
scaffold59774	OTU_0068	35.87	184	100	3	2095	1598	1	184	5e-23	90.9
scaffold60574	OTU_0028	99.50	201	1	0	1369	1971	1	201	6e-129	  380
scaffold88267	OTU_0008	39.73	73	44	0	1962	1744	111	183	6e-15	65.9
scaffold100576	OTU_0077	36.02	186	101	4	561	1064	3	188	3e-21	85.1
scaffold112009	OTU_0068	30.41	194	108	3	578	1087	2	192	5e-25	95.9
scaffold114715	OTU_0035	76.32	114	27	0	1785	1444	88	201	2e-57	  186
scaffold147191	OTU_0024	43.68	87	48	1	1485	1225	62	147	3e-15	65.9
scaffold172955	OTU_0068	42.79	201	112	1	194	796	1	198	1e-60	  192
scaffold173231	OTU_0014	100.00	191	0	0	1	573	11	201	3e-141	  400
scaffold174179	OTU_0077	36.00	200	107	5	1072	527	2	198	3e-29	  106
scaffold188056	OTU_0030	34.96	123	64	3	2	322	59	181	1e-15	67.0
scaffold203197	OTU_0068	45.29	223	94	5	1038	379	1	198	1e-58	  186
scaffold211302	OTU_0097	37.57	189	97	6	11	523	13	198	5e-26	96.7
scaffold246387	OTU_0068	41.33	75	42	1	271	53	1	75	7e-12	55.5
scaffold247235	OTU_0068	34.78	184	102	4	150	647	1	184	1e-25	95.1
scaffold249363	OTU_0010	44.30	79	42	2	1175	942	49	126	3e-17	70.1
scaffold269135	OTU_0068	36.02	186	92	7	705	220	1	183	8e-25	92.4
scaffold293379	OTU_0068	36.96	184	98	3	42	539	1	184	3e-26	96.3
scaffold306609	OTU_0075	43.00	100	51	3	37	321	84	182	2e-22	85.1
scaffold310432	OTU_0020	55.88	68	30	0	46	249	128	195	9e-22	83.6
scaffold328697	OTU_0049	51.22	123	60	0	620	988	2	124	4e-41	  135
scaffold404398	OTU_0051	97.44	39	1	0	789	905	1	39	4e-24	87.4
scaffold410919	OTU_0010	44.30	79	36	2	327	94	47	118	1e-16	67.0
scaffold413634	OTU_0008	36.02	186	101	3	872	369	1	186	4e-30	  107
scaffold420482	OTU_0008	35.92	142	74	4	888	511	50	190	7e-21	80.5
scaffold446587	OTU_0049	40.48	126	75	0	471	848	1	126	3e-34	  115
scaffold469326	OTU_0006	36.62	71	45	0	167	379	112	182	4e-11	52.8
scaffold472113	OTU_0011	39.67	121	56	4	510	821	3	123	4e-16	65.5
scaffold472771	OTU_0002	37.13	167	84	5	393	833	11	176	6e-21	80.1
scaffold518537	OTU_0002	76.32	190	44	1	6	575	7	195	3e-100	  287
scaffold543809	OTU_0049	47.62	84	44	0	254	3	2	85	1e-25	91.7
scaffold546385	OTU_0049	37.18	78	47	1	534	761	1	78	1e-11	52.8
scaffold598512	OTU_0002	84.87	119	18	0	357	1	1	119	2e-57	  177
scaffold626153	OTU_0002	77.96	186	40	1	157	714	1	185	8e-99	  282
scaffold631684	OTU_0075	30.99	71	49	0	143	355	97	167	1e-11	53.1
scaffold657022	OTU_0088	38.32	167	85	4	2	448	22	188	4e-22	83.2
scaffold683825	OTU_0097	34.52	197	104	5	547	20	1	193	9e-29	  101
scaffold695046	OTU_0097	36.46	192	95	5	6	518	13	198	3e-29	  102
scaffold702892	OTU_0026	38.14	118	46	2	666	319	17	109	4e-19	72.8
scaffold764355	OTU_0068	34.78	184	94	7	152	634	1	181	4e-31	  107
scaffold768897	OTU_0068	46.88	64	32	1	191	6	1	64	7e-11	50.8
scaffold781273	OTU_0008	34.22	187	103	5	508	5	1	186	6e-24	87.8
scaffold811017	OTU_0068	45.59	68	35	1	199	2	1	68	1e-15	63.9
scaffold826351	OTU_0068	43.28	67	36	1	496	302	132	198	1e-14	61.2
scaffold840859	OTU_0024	43.24	74	42	0	609	388	64	137	2e-14	59.7
scaffold842824	OTU_0008	37.42	155	81	3	10	426	32	186	4e-25	90.9
scaffold856806	OTU_0049	34.15	82	52	1	242	3	1	82	4e-15	61.2
scaffold948059	OTU_0024	46.05	76	41	0	39	266	62	137	1e-16	65.9
scaffold951335	OTU_0068	33.95	162	89	4	434	3	1	162	8e-20	75.9
scaffold962179	OTU_0068	79.17	48	10	0	6	149	151	198	3e-22	82.8
scaffold980409	OTU_0008	38.52	122	57	3	314	3	1	122	6e-14	58.5
scaffold1035209	OTU_0024	44.30	79	44	0	536	300	59	137	2e-16	65.5
scaffold1046234	OTU_0002	82.50	40	7	0	135	16	1	40	5e-19	73.2
scaffold1064848	OTU_0024	45.95	74	40	0	1	222	64	137	6e-17	66.6
scaffold1075026	OTU_0049	62.79	43	16	0	132	4	5	47	1e-15	62.4
scaffold1124420	OTU_0011	48.00	75	37	1	228	10	3	77	5e-16	63.5
scaffold1164511	OTU_0026	39.81	108	40	1	1	324	27	109	1e-18	70.5
scaffold1170046	OTU_0043	38.36	73	44	1	292	507	15	87	3e-12	52.4
scaffold1173782	OTU_0008	34.23	149	74	4	3	401	49	189	7e-18	69.7
scaffold1209728	OTU_0051	97.92	48	1	0	145	2	1	48	1e-31	  104
scaffold1299069	OTU_0035	35.29	170	92	4	2	457	20	189	2e-16	65.5
scaffold1331506	OTU_0008	34.83	178	92	4	472	2	5	179	6e-24	86.3
scaffold1376037	OTU_0060	40.22	92	53	2	174	443	15	106	6e-18	68.2
scaffold1403301	OTU_0035	76.92	26	6	0	381	458	1	26	6e-12	52.4
scaffold1464474	OTU_0002	91.30	23	2	0	380	448	9	31	9e-12	51.6
scaffold1482591	OTU_0005	45.33	75	41	0	367	143	55	129	3e-16	63.9
scaffold1496337	OTU_0010	43.04	79	45	0	77	313	44	122	1e-19	72.8
scaffold1565470	OTU_0049	31.75	126	68	3	338	15	1	126	9e-15	59.3
scaffold1573775	OTU_0092	50.70	71	35	0	217	429	2	72	6e-17	65.9
scaffold1583178	OTU_0005	35.11	131	63	3	68	403	2	129	1e-15	62.0
scaffold1623418	OTU_0008	37.12	132	61	3	62	400	58	186	4e-20	75.5
scaffold1678586	OTU_0005	65.62	32	11	0	338	243	96	127	9e-11	47.8
scaffold1681782	OTU_0027	35.83	120	60	3	310	2	1	120	2e-17	67.0
scaffold1695555	OTU_0010	49.06	53	27	0	412	254	70	122	3e-15	60.5
scaffold1761517	OTU_0087	40.45	89	49	2	269	15	2	90	2e-15	60.8
scaffold1787436	OTU_0097	50.00	72	36	0	386	171	114	185	6e-17	66.2
scaffold1788634	OTU_0068	51.67	60	27	1	399	226	54	113	7e-16	63.2
scaffold1813040	OTU_0057	30.86	81	40	3	143	367	65	135	2e-11	49.7
scaffold1846955	OTU_0097	36.18	152	73	4	394	2	18	166	1e-18	70.9
scaffold1914333	OTU_0066	57.83	83	35	0	134	382	1	83	4e-30	99.8
