scaffold00015	OTU_0097	35.33	184	101	4	31823	31326	2	185	3e-24	  100
scaffold00329	OTU_0008	37.10	186	99	3	1696	2199	1	186	7e-22	91.7
scaffold01932	OTU_0002	76.53	196	45	1	7964	8551	1	195	7e-93	  295
scaffold05875	OTU_0094	40.00	105	62	1	6669	6355	3	106	8e-18	75.1
scaffold07712	OTU_0088	36.76	185	99	4	2540	3040	4	188	5e-21	86.7
scaffold09630	OTU_0068	33.53	170	95	3	3828	4283	15	184	2e-20	84.7
scaffold10870	OTU_0024	48.61	72	37	0	1	216	66	137	4e-15	67.8
scaffold15006	OTU_0013	46.84	79	42	0	4249	4013	43	121	3e-16	70.5
scaffold16755	OTU_0002	31.75	189	102	7	145	660	1	179	4e-14	64.7
scaffold17249	OTU_0088	36.36	187	101	4	3064	2558	2	188	4e-23	92.4
scaffold18872	OTU_0097	37.17	191	101	5	2062	1544	4	193	2e-26	  102
scaffold45990	OTU_0075	41.92	167	76	5	619	1056	2	168	8e-25	95.9
scaffold55947	OTU_0002	35.88	170	88	5	1203	1652	13	181	3e-20	82.0
scaffold66901	OTU_0008	34.95	186	103	4	719	216	1	186	2e-25	97.4
scaffold69096	OTU_0008	28.87	142	84	5	1119	700	61	187	4e-11	53.9
scaffold72590	OTU_0097	35.68	185	101	4	1125	625	4	188	3e-26	99.8
scaffold77346	OTU_0008	37.63	186	98	3	317	820	1	186	3e-23	90.9
scaffold78611	OTU_0097	35.23	193	106	5	949	425	2	193	3e-24	93.6
scaffold87490	OTU_0068	42.50	160	73	5	2	427	40	198	3e-20	82.0
scaffold87811	OTU_0068	34.78	184	102	4	779	1276	1	184	4e-25	96.3
scaffold95315	OTU_0096	57.14	63	27	0	1561	1749	2	64	2e-21	82.8
scaffold122623	OTU_0026	35.04	117	49	2	3	347	18	109	3e-15	64.7
scaffold140256	OTU_0068	67.69	65	21	0	3	197	134	198	1e-25	96.3
scaffold151866	OTU_0008	38.14	194	95	5	1028	510	1	190	4e-25	94.7
scaffold164256	OTU_0011	45.59	68	35	1	1108	1305	3	70	8e-13	57.8
scaffold171910	OTU_0008	36.56	186	100	3	712	209	1	186	9e-24	90.5
scaffold177896	OTU_0002	50.91	220	82	3	412	1068	1	195	6e-62	  194
scaffold186449	OTU_0049	42.86	70	35	2	201	1	1	68	2e-13	59.3
scaffold214693	OTU_0097	35.64	188	97	4	886	386	4	188	6e-25	93.2
scaffold278020	OTU_0008	37.10	186	99	3	279	782	1	186	5e-30	  107
scaffold313240	OTU_0006	33.82	136	70	3	350	3	1	136	3e-16	67.4
scaffold412790	OTU_0092	46.48	71	30	2	221	15	6	70	9e-13	56.2
scaffold416550	OTU_0068	43.28	67	36	1	97	291	132	198	7e-14	60.1
scaffold481305	OTU_0068	33.52	176	97	5	552	82	8	182	1e-21	82.0
scaffold483075	OTU_0068	43.69	206	93	1	3	620	16	198	6e-59	  181
scaffold509025	OTU_0061	44.74	76	42	0	80	307	20	95	2e-17	68.2
scaffold539692	OTU_0094	40.95	105	61	1	390	704	3	106	1e-22	82.8
scaffold606819	OTU_0013	95.45	22	1	0	663	598	113	134	3e-11	50.8
scaffold716336	OTU_0002	33.16	193	94	9	72	587	1	179	2e-17	69.3
scaffold788572	OTU_0006	37.30	126	60	4	7	330	57	181	3e-18	71.6
scaffold821902	OTU_0075	40.88	159	73	5	566	153	10	168	2e-22	82.4
scaffold830091	OTU_0002	79.75	79	16	0	239	3	1	79	1e-27	97.4
scaffold849834	OTU_0024	46.05	76	41	0	55	282	62	137	6e-17	66.6
scaffold884750	OTU_0050	45.59	136	61	1	428	60	10	145	1e-25	90.5
scaffold907825	OTU_0094	41.90	105	60	1	216	530	3	106	7e-21	76.6
scaffold935117	OTU_0006	38.89	126	58	4	525	202	57	181	4e-18	70.5
scaffold966457	OTU_0024	36.80	125	57	3	521	204	16	137	9e-18	68.9
scaffold977217	OTU_0006	70.00	100	24	2	1	300	102	195	6e-44	  139
scaffold990690	OTU_0085	92.75	69	5	0	209	3	1	69	1e-43	  135
scaffold1030959	OTU_0010	44.93	138	50	3	5	418	21	132	2e-34	  112
scaffold1038818	OTU_0008	33.72	172	96	3	476	15	1	172	2e-21	79.7
scaffold1077205	OTU_0061	35.63	87	46	3	485	228	25	102	4e-12	51.6
scaffold1129598	OTU_0008	36.92	130	64	3	383	48	17	146	6e-19	72.4
scaffold1171611	OTU_0026	36.00	125	53	2	468	100	10	109	4e-21	77.0
scaffold1175090	OTU_0020	74.14	58	14	1	468	295	139	195	8e-27	94.0
scaffold1195656	OTU_0013	88.55	131	15	0	2	394	4	134	2e-83	  238
scaffold1245732	OTU_0093	100.00	151	0	0	3	455	6	156	6e-116	  321
scaffold1411922	OTU_0024	36.84	133	62	3	421	80	8	137	1e-20	76.3
scaffold1418270	OTU_0027	34.43	122	63	4	111	425	18	139	1e-15	62.4
scaffold1444625	OTU_0097	35.44	158	84	4	422	3	26	183	1e-21	79.7
scaffold1475054	OTU_0011	45.59	68	35	1	204	401	3	70	1e-13	56.2
scaffold1476972	OTU_0026	49.18	61	31	0	1	183	49	109	3e-15	60.5
scaffold1497267	OTU_0008	44.30	79	44	0	387	151	108	186	1e-17	68.2
scaffold1520431	OTU_0002	86.00	100	14	0	111	410	1	100	2e-45	  141
scaffold1534137	OTU_0002	83.87	31	5	0	316	408	1	31	8e-14	57.4
scaffold1579395	OTU_0026	76.14	88	21	0	1	264	22	109	2e-34	  110
scaffold1587150	OTU_0097	37.67	146	75	3	392	3	39	184	3e-17	67.0
scaffold1642178	OTU_0008	40.00	90	52	1	46	309	97	186	3e-14	58.2
scaffold1646062	OTU_0075	38.14	118	46	3	1	345	89	182	4e-19	72.0
scaffold1684518	OTU_0013	83.33	72	12	0	389	174	63	134	3e-40	  126
scaffold1685645	OTU_0057	38.28	128	50	4	77	388	14	136	8e-21	76.3
scaffold1687318	OTU_0008	37.31	134	66	3	377	30	12	145	7e-16	62.8
scaffold1727654	OTU_0069	99.21	127	1	0	383	3	3	129	4e-94	  264
scaffold1887082	OTU_0026	43.21	81	45	1	330	91	29	109	7e-18	67.4
scaffold1897180	OTU_0049	35.71	126	63	3	34	357	1	126	1e-17	67.0
scaffold2083802	OTU_0019	55.66	106	45	2	35	346	1	106	2e-30	99.8
scaffold2122414	OTU_0087	39.33	89	50	2	292	38	2	90	3e-11	48.5
scaffold2162587	OTU_0093	88.39	112	13	0	1	336	23	134	2e-74	  214
