scaffold00142	OTU_0008	33.33	186	106	3	66644	66141	1	186	3e-22	95.1
scaffold00250	OTU_0002	53.59	209	82	2	81135	80509	1	194	8e-60	  204
scaffold00267	OTU_0097	37.36	182	96	4	29235	28744	4	185	1e-24	  101
scaffold00365	OTU_0002	74.11	197	49	2	32580	31990	1	195	2e-81	  266
scaffold00757	OTU_0068	39.13	184	94	4	8926	8429	1	184	2e-25	  103
scaffold01003	OTU_0027	85.42	144	17	2	7348	7779	1	140	2e-78	  254
scaffold01275	OTU_0075	40.72	167	77	5	29957	30391	2	168	1e-21	90.5
scaffold01984	OTU_0035	37.23	188	99	5	4888	5397	13	199	5e-27	  106
scaffold03930	OTU_0057	28.00	150	99	4	6527	6964	1	145	5e-13	62.8
scaffold03933	OTU_0068	36.41	184	94	6	7872	7387	1	183	5e-23	94.0
scaffold03951	OTU_0097	32.97	185	100	4	11990	12478	3	185	1e-22	92.8
scaffold04902	OTU_0068	45.66	219	94	3	705	61	1	198	1e-33	  125
scaffold08918	OTU_0097	34.67	199	111	5	1533	991	2	199	2e-22	90.9
scaffold11526	OTU_0008	36.56	186	100	3	1591	1088	1	186	1e-25	  100
scaffold13437	OTU_0043	44.44	108	59	1	1397	1074	3	109	4e-20	81.6
scaffold15409	OTU_0068	42.48	226	98	5	3783	3115	1	197	1e-42	  149
scaffold20262	OTU_0068	39.08	174	85	5	3209	3667	10	183	5e-21	85.9
scaffold23388	OTU_0008	35.86	145	75	3	3293	3673	1	145	3e-17	74.3
scaffold31703	OTU_0006	100.00	122	0	0	2948	2583	74	195	1e-78	  249
scaffold57151	OTU_0002	49.76	211	90	2	1208	1840	1	195	2e-49	  164
scaffold88912	OTU_0011	46.43	56	28	1	173	12	3	58	1e-10	51.6
scaffold100168	OTU_0002	39.31	173	84	5	588	130	10	181	5e-21	82.8
scaffold120247	OTU_0008	33.33	186	106	4	327	830	1	186	4e-22	85.5
scaffold127744	OTU_0068	44.70	217	99	3	889	242	1	197	2e-59	  186
scaffold130984	OTU_0077	35.77	123	61	4	787	1101	20	142	3e-15	65.5
scaffold142009	OTU_0027	88.19	144	13	2	604	1035	1	140	9e-90	  261
scaffold144726	OTU_0008	36.82	201	100	6	883	344	1	195	2e-25	94.0
scaffold184864	OTU_0061	41.77	79	39	2	553	317	25	96	2e-12	55.1
scaffold216506	OTU_0097	36.70	188	101	4	214	723	4	191	1e-27	99.4
scaffold216837	OTU_0068	40.33	181	90	4	511	23	1	181	2e-32	  112
scaffold247583	OTU_0068	44.56	193	83	2	577	2	1	170	1e-29	  104
scaffold247897	OTU_0068	44.23	208	92	3	105	728	1	184	1e-41	  135
scaffold258714	OTU_0060	100.00	107	0	0	369	689	1	107	7e-76	  221
scaffold278603	OTU_0008	37.78	180	85	6	1	477	22	195	3e-23	86.3
scaffold284203	OTU_0068	43.33	210	94	4	38	664	1	186	4e-50	  157
scaffold304570	OTU_0006	40.60	133	59	5	265	603	11	143	2e-19	75.1
scaffold355614	OTU_0008	35.86	145	75	3	405	25	1	145	2e-19	74.7
scaffold357802	OTU_0002	76.62	154	35	1	112	573	1	153	6e-69	  204
scaffold388963	OTU_0024	47.89	71	37	0	2	214	67	137	4e-15	61.2
scaffold444253	OTU_0008	37.84	148	75	4	475	80	44	190	2e-21	79.7
scaffold486170	OTU_0013	85.71	28	4	0	469	386	107	134	2e-14	58.5
scaffold577629	OTU_0047	47.62	84	43	1	331	80	18	100	7e-15	59.3
scaffold605162	OTU_0010	46.25	80	39	1	1	240	56	131	7e-22	79.0
scaffold616606	OTU_0024	47.89	71	37	0	2	214	67	137	1e-15	62.0
scaffold626033	OTU_0020	52.78	36	17	0	397	290	160	195	5e-11	49.3
scaffold641265	OTU_0026	44.19	86	46	2	348	94	25	109	6e-16	62.0
scaffold656371	OTU_0068	52.70	74	34	1	59	277	110	183	1e-19	73.9
scaffold672009	OTU_0052	83.87	31	5	0	2	94	171	201	1e-15	62.4
scaffold701367	OTU_0005	99.18	122	1	0	2	367	18	139	2e-90	  254
scaffold722468	OTU_0050	39.68	126	49	5	361	56	23	145	1e-15	61.6
scaffold735254	OTU_0068	43.28	67	36	1	115	309	132	198	7e-15	59.7
scaffold754350	OTU_0008	35.54	121	60	3	3	311	26	146	2e-15	61.2
scaffold783362	OTU_0094	43.88	98	50	3	335	48	14	108	2e-17	65.5
scaffold810363	OTU_0006	36.89	122	57	4	31	336	13	134	4e-13	54.7
scaffold898585	OTU_0006	53.42	73	33	1	238	20	110	181	8e-18	67.4
scaffold921140	OTU_0094	49.35	77	38	1	81	308	11	87	1e-20	74.3
scaffold932283	OTU_0008	37.25	102	48	2	297	40	44	145	3e-13	54.7
scaffold993876	OTU_0002	42.67	75	40	1	63	287	110	181	3e-17	65.5
scaffold1088227	OTU_0024	44.26	61	34	0	1	183	77	137	4e-12	50.4
scaffold1136181	OTU_0047	43.28	67	38	0	1	201	30	96	3e-14	56.2
scaffold1154486	OTU_0049	36.21	58	37	0	175	2	1	58	5e-12	50.1
scaffold1181405	OTU_0019	65.28	72	25	0	260	45	36	107	2e-32	  103
scaffold1192083	OTU_0054	86.05	86	12	0	259	2	35	120	5e-53	  157
scaffold1192209	OTU_0026	51.72	58	28	0	175	2	36	93	8e-16	60.5
scaffold1250640	OTU_0049	35.53	76	47	1	227	6	1	76	7e-13	52.4
scaffold1302907	OTU_0002	98.78	82	1	0	2	247	20	101	2e-40	  127
scaffold1318186	OTU_0006	100.00	23	0	0	177	245	1	23	4e-12	50.8
scaffold1363045	OTU_0049	61.54	65	25	0	206	12	62	126	1e-28	94.7
scaffold1423374	OTU_0020	47.95	73	37	1	9	224	123	195	2e-18	68.2
scaffold1549759	OTU_0002	77.33	75	17	0	1	225	21	95	2e-33	  108
scaffold1702959	OTU_0019	67.14	70	23	0	211	2	36	105	5e-31	99.4
scaffold1775516	OTU_0061	50.00	60	30	0	1	180	50	109	2e-22	77.0
scaffold1808683	OTU_0010	66.67	36	11	1	113	9	47	82	2e-11	48.1
