scaffold00001	OTU_0060	45.28	106	57	1	299894	300211	3	107	2e-20	89.7
scaffold00003	OTU_0008	32.80	186	107	3	112014	112517	1	186	7e-20	90.1
scaffold00069	OTU_0010	99.24	132	1	0	89769	89374	1	132	4e-86	  278
scaffold00086	OTU_0002	36.65	191	91	7	164597	164067	13	187	3e-18	84.0
scaffold00320	OTU_0050	99.31	145	1	0	15810	15376	1	145	1e-81	  265
scaffold00394	OTU_0008	36.82	201	100	6	149743	150282	1	195	1e-21	93.2
scaffold00426	OTU_0049	100.00	126	0	0	9854	10231	1	126	5e-82	  265
scaffold00871	OTU_0002	74.21	190	48	1	85087	84518	7	195	7e-79	  258
scaffold01159	OTU_0064	35.87	184	100	3	23991	23494	2	185	4e-23	96.7
scaffold01565	OTU_0008	36.65	191	102	5	53895	54413	1	190	4e-21	90.1
scaffold01691	OTU_0008	34.92	189	99	4	40669	40166	1	186	3e-23	96.7
scaffold02960	OTU_0064	99.50	201	1	0	16456	15854	1	201	2e-135	  420
scaffold03875	OTU_0060	43.81	105	58	1	15634	15948	3	106	2e-17	76.6
scaffold04872	OTU_0068	36.04	222	114	4	12406	11753	1	198	2e-36	  134
scaffold05101	OTU_0002	50.24	211	89	2	15199	15831	1	195	2e-52	  180
scaffold05856	OTU_0068	45.95	222	95	3	19089	19751	1	198	9e-52	  178
scaffold05954	OTU_0006	38.82	170	83	5	18470	18021	13	181	9e-21	87.8
scaffold06104	OTU_0002	72.45	196	52	2	3918	3334	1	195	2e-71	  235
scaffold07011	OTU_0043	47.22	108	56	1	4524	4204	3	110	5e-22	89.4
scaffold08588	OTU_0097	34.39	189	100	4	9020	9523	3	188	2e-20	86.7
scaffold08682	OTU_0002	41.21	182	82	5	4995	5474	1	179	2e-23	95.5
scaffold08781	OTU_0017	30.66	137	83	5	10396	10001	13	142	6e-11	56.6
scaffold09181	OTU_0049	50.81	124	60	1	470	102	1	124	3e-27	  104
scaffold09807	OTU_0068	38.91	221	109	3	7833	7177	1	197	1e-43	  154
scaffold15630	OTU_0008	33.84	198	110	4	4072	4611	1	195	3e-24	97.4
scaffold18433	OTU_0079	40.95	105	61	1	8303	8614	3	107	8e-14	63.9
scaffold18726	OTU_0035	87.06	201	26	0	1996	1394	1	201	2e-109	  343
scaffold19441	OTU_0088	33.52	182	103	4	6001	6492	4	185	2e-22	91.7
scaffold21732	OTU_0074	100.00	104	0	0	8418	8107	1	104	5e-58	  191
scaffold25937	OTU_0068	40.33	181	90	4	3801	3313	1	181	2e-29	  111
scaffold27623	OTU_0068	41.71	175	86	3	5353	4877	9	183	9e-25	98.2
scaffold32903	OTU_0068	45.16	217	98	3	3616	4263	1	197	7e-54	  182
scaffold32998	OTU_0068	34.68	222	117	4	152	805	1	198	8e-35	  127
scaffold35656	OTU_0068	34.22	187	99	4	3104	2607	1	184	1e-23	94.7
scaffold45807	OTU_0011	100.00	68	0	0	204	1	1	68	4e-23	91.3
scaffold49425	OTU_0016	38.89	126	57	4	381	64	2	127	7e-12	57.4
scaffold58822	OTU_0068	36.05	172	92	4	3299	2838	10	181	3e-21	86.7
scaffold61051	OTU_0068	38.46	182	94	5	2671	3162	1	182	8e-28	  106
scaffold62095	OTU_0060	100.00	107	0	0	2593	2913	1	107	7e-69	  220
scaffold62607	OTU_0068	47.73	220	91	3	883	1539	1	197	7e-57	  190
scaffold66750	OTU_0084	99.00	201	2	0	3402	2800	1	201	9e-127	  385
scaffold92571	OTU_0088	36.36	187	101	4	2254	2760	2	188	1e-26	  102
scaffold97950	OTU_0008	33.33	186	106	4	2124	2627	1	186	3e-25	97.8
scaffold103045	OTU_0097	34.98	203	105	5	1370	1915	2	198	4e-26	  100
scaffold116442	OTU_0002	75.00	196	48	1	842	1429	1	195	3e-90	  280
scaffold131029	OTU_0010	48.54	103	48	2	2563	2258	33	131	4e-28	  103
scaffold134994	OTU_0043	48.57	105	53	1	2154	1840	3	106	2e-22	87.0
scaffold135594	OTU_0002	40.00	175	76	4	2068	1625	9	181	4e-21	85.1
scaffold136644	OTU_0008	37.63	186	98	3	517	1020	1	186	6e-30	  110
scaffold138928	OTU_0068	33.87	186	101	5	148	645	1	184	1e-22	89.7
scaffold147856	OTU_0043	44.44	108	59	1	964	641	3	109	1e-20	81.6
scaffold163602	OTU_0075	98.90	182	2	0	2128	1583	1	182	2e-108	  323
scaffold168673	OTU_0043	46.30	108	57	1	1287	1610	3	109	6e-22	85.1
scaffold194227	OTU_0068	37.00	200	100	9	807	274	1	196	5e-25	96.3
scaffold202027	OTU_0035	99.50	201	1	0	654	1256	1	201	1e-133	  387
scaffold205971	OTU_0068	37.30	185	96	3	1106	612	1	185	3e-23	90.9
scaffold208125	OTU_0002	42.62	183	83	6	741	253	2	182	1e-28	  106
scaffold221350	OTU_0028	50.52	97	46	1	22	312	92	186	7e-26	98.2
scaffold227541	OTU_0097	49.33	75	38	0	1704	1480	114	188	1e-15	67.8
scaffold238765	OTU_0088	92.54	201	15	0	45	647	1	201	1e-136	  392
scaffold241585	OTU_0075	38.92	167	81	6	128	565	2	168	3e-24	93.2
scaffold241596	OTU_0097	35.78	204	104	5	1575	1027	1	198	2e-27	  102
scaffold250398	OTU_0097	33.69	187	100	4	1128	631	2	185	2e-23	90.9
scaffold273613	OTU_0011	36.62	142	63	4	1193	1552	3	139	6e-17	70.5
scaffold311737	OTU_0068	29.50	200	106	9	291	824	1	187	3e-16	68.9
scaffold332351	OTU_0068	44.51	164	75	3	2	445	20	183	3e-28	  103
scaffold334122	OTU_0075	41.32	167	78	5	713	273	2	168	5e-20	80.1
scaffold334257	OTU_0008	37.14	140	64	4	659	1030	58	189	9e-20	79.7
scaffold343277	OTU_0008	35.93	167	89	3	1387	941	20	186	1e-22	87.8
scaffold347836	OTU_0068	45.00	200	85	2	1	597	23	198	8e-50	  163
scaffold354477	OTU_0008	39.29	84	50	1	1324	1073	108	190	2e-13	60.8
scaffold365179	OTU_0068	54.59	218	79	2	670	1323	1	198	3e-52	  169
scaffold431335	OTU_0002	73.47	196	51	1	315	902	1	195	1e-98	  288
scaffold441368	OTU_0068	40.72	221	104	3	401	1054	1	197	2e-48	  158
scaffold446214	OTU_0097	45.45	88	45	1	1180	917	114	198	4e-16	68.2
scaffold447407	OTU_0002	74.21	190	48	1	91	660	7	195	1e-87	  259
scaffold480347	OTU_0068	67.17	198	65	0	277	870	1	198	1e-93	  274
scaffold495790	OTU_0068	33.69	187	100	4	208	705	1	184	9e-24	89.7
scaffold499484	OTU_0068	42.29	175	85	2	887	411	9	183	7e-27	98.2
scaffold519165	OTU_0079	100.00	36	0	0	967	1074	1	36	5e-20	77.0
scaffold522693	OTU_0043	36.19	105	65	2	759	1067	2	106	6e-11	51.2
scaffold569639	OTU_0068	35.91	181	100	3	515	1009	1	181	2e-25	93.6
scaffold576823	OTU_0068	35.35	198	102	6	371	889	1	197	2e-27	99.8
scaffold583594	OTU_0050	48.92	139	65	3	581	979	1	139	1e-29	  104
scaffold595093	OTU_0075	37.72	167	83	6	13	450	2	168	1e-22	85.5
scaffold619395	OTU_0079	80.77	104	20	0	269	580	1	104	1e-58	  179
scaffold620605	OTU_0075	37.80	164	68	5	2	472	46	182	2e-26	96.3
scaffold627561	OTU_0068	50.00	100	50	0	301	2	1	100	5e-28	  101
scaffold634173	OTU_0068	36.56	186	91	6	452	937	1	183	2e-31	  110
scaffold666816	OTU_0029	100.00	89	0	0	881	615	18	106	4e-47	  149
scaffold704166	OTU_0002	76.53	196	45	1	204	791	1	195	2e-80	  238
scaffold708795	OTU_0008	33.33	186	106	3	203	706	1	186	3e-26	95.9
scaffold716554	OTU_0097	37.28	169	88	4	526	74	20	188	2e-25	94.0
scaffold757743	OTU_0049	34.48	87	53	2	284	36	1	87	3e-12	54.7
scaffold786596	OTU_0068	45.63	206	88	2	638	24	1	183	8e-38	  127
scaffold788030	OTU_0026	33.59	131	60	3	1	387	4	109	1e-16	66.6
scaffold792453	OTU_0057	71.88	128	36	0	2	385	23	150	7e-64	  193
scaffold792536	OTU_0008	33.53	167	93	4	6	452	22	188	1e-21	82.4
scaffold842541	OTU_0035	34.57	188	106	4	1	513	2	189	4e-23	86.7
scaffold843629	OTU_0076	33.33	144	76	2	4	375	20	163	3e-17	69.3
scaffold846697	OTU_0006	51.39	72	33	1	160	375	110	179	6e-14	60.5
scaffold848957	OTU_0097	35.71	182	99	3	292	783	4	185	2e-24	90.1
scaffold870472	OTU_0006	30.67	163	96	3	610	125	34	180	1e-11	53.5
scaffold916154	OTU_0029	38.46	104	62	2	336	28	4	106	1e-18	71.2
scaffold941399	OTU_0018	100.00	78	0	0	509	742	1	78	8e-40	  128
