scaffold00044	OTU_0002	42.35	170	77	4	328315	327866	13	181	4e-24	  101
scaffold00046	OTU_0068	40.86	186	98	5	309092	309646	11	185	2e-35	  134
scaffold00059	OTU_0075	40.72	167	77	5	54807	55241	2	168	1e-20	90.5
scaffold00088	OTU_0068	100.00	198	0	0	93223	92630	1	198	2e-118	  374
scaffold00297	OTU_0068	34.22	187	98	6	29447	29941	1	184	4e-21	91.3
scaffold00329	OTU_0097	37.36	182	96	4	29235	28744	4	185	1e-24	  101
scaffold00443	OTU_0068	39.34	183	90	5	74981	74496	1	183	7e-21	90.1
scaffold00573	OTU_0002	74.11	197	49	2	32580	31990	1	195	2e-81	  266
scaffold00823	OTU_0068	36.61	183	94	5	56385	55903	1	183	3e-19	84.7
scaffold00842	OTU_0097	34.74	190	100	4	63385	63891	2	188	8e-23	95.5
scaffold02217	OTU_0006	32.86	140	77	6	11895	11476	59	181	8e-12	60.5
scaffold02499	OTU_0008	36.56	186	100	3	19779	19276	1	186	1e-24	99.8
scaffold03598	OTU_0006	40.12	172	82	6	9396	8941	11	181	6e-24	97.1
scaffold04923	OTU_0068	39.37	221	108	3	11263	10607	1	197	6e-44	  155
scaffold06315	OTU_0006	38.82	170	83	5	9078	8629	13	181	4e-21	87.8
scaffold10875	OTU_0057	34.01	147	70	6	5717	6139	10	135	2e-13	63.2
scaffold11157	OTU_0068	39.64	222	108	3	288	947	1	198	2e-45	  158
scaffold21516	OTU_0068	39.13	184	94	4	1229	1726	1	184	1e-26	  103
scaffold26418	OTU_0068	38.02	192	93	9	2015	1509	1	189	7e-26	  100
scaffold32340	OTU_0068	35.86	198	104	7	1753	1226	1	197	1e-13	62.8
scaffold33772	OTU_0062	31.76	148	78	7	480	908	61	190	6e-11	54.7
scaffold38892	OTU_0083	32.17	143	79	4	1371	1790	6	133	1e-16	71.6
scaffold60687	OTU_0061	100.00	109	0	0	1066	740	1	109	6e-75	  233
scaffold66476	OTU_0008	35.86	145	75	3	391	11	1	145	1e-17	74.7
scaffold72428	OTU_0006	40.12	172	82	5	1474	1019	11	181	7e-25	95.5
scaffold75160	OTU_0097	36.84	171	90	4	707	249	15	185	2e-18	76.3
scaffold76934	OTU_0029	48.35	91	45	2	1604	1870	16	106	6e-20	79.0
scaffold79372	OTU_0002	100.00	195	0	0	666	82	1	195	2e-121	  354
scaffold100572	OTU_0075	42.51	167	75	5	687	250	2	168	2e-26	98.6
scaffold101333	OTU_0068	35.83	187	96	4	743	1240	1	184	3e-26	98.6
scaffold115144	OTU_0068	35.71	196	104	6	438	962	1	195	9e-31	  110
scaffold130424	OTU_0075	40.00	75	40	2	888	1109	97	167	4e-12	56.2
scaffold132161	OTU_0020	50.77	65	31	1	1249	1055	118	181	4e-14	62.4
scaffold176044	OTU_0013	39.44	71	42	1	248	457	48	118	8e-11	51.2
scaffold177851	OTU_0068	35.11	188	104	4	845	336	1	188	3e-27	99.0
scaffold197877	OTU_0010	44.90	98	46	1	883	614	35	132	2e-26	94.7
scaffold210870	OTU_0097	34.54	194	102	5	217	735	4	193	4e-25	92.4
scaffold219089	OTU_0097	38.03	142	72	3	844	467	44	185	4e-20	78.2
scaffold256806	OTU_0010	40.96	83	47	2	52	297	45	126	4e-17	67.8
scaffold334264	OTU_0080	36.76	68	41	1	396	599	16	81	2e-12	53.5
scaffold386606	OTU_0002	71.89	185	51	1	556	2	4	187	1e-87	  251
scaffold412003	OTU_0005	37.88	132	66	4	515	168	2	133	4e-19	72.8
scaffold487304	OTU_0024	47.89	71	37	0	2	214	67	137	2e-15	62.0
scaffold503723	OTU_0011	44.00	75	40	1	232	14	3	77	2e-15	61.6
scaffold522819	OTU_0068	52.70	74	34	1	41	259	110	183	1e-19	73.9
scaffold533303	OTU_0079	37.50	80	49	1	194	430	3	82	1e-17	67.0
scaffold544452	OTU_0008	35.86	145	75	3	26	406	1	145	6e-20	75.1
scaffold547957	OTU_0061	47.37	76	39	1	375	151	23	98	1e-16	64.7
scaffold598154	OTU_0024	47.89	71	37	0	2	214	67	137	1e-15	62.0
scaffold604889	OTU_0010	39.52	124	49	3	30	398	1	99	2e-24	85.5
scaffold679260	OTU_0047	43.21	81	45	1	295	53	21	100	8e-17	64.3
scaffold685685	OTU_0008	34.11	129	67	3	2	334	18	146	4e-16	63.2
scaffold689321	OTU_0008	38.46	117	54	4	297	1	12	128	1e-12	53.5
scaffold732140	OTU_0011	52.94	51	22	1	159	13	1	51	3e-12	51.6
scaffold742780	OTU_0043	44.76	105	57	1	312	1	3	107	5e-17	64.7
scaffold776312	OTU_0008	37.10	124	60	3	4	321	22	145	2e-17	66.6
scaffold780996	OTU_0061	45.63	103	43	1	328	20	20	109	6e-30	98.6
scaffold801320	OTU_0068	41.67	60	33	1	151	324	1	60	7e-12	51.2
scaffold820949	OTU_0085	97.22	36	1	0	211	318	1	36	3e-22	77.8
scaffold849748	OTU_0057	41.46	82	37	3	59	301	63	134	1e-12	52.4
scaffold890892	OTU_0011	43.94	66	35	1	106	297	1	66	8e-13	52.8
scaffold892786	OTU_0008	36.28	113	56	3	7	297	32	144	7e-15	58.9
scaffold1015777	OTU_0057	57.69	52	22	0	1	156	99	150	2e-18	68.2
scaffold1024192	OTU_0064	97.73	88	2	0	3	266	4	91	2e-62	  184
scaffold1040327	OTU_0006	77.65	85	18	1	2	256	63	146	1e-44	  138
scaffold1061044	OTU_0011	44.26	61	32	1	177	1	3	63	2e-11	48.5
scaffold1071173	OTU_0097	44.78	67	37	0	260	60	122	188	5e-14	56.2
scaffold1279180	OTU_0006	81.58	76	14	0	8	235	52	127	9e-41	  127
scaffold1536942	OTU_0011	44.26	61	32	1	177	1	3	63	5e-12	49.3
scaffold1541643	OTU_0056	95.83	24	1	0	86	15	151	174	7e-14	55.1
