scaffold00103	OTU_0068	39.34	183	90	5	59004	59489	1	183	1e-20	90.1
scaffold00269	OTU_0002	74.11	197	49	2	32580	31990	1	195	2e-81	  266
scaffold00685	OTU_0068	39.13	184	94	4	51322	51819	1	184	2e-25	  103
scaffold00724	OTU_0008	33.33	186	106	3	51040	51543	1	186	9e-23	95.1
scaffold01089	OTU_0043	46.30	108	57	1	6998	6675	3	109	2e-20	85.1
scaffold06439	OTU_0094	100.00	111	0	0	5177	4845	1	111	2e-71	  230
scaffold08039	OTU_0064	95.02	201	10	0	5216	4614	1	201	6e-132	  407
scaffold11669	OTU_0097	35.64	188	97	4	1183	683	4	188	1e-24	98.2
scaffold17128	OTU_0097	37.04	189	101	4	2561	3073	4	192	2e-25	  100
scaffold18160	OTU_0002	71.94	196	54	1	419	1006	1	195	1e-84	  270
scaffold25230	OTU_0064	35.87	184	100	3	2487	2984	2	185	1e-24	96.7
scaffold54454	OTU_0008	37.20	164	85	3	3	440	23	186	4e-23	91.3
scaffold67960	OTU_0043	44.44	108	59	1	1288	1611	3	109	1e-20	81.6
scaffold91563	OTU_0008	37.31	201	99	6	1139	600	1	195	3e-25	96.3
scaffold96543	OTU_0097	37.28	169	88	4	1604	1152	20	188	2e-24	93.6
scaffold105561	OTU_0008	33.33	186	106	4	987	484	1	186	2e-20	82.0
scaffold161642	OTU_0008	36.00	175	94	3	313	783	12	186	3e-25	94.4
scaffold183751	OTU_0075	40.79	76	38	3	637	858	97	167	5e-11	52.8
scaffold221317	OTU_0097	46.67	75	40	0	6	230	114	188	9e-15	63.5
scaffold222865	OTU_0008	32.80	186	107	3	270	773	1	186	1e-25	94.4
scaffold229502	OTU_0008	32.89	152	84	3	522	923	17	168	2e-16	67.8
scaffold251604	OTU_0027	44.44	72	40	0	657	872	2	73	4e-16	65.9
scaffold283259	OTU_0068	36.46	181	94	5	325	804	1	181	1e-29	  105
scaffold321308	OTU_0006	38.57	70	43	0	534	325	112	181	2e-11	52.8
scaffold345088	OTU_0002	72.96	196	52	1	8	595	1	195	1e-87	  254
scaffold361323	OTU_0049	35.90	78	48	1	382	609	1	78	6e-12	52.8
scaffold370651	OTU_0012	74.65	71	17	1	634	422	33	102	1e-31	  106
scaffold386914	OTU_0013	32.47	77	51	1	79	306	42	118	2e-11	51.2
scaffold403361	OTU_0061	39.29	84	42	3	596	345	25	99	6e-12	52.0
scaffold415340	OTU_0008	39.13	138	68	3	620	255	45	182	5e-16	65.1
scaffold420727	OTU_0008	39.46	185	91	6	537	37	5	186	5e-30	  104
scaffold430776	OTU_0023	98.04	102	1	1	2	307	3	103	5e-70	  204
scaffold442684	OTU_0004	99.03	103	1	0	493	185	1	103	3e-66	  194
scaffold453041	OTU_0097	45.33	75	41	0	527	303	114	188	2e-17	68.6
scaffold537359	OTU_0057	69.50	141	43	0	53	475	10	150	2e-72	  211
scaffold598221	OTU_0008	33.07	127	61	4	166	483	1	124	3e-14	58.9
scaffold610613	OTU_0061	39.73	73	39	1	473	255	28	95	3e-11	49.3
scaffold636687	OTU_0047	42.11	76	44	0	17	244	21	96	5e-16	62.8
scaffold642243	OTU_0061	38.18	55	34	0	13	177	51	105	3e-12	52.0
scaffold650996	OTU_0049	32.79	122	64	3	317	6	2	123	4e-13	54.7
scaffold657499	OTU_0049	41.77	79	46	0	239	3	1	79	2e-20	75.1
scaffold689705	OTU_0085	93.33	45	3	0	137	3	1	45	3e-26	89.7
scaffold709768	OTU_0023	68.27	104	27	2	416	120	1	103	7e-37	  117
scaffold744717	OTU_0011	35.71	126	54	4	317	6	3	123	1e-17	67.8
scaffold760570	OTU_0026	52.05	73	35	0	63	281	23	95	4e-20	73.6
scaffold761992	OTU_0010	37.18	78	37	3	178	408	52	118	8e-12	50.8
scaffold912894	OTU_0010	31.00	100	41	1	1	300	47	118	1e-14	58.5
scaffold980692	OTU_0079	40.00	75	43	2	224	6	3	77	2e-13	55.1
scaffold1032592	OTU_0008	38.71	124	60	3	325	2	44	167	4e-18	68.6
scaffold1172205	OTU_0008	31.62	117	62	4	5	301	12	128	3e-14	57.4
scaffold1217643	OTU_0011	41.33	75	42	1	297	79	3	77	1e-14	58.2
scaffold1226037	OTU_0094	34.74	95	60	2	288	10	12	106	3e-14	56.6
scaffold1278011	OTU_0061	36.90	84	43	3	31	279	25	99	6e-11	47.0
scaffold1325135	OTU_0008	37.89	95	43	2	4	240	52	146	1e-12	52.8
scaffold1345757	OTU_0029	43.90	82	45	1	274	32	10	91	6e-18	66.2
scaffold1398829	OTU_0057	47.14	70	36	1	4	210	65	134	1e-17	66.2
scaffold1512014	OTU_0026	35.94	64	40	1	258	70	35	98	6e-13	52.8
scaffold1519362	OTU_0097	47.22	72	38	0	37	252	114	185	7e-16	61.6
scaffold1521487	OTU_0011	45.16	62	32	1	181	2	3	64	8e-11	46.6
scaffold1545665	OTU_0076	49.02	51	26	0	243	91	113	163	1e-14	57.8
scaffold1609633	OTU_0011	40.00	75	43	1	234	16	3	77	2e-13	53.9
scaffold1665622	OTU_0049	50.00	50	25	0	93	242	2	51	2e-12	50.8
scaffold1886942	OTU_0029	50.00	72	35	1	226	14	19	90	4e-19	68.9
scaffold1997475	OTU_0013	81.69	71	13	0	2	214	17	87	1e-35	  112
scaffold2098602	OTU_0026	40.30	67	39	1	3	203	29	94	8e-14	54.3
scaffold2140899	OTU_0004	52.17	69	31	1	204	4	14	82	3e-18	66.2
scaffold2218352	OTU_0012	52.27	44	20	1	2	130	58	101	7e-12	48.9
