scaffold00011	OTU_0068	39.08	174	85	5	198773	198315	10	183	1e-18	85.5
scaffold00026	OTU_0002	42.35	170	77	4	328315	327866	13	181	4e-24	  101
scaffold01239	OTU_0060	100.00	107	0	0	37970	37650	1	107	2e-67	  220
scaffold02684	OTU_0079	100.00	110	0	0	5562	5891	1	110	9e-71	  229
scaffold09829	OTU_0068	39.34	183	90	5	6654	6169	1	183	7e-22	89.4
scaffold10021	OTU_0097	35.26	190	99	4	6556	6050	2	188	1e-24	98.2
scaffold10658	OTU_0068	48.62	218	90	1	3237	3890	1	196	4e-57	  192
scaffold12788	OTU_0038	100.00	33	0	0	6415	6513	1	33	7e-17	73.2
scaffold12825	OTU_0002	38.95	172	84	6	5208	4753	11	181	7e-23	92.0
scaffold25131	OTU_0052	100.00	201	0	0	99	701	1	201	4e-124	  377
scaffold138322	OTU_0068	38.67	75	44	1	763	981	1	75	6e-12	55.5
scaffold140054	OTU_0011	38.67	75	44	1	820	1038	3	77	4e-12	55.1
scaffold153056	OTU_0088	35.66	143	74	4	607	981	2	144	2e-16	68.6
scaffold156398	OTU_0057	28.00	150	99	4	402	839	1	145	1e-15	65.1
scaffold157885	OTU_0097	46.67	75	40	0	51	275	114	188	4e-15	64.7
scaffold252116	OTU_0004	100.00	103	0	0	706	398	1	103	2e-66	  197
scaffold258658	OTU_0029	37.86	103	63	1	452	147	4	106	5e-22	80.9
scaffold325487	OTU_0013	70.90	134	39	0	21	422	1	134	5e-67	  197
scaffold462071	OTU_0053	100.00	82	0	0	237	482	1	82	2e-57	  171
scaffold473303	OTU_0023	69.23	104	25	3	69	362	1	103	1e-43	  135
scaffold584971	OTU_0002	88.24	34	4	0	316	417	1	34	1e-17	68.6
scaffold594775	OTU_0068	31.91	141	78	1	1	369	42	182	3e-23	84.0
scaffold618721	OTU_0023	65.05	103	29	3	369	79	1	102	1e-40	  127
