DATASET_MULTIBAR
SEPARATOR COMMA
DATASET_LABEL, abundance

#define colors for each individual field column (use hexadecimal, RGB or RGBA notation; if using RGB/RGBA, COMMA cannot be used as SEPARATOR)
FIELD_COLORS,#FFFF00,#008000,#FFFF00,#FF0000,#FF0000,#FFFF00,#FF0000,#FF0000,#FFFF00,#FF0000,#FF0000,#FFFF00,#FF0000

#field labels
FIELD_LABELS,Cen04,Cen17,Cen05,Cen06,Cen15,Cen07,Cen16,Cen10,Cen01,Cen14,Cen13,Cen03,Cen12

#dataset scale: you can simply set the values where the scale will be drawn
DATASET_SCALE,0.00,0.005, 0.01, 0.1, 0.15, 0.2, 0.25

#yellow #FFFF00
#green #008000
#red #FF0000
LEGEND_TITLE,Classification 
LEGEND_SHAPES,1,1,1
LEGEND_COLORS,#FF0000,#008000,#FFFF00
LEGEND_LABELS,Fire-affected,Recovered,Reference

DATA
OTU_0001,0.00116414435389988,0,0.00392541707556428,0,0,0.00297029702970297,0,0,0,0,0,0,0
OTU_0002,0,0.00343053173241852,0.00196270853778214,0,0,0,0,0,0.00191938579654511,0,0,0,0
OTU_0003,0.00232828870779977,0,0,0,0,0,0,0,0,0,0,0.00251466890192791,0
OTU_0004,0,0,0,0,0,0,0,0,0.00959692898272553,0,0,0,0
OTU_0005,0,0,0.00098135426889107,0,0,0,0,0,0,0,0,0,0
OTU_0006,0,0,0,0,0,0,0,0,0,0,0,0.000838222967309304,0
OTU_0007,0,0,0,0,0,0,0.000265111346765642,0,0,0.00105764145954521,0,0,0
OTU_0008,0,0,0,0,0,0.00099009900990099,0,0,0,0,0,0,0
OTU_0009,0,0,0,0.000870322019147084,0,0,0,0,0.000959692898272553,0,0,0,0
OTU_0010,0,0,0.00392541707556428,0,0,0,0,0,0,0,0,0.00167644593461861,0
OTU_0011,0.00349243306169965,0,0,0,0,0.00495049504950495,0,0,0,0,0,0,0
OTU_0012,0,0,0,0,0,0,0,0.000338180588434224,0,0,0,0,0
OTU_0013,0,0,0,0,0.00827498408656906,0,0.00238600212089077,0,0,0,0,0,0
OTU_0014,0,0,0,0,0,0,0.000530222693531283,0,0,0,0,0,0
OTU_0015,0,0,0,0,0.00063653723742839,0,0,0,0,0,0,0,0.00642496558054153
OTU_0016,0.00232828870779977,0,0,0,0,0.00099009900990099,0,0,0,0,0,0.000838222967309304,0
OTU_0017,0,0.00343053173241852,0,0,0,0,0,0,0,0,0,0,0
OTU_0018,0.00232828870779977,0,0,0,0,0,0,0,0,0,0,0,0
OTU_0019,0,0,0,0.000870322019147084,0,0,0,0,0,0.000528820729772607,0,0,0
OTU_0020,0,0,0.00098135426889107,0,0,0.00198019801980198,0,0,0,0,0,0.000838222967309304,0
OTU_0021,0.00116414435389988,0,0,0.000870322019147084,0,0,0,0,0,0,0,0,0
OTU_0022,0,0.00343053173241852,0,0,0,0,0,0,0,0,0,0,0
OTU_0023,0.00116414435389988,0,0,0,0,0,0,0,0,0,0,0.00167644593461861,0
OTU_0024,0,0,0.00098135426889107,0,0,0.00198019801980198,0,0,0,0,0,0,0
OTU_0025,0,0,0,0.00261096605744125,0,0,0,0,0,0,0,0,0
OTU_0026,0,0,0,0.000870322019147084,0,0,0,0,0,0,0,0,0
OTU_0027,0,0,0.00294406280667321,0,0,0,0,0,0,0,0,0,0
OTU_0028,0,0,0.00686947988223749,0.000870322019147084,0,0,0,0,0.000959692898272553,0,0,0,0
OTU_0029,0,0,0,0,0,0.00099009900990099,0.000265111346765642,0,0,0,0,0,0
OTU_0030,0,0,0,0.000870322019147084,0,0,0.00238600212089077,0,0.000959692898272553,0,0,0,0
OTU_0031,0.00116414435389988,0,0.00098135426889107,0,0,0,0,0,0,0,0,0.000838222967309304,0
OTU_0032,0,0,0,0,0,0,0,0,0,0,0,0.00167644593461861,0
OTU_0033,0,0,0.00098135426889107,0.00609225413402959,0,0,0,0,0,0,0,0,0
OTU_0034,0,0,0,0.00348128807658834,0,0,0,0,0,0,0,0.000838222967309304,0
OTU_0035,0.00116414435389988,0,0,0,0.00063653723742839,0,0,0,0,0,0,0,0
OTU_0036,0,0,0,0,0.00127307447485678,0,0.000795334040296925,0,0,0,0,0,0
OTU_0037,0,0,0,0,0,0,0.0106044538706257,0,0,0,0,0,0
OTU_0038,0,0,0.00196270853778214,0,0,0,0,0,0,0,0,0,0
OTU_0039,0.00116414435389988,0.00171526586620926,0,0,0,0,0,0,0.000959692898272553,0,0,0,0
OTU_0040,0,0.00171526586620926,0,0,0,0,0.000530222693531283,0,0,0,0,0,0
OTU_0041,0,0,0,0,0,0,0.000265111346765642,0,0,0,0,0,0
OTU_0042,0,0,0,0,0,0,0,0.0415962123774095,0,0,0,0,0.00275355667737494
OTU_0043,0,0,0,0.00609225413402959,0.00127307447485678,0,0.0031813361611877,0,0,0,0,0.00251466890192791,0.00458926112895824
OTU_0044,0,0,0,0.148825065274151,0.014640356460853,0,0,0,0,0,0,0.0410729253981559,0.0321248279027077
OTU_0045,0,0,0.00098135426889107,0,0,0.00594059405940594,0,0,0,0,0,0,0
OTU_0046,0.00349243306169965,0,0,0,0,0,0,0,0.00479846449136276,0,0,0.000838222967309304,0
OTU_0047,0,0,0,0,0,0,0,0,0,0,0.0017825311942959,0,0
OTU_0048,0,0,0,0,0.00381922342457034,0,0,0.000338180588434224,0,0.00105764145954521,0,0,0
OTU_0049,0,0,0,0.00174064403829417,0,0,0,0,0,0,0,0,0.00137677833868747
OTU_0050,0,0,0,0.00261096605744125,0,0.00099009900990099,0,0,0,0,0,0,0
OTU_0051,0,0,0,0,0,0,0,0.00338180588434224,0,0,0,0,0.00367140890316659
OTU_0052,0,0.00171526586620926,0,0,0,0,0,0,0,0,0,0,0
OTU_0053,0.00116414435389988,0,0.00098135426889107,0,0,0,0,0,0,0,0,0,0
OTU_0054,0,0,0,0.00174064403829417,0.00318268618714195,0,0.000530222693531283,0.00304362529590801,0,0,0,0,0.00917852225791648
OTU_0055,0,0,0.013738959764475,0,0,0,0,0,0,0,0,0,0
OTU_0056,0.00116414435389988,0,0,0,0,0,0,0,0.00383877159309021,0,0,0.000838222967309304,0
OTU_0057,0,0,0,0,0,0.00099009900990099,0.000530222693531283,0,0,0,0,0,0
OTU_0058,0,0,0,0,0,0.00099009900990099,0,0,0.00383877159309021,0,0,0,0
OTU_0059,0,0,0,0,0,0,0.000265111346765642,0,0,0,0,0,0
OTU_0060,0.00465657741559953,0,0,0,0,0,0,0,0,0,0,0,0
OTU_0061,0,0.00171526586620926,0,0,0,0,0,0,0,0,0,0,0
OTU_0062,0,0,0,0.000870322019147084,0,0,0,0,0,0,0,0,0
OTU_0063,0,0,0,0,0.00063653723742839,0,0.000265111346765642,0,0,0,0,0,0
OTU_0064,0,0,0,0,0,0.00198019801980198,0,0,0,0,0,0,0
OTU_0065,0,0,0,0,0.00063653723742839,0,0,0,0,0.000528820729772607,0,0,0.000458926112895824
OTU_0066,0.00116414435389988,0,0.0098135426889107,0,0,0,0,0,0,0,0,0,0
OTU_0067,0,0,0.00098135426889107,0,0,0,0,0,0,0,0,0,0
OTU_0068,0,0,0,0,0,0,0.000530222693531283,0,0,0,0,0,0
OTU_0069,0,0,0.00294406280667321,0,0,0,0,0,0,0,0,0,0
OTU_0070,0,0.00171526586620926,0,0,0,0,0,0,0.00287907869481766,0,0,0.000838222967309304,0
OTU_0071,0.00232828870779977,0,0,0.00435161009573542,0.0108211330362826,0.00495049504950495,0.0151113467656416,0,0.00191938579654511,0.00475938656795346,0,0.00167644593461861,0.00413033501606241
OTU_0072,0,0,0.00196270853778214,0,0,0,0,0,0,0,0,0,0
OTU_0073,0,0,0,0,0.00063653723742839,0.00099009900990099,0,0,0,0,0,0,0
OTU_0074,0,0,0,0,0,0.00099009900990099,0,0,0,0,0,0.000838222967309304,0
OTU_0075,0,0,0,0,0,0.00198019801980198,0,0,0,0,0,0,0
OTU_0076,0.00116414435389988,0,0.00294406280667321,0,0,0,0,0,0,0,0,0,0
OTU_0077,0,0.00171526586620926,0,0,0,0,0,0,0,0,0,0,0
OTU_0078,0,0,0.00294406280667321,0,0,0,0,0,0,0,0,0,0
OTU_0079,0,0,0.00098135426889107,0,0,0.00099009900990099,0,0,0,0,0,0,0
OTU_0080,0,0,0.00196270853778214,0,0,0,0,0,0.000959692898272553,0,0,0,0
OTU_0081,0,0,0,0,0,0,0,0,0.00287907869481766,0,0,0,0
OTU_0082,0.00232828870779977,0,0,0,0,0,0,0,0,0,0,0.000838222967309304,0
OTU_0083,0.00232828870779977,0,0,0,0,0,0,0,0.0143953934740883,0,0,0,0
OTU_0084,0,0,0,0,0,0,0,0,0,0,0.00445632798573975,0,0
OTU_0085,0,0,0,0,0,0,0.00212089077412513,0,0,0,0,0,0.00229463056447912
OTU_0086,0,0,0.00294406280667321,0,0,0,0,0,0,0,0,0.00167644593461861,0
OTU_0087,0,0,0.00196270853778214,0,0,0,0,0,0,0,0,0,0
OTU_0088,0.00116414435389988,0,0,0.00174064403829417,0,0,0.000795334040296925,0,0,0,0,0,0
OTU_0089,0.00116414435389988,0,0.00294406280667321,0,0,0,0,0,0,0,0,0,0
OTU_0090,0,0,0,0,0.00063653723742839,0,0,0,0,0,0,0,0
OTU_0091,0,0,0.00196270853778214,0,0,0,0,0,0,0,0,0,0
OTU_0092,0,0,0,0,0.00063653723742839,0,0,0,0.000959692898272553,0,0,0,0
OTU_0093,0,0,0.00196270853778214,0.000870322019147084,0,0,0,0,0,0,0,0,0
OTU_0094,0.00116414435389988,0,0,0,0,0,0,0,0,0,0,0,0
OTU_0095,0,0,0,0,0,0,0,0,0,0,0,0.000838222967309304,0
OTU_0096,0,0,0.00098135426889107,0,0,0,0,0,0,0,0,0,0
OTU_0097,0,0,0,0.000870322019147084,0,0,0,0,0,0,0,0,0
OTU_0098,0,0.00171526586620926,0,0,0,0,0,0,0,0,0,0,0
OTU_0099,0,0,0,0,0,0,0,0,0,0,0,0.000838222967309304,0
OTU_0100,0,0,0,0,0,0.00396039603960396,0.00344644750795334,0,0,0,0,0.000838222967309304,0
OTU_0101,0,0,0,0.00174064403829417,0,0,0,0,0,0,0,0.000838222967309304,0
OTU_0102,0,0,0,0,0,0,0.000265111346765642,0,0,0,0,0,0
OTU_0103,0.00349243306169965,0,0.00490677134445535,0.00261096605744125,0,0.0287128712871287,0,0,0,0,0,0,0
OTU_0104,0,0,0,0,0,0,0.000265111346765642,0,0,0.000528820729772607,0,0,0.0018357044515833
OTU_0105,0,0,0.00686947988223749,0,0,0,0,0,0,0,0,0,0
OTU_0106,0,0,0.00098135426889107,0,0,0.00594059405940594,0,0,0,0,0,0.000838222967309304,0
OTU_0107,0,0,0,0,0.060471037555697,0,0,0,0,0,0,0,0.0211106011932079
OTU_0108,0,0,0,0.00261096605744125,0,0,0,0,0,0,0,0,0
OTU_0109,0,0,0,0,0.0541056651814131,0,0.00556733828207847,0,0,0,0,0,0
OTU_0110,0,0,0,0,0,0,0,0,0.000959692898272553,0,0,0.000838222967309304,0
OTU_0111,0.00582072176949942,0,0,0.000870322019147084,0,0,0,0,0,0,0,0,0
OTU_0112,0,0,0,0.000870322019147084,0.00381922342457034,0,0.000265111346765642,0.00101454176530267,0,0.000528820729772607,0,0,0.00321248279027077
OTU_0113,0,0,0,0.000870322019147084,0,0.00792079207920792,0.000795334040296925,0,0,0,0,0,0
OTU_0114,0,0.00171526586620926,0,0,0,0,0,0,0,0,0,0,0
OTU_0115,0,0,0,0,0,0,0.000265111346765642,0,0,0,0,0,0.000458926112895824
OTU_0116,0.00116414435389988,0.00343053173241852,0,0,0,0.00099009900990099,0,0,0,0,0,0,0
OTU_0117,0,0,0.00098135426889107,0,0,0,0,0,0.00191938579654511,0,0,0,0
OTU_0118,0,0,0,0,0,0,0.00371155885471898,0,0,0,0,0,0
OTU_0119,0,0,0,0,0,0.00099009900990099,0,0,0,0,0,0,0
OTU_0120,0,0,0.00098135426889107,0,0,0.00099009900990099,0,0,0,0,0,0,0
OTU_0121,0,0,0,0,0,0,0,0,0.00191938579654511,0,0,0.000838222967309304,0
OTU_0122,0,0,0.00098135426889107,0.000870322019147084,0,0,0,0,0,0,0,0,0
OTU_0123,0,0,0,0,0,0,0,0,0.000959692898272553,0,0,0,0
OTU_0124,0,0,0,0,0,0,0,0.00101454176530267,0,0,0,0,0
OTU_0125,0.00232828870779977,0,0,0,0,0.00099009900990099,0,0,0.00287907869481766,0,0,0.000838222967309304,0
OTU_0126,0.00116414435389988,0,0,0.00174064403829417,0,0.00198019801980198,0,0,0,0,0,0.000838222967309304,0
OTU_0127,0,0,0,0.000870322019147084,0,0,0,0,0,0,0,0.00586756077116513,0
OTU_0128,0,0,0.00098135426889107,0,0,0,0,0,0.00479846449136276,0,0,0.00251466890192791,0
OTU_0129,0,0,0,0,0,0,0.00132555673382821,0,0,0,0,0,0
OTU_0130,0,0,0,0,0,0,0,0,0,0.00317292437863564,0,0,0
OTU_0131,0,0,0,0,0,0,0,0.000676361176868448,0,0,0,0,0
OTU_0132,0,0,0,0.00522193211488251,0,0,0,0,0,0,0,0.00586756077116513,0
OTU_0133,0.00232828870779977,0,0,0,0,0,0,0,0.000959692898272553,0,0,0,0
OTU_0134,0,0,0,0,0,0,0,0,0.000959692898272553,0,0,0.000838222967309304,0
OTU_0135,0,0.00343053173241852,0,0,0,0,0,0,0,0,0,0,0
OTU_0136,0,0,0,0,0,0,0.00291622481442206,0,0,0,0,0,0
OTU_0137,0.00116414435389988,0,0.00294406280667321,0,0,0,0,0,0,0,0,0,0
OTU_0138,0,0,0,0,0,0,0,0.000676361176868448,0,0,0,0,0.000458926112895824
OTU_0139,0,0,0,0.00348128807658834,0,0,0,0,0,0,0,0,0
OTU_0140,0.00116414435389988,0,0,0,0,0,0,0,0,0,0,0,0
OTU_0141,0,0.00171526586620926,0,0,0,0.00099009900990099,0,0,0,0,0,0,0
OTU_0142,0.00116414435389988,0,0.00196270853778214,0,0,0,0,0,0,0,0,0,0
OTU_0143,0,0,0.00098135426889107,0,0,0,0,0,0,0,0,0,0
OTU_0144,0,0,0.00098135426889107,0,0.00063653723742839,0,0,0,0,0,0,0,0.000917852225791648
OTU_0145,0,0,0,0,0,0,0,0,0,0,0.00133689839572193,0,0
OTU_0146,0.00116414435389988,0,0,0,0,0.00099009900990099,0,0,0,0,0,0,0
OTU_0147,0,0,0,0,0,0.00297029702970297,0,0,0,0,0,0,0
OTU_0148,0,0,0.00196270853778214,0,0,0,0,0,0,0,0,0,0
OTU_0149,0,0.00343053173241852,0,0,0,0,0,0,0,0,0,0,0
OTU_0150,0,0.00514579759862779,0,0,0,0,0,0,0,0,0,0.000838222967309304,0
OTU_0151,0,0,0,0,0,0,0,0.000338180588434224,0,0,0,0,0
OTU_0152,0,0,0,0.00174064403829417,0,0,0,0,0,0,0,0,0
OTU_0153,0,0,0.00196270853778214,0,0,0,0,0,0,0,0,0,0
OTU_0154,0,0,0,0,0,0,0,0,0.000959692898272553,0,0,0,0
OTU_0155,0,0,0,0,0,0.00198019801980198,0,0,0,0,0,0.000838222967309304,0
OTU_0156,0,0,0.00196270853778214,0,0,0,0,0,0,0,0,0,0
OTU_0157,0,0,0,0,0,0,0.000530222693531283,0,0,0,0,0,0
OTU_0158,0,0,0,0,0,0.00198019801980198,0,0,0,0,0,0,0
OTU_0159,0,0,0.00883218842001963,0,0,0,0,0,0,0,0,0,0
OTU_0160,0.00116414435389988,0,0,0,0,0.00099009900990099,0,0,0,0,0,0,0
OTU_0161,0.00116414435389988,0,0,0,0,0.00099009900990099,0,0,0,0,0,0,0
OTU_0162,0,0,0.00588812561334642,0,0,0,0,0,0.000959692898272553,0,0,0,0
OTU_0163,0,0,0,0.000870322019147084,0,0,0,0,0,0,0,0,0
OTU_0164,0,0,0,0,0,0,0,0,0,0,0.0017825311942959,0,0
OTU_0165,0,0,0.00392541707556428,0,0,0,0,0,0,0,0,0.000838222967309304,0
OTU_0166,0,0,0,0,0,0,0,0,0,0,0,0.000838222967309304,0
OTU_0167,0.00116414435389988,0,0,0,0,0,0,0,0.00575815738963532,0,0,0,0
OTU_0168,0,0.00343053173241852,0,0,0,0,0,0,0,0,0,0,0
OTU_0169,0,0,0,0,0,0.00099009900990099,0,0,0,0,0,0,0
OTU_0170,0,0,0,0.000870322019147084,0,0,0,0,0,0,0,0.000838222967309304,0
OTU_0171,0,0,0,0.000870322019147084,0,0,0,0,0,0,0,0,0
OTU_0172,0,0,0,0,0,0,0,0,0,0.000528820729772607,0,0,0.000458926112895824
OTU_0173,0,0,0,0,0,0,0,0,0,0,0,0.000838222967309304,0
OTU_0174,0,0,0,0,0,0,0.000265111346765642,0.00236726411903957,0,0,0,0,0
OTU_0175,0.00116414435389988,0,0.00196270853778214,0,0,0,0,0,0,0,0,0.00167644593461861,0
OTU_0176,0,0,0.00294406280667321,0,0,0,0,0,0,0,0,0,0
OTU_0177,0,0,0.00196270853778214,0,0,0.00792079207920792,0,0,0,0.00158646218931782,0,0.00251466890192791,0
OTU_0178,0,0,0,0,0,0,0,0,0,0.000528820729772607,0,0,0.000917852225791648
OTU_0179,0,0,0,0,0.00063653723742839,0,0.000265111346765642,0,0.000959692898272553,0,0,0,0
OTU_0180,0.00116414435389988,0.00171526586620926,0,0,0,0,0,0,0,0,0,0,0
OTU_0181,0,0,0,0,0,0,0,0,0,0,0,0,0.00458926112895824
OTU_0182,0,0,0,0,0.0464672183322724,0,0,0.00101454176530267,0,0.00687466948704389,0.00089126559714795,0.00167644593461861,0.026158788435062
OTU_0183,0,0,0.00196270853778214,0,0,0,0,0,0,0,0,0.00167644593461861,0
OTU_0184,0,0,0.00098135426889107,0,0,0,0,0,0,0,0,0,0
OTU_0185,0,0,0,0,0,0,0.000530222693531283,0,0,0,0,0,0
OTU_0186,0,0,0,0,0,0,0,0,0,0,0,0.000838222967309304,0
OTU_0187,0,0,0,0.00261096605744125,0,0,0.000265111346765642,0,0,0,0,0.000838222967309304,0
OTU_0188,0,0,0,0,0,0,0,0,0,0,0,0.00167644593461861,0
OTU_0189,0,0,0,0,0,0.00099009900990099,0,0,0,0,0,0,0
OTU_0190,0,0,0.00098135426889107,0,0,0,0,0,0,0,0,0.000838222967309304,0
OTU_0191,0.00116414435389988,0,0,0,0,0,0,0,0,0,0,0,0
OTU_0192,0,0,0,0,0,0,0.000530222693531283,0,0,0,0,0,0
OTU_0193,0,0,0.00098135426889107,0,0,0,0,0,0.000959692898272553,0,0,0,0
OTU_0194,0,0,0,0,0,0,0,0,0,0,0.000445632798573975,0,0
OTU_0195,0,0.00171526586620926,0.00098135426889107,0,0,0,0,0,0,0,0,0,0
OTU_0196,0,0,0,0,0,0,0,0,0.000959692898272553,0,0,0,0
OTU_0197,0.00116414435389988,0,0.00098135426889107,0,0,0.00891089108910891,0,0,0,0,0,0,0
OTU_0198,0,0,0.00294406280667321,0,0,0,0,0,0,0,0,0,0
OTU_0199,0,0,0,0,0,0,0,0,0.000959692898272553,0,0,0,0
OTU_0200,0,0,0,0,0.00127307447485678,0,0,0,0,0,0,0,0.0018357044515833
OTU_0201,0,0,0.00196270853778214,0,0,0,0,0,0.000959692898272553,0,0,0,0
OTU_0202,0,0,0,0,0,0,0,0,0,0,0,0.000838222967309304,0
OTU_0203,0,0,0,0.000870322019147084,0,0,0,0,0,0,0,0,0
OTU_0204,0,0,0,0,0,0,0.000265111346765642,0,0,0,0,0,0
OTU_0205,0.00116414435389988,0,0,0.000870322019147084,0,0,0,0,0,0,0,0.00167644593461861,0
OTU_0206,0.00116414435389988,0,0,0,0,0,0,0,0,0,0,0,0
OTU_0207,0,0.00171526586620926,0,0,0,0,0.000795334040296925,0,0,0,0,0,0
OTU_0208,0,0,0,0.00174064403829417,0,0,0,0,0,0,0,0,0
OTU_0209,0.00116414435389988,0,0,0,0,0,0,0,0,0,0,0,0
OTU_0210,0,0,0.00098135426889107,0,0,0,0,0,0,0,0,0,0
OTU_0211,0,0,0,0.00435161009573542,0,0,0,0,0,0,0,0.000838222967309304,0
OTU_0212,0.00232828870779977,0,0,0,0,0.00198019801980198,0,0,0,0,0,0,0
OTU_0213,0,0,0,0.000870322019147084,0,0,0.00238600212089077,0,0,0,0,0,0
OTU_0214,0.00116414435389988,0,0,0,0,0,0,0,0,0,0,0.000838222967309304,0
OTU_0215,0,0,0.00098135426889107,0,0,0,0,0,0,0,0,0,0
OTU_0216,0,0,0,0.000870322019147084,0,0,0,0,0,0,0,0.00251466890192791,0
OTU_0217,0,0,0.00294406280667321,0,0,0.00099009900990099,0,0,0,0,0,0,0
OTU_0218,0,0,0,0,0,0.00099009900990099,0,0,0,0,0,0,0
OTU_0219,0.00232828870779977,0,0,0,0,0,0,0,0,0,0,0.00167644593461861,0
OTU_0220,0.00116414435389988,0,0,0,0,0.00198019801980198,0.000265111346765642,0,0,0,0,0,0
OTU_0221,0.00349243306169965,0.00171526586620926,0,0,0,0,0,0,0,0,0,0,0
OTU_0222,0.00465657741559953,0,0,0,0,0,0,0,0,0,0,0.000838222967309304,0
OTU_0223,0,0.00171526586620926,0,0,0,0,0,0,0,0,0,0,0
OTU_0224,0,0,0,0.00261096605744125,0,0,0,0,0,0,0,0,0
OTU_0225,0,0,0.00098135426889107,0,0,0,0,0,0,0,0,0,0
OTU_0226,0,0,0,0,0,0,0.000795334040296925,0,0,0,0,0,0
OTU_0227,0,0,0,0,0.00063653723742839,0,0.000530222693531283,0.00236726411903957,0,0.00105764145954521,0,0,0
OTU_0228,0,0,0,0,0,0.00099009900990099,0,0,0,0,0,0,0
OTU_0229,0.00232828870779977,0,0,0,0,0,0,0,0,0,0,0,0
OTU_0230,0,0,0.00098135426889107,0,0,0,0,0,0,0,0,0.00670578373847443,0
OTU_0231,0,0,0,0,0,0,0.000265111346765642,0,0,0,0,0,0
OTU_0232,0,0,0,0,0,0,0,0,0.000959692898272553,0,0,0,0
OTU_0233,0.00116414435389988,0,0,0,0,0,0,0,0,0,0,0.00167644593461861,0
OTU_0234,0,0,0,0.00174064403829417,0,0.00099009900990099,0,0,0,0,0,0,0
OTU_0235,0,0,0,0,0,0,0,0,0,0,0,0.000838222967309304,0
OTU_0236,0,0,0,0.000870322019147084,0,0,0,0,0,0,0,0,0
OTU_0237,0,0,0,0,0,0,0,0,0,0.000528820729772607,0,0,0.000917852225791648
OTU_0238,0,0,0,0,0,0.00099009900990099,0,0,0,0,0,0,0
OTU_0239,0,0,0.00098135426889107,0,0,0,0,0,0.000959692898272553,0,0,0,0
OTU_0240,0,0,0,0.00435161009573542,0,0,0,0,0,0,0,0,0
OTU_0241,0,0,0.00098135426889107,0,0,0,0,0,0,0,0,0,0
OTU_0242,0,0.00514579759862779,0,0,0,0,0,0,0,0,0,0,0
OTU_0243,0,0,0,0,0.00063653723742839,0,0,0,0,0,0,0,0
OTU_0244,0,0,0,0,0,0,0,0,0.000959692898272553,0,0,0,0
OTU_0245,0,0.00171526586620926,0,0,0,0,0,0,0,0,0,0,0
OTU_0246,0,0,0,0,0.00063653723742839,0,0.000265111346765642,0,0,0,0,0,0
OTU_0247,0,0.00343053173241852,0,0,0,0,0,0,0,0,0,0,0
OTU_0248,0,0,0.00098135426889107,0,0,0,0,0,0,0,0,0,0
OTU_0249,0,0,0,0,0,0,0,0,0,0,0,0.000838222967309304,0
OTU_0250,0,0,0,0.00174064403829417,0,0,0,0,0,0,0,0.000838222967309304,0
OTU_0251,0,0,0,0,0,0,0,0.000676361176868448,0,0,0,0,0.000458926112895824
OTU_0252,0,0,0.00196270853778214,0,0,0,0,0,0,0,0,0,0
OTU_0253,0,0,0.00098135426889107,0,0,0,0,0,0,0,0,0,0
OTU_0254,0,0,0.00196270853778214,0,0,0,0,0,0,0,0,0.00586756077116513,0
OTU_0255,0,0,0.00098135426889107,0,0,0,0,0,0,0,0,0,0
OTU_0256,0,0,0,0,0,0,0,0,0,0,0,0,0
OTU_0257,0,0,0,0,0,0,0,0,0,0,0,0.000838222967309304,0
OTU_0258,0,0,0,0,0,0,0,0,0.00383877159309021,0,0,0,0
OTU_0259,0,0,0,0,0,0.00099009900990099,0,0,0,0,0,0,0
OTU_0260,0,0,0,0,0,0,0.000265111346765642,0,0,0,0,0,0
OTU_0261,0,0,0,0,0,0,0.000265111346765642,0,0,0,0,0,0
OTU_0262,0,0.00171526586620926,0,0,0,0,0,0,0,0,0,0,0
OTU_0263,0,0,0,0,0,0,0.000265111346765642,0,0,0,0,0,0
OTU_0264,0,0,0,0,0,0,0,0,0,0.000528820729772607,0,0,0
OTU_0265,0,0,0,0,0.00063653723742839,0,0,0,0,0,0,0,0
OTU_0266,0,0,0,0,0,0,0.00132555673382821,0,0,0,0,0,0
OTU_0267,0,0,0,0,0,0,0.000530222693531283,0,0,0,0,0,0
OTU_0268,0,0,0,0,0,0,0,0,0,0,0.00445632798573975,0,0
OTU_0269,0.00116414435389988,0,0,0,0,0,0,0,0,0,0,0,0
OTU_0270,0,0,0,0,0,0,0.000265111346765642,0,0,0,0,0,0
OTU_0271,0,0,0.00196270853778214,0,0,0,0,0,0,0,0,0,0
OTU_0272,0.00116414435389988,0,0,0,0,0,0,0,0,0,0,0,0
OTU_0273,0,0,0,0.000870322019147084,0,0,0,0,0,0,0,0,0
OTU_0274,0.00465657741559953,0,0,0,0,0,0,0,0,0,0,0,0
OTU_0275,0,0,0,0,0,0,0.000265111346765642,0,0,0,0,0,0
OTU_0276,0,0,0,0,0,0,0.000265111346765642,0,0,0,0,0,0
OTU_0277,0,0,0,0,0,0,0,0.000676361176868448,0,0,0,0,0
OTU_0278,0,0,0,0.000870322019147084,0,0,0,0,0,0,0,0,0
OTU_0279,0,0,0,0,0,0,0,0,0,0,0,0.000838222967309304,0
OTU_0280,0.00116414435389988,0,0,0,0,0,0,0,0,0,0,0,0
OTU_0281,0,0,0,0,0,0,0.000530222693531283,0,0,0,0,0,0
OTU_0282,0,0,0,0.000870322019147084,0,0,0,0,0,0,0,0,0
OTU_0283,0,0,0.00098135426889107,0,0,0,0,0,0,0,0,0,0
OTU_0284,0,0,0,0,0.00063653723742839,0,0,0,0,0,0,0,0
OTU_0285,0.00116414435389988,0,0,0,0,0,0,0,0,0,0,0,0
OTU_0286,0,0,0.00098135426889107,0,0,0,0,0,0,0,0,0,0
OTU_0287,0,0,0,0,0,0,0.000265111346765642,0,0,0,0,0,0
OTU_0288,0,0,0.00098135426889107,0,0,0,0,0,0,0,0,0,0
OTU_0289,0,0.00171526586620926,0,0,0,0,0,0,0,0,0,0,0
OTU_0290,0,0,0,0,0.00127307447485678,0,0,0,0,0,0,0,0
OTU_0291,0,0,0,0,0,0,0.000265111346765642,0,0,0,0,0,0
OTU_0292,0,0,0,0,0,0,0,0,0.000959692898272553,0,0,0,0
OTU_0293,0,0,0,0,0,0,0,0.00169090294217112,0,0,0,0,0
OTU_0294,0.00116414435389988,0,0,0,0,0,0,0,0,0,0,0,0
OTU_0295,0,0,0,0.000870322019147084,0,0,0,0,0,0,0,0,0
OTU_0296,0,0,0.00196270853778214,0,0,0,0,0,0,0,0,0,0
OTU_0297,0,0,0,0,0,0,0,0,0.000959692898272553,0,0,0,0
OTU_0298,0,0,0,0,0,0,0.00106044538706257,0,0,0,0,0,0
OTU_0299,0,0.00171526586620926,0,0,0,0,0,0,0,0,0,0,0
OTU_0300,0,0,0,0.000870322019147084,0,0,0,0,0,0,0,0,0
OTU_0301,0.00232828870779977,0,0,0,0,0,0,0,0,0,0,0,0
OTU_0302,0,0,0,0,0,0,0,0,0,0,0,0.000838222967309304,0
OTU_0303,0,0.00171526586620926,0,0,0,0,0,0,0,0,0,0,0
OTU_0304,0,0,0,0.000870322019147084,0,0,0,0,0,0,0,0,0
OTU_0305,0.00116414435389988,0,0,0,0,0,0,0,0,0,0,0,0
OTU_0306,0,0,0,0,0,0,0,0,0.000959692898272553,0,0,0,0
OTU_0307,0,0,0,0,0,0,0,0,0,0,0,0,0.000458926112895824
OTU_0308,0,0,0,0,0,0,0,0,0,0,0.000445632798573975,0,0
OTU_0309,0,0,0,0.000870322019147084,0,0,0,0,0,0,0,0,0
OTU_0310,0,0,0,0,0,0,0.000530222693531283,0,0,0,0,0,0
OTU_0311,0,0,0,0,0,0,0.00106044538706257,0,0,0,0,0,0
OTU_0312,0,0,0.00098135426889107,0,0,0,0,0,0,0,0,0,0
OTU_0313,0,0,0,0,0.00127307447485678,0,0,0,0,0,0,0,0
OTU_0314,0,0,0,0.00174064403829417,0,0,0,0,0,0,0,0,0
OTU_0315,0,0,0,0,0,0.00099009900990099,0,0,0,0,0,0,0
OTU_0316,0,0,0,0,0,0,0,0.000338180588434224,0,0,0,0,0
OTU_0317,0,0,0,0,0,0,0,0,0,0,0,0.000838222967309304,0
OTU_0318,0,0,0,0,0,0,0.000265111346765642,0,0,0,0,0,0
OTU_0319,0,0,0.00098135426889107,0,0,0,0,0,0,0,0,0,0
OTU_0320,0,0.00171526586620926,0,0,0,0,0,0,0,0,0,0,0
OTU_0321,0,0,0,0,0,0,0.000265111346765642,0,0,0,0,0,0
OTU_0322,0,0,0,0.00261096605744125,0,0,0,0,0,0,0,0,0
OTU_0323,0.00116414435389988,0,0,0,0,0,0,0,0,0,0,0,0
OTU_0324,0,0,0,0,0,0,0,0,0,0.00105764145954521,0,0,0
OTU_0325,0,0,0,0,0,0,0,0,0.00383877159309021,0,0,0,0
OTU_0326,0,0,0,0,0,0,0,0,0.000959692898272553,0,0,0,0
OTU_0327,0,0,0,0.000870322019147084,0,0,0,0,0,0,0,0,0
OTU_0328,0,0.00343053173241852,0,0,0,0,0,0,0,0,0,0,0
OTU_0329,0,0.00171526586620926,0,0,0,0,0,0,0,0,0,0,0
OTU_0330,0,0,0.00098135426889107,0,0,0,0,0,0,0,0,0,0
OTU_0331,0,0.00171526586620926,0,0,0,0,0,0,0,0,0,0,0
OTU_0332,0,0,0,0,0,0,0,0,0,0,0,0,0.00275355667737494
OTU_0333,0,0,0,0,0,0,0,0,0,0,0.000445632798573975,0,0
OTU_0334,0,0.00171526586620926,0,0,0,0,0,0,0,0,0,0,0
OTU_0335,0,0.00171526586620926,0,0,0,0,0,0,0,0,0,0,0
OTU_0336,0.00116414435389988,0,0,0,0,0,0,0,0,0,0,0,0
OTU_0337,0,0,0,0,0,0,0.000530222693531283,0,0,0,0,0,0
OTU_0338,0,0,0,0,0,0,0,0,0,0,0,0,0.000458926112895824
OTU_0339,0,0,0,0,0,0,0,0,0.000959692898272553,0,0,0,0
OTU_0340,0,0,0,0,0,0,0,0,0.000959692898272553,0,0,0,0
OTU_0341,0,0,0.00098135426889107,0,0,0,0,0,0,0,0,0,0
OTU_0342,0,0,0,0,0,0.00198019801980198,0.00159066808059385,0,0,0,0,0.00167644593461861,0
OTU_0343,0,0,0,0.000870322019147084,0,0,0,0,0,0,0,0,0
OTU_0344,0,0,0,0,0,0,0,0,0,0,0.00089126559714795,0,0
OTU_0345,0,0,0,0,0,0.00099009900990099,0,0,0,0,0,0,0
OTU_0346,0.00116414435389988,0,0,0,0,0,0,0,0,0,0,0,0
OTU_0347,0,0,0,0.000870322019147084,0,0,0,0,0,0,0,0,0
OTU_0348,0,0,0,0,0,0,0,0,0,0.000528820729772607,0,0,0
OTU_0349,0,0,0,0,0,0.00099009900990099,0,0,0,0,0,0,0
OTU_0350,0,0,0,0,0,0,0,0,0,0.00105764145954521,0,0,0
OTU_0351,0,0,0.00098135426889107,0,0,0,0,0,0,0,0,0,0
OTU_0352,0,0,0,0,0,0.00099009900990099,0,0,0,0,0,0,0
OTU_0353,0,0,0,0.000870322019147084,0,0,0,0,0,0,0,0,0
OTU_0354,0,0,0,0,0,0.00099009900990099,0,0,0,0,0,0,0
OTU_0355,0,0.00171526586620926,0,0,0,0,0,0,0,0,0,0,0
OTU_0356,0.00116414435389988,0,0,0,0,0,0,0,0,0,0,0,0
OTU_0357,0.00349243306169965,0,0,0,0,0,0,0,0,0,0,0,0
OTU_0358,0,0,0,0.000870322019147084,0,0,0,0,0,0,0,0,0
OTU_0359,0,0.00171526586620926,0,0,0,0,0,0,0,0,0,0,0
OTU_0360,0,0,0,0,0,0,0,0,0,0,0,0.000838222967309304,0
OTU_0361,0,0,0,0,0,0,0,0,0,0,0,0,0.000458926112895824
OTU_0362,0,0,0.00294406280667321,0,0,0,0,0,0,0,0,0,0
OTU_0363,0,0,0,0,0,0.00099009900990099,0,0,0,0,0,0,0
OTU_0364,0,0,0,0,0,0,0,0,0,0,0.00401069518716578,0,0
OTU_0365,0,0,0,0,0,0,0,0,0.000959692898272553,0,0,0,0
OTU_0366,0,0,0,0,0,0,0,0,0,0,0.000445632798573975,0,0
OTU_0367,0,0,0,0,0,0,0.000795334040296925,0,0,0,0,0,0
OTU_0368,0,0,0,0,0,0,0.000265111346765642,0,0,0,0,0,0
OTU_0369,0,0,0,0,0,0,0,0,0,0,0,0.000838222967309304,0
OTU_0370,0,0,0,0,0,0,0,0.000338180588434224,0,0,0,0,0
OTU_0371,0,0,0.00098135426889107,0,0,0,0,0,0,0,0,0,0
OTU_0372,0,0,0,0,0,0,0.000265111346765642,0,0,0,0,0,0
OTU_0373,0,0,0,0,0,0,0.000265111346765642,0,0,0,0,0,0
OTU_0374,0,0,0,0.000870322019147084,0,0,0,0,0,0,0,0,0
OTU_0375,0,0,0,0,0,0,0,0,0,0.000528820729772607,0,0,0
OTU_0376,0,0,0,0.00261096605744125,0,0,0,0,0,0,0,0,0
OTU_0377,0,0,0,0.00261096605744125,0,0,0,0,0,0,0,0,0
OTU_0378,0,0,0,0,0,0.00099009900990099,0,0,0,0,0,0,0
OTU_0379,0,0,0,0.000870322019147084,0,0,0,0,0,0,0,0,0
OTU_0380,0.00116414435389988,0,0,0,0,0,0,0,0,0,0,0,0
OTU_0381,0,0,0,0,0,0,0,0.000338180588434224,0,0,0,0,0
OTU_0382,0,0,0,0,0,0,0,0,0,0,0,0.000838222967309304,0
OTU_0383,0.00116414435389988,0,0,0,0,0,0,0,0,0,0,0,0
OTU_0384,0,0,0.00098135426889107,0,0,0,0,0,0,0,0,0,0
OTU_0385,0,0.00171526586620926,0,0,0,0,0,0,0,0,0,0,0
OTU_0386,0,0,0,0,0,0,0,0,0,0,0,0.000838222967309304,0
OTU_0387,0,0,0,0,0,0,0,0,0,0,0.00133689839572193,0,0
OTU_0388,0,0,0.00098135426889107,0,0,0,0,0,0,0,0,0,0
OTU_0389,0,0,0,0.000870322019147084,0,0,0,0,0,0,0,0,0
OTU_0390,0,0,0,0.000870322019147084,0,0,0,0,0,0,0,0,0
OTU_0391,0,0,0,0,0,0,0,0,0,0,0.000445632798573975,0,0
OTU_0392,0,0,0,0,0,0,0.00768822905620361,0,0,0,0,0,0
OTU_0393,0,0,0,0,0,0.00297029702970297,0,0,0,0,0,0,0
OTU_0394,0,0,0,0,0.00063653723742839,0,0,0,0,0,0,0,0
OTU_0395,0.00232828870779977,0,0,0,0,0,0,0,0,0,0,0,0
OTU_0396,0,0,0,0,0,0,0,0,0,0,0,0.000838222967309304,0
OTU_0397,0.00116414435389988,0,0,0,0,0,0,0,0,0,0,0,0
OTU_0398,0,0,0,0,0.00063653723742839,0,0,0,0,0,0,0,0
OTU_0399,0,0,0,0,0,0,0,0,0.000959692898272553,0,0,0,0
OTU_0400,0,0,0,0,0,0,0.000530222693531283,0,0,0,0,0,0
OTU_0401,0,0,0,0,0,0,0,0,0,0,0,0,0.000458926112895824
OTU_0402,0,0.00171526586620926,0,0,0,0,0,0,0,0,0,0,0
OTU_0403,0,0,0,0.00174064403829417,0,0,0,0,0,0,0,0,0
OTU_0404,0,0,0,0,0,0.00099009900990099,0,0,0,0,0,0,0
OTU_0405,0,0,0,0,0,0,0,0,0,0,0,0.000838222967309304,0
OTU_0406,0,0,0,0,0,0,0,0,0,0,0.00133689839572193,0,0
OTU_0407,0,0,0,0,0.00063653723742839,0,0,0,0,0,0,0,0
OTU_0408,0,0,0,0,0,0,0.000530222693531283,0,0,0,0,0,0
OTU_0409,0,0,0,0,0,0.00099009900990099,0,0,0,0,0,0,0
OTU_0410,0,0,0,0,0,0,0.00106044538706257,0,0,0,0,0,0
OTU_0411,0,0,0,0,0,0,0,0,0,0.000528820729772607,0,0,0
OTU_0412,0,0,0.00098135426889107,0,0,0,0,0,0,0,0,0,0
OTU_0413,0,0,0,0,0,0,0,0.000676361176868448,0,0,0,0,0.00550711335474988
OTU_0414,0,0,0,0,0,0,0,0,0.00479846449136276,0,0,0,0
OTU_0415,0,0,0,0,0,0,0,0,0.00863723608445298,0,0,0,0
OTU_0416,0,0,0,0,0,0,0,0,0,0,0,0.000838222967309304,0
OTU_0417,0,0.00171526586620926,0,0,0,0,0,0,0,0,0,0,0
OTU_0418,0,0,0.00098135426889107,0,0,0,0,0,0,0,0,0,0
OTU_0419,0,0.00171526586620926,0,0,0,0,0,0,0,0,0,0,0
OTU_0420,0,0,0,0,0,0,0.000265111346765642,0,0,0,0,0,0
OTU_0421,0,0,0,0.000870322019147084,0,0,0,0,0,0,0,0,0
OTU_0422,0,0.00171526586620926,0,0,0,0,0,0,0,0,0,0,0
OTU_0423,0,0,0,0,0,0,0,0,0.000959692898272553,0,0,0,0
OTU_0424,0,0,0,0,0,0,0,0,0,0,0.00133689839572193,0,0
OTU_0425,0,0,0,0,0,0,0,0,0.000959692898272553,0,0,0,0
OTU_0426,0,0,0,0,0,0.00099009900990099,0,0,0,0,0,0,0
OTU_0427,0,0,0,0,0,0,0,0,0.00191938579654511,0,0,0,0
OTU_0428,0,0,0,0,0,0,0.000530222693531283,0,0,0,0,0,0
OTU_0429,0,0,0,0,0,0,0,0,0,0,0,0.000838222967309304,0
OTU_0430,0,0,0,0,0,0,0,0,0,0,0,0.000838222967309304,0
OTU_0431,0,0,0,0,0,0,0,0,0,0,0,0.000838222967309304,0
OTU_0432,0,0,0,0,0,0,0,0,0.00287907869481766,0,0,0,0
OTU_0433,0,0,0,0,0,0,0,0,0,0,0,0.000838222967309304,0
OTU_0434,0,0,0,0,0,0,0.000265111346765642,0,0,0,0,0,0
OTU_0435,0,0,0.00098135426889107,0,0,0,0,0,0,0,0,0,0
OTU_0436,0.00465657741559953,0,0,0,0,0,0,0,0,0,0,0,0
OTU_0437,0,0,0,0,0,0,0,0,0,0,0.00089126559714795,0,0
OTU_0438,0,0,0,0.00174064403829417,0,0,0,0,0,0,0,0,0
OTU_0439,0,0,0,0,0.00063653723742839,0,0,0,0,0,0,0,0
OTU_0440,0,0,0,0,0,0,0,0,0,0,0.00267379679144385,0,0
OTU_0441,0,0,0.00098135426889107,0,0,0,0,0,0,0,0,0,0
OTU_0442,0,0,0.00098135426889107,0,0,0,0,0,0,0,0,0,0
OTU_0443,0,0,0,0,0,0,0,0,0.00191938579654511,0,0,0,0
OTU_0444,0,0,0,0,0,0,0.000265111346765642,0,0,0,0,0,0
OTU_0445,0,0,0,0,0,0.00099009900990099,0,0,0,0,0,0,0
OTU_0446,0.00116414435389988,0,0,0,0,0,0,0,0,0,0,0,0
OTU_0447,0,0,0,0,0,0,0.000265111346765642,0,0,0,0,0,0
OTU_0448,0,0,0.00098135426889107,0,0,0,0,0,0,0,0,0,0
OTU_0449,0,0,0,0,0,0,0,0,0,0,0,0.000838222967309304,0
OTU_0450,0,0,0,0,0,0,0,0.000338180588434224,0,0,0,0,0
OTU_0451,0,0.00171526586620926,0,0,0,0,0,0,0,0,0,0,0
OTU_0452,0,0,0,0,0,0,0.000265111346765642,0,0,0,0,0,0
OTU_0453,0,0,0,0,0,0,0,0,0,0,0,0.000838222967309304,0
OTU_0454,0,0,0,0,0,0,0,0,0,0,0,0.000838222967309304,0
OTU_0455,0.00116414435389988,0,0,0,0,0,0,0,0,0,0,0,0
OTU_0456,0,0,0.00098135426889107,0,0,0,0,0,0,0,0,0,0
OTU_0457,0,0,0.00098135426889107,0,0,0,0,0,0,0,0,0,0
OTU_0458,0.00116414435389988,0,0,0,0,0,0,0,0,0,0,0,0
OTU_0459,0,0.00171526586620926,0,0,0,0,0,0,0,0,0,0,0
OTU_0460,0,0,0,0,0,0,0,0,0.00191938579654511,0,0,0,0
OTU_0461,0.00116414435389988,0,0,0,0,0,0,0,0,0,0,0,0
OTU_0462,0,0,0,0,0,0.00099009900990099,0,0,0,0,0,0,0
OTU_0463,0,0,0,0,0.00063653723742839,0,0,0,0,0,0,0,0
OTU_0464,0,0.00171526586620926,0,0,0,0,0,0,0,0,0,0,0
OTU_0465,0,0,0,0,0,0.00099009900990099,0,0,0,0,0,0,0
OTU_0466,0,0,0,0.000870322019147084,0,0,0,0,0,0,0,0,0
OTU_0467,0,0,0.00098135426889107,0,0,0,0,0,0,0,0,0,0
OTU_0468,0,0,0,0,0,0,0,0,0,0,0,0.000838222967309304,0
OTU_0469,0,0,0,0.000870322019147084,0,0,0,0,0,0,0,0,0
OTU_0470,0,0,0,0.000870322019147084,0,0,0,0,0,0,0,0,0
OTU_0471,0.00116414435389988,0,0,0,0,0,0,0,0,0,0,0,0
OTU_0472,0,0.00171526586620926,0,0,0,0,0,0,0,0,0,0,0
OTU_0473,0,0,0,0,0,0.00099009900990099,0,0,0,0,0,0,0
OTU_0474,0,0,0,0,0,0,0,0,0,0,0,0.00167644593461861,0
OTU_0475,0,0,0.00098135426889107,0,0,0,0,0,0,0,0,0,0
OTU_0476,0,0,0,0,0,0,0,0.000338180588434224,0,0,0,0,0
OTU_0477,0,0,0,0,0,0,0.000265111346765642,0,0,0,0,0,0
OTU_0478,0,0.00343053173241852,0,0,0,0,0,0,0,0,0,0,0
OTU_0479,0,0,0,0,0,0.00495049504950495,0,0,0,0,0,0,0
OTU_0480,0,0.00171526586620926,0,0,0,0,0,0,0,0,0,0,0
OTU_0481,0,0,0,0,0,0.00099009900990099,0,0,0,0,0,0,0
OTU_0482,0,0,0.00098135426889107,0,0,0,0,0,0,0,0,0,0
OTU_0483,0,0.00171526586620926,0,0,0,0,0,0,0,0,0,0,0
OTU_0484,0,0,0.00098135426889107,0,0,0,0,0,0,0,0,0,0
OTU_0485,0,0,0,0,0,0,0,0,0,0,0,0.000838222967309304,0
OTU_0486,0,0,0,0.000870322019147084,0,0,0,0,0,0,0,0,0
OTU_0487,0,0.00171526586620926,0,0,0,0,0,0,0,0,0,0,0
OTU_0488,0,0,0,0,0,0,0,0,0.000959692898272553,0,0,0,0
OTU_0489,0,0,0,0,0,0,0,0,0.000959692898272553,0,0,0,0
OTU_0490,0,0,0,0.000870322019147084,0,0,0,0,0,0,0,0,0
OTU_0491,0,0,0,0,0,0,0,0,0,0,0,0.000838222967309304,0
OTU_0492,0,0,0,0,0.00190961171228517,0,0,0,0,0,0,0,0
OTU_0493,0,0,0,0,0,0,0,0,0,0.000528820729772607,0,0,0
OTU_0494,0,0,0,0.000870322019147084,0,0,0,0,0,0,0,0,0
OTU_0495,0,0,0,0,0,0,0,0,0,0,0,0.000838222967309304,0
OTU_0496,0,0,0,0,0,0,0,0,0.0105566218809981,0,0,0,0
OTU_0497,0,0,0,0,0,0.00099009900990099,0,0,0,0,0,0,0
OTU_0498,0.00116414435389988,0,0,0,0,0,0,0,0,0,0,0,0
OTU_0499,0,0,0,0,0,0,0.000265111346765642,0,0,0,0,0,0
OTU_0500,0,0,0,0.00174064403829417,0,0,0,0,0,0,0,0,0
OTU_0501,0,0,0.00196270853778214,0,0,0,0,0,0,0,0,0,0
OTU_0502,0,0,0,0,0,0,0,0,0,0,0,0.000838222967309304,0
OTU_0503,0,0.00171526586620926,0,0,0,0,0,0,0,0,0,0,0
OTU_0504,0,0,0,0,0,0,0,0,0.000959692898272553,0,0,0,0
OTU_0505,0,0,0,0,0,0,0,0,0.000959692898272553,0,0,0,0
OTU_0506,0,0,0,0,0,0,0.000795334040296925,0,0,0,0,0,0
OTU_0507,0,0,0.00098135426889107,0,0,0,0,0,0,0,0,0,0
OTU_0508,0.00116414435389988,0,0,0,0,0,0,0,0,0,0,0,0
OTU_0509,0,0,0,0,0,0,0,0,0.000959692898272553,0,0,0,0
OTU_0510,0,0,0,0,0,0,0.000265111346765642,0,0,0,0,0,0
OTU_0511,0.00116414435389988,0,0,0,0,0,0,0,0,0,0,0,0
OTU_0512,0,0,0,0,0,0,0,0,0,0,0,0.00251466890192791,0
OTU_0513,0,0,0,0,0,0,0,0,0.000959692898272553,0,0,0,0
OTU_0514,0,0,0.00098135426889107,0,0,0,0,0,0,0,0,0,0
OTU_0515,0,0,0,0,0,0,0,0,0,0,0,0.000838222967309304,0
OTU_0516,0,0,0,0.00174064403829417,0,0,0,0,0,0,0,0,0
OTU_0517,0,0,0,0,0,0,0,0,0,0.000528820729772607,0,0,0
OTU_0518,0,0,0,0,0,0,0.000530222693531283,0,0,0,0,0,0
OTU_0519,0,0,0,0.000870322019147084,0,0,0,0,0,0,0,0,0
OTU_0520,0,0,0.00098135426889107,0,0,0,0,0,0,0,0,0,0
OTU_0521,0,0,0,0,0.00063653723742839,0,0,0,0,0,0,0,0
OTU_0522,0,0.00171526586620926,0,0,0,0,0,0,0,0,0,0,0
OTU_0523,0,0,0,0,0,0,0,0,0.000959692898272553,0,0,0,0
OTU_0524,0,0,0,0,0,0,0,0,0,0,0,0.000838222967309304,0
OTU_0525,0,0,0,0,0,0,0,0,0,0,0,0.000838222967309304,0
OTU_0526,0,0,0,0,0,0.00099009900990099,0,0,0,0,0,0,0
OTU_0527,0,0.00171526586620926,0,0,0,0,0,0,0,0,0,0,0
OTU_0528,0,0,0,0,0,0,0,0,0,0,0,0.000838222967309304,0
OTU_0529,0,0,0,0,0,0,0,0,0.000959692898272553,0,0,0,0
OTU_0530,0,0.00171526586620926,0,0,0,0,0,0,0,0,0,0,0
OTU_0531,0,0.00171526586620926,0,0,0,0,0,0,0,0,0,0,0
OTU_0532,0,0,0,0,0,0,0.00106044538706257,0,0,0,0,0,0
OTU_0533,0,0.00171526586620926,0,0,0,0,0,0,0,0,0,0,0
OTU_0534,0,0,0,0,0,0,0,0,0,0,0,0.000838222967309304,0
OTU_0535,0,0,0,0,0,0.00198019801980198,0,0,0,0,0,0,0
OTU_0536,0,0,0,0,0,0.00198019801980198,0,0,0,0,0,0,0
OTU_0537,0,0,0,0.000870322019147084,0,0,0,0,0,0,0,0,0
OTU_0538,0,0,0,0.000870322019147084,0,0,0,0,0,0,0,0,0
OTU_0539,0,0.00343053173241852,0,0,0,0,0,0,0,0,0,0,0
OTU_0540,0,0,0,0,0,0,0,0,0,0,0,0,0.00229463056447912
OTU_0541,0,0,0,0,0,0,0,0,0,0,0,0.000838222967309304,0
OTU_0542,0,0.00171526586620926,0,0,0,0,0,0,0,0,0,0,0
OTU_0543,0,0,0,0,0,0,0,0,0,0,0,0.000838222967309304,0
OTU_0544,0,0,0,0,0.00063653723742839,0,0,0,0,0,0,0,0
OTU_0545,0,0,0.00098135426889107,0,0,0,0,0,0,0,0,0,0
OTU_0546,0,0,0,0,0,0,0.000530222693531283,0,0,0,0,0,0
OTU_0547,0,0,0,0,0,0,0.000265111346765642,0,0,0,0,0,0
OTU_0548,0,0,0,0,0,0,0,0,0,0,0,0.000838222967309304,0
OTU_0549,0,0,0,0,0,0,0.000265111346765642,0,0,0,0,0,0
OTU_0550,0,0,0,0.000870322019147084,0,0,0,0,0,0,0,0,0
OTU_0551,0,0,0,0,0,0,0,0,0,0.000528820729772607,0,0,0
OTU_0552,0,0.00171526586620926,0,0,0,0,0,0,0,0,0,0,0
OTU_0553,0,0,0,0,0,0,0,0,0.00191938579654511,0,0,0,0
OTU_0554,0,0,0.00098135426889107,0,0,0,0,0,0,0,0,0,0
OTU_0555,0,0.00171526586620926,0,0,0,0,0,0,0,0,0,0,0
OTU_0556,0,0,0,0,0,0,0.000265111346765642,0,0,0,0,0,0
OTU_0557,0,0,0,0,0,0,0.000265111346765642,0,0,0,0,0,0
OTU_0558,0,0,0,0,0,0,0.000265111346765642,0,0,0,0,0,0
OTU_0559,0,0,0,0,0,0.00099009900990099,0,0,0,0,0,0,0
OTU_0560,0,0.00171526586620926,0,0,0,0,0,0,0,0,0,0,0
OTU_0561,0,0,0,0,0,0,0,0,0,0,0,0.000838222967309304,0
OTU_0562,0,0,0.00098135426889107,0,0,0,0,0,0,0,0,0,0
OTU_0563,0,0,0,0,0,0,0,0,0,0,0,0.000838222967309304,0
OTU_0564,0,0,0,0,0,0,0,0,0.000959692898272553,0,0,0,0
OTU_0565,0,0,0,0.00174064403829417,0,0,0,0,0,0,0,0,0
OTU_0566,0,0,0,0.000870322019147084,0,0,0,0,0,0,0,0,0
OTU_0567,0,0,0,0,0,0.00099009900990099,0,0,0,0,0,0,0
OTU_0568,0,0,0,0,0,0,0.000530222693531283,0,0,0,0,0,0
OTU_0569,0,0,0,0,0,0,0,0.000338180588434224,0,0,0,0,0
OTU_0570,0.00232828870779977,0,0,0,0,0,0,0,0,0,0,0,0
OTU_0571,0,0,0,0,0,0,0,0,0.000959692898272553,0,0,0,0
OTU_0572,0,0,0.00196270853778214,0,0,0,0,0,0,0,0,0,0
OTU_0573,0,0,0,0,0,0.00099009900990099,0,0,0,0,0,0,0
OTU_0574,0.00116414435389988,0,0,0,0,0,0,0,0,0,0,0,0
OTU_0575,0,0,0,0,0,0.00099009900990099,0,0,0,0,0,0,0
OTU_0576,0,0,0,0,0,0,0,0,0.00191938579654511,0,0,0,0
OTU_0577,0,0,0,0.00174064403829417,0,0,0,0,0,0,0,0,0
OTU_0578,0,0,0,0,0,0,0,0,0,0,0,0.000838222967309304,0
OTU_0579,0,0,0,0,0.00063653723742839,0,0,0,0,0,0,0,0
OTU_0580,0,0,0,0,0,0.00099009900990099,0,0,0,0,0,0,0
OTU_0581,0,0,0,0,0,0,0,0,0,0,0,0.000838222967309304,0
OTU_0582,0.00116414435389988,0,0,0,0,0,0,0,0,0,0,0,0
OTU_0583,0.00116414435389988,0,0,0,0,0,0,0,0,0,0,0,0
OTU_0584,0,0,0,0,0,0,0,0,0,0,0,0.000838222967309304,0
OTU_0585,0,0,0,0.000870322019147084,0,0,0,0,0,0,0,0,0
OTU_0586,0,0,0,0,0,0,0,0,0.00191938579654511,0,0,0,0
OTU_0587,0,0,0,0,0,0.00099009900990099,0,0,0,0,0,0,0
OTU_0588,0,0,0,0,0,0,0,0,0,0,0,0.000838222967309304,0
OTU_0589,0.00349243306169965,0,0,0,0,0,0,0,0,0,0,0,0
OTU_0590,0,0,0,0,0,0,0,0,0,0,0,0,0.000917852225791648
OTU_0591,0,0,0,0,0,0.00099009900990099,0,0,0,0,0,0,0
OTU_0592,0,0,0,0,0,0,0,0,0,0,0,0.000838222967309304,0
OTU_0593,0,0,0,0,0,0,0,0,0,0.000528820729772607,0,0,0
OTU_0594,0,0,0.00098135426889107,0,0,0,0,0,0,0,0,0,0
OTU_0595,0,0,0,0,0,0,0.000530222693531283,0,0,0,0,0,0
OTU_0596,0,0,0,0,0,0.00099009900990099,0,0,0,0,0,0,0
OTU_0597,0,0,0,0,0,0,0,0,0,0,0,0.00167644593461861,0
OTU_0598,0.00465657741559953,0,0,0,0,0,0,0,0,0,0,0,0
OTU_0599,0,0,0.00098135426889107,0,0,0,0,0,0,0,0,0,0
OTU_0600,0,0,0,0.000870322019147084,0,0,0,0,0,0,0,0,0
OTU_0601,0,0,0,0,0,0.00198019801980198,0,0,0,0,0,0,0
OTU_0602,0,0,0.00098135426889107,0,0,0,0,0,0,0,0,0,0
OTU_0603,0,0,0,0.000870322019147084,0,0,0,0,0,0,0,0,0
OTU_0604,0,0,0,0,0,0,0,0,0,0,0,0,0.000458926112895824
OTU_0605,0,0,0,0.00174064403829417,0,0,0,0,0,0,0,0,0
OTU_0606,0,0,0,0,0,0.00099009900990099,0,0,0,0,0,0,0
OTU_0607,0,0,0,0,0,0,0,0,0.00383877159309021,0,0,0,0
OTU_0608,0,0,0,0.000870322019147084,0,0,0,0,0,0,0,0,0
OTU_0609,0,0.00171526586620926,0,0,0,0,0,0,0,0,0,0,0
OTU_0610,0,0,0,0,0.00063653723742839,0,0,0,0,0,0,0,0
OTU_0611,0,0,0,0.000870322019147084,0,0,0,0,0,0,0,0,0
OTU_0612,0,0,0,0.000870322019147084,0,0,0,0,0,0,0,0,0
OTU_0613,0.00116414435389988,0,0,0,0,0,0,0,0,0,0,0,0
OTU_0614,0,0,0,0,0,0,0,0,0,0,0,0.000838222967309304,0
OTU_0615,0,0,0,0,0,0,0,0,0.00383877159309021,0,0,0,0
OTU_0616,0,0,0,0,0,0,0,0,0.0211132437619962,0,0,0,0
OTU_0617,0,0,0,0.000870322019147084,0,0,0,0,0,0,0,0,0
OTU_0618,0,0,0,0.000870322019147084,0,0,0,0,0,0,0,0,0
OTU_0619,0,0,0,0,0,0,0,0,0.00191938579654511,0,0,0,0
OTU_0620,0,0,0,0.000870322019147084,0,0,0,0,0,0,0,0,0
OTU_0621,0,0,0.00098135426889107,0,0,0,0,0,0,0,0,0,0
OTU_0622,0,0,0,0,0,0,0,0,0.00191938579654511,0,0,0,0
OTU_0623,0,0,0,0,0.00063653723742839,0,0,0,0,0,0,0,0
OTU_0624,0,0,0,0,0,0,0,0,0,0,0.00490196078431373,0,0
OTU_0625,0,0,0.00098135426889107,0,0,0,0,0,0,0,0,0,0
OTU_0626,0,0,0,0,0,0.00099009900990099,0,0,0,0,0,0,0
OTU_0627,0,0.00171526586620926,0,0,0,0,0,0,0,0,0,0,0
OTU_0628,0.00116414435389988,0,0,0,0,0,0,0,0,0,0,0,0
OTU_0629,0,0,0,0,0,0,0,0,0,0,0,0,0.00229463056447912
OTU_0630,0,0,0,0,0,0.00099009900990099,0,0,0,0,0,0,0
OTU_0631,0,0,0,0,0,0,0,0,0.00479846449136276,0,0,0,0
OTU_0632,0,0,0,0,0,0,0,0,0,0,0.0017825311942959,0,0
OTU_0633,0,0,0,0,0,0.00099009900990099,0,0,0,0,0,0,0
OTU_0634,0,0,0,0.000870322019147084,0,0,0,0,0,0,0,0,0
OTU_0635,0,0.00171526586620926,0,0,0,0,0,0,0,0,0,0,0
OTU_0636,0,0.00343053173241852,0,0,0,0,0,0,0,0,0,0,0
OTU_0637,0,0.00171526586620926,0,0,0,0,0,0,0,0,0,0,0
OTU_0638,0,0,0,0,0,0.00099009900990099,0,0,0,0,0,0,0
OTU_0639,0,0.00171526586620926,0,0,0,0,0,0,0,0,0,0,0
OTU_0640,0,0.00171526586620926,0,0,0,0,0,0,0,0,0,0,0
OTU_0641,0,0,0,0,0,0,0,0.000338180588434224,0,0,0,0,0
OTU_0642,0,0,0,0,0.00381922342457034,0,0,0,0,0,0,0,0
OTU_0643,0,0,0,0,0,0,0,0.00101454176530267,0,0,0,0,0
OTU_0644,0,0,0,0,0.00127307447485678,0,0.00185577942735949,0,0,0,0,0,0
OTU_0645,0,0.00171526586620926,0,0,0,0,0,0,0,0,0,0,0
OTU_0646,0,0,0,0,0,0,0.000795334040296925,0,0,0,0,0,0
OTU_0647,0,0.00171526586620926,0,0,0,0,0,0,0,0,0,0,0
OTU_0648,0,0,0,0.000870322019147084,0,0,0,0,0,0,0,0,0
OTU_0649,0,0,0,0.000870322019147084,0,0,0,0,0,0,0,0,0
OTU_0650,0,0.00171526586620926,0,0,0,0,0,0,0,0,0,0,0
OTU_0651,0,0,0.00098135426889107,0,0,0,0,0,0,0,0,0,0
OTU_0652,0,0,0,0,0,0,0,0,0,0,0,0.000838222967309304,0
OTU_0653,0,0,0,0,0,0,0,0,0,0,0,0.00251466890192791,0
OTU_0654,0,0,0.00588812561334642,0,0,0,0,0,0,0,0,0,0
OTU_0655,0,0,0.00196270853778214,0,0,0,0,0,0,0,0,0,0
OTU_0656,0.00232828870779977,0,0,0,0,0,0,0,0,0,0,0,0
OTU_0657,0,0,0,0,0,0,0,0.000338180588434224,0,0,0,0,0
OTU_0658,0,0,0,0,0,0,0.000265111346765642,0,0,0,0,0,0
OTU_0659,0,0,0.00098135426889107,0,0,0,0,0,0,0,0,0,0
OTU_0660,0,0,0,0,0,0,0,0,0,0,0,0.000838222967309304,0
OTU_0661,0,0,0,0,0,0,0.000265111346765642,0,0,0,0,0,0
OTU_0662,0,0,0,0,0,0,0.00185577942735949,0,0,0,0,0,0
OTU_0663,0.00116414435389988,0,0,0,0,0,0,0,0,0,0,0,0
OTU_0664,0,0,0.00098135426889107,0,0,0,0,0,0,0,0,0,0
OTU_0665,0,0,0,0,0,0,0,0,0.000959692898272553,0,0,0,0
OTU_0666,0,0.00171526586620926,0,0,0,0,0,0,0,0,0,0,0
OTU_0667,0,0,0,0,0,0,0,0,0.000959692898272553,0,0,0,0
OTU_0668,0,0,0,0,0,0,0,0,0.00383877159309021,0,0,0,0
OTU_0669,0,0,0,0,0,0,0.0031813361611877,0,0,0,0,0,0
OTU_0670,0,0,0,0,0,0,0,0,0,0,0,0.000838222967309304,0
OTU_0671,0,0,0,0.000870322019147084,0,0,0,0,0,0,0,0,0
OTU_0672,0,0,0.00392541707556428,0,0,0,0,0,0,0,0,0,0
OTU_0673,0,0,0,0.000870322019147084,0,0,0,0,0,0,0,0,0
OTU_0674,0,0,0.00098135426889107,0,0,0,0,0,0,0,0,0,0
OTU_0675,0,0,0,0,0,0,0,0,0,0,0,0.000838222967309304,0
OTU_0676,0,0.00343053173241852,0,0,0,0,0,0,0,0,0,0,0
OTU_0677,0,0,0.00196270853778214,0,0,0,0,0,0,0,0,0,0
OTU_0678,0,0,0,0.000870322019147084,0,0,0,0,0,0,0,0,0
OTU_0679,0,0,0,0,0,0,0,0,0,0,0,0,0.000458926112895824
OTU_0680,0,0,0,0.000870322019147084,0,0,0,0,0,0,0,0,0
OTU_0681,0.00116414435389988,0,0,0,0,0,0,0,0,0,0,0,0
OTU_0682,0,0.00171526586620926,0,0,0,0,0,0,0,0,0,0,0
OTU_0683,0,0,0,0,0,0,0,0,0.000959692898272553,0,0,0,0
OTU_0684,0,0,0,0,0,0,0,0,0,0,0,0.000838222967309304,0
OTU_0685,0,0,0,0.000870322019147084,0,0,0,0,0,0,0,0,0
OTU_0686,0,0,0,0,0,0,0.000530222693531283,0,0,0,0,0,0
OTU_0687,0,0,0,0,0,0,0,0,0,0,0,0.00167644593461861,0
OTU_0688,0,0,0,0,0.00063653723742839,0,0,0,0,0,0,0,0
OTU_0689,0.00116414435389988,0,0,0,0,0,0,0,0,0,0,0,0
OTU_0690,0.00116414435389988,0,0,0,0,0,0,0,0,0,0,0,0
OTU_0691,0,0,0,0,0.00063653723742839,0,0,0,0,0,0,0,0
OTU_0692,0,0,0,0,0,0,0,0,0,0.000528820729772607,0,0,0
OTU_0693,0,0,0,0.00348128807658834,0,0,0,0,0,0,0,0,0.00504818724185406
OTU_0694,0,0,0,0.00435161009573542,0,0,0,0,0,0,0,0,0
OTU_0695,0,0,0,0,0,0.00396039603960396,0,0,0,0,0,0,0
OTU_0696,0,0,0,0,0,0,0,0.000338180588434224,0,0,0,0,0
OTU_0697,0,0,0,0,0.00063653723742839,0,0,0,0,0,0,0,0
OTU_0698,0,0.00171526586620926,0,0,0,0,0,0,0,0,0,0,0
OTU_0699,0,0,0.00098135426889107,0,0,0,0,0,0,0,0,0,0
OTU_0700,0,0,0,0,0,0,0,0,0.00191938579654511,0,0,0,0
OTU_0701,0,0,0,0,0,0.00099009900990099,0,0,0,0,0,0,0
OTU_0702,0.00232828870779977,0,0,0,0,0,0,0,0,0,0,0,0
OTU_0703,0,0,0,0,0,0,0.000530222693531283,0,0,0,0,0,0
OTU_0704,0,0,0,0,0,0,0,0.000338180588434224,0,0,0,0,0
OTU_0705,0,0,0.00098135426889107,0,0,0,0,0,0,0,0,0,0
OTU_0706,0.00116414435389988,0,0,0,0,0,0,0,0,0,0,0,0
OTU_0707,0,0,0,0.000870322019147084,0,0,0,0,0,0,0,0,0
OTU_0708,0,0,0,0,0,0,0,0,0,0.000528820729772607,0,0,0
OTU_0709,0,0,0,0,0,0,0,0,0,0,0,0.000838222967309304,0
OTU_0710,0,0,0.00098135426889107,0,0,0,0,0,0,0,0,0,0
OTU_0711,0,0,0,0,0,0,0,0,0,0,0.0089126559714795,0,0
OTU_0712,0,0.00171526586620926,0,0,0,0,0,0,0,0,0,0,0
OTU_0713,0,0,0,0,0,0,0,0,0,0,0,0.000838222967309304,0
OTU_0714,0.00116414435389988,0,0,0,0,0,0,0,0,0,0,0,0
OTU_0715,0,0,0.00098135426889107,0,0,0,0,0,0,0,0,0,0
OTU_0716,0,0,0,0,0,0,0,0,0,0,0,0.000838222967309304,0
OTU_0717,0,0.00171526586620926,0,0,0,0,0,0,0,0,0,0,0
OTU_0718,0.00116414435389988,0,0,0,0,0,0,0,0,0,0,0,0
OTU_0719,0,0,0,0.000870322019147084,0,0,0,0,0,0,0,0,0
