130:scaffold01451	cen07_acr3_contig_18218_contig_18219	80.81	172	33	0	66520	66691	407	578	1e-30	  135
131:scaffold01451	cen07_acr3_contig_18218_contig_18219	80.81	172	33	0	66520	66691	407	578	1e-30	  135
223:scaffold17717	cen16_acr3_contig_550_contig_551	95.84	1033	43	0	2445	3477	1	1033	0.0	 1670
224:scaffold17717	cen16_acr3_contig_550_contig_551	95.84	1033	43	0	2445	3477	1	1033	0.0	 1670
225:scaffold17717	cen07_acr3_contig_18218_contig_18219	88.54	576	66	0	2691	3266	4	579	0.0	  699
226:scaffold17717	cen07_acr3_contig_18218_contig_18219	88.54	576	66	0	2691	3266	4	579	0.0	  699
997:scaffold1509594	cen16_acr3_contig_550_contig_551	97.34	414	11	0	1	414	625	1038	0.0	  704
998:scaffold1509594	cen16_acr3_contig_550_contig_551	97.34	414	11	0	1	414	625	1038	0.0	  704
1001:scaffold1509594	cen07_acr3_contig_18218_contig_18219	88.83	197	22	0	1	197	382	578	5e-65	  243
1002:scaffold1509594	cen07_acr3_contig_18218_contig_18219	88.83	197	22	0	1	197	382	578	5e-65	  243
