1:scaffold00207	cen05_tolC_contig_238_contig_239	96.69	543	18	0	14776	15318	573	31	0.0	  904
2:scaffold00207	cen05_tolC_contig_238_contig_239	96.69	543	18	0	14776	15318	573	31	0.0	  904
3:scaffold00207	cen05_tolC_contig_236_contig_237	87.90	463	55	1	14758	15219	463	1	5e-155	  544
4:scaffold00207	cen05_tolC_contig_236_contig_237	87.90	463	55	1	14758	15219	463	1	5e-155	  544
5:scaffold00207	cen03_tolC_contig_446_contig_447	81.27	582	103	6	14777	15355	584	6	1e-131	  466
6:scaffold00207	cen03_tolC_contig_446_contig_447	81.27	582	103	6	14777	15355	584	6	1e-131	  466
7:scaffold00207	cen03_tolC_contig_424_contig_425	81.56	553	102	0	14777	15329	572	20	7e-129	  457
8:scaffold00207	cen03_tolC_contig_424_contig_425	81.56	553	102	0	14777	15329	572	20	7e-129	  457
9:scaffold00207	cen04_tolC_contig_840_contig_841	80.24	582	109	6	14777	15355	584	6	1e-121	  433
10:scaffold00207	cen04_tolC_contig_840_contig_841	80.24	582	109	6	14777	15355	584	6	1e-121	  433
11:scaffold06705	cen05_tolC_contig_250_contig_251	100.00	585	0	0	5848	6432	1	585	0.0	 1081
12:scaffold06705	cen05_tolC_contig_250_contig_251	100.00	585	0	0	5848	6432	1	585	0.0	 1081
13:scaffold06705	cen07_tolC_contig_502_contig_503	99.83	585	1	0	5848	6432	1	585	0.0	 1075
14:scaffold06705	cen07_tolC_contig_502_contig_503	99.83	585	1	0	5848	6432	1	585	0.0	 1075
15:scaffold06705	cen03_tolC_contig_446_contig_447	99.66	585	2	0	5848	6432	1	585	0.0	 1070
16:scaffold06705	cen03_tolC_contig_446_contig_447	99.66	585	2	0	5848	6432	1	585	0.0	 1070
17:scaffold06705	cen04_tolC_contig_840_contig_841	97.26	585	16	0	5848	6432	1	585	0.0	  992
18:scaffold06705	cen04_tolC_contig_840_contig_841	97.26	585	16	0	5848	6432	1	585	0.0	  992
19:scaffold06705	cen06_tolC_contig_512_contig_513	95.86	531	22	0	5848	6378	1	531	0.0	  859
20:scaffold06705	cen06_tolC_contig_512_contig_513	95.86	531	22	0	5848	6378	1	531	0.0	  859
21:scaffold09822	cen03_tolC_contig_424_contig_425	86.70	534	67	4	5523	6054	573	42	8e-170	  590
22:scaffold09822	cen03_tolC_contig_424_contig_425	86.70	534	67	4	5523	6054	573	42	8e-170	  590
23:scaffold09822	cen04_tolC_contig_840_contig_841	81.84	534	91	6	5523	6053	585	55	6e-126	  444
24:scaffold09822	cen03_tolC_contig_446_contig_447	81.80	533	93	4	5523	6053	585	55	6e-126	  444
25:scaffold09822	cen04_tolC_contig_840_contig_841	81.84	534	91	6	5523	6053	585	55	6e-126	  444
26:scaffold09822	cen03_tolC_contig_446_contig_447	81.80	533	93	4	5523	6053	585	55	6e-126	  444
27:scaffold09822	cen07_tolC_contig_502_contig_503	81.61	533	94	4	5523	6053	585	55	3e-124	  438
28:scaffold09822	cen07_tolC_contig_502_contig_503	81.61	533	94	4	5523	6053	585	55	3e-124	  438
29:scaffold09822	cen05_tolC_contig_250_contig_251	81.43	533	95	4	5523	6053	585	55	1e-122	  433
30:scaffold09822	cen05_tolC_contig_250_contig_251	81.43	533	95	4	5523	6053	585	55	1e-122	  433
31:scaffold168006	cen05_tolC_contig_308_contig_309	83.72	473	77	0	1	473	473	1	1e-127	  448
32:scaffold168006	cen05_tolC_contig_308_contig_309	83.72	473	77	0	1	473	473	1	1e-127	  448
33:scaffold207646	cen05_tolC_contig_238_contig_239	85.84	219	31	0	1064	1282	573	355	3e-63	  233
34:scaffold207646	cen05_tolC_contig_236_contig_237	84.45	238	36	1	1046	1282	463	226	3e-63	  233
35:scaffold207646	cen05_tolC_contig_238_contig_239	85.84	219	31	0	1064	1282	573	355	3e-63	  233
36:scaffold207646	cen05_tolC_contig_236_contig_237	84.45	238	36	1	1046	1282	463	226	3e-63	  233
37:scaffold207646	cen03_tolC_contig_446_contig_447	86.19	210	27	2	1074	1282	575	367	5e-61	  226
38:scaffold207646	cen03_tolC_contig_424_contig_425	86.54	208	24	4	1074	1279	563	358	5e-61	  226
39:scaffold207646	cen03_tolC_contig_446_contig_447	86.19	210	27	2	1074	1282	575	367	5e-61	  226
40:scaffold207646	cen03_tolC_contig_424_contig_425	86.54	208	24	4	1074	1279	563	358	5e-61	  226
41:scaffold207646	cen07_tolC_contig_502_contig_503	85.99	207	27	2	1074	1279	575	370	2e-59	  220
42:scaffold207646	cen05_tolC_contig_250_contig_251	85.99	207	27	2	1074	1279	575	370	2e-59	  220
43:scaffold229664	cen05_tolC_contig_308_contig_309	98.20	334	6	0	884	1217	606	273	7e-169	  584
44:scaffold229664	cen05_tolC_contig_308_contig_309	98.20	334	6	0	884	1217	606	273	7e-169	  584
45:scaffold242686	cen05_tolC_contig_308_contig_309	94.96	238	12	0	947	1184	1	238	2e-105	  374
46:scaffold242686	cen05_tolC_contig_308_contig_309	94.96	238	12	0	947	1184	1	238	2e-105	  374
47:scaffold246487	cen16_tolC_contig_950_contig_951	87.40	254	32	0	1	254	254	1	5e-81	  292
48:scaffold246487	cen16_tolC_contig_932_contig_933	87.40	254	32	0	1	254	254	1	5e-81	  292
49:scaffold246487	cen16_tolC_contig_928_contig_929	87.40	254	32	0	1	254	254	1	5e-81	  292
50:scaffold246487	cen16_tolC_contig_950_contig_951	87.40	254	32	0	1	254	254	1	5e-81	  292
51:scaffold246487	cen16_tolC_contig_932_contig_933	87.40	254	32	0	1	254	254	1	5e-81	  292
52:scaffold246487	cen16_tolC_contig_928_contig_929	87.40	254	32	0	1	254	254	1	5e-81	  292
53:scaffold246487	cen07_tolC_contig_448_contig_449	81.96	255	44	2	1	254	254	1	1e-57	  215
54:scaffold246487	cen07_tolC_contig_448_contig_449	81.96	255	44	2	1	254	254	1	1e-57	  215
55:scaffold246487	cen03_tolC_contig_424_contig_425	78.08	219	46	2	1	218	248	31	2e-34	  137
56:scaffold246487	cen03_tolC_contig_424_contig_425	78.08	219	46	2	1	218	248	31	2e-34	  137
57:scaffold268728	cen05_tolC_contig_308_contig_309	95.03	161	8	0	964	1124	1	161	2e-69	  254
58:scaffold268728	cen05_tolC_contig_308_contig_309	95.03	161	8	0	964	1124	1	161	2e-69	  254
59:scaffold594009	cen03_tolC_contig_424_contig_425	94.74	57	3	0	586	642	220	276	4e-20	89.8
60:scaffold594009	cen03_tolC_contig_424_contig_425	94.74	57	3	0	586	642	220	276	4e-20	89.8
61:scaffold653206	cen03_tolC_contig_424_contig_425	86.13	346	44	4	2	345	356	13	1e-104	  370
62:scaffold653206	cen03_tolC_contig_424_contig_425	86.13	346	44	4	2	345	356	13	1e-104	  370
63:scaffold653206	cen04_tolC_contig_840_contig_841	84.55	330	49	2	1	329	369	41	3e-91	  326
64:scaffold653206	cen04_tolC_contig_840_contig_841	84.55	330	49	2	1	329	369	41	3e-91	  326
65:scaffold676714	cen05_tolC_contig_238_contig_239	99.66	293	1	0	400	692	1	293	1e-154	  536
66:scaffold676714	cen05_tolC_contig_238_contig_239	99.66	293	1	0	400	692	1	293	1e-154	  536
67:scaffold676714	cen05_tolC_contig_236_contig_237	93.29	164	11	0	529	692	1	164	3e-66	  243
68:scaffold676714	cen05_tolC_contig_236_contig_237	93.29	164	11	0	529	692	1	164	3e-66	  243
69:scaffold676714	cen16_tolC_contig_932_contig_933	82.35	272	48	0	421	692	28	299	1e-64	  237
70:scaffold676714	cen16_tolC_contig_932_contig_933	82.35	272	48	0	421	692	28	299	1e-64	  237
71:scaffold676714	cen03_tolC_contig_424_contig_425	80.85	282	52	2	412	692	13	293	1e-59	  220
72:scaffold676714	cen03_tolC_contig_424_contig_425	80.85	282	52	2	412	692	13	293	1e-59	  220
73:scaffold1011605	cen03_tolC_contig_424_contig_425	79.65	113	23	0	439	551	220	332	5e-18	82.4
74:scaffold1011605	cen03_tolC_contig_424_contig_425	79.65	113	23	0	439	551	220	332	5e-18	82.4
75:scaffold1031421	cen03_tolC_contig_424_contig_425	85.98	378	51	2	173	549	569	193	9e-115	  403
76:scaffold1031421	cen03_tolC_contig_424_contig_425	85.98	378	51	2	173	549	569	193	9e-115	  403
77:scaffold1031421	cen03_tolC_contig_410_contig_411	82.83	198	32	2	356	552	425	229	2e-46	  176
78:scaffold1031421	cen03_tolC_contig_410_contig_411	82.83	198	32	2	356	552	425	229	2e-46	  176
79:scaffold1115502	cen04_tolC_contig_840_contig_841	86.28	430	59	0	1	430	432	3	3e-134	  468
80:scaffold1115502	cen04_tolC_contig_840_contig_841	86.28	430	59	0	1	430	432	3	3e-134	  468
81:scaffold1115502	cen03_tolC_contig_446_contig_447	85.81	430	61	0	1	430	432	3	7e-131	  457
82:scaffold1115502	cen03_tolC_contig_446_contig_447	85.81	430	61	0	1	430	432	3	7e-131	  457
83:scaffold1115502	cen07_tolC_contig_502_contig_503	85.58	430	62	0	1	430	432	3	3e-129	  451
84:scaffold1115502	cen07_tolC_contig_502_contig_503	85.58	430	62	0	1	430	432	3	3e-129	  451
85:scaffold1115502	cen05_tolC_contig_250_contig_251	85.35	430	63	0	1	430	432	3	1e-127	  446
86:scaffold1115502	cen05_tolC_contig_250_contig_251	85.35	430	63	0	1	430	432	3	1e-127	  446
87:scaffold1115502	cen06_tolC_contig_512_contig_513	85.21	426	63	0	5	430	428	3	2e-125	  438
88:scaffold1115502	cen06_tolC_contig_512_contig_513	85.21	426	63	0	5	430	428	3	2e-125	  438
89:scaffold1118951	cen03_tolC_contig_424_contig_425	74.75	495	113	11	27	515	573	85	6e-57	  211
90:scaffold1118951	cen03_tolC_contig_424_contig_425	74.75	495	113	11	27	515	573	85	6e-57	  211
91:scaffold1118951	cen03_tolC_contig_410_contig_411	76.49	285	65	2	226	509	413	130	1e-39	  154
92:scaffold1118951	cen03_tolC_contig_410_contig_411	76.49	285	65	2	226	509	413	130	1e-39	  154
93:scaffold1205735	cen05_tolC_contig_236_contig_237	79.27	193	40	0	315	507	456	264	3e-34	  135
94:scaffold1205735	cen05_tolC_contig_236_contig_237	79.27	193	40	0	315	507	456	264	3e-34	  135
95:scaffold1209223	cen03_tolC_contig_424_contig_425	80.80	500	96	0	1	500	542	43	2e-111	  392
96:scaffold1209223	cen03_tolC_contig_424_contig_425	80.80	500	96	0	1	500	542	43	2e-111	  392
97:scaffold1209223	cen03_tolC_contig_410_contig_411	78.04	337	64	7	121	452	461	130	9e-55	  204
98:scaffold1209223	cen03_tolC_contig_410_contig_411	78.04	337	64	7	121	452	461	130	9e-55	  204
99:scaffold1302320	cen05_tolC_contig_238_contig_239	83.62	464	76	0	1	464	464	1	8e-125	  436
100:scaffold1302320	cen05_tolC_contig_238_contig_239	83.62	464	76	0	1	464	464	1	8e-125	  436
101:scaffold1302320	cen04_tolC_contig_840_contig_841	82.29	446	77	2	8	452	469	25	3e-109	  385
102:scaffold1302320	cen04_tolC_contig_840_contig_841	82.29	446	77	2	8	452	469	25	3e-109	  385
103:scaffold1399544	cen05_tolC_contig_308_contig_309	97.22	467	13	0	1	467	139	605	0.0	  791
104:scaffold1399544	cen05_tolC_contig_308_contig_309	97.22	467	13	0	1	467	139	605	0.0	  791
105:scaffold1814368	cen05_tolC_contig_236_contig_237	100.00	370	0	0	35	404	465	96	0.0	  684
106:scaffold1814368	cen05_tolC_contig_236_contig_237	100.00	370	0	0	35	404	465	96	0.0	  684
107:scaffold1814368	cen05_tolC_contig_238_contig_239	88.79	339	38	0	66	404	563	225	9e-119	  416
108:scaffold1814368	cen05_tolC_contig_238_contig_239	88.79	339	38	0	66	404	563	225	9e-119	  416
109:scaffold1814368	cen03_tolC_contig_424_contig_425	84.66	339	52	0	66	404	563	225	2e-95	  339
110:scaffold1814368	cen03_tolC_contig_424_contig_425	84.66	339	52	0	66	404	563	225	2e-95	  339
111:scaffold1814368	cen03_tolC_contig_446_contig_447	82.80	343	57	2	62	403	579	238	2e-85	  305
112:scaffold1814368	cen03_tolC_contig_446_contig_447	82.80	343	57	2	62	403	579	238	2e-85	  305
113:scaffold1814368	cen04_tolC_contig_840_contig_841	82.35	340	58	2	62	400	579	241	4e-82	  294
114:scaffold1814368	cen04_tolC_contig_840_contig_841	82.35	340	58	2	62	400	579	241	4e-82	  294
115:scaffold1840211	cen05_tolC_contig_308_contig_309	96.67	90	3	0	312	401	606	517	1e-38	  150
116:scaffold1840211	cen05_tolC_contig_308_contig_309	96.67	90	3	0	312	401	606	517	1e-38	  150
117:scaffold2475151	cen16_tolC_contig_932_contig_933	80.39	311	55	6	4	311	395	88	3e-63	  231
118:scaffold2475151	cen16_tolC_contig_932_contig_933	80.39	311	55	6	4	311	395	88	3e-63	  231
119:scaffold2734430	cen05_tolC_contig_308_contig_309	92.50	320	24	0	1	320	356	37	1e-131	  459
120:scaffold2734430	cen05_tolC_contig_308_contig_309	92.50	320	24	0	1	320	356	37	1e-131	  459
121:scaffold3019865	cen05_tolC_contig_308_contig_309	89.25	93	10	0	3	95	93	1	7e-29	  117
122:scaffold3019865	cen05_tolC_contig_308_contig_309	89.25	93	10	0	3	95	93	1	7e-29	  117
123:scaffold3637357	cen05_tolC_contig_308_contig_309	90.54	148	14	0	1	148	459	606	8e-53	  196
124:scaffold3637357	cen05_tolC_contig_308_contig_309	90.54	148	14	0	1	148	459	606	8e-53	  196
125:scaffold4920450	cen03_tolC_contig_446_contig_447	90.56	233	22	0	1	233	443	211	9e-87	  309
126:scaffold4920450	cen03_tolC_contig_446_contig_447	90.56	233	22	0	1	233	443	211	9e-87	  309
127:scaffold4920450	cen07_tolC_contig_502_contig_503	89.70	233	24	0	1	233	443	211	2e-83	  298
128:scaffold4920450	cen06_tolC_contig_512_contig_513	89.70	233	24	0	1	233	443	211	2e-83	  298
129:scaffold4920450	cen05_tolC_contig_250_contig_251	89.70	233	24	0	1	233	443	211	2e-83	  298
130:scaffold4920450	cen07_tolC_contig_502_contig_503	89.70	233	24	0	1	233	443	211	2e-83	  298
131:scaffold4920450	cen06_tolC_contig_512_contig_513	89.70	233	24	0	1	233	443	211	2e-83	  298
132:scaffold4920450	cen05_tolC_contig_250_contig_251	89.70	233	24	0	1	233	443	211	2e-83	  298
133:scaffold4920450	cen05_tolC_contig_238_contig_239	87.38	214	27	0	16	229	416	203	7e-68	  246
134:scaffold4920450	cen05_tolC_contig_238_contig_239	87.38	214	27	0	16	229	416	203	7e-68	  246
