1:scaffold722193	cen15_tolC_contig_684_contig_685	100.00	362	0	0	1	362	405	44	0.0	  669
2:scaffold722193	cen15_tolC_contig_684_contig_685	100.00	362	0	0	1	362	405	44	0.0	  669
3:scaffold722193	cen16_tolC_contig_786_contig_787	86.59	261	33	2	80	339	341	82	6e-80	  287
4:scaffold722193	cen16_tolC_contig_786_contig_787	86.59	261	33	2	80	339	341	82	6e-80	  287
5:scaffold722193	cen16_tolC_contig_820_contig_821	86.21	261	34	2	80	339	341	82	3e-78	  281
6:scaffold722193	cen16_tolC_contig_820_contig_821	86.21	261	34	2	80	339	341	82	3e-78	  281
7:scaffold722193	cen17_tolC_contig_3928_contig_3929	82.44	279	45	4	12	288	409	133	5e-66	  241
8:scaffold722193	cen17_tolC_contig_3928_contig_3929	82.44	279	45	4	12	288	409	133	5e-66	  241
9:scaffold722193	cen16_tolC_contig_994_contig_995	81.75	274	46	4	80	351	332	61	1e-61	  226
10:scaffold722193	cen16_tolC_contig_994_contig_995	81.75	274	46	4	80	351	332	61	1e-61	  226
11:scaffold1138451	cen16_tolC_contig_1196_contig_1197	88.64	264	28	2	1	263	153	415	5e-90	  320
12:scaffold1138451	cen16_tolC_contig_1196_contig_1197	88.64	264	28	2	1	263	153	415	5e-90	  320
13:scaffold1138451	cen16_tolC_contig_752_contig_753	85.60	250	27	8	2	246	163	408	5e-70	  254
14:scaffold1138451	cen16_tolC_contig_752_contig_753	85.60	250	27	8	2	246	163	408	5e-70	  254
15:scaffold1138451	cen16_tolC_contig_1208_contig_1209	84.27	267	32	9	2	263	163	424	2e-69	  252
16:scaffold1138451	cen16_tolC_contig_1208_contig_1209	84.27	267	32	9	2	263	163	424	2e-69	  252
17:scaffold1138451	cen16_tolC_contig_870_contig_871	83.77	265	37	5	2	263	163	424	8e-68	  246
18:scaffold1138451	cen16_tolC_contig_870_contig_871	83.77	265	37	5	2	263	163	424	8e-68	  246
19:scaffold1138451	cen17_tolC_contig_4646_contig_4647	83.40	265	42	2	1	264	66	329	3e-67	  244
20:scaffold1138451	cen17_tolC_contig_4646_contig_4647	83.40	265	42	2	1	264	66	329	3e-67	  244
