1:scaffold00377	cen17_tolC_contig_2170_contig_2171	74.86	907	176	45	13400	14280	191	1071	5e-101	  364
2:scaffold00377	cen17_tolC_contig_2170_contig_2171	74.86	907	176	45	13400	14280	191	1071	5e-101	  364
3:scaffold00377	cen03_tolC_contig_484_contig_485	75.76	264	54	10	13491	13749	123	381	1e-28	  124
4:scaffold00377	cen03_tolC_contig_484_contig_485	75.76	264	54	10	13491	13749	123	381	1e-28	  124
5:scaffold00867	cen04_tolC_contig_252_contig_253	83.53	431	67	4	32268	32696	28	456	8e-112	  399
6:scaffold00867	cen04_tolC_contig_252_contig_253	83.53	431	67	4	32268	32696	28	456	8e-112	  399
7:scaffold02292	cen03_tolC_contig_484_contig_485	99.83	600	1	0	13519	14118	600	1	0.0	 1103
8:scaffold02292	cen03_tolC_contig_484_contig_485	99.83	600	1	0	13519	14118	600	1	0.0	 1103
9:scaffold02292	cen03_tolC_contig_480_contig_481	82.25	445	77	2	13661	14104	461	18	4e-107	  383
10:scaffold02292	cen03_tolC_contig_480_contig_481	82.25	445	77	2	13661	14104	461	18	4e-107	  383
11:scaffold02292	cen16_tolC_contig_1334_contig_1335	81.44	194	30	6	13824	14014	283	93	4e-38	  154
12:scaffold02292	cen16_tolC_contig_1334_contig_1335	81.44	194	30	6	13824	14014	283	93	4e-38	  154
13:scaffold52704	cen05_tolC_contig_250_contig_251	99.83	585	1	0	991	1575	585	1	0.0	 1075
14:scaffold52704	cen05_tolC_contig_250_contig_251	99.83	585	1	0	991	1575	585	1	0.0	 1075
15:scaffold52704	cen07_tolC_contig_502_contig_503	99.66	585	2	0	991	1575	585	1	0.0	 1070
16:scaffold52704	cen07_tolC_contig_502_contig_503	99.66	585	2	0	991	1575	585	1	0.0	 1070
17:scaffold52704	cen03_tolC_contig_446_contig_447	99.49	585	3	0	991	1575	585	1	0.0	 1064
18:scaffold52704	cen03_tolC_contig_446_contig_447	99.49	585	3	0	991	1575	585	1	0.0	 1064
19:scaffold52704	cen04_tolC_contig_840_contig_841	97.09	585	17	0	991	1575	585	1	0.0	  987
20:scaffold52704	cen04_tolC_contig_840_contig_841	97.09	585	17	0	991	1575	585	1	0.0	  987
21:scaffold52704	cen06_tolC_contig_512_contig_513	95.67	531	23	0	1045	1575	531	1	0.0	  854
22:scaffold52704	cen06_tolC_contig_512_contig_513	95.67	531	23	0	1045	1575	531	1	0.0	  854
23:scaffold60656	cen03_tolC_contig_424_contig_425	93.54	573	37	0	445	1017	1	573	0.0	  854
24:scaffold60656	cen03_tolC_contig_424_contig_425	93.54	573	37	0	445	1017	1	573	0.0	  854
25:scaffold60656	cen05_tolC_contig_238_contig_239	83.21	560	94	0	457	1016	13	572	2e-147	  514
26:scaffold60656	cen05_tolC_contig_238_contig_239	83.21	560	94	0	457	1016	13	572	2e-147	  514
27:scaffold60656	cen05_tolC_contig_236_contig_237	83.11	456	77	0	574	1029	1	456	6e-118	  416
28:scaffold60656	cen05_tolC_contig_236_contig_237	83.11	456	77	0	574	1029	1	456	6e-118	  416
29:scaffold60656	cen16_tolC_contig_932_contig_933	80.24	410	73	8	443	848	5	410	2e-83	  302
30:scaffold60656	cen16_tolC_contig_932_contig_933	80.24	410	73	8	443	848	5	410	2e-83	  302
31:scaffold60750	cen03_tolC_contig_424_contig_425	90.43	575	51	4	1358	1930	1	573	0.0	  754
32:scaffold60750	cen03_tolC_contig_424_contig_425	90.43	575	51	4	1358	1930	1	573	0.0	  754
33:scaffold98119	cen03_tolC_contig_424_contig_425	81.38	564	103	2	459	1021	1	563	7e-131	  459
34:scaffold98119	cen03_tolC_contig_424_contig_425	81.38	564	103	2	459	1021	1	563	7e-131	  459
35:scaffold98119	cen03_tolC_contig_410_contig_411	77.51	369	79	4	478	844	59	425	1e-58	  219
36:scaffold98119	cen03_tolC_contig_410_contig_411	77.51	369	79	4	478	844	59	425	1e-58	  219
37:scaffold346441	cen07_tolC_contig_502_contig_503	89.80	147	15	0	836	982	566	420	5e-50	  189
38:scaffold346441	cen05_tolC_contig_250_contig_251	89.80	147	15	0	836	982	566	420	5e-50	  189
39:scaffold346441	cen03_tolC_contig_446_contig_447	89.80	147	15	0	836	982	566	420	5e-50	  189
40:scaffold346441	cen07_tolC_contig_502_contig_503	89.80	147	15	0	836	982	566	420	5e-50	  189
41:scaffold346441	cen05_tolC_contig_250_contig_251	89.80	147	15	0	836	982	566	420	5e-50	  189
42:scaffold346441	cen03_tolC_contig_446_contig_447	89.80	147	15	0	836	982	566	420	5e-50	  189
43:scaffold616484	cen16_tolC_contig_928_contig_929	78.25	400	81	6	92	488	407	11	5e-69	  252
44:scaffold616484	cen16_tolC_contig_928_contig_929	78.25	400	81	6	92	488	407	11	5e-69	  252
45:scaffold616484	cen16_tolC_contig_932_contig_933	78.11	402	82	6	90	488	409	11	2e-68	  250
46:scaffold616484	cen16_tolC_contig_932_contig_933	78.11	402	82	6	90	488	409	11	2e-68	  250
47:scaffold616484	cen16_tolC_contig_950_contig_951	77.36	402	85	6	90	488	409	11	2e-63	  233
48:scaffold616484	cen16_tolC_contig_950_contig_951	77.36	402	85	6	90	488	409	11	2e-63	  233
49:scaffold616484	cen17_tolC_contig_4008_contig_4009	87.50	72	7	2	311	381	173	103	7e-18	82.4
50:scaffold616484	cen17_tolC_contig_4008_contig_4009	87.50	72	7	2	311	381	173	103	7e-18	82.4
51:scaffold1022872	cen03_tolC_contig_480_contig_481	100.00	471	0	0	5	475	471	1	0.0	  870
52:scaffold1022872	cen03_tolC_contig_480_contig_481	100.00	471	0	0	5	475	471	1	0.0	  870
53:scaffold1022872	cen03_tolC_contig_484_contig_485	82.02	445	78	2	15	458	458	15	6e-107	  377
54:scaffold1022872	cen03_tolC_contig_484_contig_485	82.02	445	78	2	15	458	458	15	6e-107	  377
55:scaffold1022872	cen17_tolC_contig_4272_contig_4273	78.39	347	59	15	101	439	360	22	6e-57	  211
56:scaffold1022872	cen17_tolC_contig_4272_contig_4273	78.39	347	59	15	101	439	360	22	6e-57	  211
57:scaffold1022872	cen16_tolC_contig_1334_contig_1335	81.09	238	41	4	170	405	291	56	1e-49	  187
58:scaffold1022872	cen16_tolC_contig_1334_contig_1335	81.09	238	41	4	170	405	291	56	1e-49	  187
59:scaffold1022872	cen16_tolC_contig_794_contig_795	77.62	277	54	6	169	441	298	26	6e-42	  161
60:scaffold1022872	cen16_tolC_contig_794_contig_795	77.62	277	54	6	169	441	298	26	6e-42	  161
61:scaffold1118900	cen05_tolC_contig_308_contig_309	83.75	517	84	0	1	517	538	22	7e-141	  490
62:scaffold1118900	cen05_tolC_contig_308_contig_309	83.75	517	84	0	1	517	538	22	7e-141	  490
63:scaffold2100267	cen17_tolC_contig_4008_contig_4009	89.19	74	8	0	291	364	293	220	2e-21	93.5
64:scaffold2100267	cen17_tolC_contig_4008_contig_4009	89.19	74	8	0	291	364	293	220	2e-21	93.5
65:scaffold2391747	cen03_tolC_contig_424_contig_425	75.62	201	41	8	144	340	284	88	1e-21	93.5
66:scaffold2391747	cen03_tolC_contig_424_contig_425	75.62	201	41	8	144	340	284	88	1e-21	93.5
67:scaffold2489562	cen04_tolC_contig_840_contig_841	84.45	283	44	0	50	332	5	287	1e-77	  279
68:scaffold2489562	cen04_tolC_contig_840_contig_841	84.45	283	44	0	50	332	5	287	1e-77	  279
69:scaffold3284870	cen05_tolC_contig_238_contig_239	86.27	284	37	2	1	283	497	215	4e-86	  307
70:scaffold3284870	cen05_tolC_contig_238_contig_239	86.27	284	37	2	1	283	497	215	4e-86	  307
71:scaffold3284870	cen03_tolC_contig_424_contig_425	86.84	266	35	0	13	278	485	220	2e-83	  298
72:scaffold3284870	cen03_tolC_contig_424_contig_425	86.84	266	35	0	13	278	485	220	2e-83	  298
73:scaffold3284870	cen05_tolC_contig_236_contig_237	85.66	286	35	5	1	283	368	86	8e-83	  296
74:scaffold3284870	cen05_tolC_contig_236_contig_237	85.66	286	35	5	1	283	368	86	8e-83	  296
75:scaffold3405294	cen03_tolC_contig_410_contig_411	99.28	277	2	0	1	277	5	281	2e-144	  501
76:scaffold3405294	cen03_tolC_contig_410_contig_411	99.28	277	2	0	1	277	5	281	2e-144	  501
77:scaffold3767922	cen03_tolC_contig_446_contig_447	86.10	259	36	0	1	259	142	400	8e-78	  279
78:scaffold3767922	cen03_tolC_contig_446_contig_447	86.10	259	36	0	1	259	142	400	8e-78	  279
79:scaffold3767922	cen04_tolC_contig_840_contig_841	85.33	259	38	0	1	259	142	400	2e-74	  268
80:scaffold3767922	cen04_tolC_contig_840_contig_841	85.33	259	38	0	1	259	142	400	2e-74	  268
81:scaffold3767922	cen05_tolC_contig_238_contig_239	83.65	263	43	0	1	263	130	392	2e-68	  248
82:scaffold3767922	cen05_tolC_contig_238_contig_239	83.65	263	43	0	1	263	130	392	2e-68	  248
83:scaffold5065129	cen16_tolC_contig_950_contig_951	100.00	229	0	0	1	229	558	330	3e-121	  424
84:scaffold5065129	cen16_tolC_contig_950_contig_951	100.00	229	0	0	1	229	558	330	3e-121	  424
85:scaffold5675864	cen16_tolC_contig_950_contig_951	86.45	214	29	0	1	214	44	257	1e-64	  235
86:scaffold5675864	cen16_tolC_contig_928_contig_929	86.45	214	29	0	1	214	44	257	1e-64	  235
87:scaffold5675864	cen16_tolC_contig_950_contig_951	86.45	214	29	0	1	214	44	257	1e-64	  235
88:scaffold5675864	cen16_tolC_contig_928_contig_929	86.45	214	29	0	1	214	44	257	1e-64	  235
89:scaffold5675864	cen16_tolC_contig_932_contig_933	86.05	215	30	0	1	215	44	258	2e-63	  231
90:scaffold5675864	cen16_tolC_contig_932_contig_933	86.05	215	30	0	1	215	44	258	2e-63	  231
91:scaffold5675864	cen03_tolC_contig_410_contig_411	83.33	216	34	2	1	215	77	291	2e-53	  198
92:scaffold5675864	cen03_tolC_contig_410_contig_411	83.33	216	34	2	1	215	77	291	2e-53	  198
93:scaffold5675864	cen03_tolC_contig_424_contig_425	78.44	218	41	5	1	215	38	252	4e-35	  137
94:scaffold5675864	cen03_tolC_contig_424_contig_425	78.44	218	41	5	1	215	38	252	4e-35	  137
