1:scaffold00018	cen05_tolC_contig_308_contig_309	79.82	570	113	2	86440	87008	13	581	2e-115	  414
2:scaffold00018	cen05_tolC_contig_308_contig_309	79.82	570	113	2	86440	87008	13	581	2e-115	  414
3:scaffold31572	cen07_tolC_contig_304_contig_305	98.03	456	9	0	969	1424	1	456	0.0	  793
4:scaffold31572	cen07_tolC_contig_304_contig_305	98.03	456	9	0	969	1424	1	456	0.0	  793
5:scaffold69848	cen07_tolC_contig_304_contig_305	86.25	451	62	0	1354	1804	1	451	3e-140	  490
6:scaffold69848	cen07_tolC_contig_304_contig_305	86.25	451	62	0	1354	1804	1	451	3e-140	  490
7:scaffold69848	cen06_tolC_contig_372_contig_373	78.00	450	88	10	1261	1703	1	446	1e-74	  272
8:scaffold69848	cen06_tolC_contig_372_contig_373	78.00	450	88	10	1261	1703	1	446	1e-74	  272
9:scaffold69848	cen16_tolC_contig_766_contig_767	77.78	450	89	10	1261	1703	1	446	6e-73	  267
10:scaffold69848	cen16_tolC_contig_766_contig_767	77.78	450	89	10	1261	1703	1	446	6e-73	  267
11:scaffold76644	cen05_tolC_contig_250_contig_251	90.34	321	31	0	2029	2349	3	323	1e-119	  422
12:scaffold76644	cen03_tolC_contig_446_contig_447	90.34	321	31	0	2029	2349	3	323	1e-119	  422
13:scaffold76644	cen05_tolC_contig_250_contig_251	90.34	321	31	0	2029	2349	3	323	1e-119	  422
14:scaffold76644	cen03_tolC_contig_446_contig_447	90.34	321	31	0	2029	2349	3	323	1e-119	  422
15:scaffold76644	cen07_tolC_contig_502_contig_503	90.03	321	32	0	2029	2349	3	323	5e-118	  416
16:scaffold76644	cen07_tolC_contig_502_contig_503	90.03	321	32	0	2029	2349	3	323	5e-118	  416
17:scaffold76644	cen06_tolC_contig_512_contig_513	89.72	321	33	0	2029	2349	3	323	2e-116	  411
18:scaffold76644	cen06_tolC_contig_512_contig_513	89.72	321	33	0	2029	2349	3	323	2e-116	  411
19:scaffold76644	cen04_tolC_contig_840_contig_841	89.41	321	34	0	2029	2349	3	323	1e-114	  405
20:scaffold76644	cen04_tolC_contig_840_contig_841	89.41	321	34	0	2029	2349	3	323	1e-114	  405
21:scaffold83878	cen17_tolC_contig_2170_contig_2171	76.67	806	156	27	30	819	282	1071	1e-118	  418
22:scaffold83878	cen17_tolC_contig_2170_contig_2171	76.67	806	156	27	30	819	282	1071	1e-118	  418
23:scaffold83878	cen17_tolC_contig_2608_contig_2609	81.39	360	57	10	30	384	282	636	1e-78	  285
24:scaffold83878	cen17_tolC_contig_2608_contig_2609	81.39	360	57	10	30	384	282	636	1e-78	  285
25:scaffold83878	cen17_tolC_contig_4938_contig_4939	76.65	471	96	12	21	484	111	574	2e-67	  248
26:scaffold83878	cen17_tolC_contig_4938_contig_4939	76.65	471	96	12	21	484	111	574	2e-67	  248
27:scaffold83878	cen17_tolC_contig_2832_contig_2833	83.86	223	30	6	30	249	282	501	3e-55	  207
28:scaffold83878	cen17_tolC_contig_2832_contig_2833	83.86	223	30	6	30	249	282	501	3e-55	  207
29:scaffold83878	cen17_tolC_contig_3024_contig_3025	79.28	304	53	7	4	302	133	431	4e-54	  204
30:scaffold83878	cen17_tolC_contig_3024_contig_3025	79.28	304	53	7	4	302	133	431	4e-54	  204
31:scaffold247505	cen16_tolC_contig_1282_contig_1283	77.13	363	75	8	240	598	641	999	2e-54	  204
32:scaffold247505	cen16_tolC_contig_1208_contig_1209	77.13	363	75	8	240	598	650	1008	2e-54	  204
33:scaffold247505	cen16_tolC_contig_1196_contig_1197	77.13	363	75	8	240	598	641	999	2e-54	  204
34:scaffold247505	cen16_tolC_contig_870_contig_871	77.13	363	75	8	240	598	650	1008	2e-54	  204
35:scaffold247505	cen16_tolC_contig_1282_contig_1283	77.13	363	75	8	240	598	641	999	2e-54	  204
36:scaffold247505	cen16_tolC_contig_1208_contig_1209	77.13	363	75	8	240	598	650	1008	2e-54	  204
37:scaffold247505	cen16_tolC_contig_1196_contig_1197	77.13	363	75	8	240	598	641	999	2e-54	  204
38:scaffold247505	cen16_tolC_contig_870_contig_871	77.13	363	75	8	240	598	650	1008	2e-54	  204
39:scaffold320356	cen03_tolC_contig_480_contig_481	81.46	453	82	2	50	501	19	470	2e-104	  370
40:scaffold320356	cen03_tolC_contig_480_contig_481	81.46	453	82	2	50	501	19	470	2e-104	  370
41:scaffold320356	cen16_tolC_contig_782_contig_783	82.33	266	37	10	119	379	82	342	5e-60	  222
42:scaffold320356	cen16_tolC_contig_782_contig_783	82.33	266	37	10	119	379	82	342	5e-60	  222
43:scaffold320356	cen17_tolC_contig_4272_contig_4273	83.12	237	32	8	106	338	60	292	4e-56	  209
44:scaffold320356	cen17_tolC_contig_4272_contig_4273	83.12	237	32	8	106	338	60	292	4e-56	  209
45:scaffold320356	cen16_tolC_contig_752_contig_753	80.07	286	41	15	119	396	82	359	9e-53	  198
46:scaffold320356	cen16_tolC_contig_752_contig_753	80.07	286	41	15	119	396	82	359	9e-53	  198
47:scaffold320356	cen16_tolC_contig_1196_contig_1197	81.36	236	34	10	108	338	62	292	2e-48	  183
48:scaffold320356	cen16_tolC_contig_1196_contig_1197	81.36	236	34	10	108	338	62	292	2e-48	  183
49:scaffold329904	cen16_tolC_contig_820_contig_821	81.63	283	42	8	719	996	6	283	4e-61	  226
50:scaffold329904	cen16_tolC_contig_786_contig_787	81.63	283	42	8	719	996	6	283	4e-61	  226
51:scaffold329904	cen16_tolC_contig_820_contig_821	81.63	283	42	8	719	996	6	283	4e-61	  226
52:scaffold329904	cen16_tolC_contig_786_contig_787	81.63	283	42	8	719	996	6	283	4e-61	  226
53:scaffold329904	cen15_tolC_contig_684_contig_685	84.73	203	27	4	796	996	68	268	2e-53	  200
54:scaffold329904	cen15_tolC_contig_684_contig_685	84.73	203	27	4	796	996	68	268	2e-53	  200
55:scaffold329904	cen16_tolC_contig_994_contig_995	82.63	190	29	4	809	996	87	274	9e-43	  165
56:scaffold329904	cen16_tolC_contig_994_contig_995	82.63	190	29	4	809	996	87	274	9e-43	  165
57:scaffold329904	cen17_tolC_contig_2376_contig_2377	76.89	212	46	3	784	994	234	443	3e-28	  117
58:scaffold329904	cen17_tolC_contig_2376_contig_2377	76.89	212	46	3	784	994	234	443	3e-28	  117
59:scaffold1018647	cen15_tolC_contig_684_contig_685	81.78	450	76	6	13	459	13	459	2e-105	  372
60:scaffold1018647	cen15_tolC_contig_684_contig_685	81.78	450	76	6	13	459	13	459	2e-105	  372
61:scaffold1018647	cen16_tolC_contig_870_contig_871	79.96	514	77	18	16	516	31	531	2e-100	  355
62:scaffold1018647	cen16_tolC_contig_870_contig_871	79.96	514	77	18	16	516	31	531	2e-100	  355
63:scaffold1018647	cen16_tolC_contig_752_contig_753	80.66	455	66	19	16	459	31	474	1e-93	  333
64:scaffold1018647	cen16_tolC_contig_752_contig_753	80.66	455	66	19	16	459	31	474	1e-93	  333
65:scaffold1018647	cen17_tolC_contig_3928_contig_3929	79.18	461	90	6	14	471	29	486	4e-88	  315
66:scaffold1018647	cen17_tolC_contig_3928_contig_3929	79.18	461	90	6	14	471	29	486	4e-88	  315
67:scaffold1018647	cen16_tolC_contig_782_contig_783	84.95	319	36	9	16	328	31	343	2e-87	  313
68:scaffold1018647	cen16_tolC_contig_782_contig_783	84.95	319	36	9	16	328	31	343	2e-87	  313
69:scaffold1090402	cen06_tolC_contig_438_contig_439	83.05	478	75	6	1	475	330	804	1e-122	  429
70:scaffold1090402	cen06_tolC_contig_438_contig_439	83.05	478	75	6	1	475	330	804	1e-122	  429
71:scaffold1602762	cen07_tolC_contig_304_contig_305	87.95	365	44	0	22	386	1	365	3e-123	  431
72:scaffold1602762	cen07_tolC_contig_304_contig_305	87.95	365	44	0	22	386	1	365	3e-123	  431
73:scaffold1602762	cen06_tolC_contig_372_contig_373	78.39	361	73	3	15	371	87	446	1e-62	  230
74:scaffold1602762	cen06_tolC_contig_372_contig_373	78.39	361	73	3	15	371	87	446	1e-62	  230
75:scaffold1602762	cen16_tolC_contig_766_contig_767	78.12	361	74	3	15	371	87	446	6e-61	  224
76:scaffold1602762	cen16_tolC_contig_766_contig_767	78.12	361	74	3	15	371	87	446	6e-61	  224
77:scaffold1693333	cen03_tolC_contig_480_contig_481	89.25	307	33	0	20	326	309	3	2e-109	  385
78:scaffold1693333	cen03_tolC_contig_480_contig_481	89.25	307	33	0	20	326	309	3	2e-109	  385
79:scaffold1693333	cen15_tolC_contig_684_contig_685	79.72	286	50	8	22	303	286	5	9e-54	  200
80:scaffold1693333	cen15_tolC_contig_684_contig_685	79.72	286	50	8	22	303	286	5	9e-54	  200
81:scaffold1693333	cen16_tolC_contig_1334_contig_1335	83.25	191	26	6	23	210	291	104	7e-45	  171
82:scaffold1693333	cen16_tolC_contig_1334_contig_1335	83.25	191	26	6	23	210	291	104	7e-45	  171
83:scaffold2077381	cen03_tolC_contig_424_contig_425	94.80	173	9	0	1	173	173	1	6e-75	  270
84:scaffold2077381	cen03_tolC_contig_424_contig_425	94.80	173	9	0	1	173	173	1	6e-75	  270
85:scaffold2150525	cen16_tolC_contig_994_contig_995	98.19	331	6	0	1	331	202	532	9e-168	  579
86:scaffold2150525	cen16_tolC_contig_786_contig_787	98.48	328	5	0	4	331	214	541	9e-168	  579
87:scaffold2150525	cen16_tolC_contig_994_contig_995	98.19	331	6	0	1	331	202	532	9e-168	  579
88:scaffold2150525	cen16_tolC_contig_786_contig_787	98.48	328	5	0	4	331	214	541	9e-168	  579
89:scaffold2150525	cen16_tolC_contig_820_contig_821	92.08	240	19	0	4	243	214	453	2e-95	  339
90:scaffold2150525	cen16_tolC_contig_782_contig_783	91.77	243	20	0	1	243	211	453	2e-95	  339
91:scaffold2150525	cen16_tolC_contig_820_contig_821	92.08	240	19	0	4	243	214	453	2e-95	  339
92:scaffold2150525	cen16_tolC_contig_782_contig_783	91.77	243	20	0	1	243	211	453	2e-95	  339
93:scaffold2150525	cen16_tolC_contig_752_contig_753	89.54	153	16	0	1	153	211	363	4e-52	  195
94:scaffold2150525	cen16_tolC_contig_752_contig_753	89.54	153	16	0	1	153	211	363	4e-52	  195
95:scaffold2776359	cen16_tolC_contig_1196_contig_1197	88.55	262	27	3	3	264	82	340	2e-88	  315
96:scaffold2776359	cen16_tolC_contig_1196_contig_1197	88.55	262	27	3	3	264	82	340	2e-88	  315
97:scaffold2776359	cen17_tolC_contig_4272_contig_4273	84.67	261	36	4	3	261	82	340	4e-71	  257
98:scaffold2776359	cen17_tolC_contig_4272_contig_4273	84.67	261	36	4	3	261	82	340	4e-71	  257
99:scaffold2776359	cen16_tolC_contig_1208_contig_1209	84.47	264	36	5	2	264	90	349	1e-70	  255
100:scaffold2776359	cen16_tolC_contig_1208_contig_1209	84.47	264	36	5	2	264	90	349	1e-70	  255
101:scaffold2776359	cen17_tolC_contig_2608_contig_2609	83.21	274	44	2	3	275	253	525	6e-69	  250
102:scaffold2776359	cen17_tolC_contig_2608_contig_2609	83.21	274	44	2	3	275	253	525	6e-69	  250
103:scaffold2776359	cen17_tolC_contig_3350_contig_3351	82.42	273	48	0	3	275	79	351	1e-65	  239
104:scaffold2776359	cen17_tolC_contig_3350_contig_3351	82.42	273	48	0	3	275	79	351	1e-65	  239
105:scaffold2919852	cen07_tolC_contig_448_contig_449	93.13	233	16	0	39	271	462	230	1e-96	  342
106:scaffold2919852	cen07_tolC_contig_448_contig_449	93.13	233	16	0	39	271	462	230	1e-96	  342
107:scaffold3802328	cen16_tolC_contig_1282_contig_1283	85.77	239	32	2	1	238	433	670	1e-69	  252
108:scaffold3802328	cen16_tolC_contig_1208_contig_1209	85.77	239	32	2	1	238	442	679	1e-69	  252
109:scaffold3802328	cen16_tolC_contig_1196_contig_1197	85.77	239	32	2	1	238	433	670	1e-69	  252
110:scaffold3802328	cen16_tolC_contig_870_contig_871	85.77	239	32	2	1	238	442	679	1e-69	  252
111:scaffold3802328	cen16_tolC_contig_1282_contig_1283	85.77	239	32	2	1	238	433	670	1e-69	  252
112:scaffold3802328	cen16_tolC_contig_1208_contig_1209	85.77	239	32	2	1	238	442	679	1e-69	  252
113:scaffold3802328	cen16_tolC_contig_1196_contig_1197	85.77	239	32	2	1	238	433	670	1e-69	  252
114:scaffold3802328	cen16_tolC_contig_870_contig_871	85.77	239	32	2	1	238	442	679	1e-69	  252
115:scaffold3802328	cen06_tolC_contig_438_contig_439	81.33	241	39	5	1	238	196	433	3e-51	  191
116:scaffold3802328	cen06_tolC_contig_438_contig_439	81.33	241	39	5	1	238	196	433	3e-51	  191
117:scaffold4573502	cen05_tolC_contig_236_contig_237	82.81	192	31	2	7	197	245	55	4e-45	  171
118:scaffold4573502	cen05_tolC_contig_236_contig_237	82.81	192	31	2	7	197	245	55	4e-45	  171
119:scaffold4713861	cen16_tolC_contig_1282_contig_1283	89.95	189	19	0	22	210	1041	853	2e-67	  244
120:scaffold4713861	cen16_tolC_contig_1208_contig_1209	89.95	189	19	0	22	210	1050	862	2e-67	  244
121:scaffold4713861	cen16_tolC_contig_1196_contig_1197	89.95	189	19	0	22	210	1041	853	2e-67	  244
122:scaffold4713861	cen16_tolC_contig_870_contig_871	89.95	189	19	0	22	210	1050	862	2e-67	  244
123:scaffold4713861	cen16_tolC_contig_1282_contig_1283	89.95	189	19	0	22	210	1041	853	2e-67	  244
124:scaffold4713861	cen16_tolC_contig_1208_contig_1209	89.95	189	19	0	22	210	1050	862	2e-67	  244
125:scaffold4713861	cen16_tolC_contig_1196_contig_1197	89.95	189	19	0	22	210	1041	853	2e-67	  244
126:scaffold4713861	cen16_tolC_contig_870_contig_871	89.95	189	19	0	22	210	1050	862	2e-67	  244
