1:scaffold505684	cen07_tolC_contig_448_contig_449	75.88	311	63	11	207	511	340	36	5e-38	  148
2:scaffold505684	cen07_tolC_contig_448_contig_449	75.88	311	63	11	207	511	340	36	5e-38	  148
3:scaffold1090463	cen07_tolC_contig_448_contig_449	84.16	221	35	0	1	221	224	4	3e-58	  215
4:scaffold1090463	cen07_tolC_contig_448_contig_449	84.16	221	35	0	1	221	224	4	3e-58	  215
5:scaffold1287376	cen16_tolC_contig_752_contig_753	79.20	226	31	11	68	286	330	114	1e-36	  143
6:scaffold1287376	cen16_tolC_contig_752_contig_753	79.20	226	31	11	68	286	330	114	1e-36	  143
7:scaffold1287376	cen17_tolC_contig_4272_contig_4273	81.32	182	26	8	109	286	282	105	4e-36	  141
8:scaffold1287376	cen16_tolC_contig_1208_contig_1209	77.04	270	46	16	25	286	375	114	4e-36	  141
9:scaffold1287376	cen16_tolC_contig_870_contig_871	77.45	275	36	21	25	286	375	114	4e-36	  141
10:scaffold1287376	cen17_tolC_contig_4272_contig_4273	81.32	182	26	8	109	286	282	105	4e-36	  141
11:scaffold1287376	cen16_tolC_contig_1208_contig_1209	77.04	270	46	16	25	286	375	114	4e-36	  141
12:scaffold1287376	cen16_tolC_contig_870_contig_871	77.45	275	36	21	25	286	375	114	4e-36	  141
13:scaffold1287376	cen16_tolC_contig_782_contig_783	81.08	185	21	9	109	286	291	114	2e-34	  135
14:scaffold1287376	cen16_tolC_contig_782_contig_783	81.08	185	21	9	109	286	291	114	2e-34	  135
