1:scaffold00713	cen16_tolC_contig_988_contig_989	100.00	456	0	0	55571	56026	1	456	0.0	  843
2:scaffold00713	cen16_tolC_contig_988_contig_989	100.00	456	0	0	55571	56026	1	456	0.0	  843
3:scaffold01809	cen16_tolC_contig_1196_contig_1197	99.81	1041	2	0	15906	16946	1041	1	0.0	 1912
4:scaffold01809	cen16_tolC_contig_1196_contig_1197	99.81	1041	2	0	15906	16946	1041	1	0.0	 1912
5:scaffold01809	cen16_tolC_contig_870_contig_871	96.00	1024	33	7	15906	16925	1050	31	0.0	 1657
6:scaffold01809	cen16_tolC_contig_870_contig_871	96.00	1024	33	7	15906	16925	1050	31	0.0	 1657
7:scaffold01809	cen16_tolC_contig_1208_contig_1209	96.03	1008	28	11	15906	16907	1050	49	0.0	 1629
8:scaffold01809	cen16_tolC_contig_1208_contig_1209	96.03	1008	28	11	15906	16907	1050	49	0.0	 1629
9:scaffold01809	cen16_tolC_contig_1282_contig_1283	94.99	1037	44	7	15906	16938	1041	9	0.0	 1620
10:scaffold01809	cen16_tolC_contig_1282_contig_1283	94.99	1037	44	7	15906	16938	1041	9	0.0	 1620
11:scaffold01809	cen06_tolC_contig_438_contig_439	84.60	805	122	2	15906	16709	804	1	0.0	  798
12:scaffold01809	cen06_tolC_contig_438_contig_439	84.60	805	122	2	15906	16709	804	1	0.0	  798
13:scaffold16477	cen16_tolC_contig_950_contig_951	99.17	606	5	0	8640	9245	606	1	0.0	 1092
14:scaffold16477	cen16_tolC_contig_950_contig_951	99.17	606	5	0	8640	9245	606	1	0.0	 1092
15:scaffold16477	cen16_tolC_contig_928_contig_929	91.37	533	46	0	8713	9245	533	1	0.0	  730
16:scaffold16477	cen16_tolC_contig_928_contig_929	91.37	533	46	0	8713	9245	533	1	0.0	  730
17:scaffold16477	cen16_tolC_contig_932_contig_933	94.36	461	26	0	8785	9245	461	1	0.0	  708
18:scaffold16477	cen16_tolC_contig_932_contig_933	94.36	461	26	0	8785	9245	461	1	0.0	  708
19:scaffold16477	cen05_tolC_contig_236_contig_237	78.74	428	81	7	8673	9095	438	16	1e-75	  278
20:scaffold16477	cen05_tolC_contig_236_contig_237	78.74	428	81	7	8673	9095	438	16	1e-75	  278
21:scaffold18104	cen17_tolC_contig_2718_contig_2719	77.94	136	26	4	3494	3627	121	254	1e-16	82.4
22:scaffold18104	cen17_tolC_contig_2718_contig_2719	77.94	136	26	4	3494	3627	121	254	1e-16	82.4
23:scaffold29010	cen16_tolC_contig_786_contig_787	99.44	357	2	0	1	357	226	582	0.0	  649
24:scaffold29010	cen16_tolC_contig_786_contig_787	99.44	357	2	0	1	357	226	582	0.0	  649
25:scaffold29010	cen16_tolC_contig_994_contig_995	99.43	348	2	0	10	357	226	573	0.0	  632
26:scaffold29010	cen16_tolC_contig_994_contig_995	99.43	348	2	0	10	357	226	573	0.0	  632
27:scaffold29010	cen16_tolC_contig_820_contig_821	93.42	228	15	0	1	228	226	453	4e-94	  339
28:scaffold29010	cen16_tolC_contig_820_contig_821	93.42	228	15	0	1	228	226	453	4e-94	  339
29:scaffold29010	cen16_tolC_contig_782_contig_783	92.89	225	16	0	4	228	229	453	9e-91	  327
30:scaffold29010	cen16_tolC_contig_782_contig_783	92.89	225	16	0	4	228	229	453	9e-91	  327
31:scaffold29010	cen17_tolC_contig_2170_contig_2171	73.62	709	137	41	4	690	391	1071	9e-61	  228
32:scaffold29010	cen17_tolC_contig_2608_contig_2609	90.44	136	13	0	4	139	391	526	3e-46	  180
33:scaffold87147	cen16_tolC_contig_1208_contig_1209	99.53	212	1	0	3178	3389	1	212	6e-109	  387
34:scaffold87147	cen16_tolC_contig_820_contig_821	99.53	212	1	0	3178	3389	1	212	6e-109	  387
35:scaffold87147	cen16_tolC_contig_786_contig_787	99.53	212	1	0	3178	3389	1	212	6e-109	  387
36:scaffold87147	cen16_tolC_contig_1208_contig_1209	99.53	212	1	0	3178	3389	1	212	6e-109	  387
37:scaffold87147	cen16_tolC_contig_820_contig_821	99.53	212	1	0	3178	3389	1	212	6e-109	  387
38:scaffold87147	cen16_tolC_contig_786_contig_787	99.53	212	1	0	3178	3389	1	212	6e-109	  387
39:scaffold87147	cen16_tolC_contig_870_contig_871	91.51	212	18	0	3178	3389	1	212	1e-80	  292
40:scaffold87147	cen16_tolC_contig_782_contig_783	91.51	212	18	0	3178	3389	1	212	1e-80	  292
41:scaffold87147	cen16_tolC_contig_752_contig_753	91.51	212	18	0	3178	3389	1	212	1e-80	  292
42:scaffold87147	cen16_tolC_contig_870_contig_871	91.51	212	18	0	3178	3389	1	212	1e-80	  292
43:scaffold87603	cen16_tolC_contig_1282_contig_1283	83.49	1054	146	23	375	1414	1040	1	0.0	  957
44:scaffold87603	cen16_tolC_contig_1282_contig_1283	83.49	1054	146	23	375	1414	1040	1	0.0	  957
45:scaffold87603	cen16_tolC_contig_1196_contig_1197	78.65	1054	197	23	375	1414	1040	1	0.0	  675
46:scaffold87603	cen16_tolC_contig_1208_contig_1209	79.20	981	178	22	375	1342	1049	82	0.0	  658
47:scaffold87603	cen17_tolC_contig_2170_contig_2171	78.39	907	166	29	515	1406	1071	180	9e-162	  562
48:scaffold87603	cen17_tolC_contig_2170_contig_2171	78.39	907	166	29	515	1406	1071	180	9e-162	  562
49:scaffold87603	cen16_tolC_contig_994_contig_995	94.63	354	19	0	1061	1414	354	1	7e-158	  549
50:scaffold87603	cen16_tolC_contig_994_contig_995	94.63	354	19	0	1061	1414	354	1	7e-158	  549
51:scaffold87603	cen16_tolC_contig_752_contig_753	86.75	453	52	8	950	1398	474	26	3e-142	  497
52:scaffold87603	cen06_tolC_contig_438_contig_439	78.02	810	164	13	375	1177	803	1	3e-142	  497
53:scaffold234339	cen16_tolC_contig_764_contig_765	100.00	474	0	0	853	1326	1	474	0.0	  876
54:scaffold234339	cen16_tolC_contig_764_contig_765	100.00	474	0	0	853	1326	1	474	0.0	  876
55:scaffold234339	cen16_tolC_contig_1282_contig_1283	78.86	894	157	27	883	1760	22	899	6e-166	  575
56:scaffold234339	cen16_tolC_contig_1282_contig_1283	78.86	894	157	27	883	1760	22	899	6e-166	  575
57:scaffold234339	cen16_tolC_contig_1208_contig_1209	78.48	892	164	23	883	1760	31	908	6e-161	  558
58:scaffold234339	cen16_tolC_contig_1208_contig_1209	78.48	892	164	23	883	1760	31	908	6e-161	  558
59:scaffold234339	cen16_tolC_contig_870_contig_871	78.29	889	171	19	883	1760	31	908	3e-159	  553
60:scaffold234339	cen16_tolC_contig_870_contig_871	78.29	889	171	19	883	1760	31	908	3e-159	  553
61:scaffold234339	cen17_tolC_contig_2170_contig_2171	78.14	892	167	28	883	1760	193	1070	6e-156	  542
62:scaffold234339	cen17_tolC_contig_2170_contig_2171	78.14	892	167	28	883	1760	193	1070	6e-156	  542
63:scaffold388458	cen16_tolC_contig_766_contig_767	99.82	552	1	0	486	1037	552	1	0.0	 1014
64:scaffold388458	cen16_tolC_contig_766_contig_767	99.82	552	1	0	486	1037	552	1	0.0	 1014
65:scaffold388458	cen06_tolC_contig_372_contig_373	100.00	465	0	0	573	1037	465	1	0.0	  859
66:scaffold388458	cen06_tolC_contig_372_contig_373	100.00	465	0	0	573	1037	465	1	0.0	  859
67:scaffold471067	cen16_tolC_contig_786_contig_787	90.22	583	55	2	140	721	582	1	0.0	  760
68:scaffold471067	cen16_tolC_contig_786_contig_787	90.22	583	55	2	140	721	582	1	0.0	  760
69:scaffold471067	cen16_tolC_contig_820_contig_821	93.82	453	28	0	269	721	453	1	0.0	  682
70:scaffold471067	cen16_tolC_contig_820_contig_821	93.82	453	28	0	269	721	453	1	0.0	  682
71:scaffold471067	cen16_tolC_contig_782_contig_783	92.72	453	33	0	269	721	453	1	0.0	  654
72:scaffold471067	cen16_tolC_contig_782_contig_783	92.72	453	33	0	269	721	453	1	0.0	  654
73:scaffold471067	cen16_tolC_contig_994_contig_995	85.97	506	63	8	140	641	573	72	7e-154	  534
74:scaffold471067	cen16_tolC_contig_994_contig_995	85.97	506	63	8	140	641	573	72	7e-154	  534
75:scaffold471067	cen16_tolC_contig_1208_contig_1209	80.30	736	105	32	3	721	713	1	2e-149	  520
76:scaffold471067	cen16_tolC_contig_1208_contig_1209	80.30	736	105	32	3	721	713	1	2e-149	  520
77:scaffold538938	cen16_tolC_contig_794_contig_795	100.00	483	0	0	294	776	483	1	0.0	  893
78:scaffold538938	cen16_tolC_contig_794_contig_795	100.00	483	0	0	294	776	483	1	0.0	  893
79:scaffold538938	cen17_tolC_contig_3350_contig_3351	76.64	321	59	16	439	751	329	17	3e-42	  163
80:scaffold538938	cen17_tolC_contig_3350_contig_3351	76.64	321	59	16	439	751	329	17	3e-42	  163
81:scaffold538938	cen03_tolC_contig_480_contig_481	77.62	277	54	6	479	751	307	35	1e-41	  161
82:scaffold538938	cen03_tolC_contig_480_contig_481	77.62	277	54	6	479	751	307	35	1e-41	  161
83:scaffold538938	cen17_tolC_contig_2608_contig_2609	84.35	147	23	0	439	585	503	357	1e-36	  145
84:scaffold538938	cen17_tolC_contig_2608_contig_2609	84.35	147	23	0	439	585	503	357	1e-36	  145
85:scaffold648521	cen16_tolC_contig_932_contig_933	96.87	383	12	0	1	383	383	1	0.0	  641
86:scaffold648521	cen16_tolC_contig_932_contig_933	96.87	383	12	0	1	383	383	1	0.0	  641
87:scaffold648521	cen16_tolC_contig_950_contig_951	92.89	380	27	0	4	383	380	1	2e-159	  553
88:scaffold648521	cen16_tolC_contig_950_contig_951	92.89	380	27	0	4	383	380	1	2e-159	  553
89:scaffold648521	cen16_tolC_contig_928_contig_929	92.04	377	30	0	7	383	377	1	7e-153	  531
90:scaffold648521	cen16_tolC_contig_928_contig_929	92.04	377	30	0	7	383	377	1	7e-153	  531
91:scaffold648521	cen05_tolC_contig_238_contig_239	79.94	354	69	2	4	356	374	22	4e-71	  259
92:scaffold648521	cen05_tolC_contig_238_contig_239	79.94	354	69	2	4	356	374	22	4e-71	  259
93:scaffold648521	cen05_tolC_contig_236_contig_237	83.98	231	35	2	4	233	245	16	2e-59	  220
94:scaffold648521	cen05_tolC_contig_236_contig_237	83.98	231	35	2	4	233	245	16	2e-59	  220
95:scaffold780862	cen06_tolC_contig_438_contig_439	85.56	284	41	0	1	284	520	803	7e-83	  298
96:scaffold780862	cen06_tolC_contig_438_contig_439	85.56	284	41	0	1	284	520	803	7e-83	  298
97:scaffold780862	cen16_tolC_contig_1282_contig_1283	84.56	285	42	2	1	284	757	1040	7e-78	  281
98:scaffold780862	cen16_tolC_contig_1208_contig_1209	84.56	285	42	2	1	284	766	1049	7e-78	  281
99:scaffold780862	cen16_tolC_contig_1196_contig_1197	84.56	285	42	2	1	284	757	1040	7e-78	  281
100:scaffold780862	cen16_tolC_contig_870_contig_871	84.56	285	42	2	1	284	766	1049	7e-78	  281
101:scaffold780862	cen16_tolC_contig_1282_contig_1283	84.56	285	42	2	1	284	757	1040	7e-78	  281
102:scaffold780862	cen16_tolC_contig_1208_contig_1209	84.56	285	42	2	1	284	766	1049	7e-78	  281
103:scaffold780862	cen16_tolC_contig_1196_contig_1197	84.56	285	42	2	1	284	757	1040	7e-78	  281
104:scaffold780862	cen16_tolC_contig_870_contig_871	84.56	285	42	2	1	284	766	1049	7e-78	  281
105:scaffold1021380	cen16_tolC_contig_1282_contig_1283	82.79	709	106	13	4	704	1	701	1e-179	  619
106:scaffold1021380	cen16_tolC_contig_1282_contig_1283	82.79	709	106	13	4	704	1	701	1e-179	  619
107:scaffold1021380	cen16_tolC_contig_994_contig_995	96.05	354	14	0	4	357	1	354	7e-167	  577
108:scaffold1021380	cen16_tolC_contig_994_contig_995	96.05	354	14	0	4	357	1	354	7e-167	  577
109:scaffold1021380	cen16_tolC_contig_752_contig_753	86.50	452	55	6	20	468	26	474	3e-141	  492
110:scaffold1021380	cen16_tolC_contig_752_contig_753	86.50	452	55	6	20	468	26	474	3e-141	  492
111:scaffold1021380	cen17_tolC_contig_3928_contig_3929	79.68	556	103	10	25	575	31	581	3e-111	  392
112:scaffold1021380	cen17_tolC_contig_3928_contig_3929	79.68	556	103	10	25	575	31	581	3e-111	  392
113:scaffold1021380	cen17_tolC_contig_2170_contig_2171	76.67	703	150	14	12	707	180	875	7e-107	  377
114:scaffold1021380	cen16_tolC_contig_764_contig_765	82.10	447	74	6	25	468	31	474	7e-107	  377
115:scaffold1139502	cen16_tolC_contig_950_contig_951	100.00	29	0	0	1	29	29	1	1e-09	54.7
116:scaffold1139502	cen16_tolC_contig_932_contig_933	100.00	29	0	0	1	29	29	1	1e-09	54.7
117:scaffold1139502	cen16_tolC_contig_928_contig_929	100.00	29	0	0	1	29	29	1	1e-09	54.7
118:scaffold1139502	cen16_tolC_contig_950_contig_951	100.00	29	0	0	1	29	29	1	1e-09	54.7
119:scaffold1139502	cen16_tolC_contig_932_contig_933	100.00	29	0	0	1	29	29	1	1e-09	54.7
120:scaffold1139502	cen16_tolC_contig_928_contig_929	100.00	29	0	0	1	29	29	1	1e-09	54.7
121:scaffold1207761	cen16_tolC_contig_928_contig_929	99.64	276	1	0	362	637	582	307	3e-145	  505
122:scaffold1207761	cen16_tolC_contig_928_contig_929	99.64	276	1	0	362	637	582	307	3e-145	  505
123:scaffold2238623	cen16_tolC_contig_1282_contig_1283	76.04	384	68	24	6	377	667	1038	5e-47	  178
124:scaffold2238623	cen16_tolC_contig_1208_contig_1209	76.04	384	68	24	6	377	676	1047	5e-47	  178
125:scaffold2238623	cen16_tolC_contig_1196_contig_1197	76.04	384	68	24	6	377	667	1038	5e-47	  178
126:scaffold2238623	cen16_tolC_contig_870_contig_871	76.04	384	68	24	6	377	676	1047	5e-47	  178
127:scaffold2238623	cen16_tolC_contig_1282_contig_1283	76.04	384	68	24	6	377	667	1038	5e-47	  178
128:scaffold2238623	cen16_tolC_contig_1208_contig_1209	76.04	384	68	24	6	377	676	1047	5e-47	  178
129:scaffold2238623	cen16_tolC_contig_1196_contig_1197	76.04	384	68	24	6	377	667	1038	5e-47	  178
130:scaffold2238623	cen16_tolC_contig_870_contig_871	76.04	384	68	24	6	377	676	1047	5e-47	  178
131:scaffold2929466	cen16_tolC_contig_1334_contig_1335	100.00	360	0	0	1	360	3	362	0.0	  665
132:scaffold2929466	cen16_tolC_contig_1334_contig_1335	100.00	360	0	0	1	360	3	362	0.0	  665
133:scaffold2929466	cen03_tolC_contig_480_contig_481	81.17	239	39	6	54	289	71	306	7e-50	  187
134:scaffold2929466	cen03_tolC_contig_480_contig_481	81.17	239	39	6	54	289	71	306	7e-50	  187
135:scaffold2929466	cen17_tolC_contig_4272_contig_4273	82.87	181	27	4	103	281	105	283	1e-41	  159
136:scaffold2929466	cen17_tolC_contig_4272_contig_4273	82.87	181	27	4	103	281	105	283	1e-41	  159
137:scaffold2929466	cen03_tolC_contig_484_contig_485	80.93	194	31	6	91	281	105	295	3e-38	  148
138:scaffold2929466	cen03_tolC_contig_484_contig_485	80.93	194	31	6	91	281	105	295	3e-38	  148
139:scaffold2929466	cen17_tolC_contig_3928_contig_3929	89.36	94	10	0	188	281	199	292	2e-29	  119
140:scaffold2929466	cen17_tolC_contig_3928_contig_3929	89.36	94	10	0	188	281	199	292	2e-29	  119
141:scaffold3282586	cen16_tolC_contig_752_contig_753	100.00	175	0	0	159	333	474	300	4e-91	  324
142:scaffold3282586	cen16_tolC_contig_752_contig_753	100.00	175	0	0	159	333	474	300	4e-91	  324
143:scaffold4013044	cen16_tolC_contig_782_contig_783	100.00	263	0	0	1	263	263	1	5e-140	  486
144:scaffold4013044	cen16_tolC_contig_752_contig_753	100.00	263	0	0	1	263	263	1	5e-140	  486
145:scaffold4013044	cen16_tolC_contig_782_contig_783	100.00	263	0	0	1	263	263	1	5e-140	  486
146:scaffold4013044	cen16_tolC_contig_752_contig_753	100.00	263	0	0	1	263	263	1	5e-140	  486
147:scaffold4013044	cen16_tolC_contig_870_contig_871	99.62	263	1	0	1	263	263	1	2e-138	  481
148:scaffold4013044	cen16_tolC_contig_870_contig_871	99.62	263	1	0	1	263	263	1	2e-138	  481
149:scaffold4013044	cen16_tolC_contig_1208_contig_1209	92.40	263	20	0	1	263	263	1	1e-106	  375
150:scaffold4013044	cen16_tolC_contig_1208_contig_1209	92.40	263	20	0	1	263	263	1	1e-106	  375
151:scaffold4013044	cen16_tolC_contig_820_contig_821	91.25	263	23	0	1	263	263	1	1e-101	  359
152:scaffold4013044	cen16_tolC_contig_786_contig_787	91.25	263	23	0	1	263	263	1	1e-101	  359
153:scaffold4163055	cen16_tolC_contig_782_contig_783	84.47	161	25	0	9	169	172	332	1e-41	  159
154:scaffold4163055	cen16_tolC_contig_782_contig_783	84.47	161	25	0	9	169	172	332	1e-41	  159
155:scaffold4163055	cen16_tolC_contig_752_contig_753	83.55	152	25	0	9	160	172	323	1e-36	  143
156:scaffold4163055	cen16_tolC_contig_752_contig_753	83.55	152	25	0	9	160	172	323	1e-36	  143
157:scaffold4163055	cen16_tolC_contig_994_contig_995	81.76	170	29	2	1	169	155	323	4e-36	  141
158:scaffold4163055	cen16_tolC_contig_820_contig_821	81.66	169	31	0	1	169	164	332	4e-36	  141
159:scaffold4163055	cen16_tolC_contig_994_contig_995	81.76	170	29	2	1	169	155	323	4e-36	  141
160:scaffold4163055	cen16_tolC_contig_820_contig_821	81.66	169	31	0	1	169	164	332	4e-36	  141
161:scaffold4163055	cen17_tolC_contig_2832_contig_2833	84.67	137	21	0	33	169	358	494	5e-35	  137
162:scaffold4163055	cen17_tolC_contig_2832_contig_2833	84.67	137	21	0	33	169	358	494	5e-35	  137
163:scaffold4885299	cen16_tolC_contig_786_contig_787	100.00	253	0	0	1	253	345	93	1e-134	  468
164:scaffold4885299	cen16_tolC_contig_786_contig_787	100.00	253	0	0	1	253	345	93	1e-134	  468
165:scaffold4885299	cen16_tolC_contig_820_contig_821	97.63	253	6	0	1	253	345	93	1e-124	  435
166:scaffold4885299	cen16_tolC_contig_820_contig_821	97.63	253	6	0	1	253	345	93	1e-124	  435
167:scaffold4885299	cen16_tolC_contig_1208_contig_1209	94.02	251	11	3	5	253	341	93	3e-107	  377
168:scaffold4885299	cen16_tolC_contig_1208_contig_1209	94.02	251	11	3	5	253	341	93	3e-107	  377
169:scaffold4885299	cen16_tolC_contig_782_contig_783	92.43	251	19	0	1	251	345	95	9e-102	  359
170:scaffold4885299	cen16_tolC_contig_782_contig_783	92.43	251	19	0	1	251	345	95	9e-102	  359
171:scaffold4885299	cen16_tolC_contig_752_contig_753	91.57	249	21	0	3	251	343	95	3e-97	  344
172:scaffold4885299	cen16_tolC_contig_752_contig_753	91.57	249	21	0	3	251	343	95	3e-97	  344
173:scaffold4885300	cen16_tolC_contig_786_contig_787	99.21	253	2	0	1	253	345	93	3e-131	  457
174:scaffold4885300	cen16_tolC_contig_786_contig_787	99.21	253	2	0	1	253	345	93	3e-131	  457
175:scaffold4885300	cen16_tolC_contig_820_contig_821	96.84	253	8	0	1	253	345	93	3e-121	  424
176:scaffold4885300	cen16_tolC_contig_820_contig_821	96.84	253	8	0	1	253	345	93	3e-121	  424
177:scaffold4885300	cen16_tolC_contig_1208_contig_1209	94.82	251	9	3	5	253	341	93	1e-110	  388
178:scaffold4885300	cen16_tolC_contig_1208_contig_1209	94.82	251	9	3	5	253	341	93	1e-110	  388
179:scaffold4885300	cen16_tolC_contig_782_contig_783	93.23	251	17	0	1	251	345	95	4e-105	  370
180:scaffold4885300	cen16_tolC_contig_782_contig_783	93.23	251	17	0	1	251	345	95	4e-105	  370
181:scaffold4885300	cen16_tolC_contig_752_contig_753	92.37	249	19	0	3	251	343	95	1e-100	  355
182:scaffold4885300	cen16_tolC_contig_752_contig_753	92.37	249	19	0	3	251	343	95	1e-100	  355
183:scaffold5933408	cen16_tolC_contig_994_contig_995	98.04	51	1	0	172	222	573	523	1e-20	89.8
184:scaffold5933408	cen16_tolC_contig_786_contig_787	98.04	51	1	0	172	222	582	532	1e-20	89.8
185:scaffold5933408	cen16_tolC_contig_994_contig_995	98.04	51	1	0	172	222	573	523	1e-20	89.8
186:scaffold5933408	cen16_tolC_contig_786_contig_787	98.04	51	1	0	172	222	582	532	1e-20	89.8
