ID	% GCContent	Total Count	G Count	C Count	A Count	T Count
cen01_ClassB_contig_46_contig_47	55.3516819571865	654	181	181	155	137
cen01_ClassB_contig_152_contig_153	56.7073170731707	492	120	159	112	101
cen01_ClassB_contig_200_contig_201	55.4347826086956	828	252	207	192	177
cen01_ClassB_contig_204_contig_205	57.5	480	148	128	105	99
cen01_ClassB_contig_256_contig_257	55.4761904761905	840	234	232	197	177
cen01_ClassB_contig_286_contig_287	57.3260073260073	546	153	160	121	112
cen01_ClassB_contig_336_contig_337	55.9852670349908	543	168	136	124	115
cen01_ClassB_contig_370_contig_371	55.5090655509066	717	194	204	169	150
cen01_ClassB_contig_488_contig_489	58.0378250591017	846	229	262	194	161
cen01_ClassB_contig_544_contig_545	63.1093544137022	759	228	251	146	134
cen01_ClassB_contig_570_contig_571	61.2121212121212	495	105	198	107	85
cen01_ClassB_contig_914_contig_915	57.0300157977883	633	153	208	147	125
cen01_ClassB_contig_918_contig_919	56.7765567765568	546	143	167	130	106
cen01_ClassB_contig_950_contig_951	55.2083333333333	864	249	228	211	176
cen01_ClassB_contig_958_contig_959	58.1780538302277	483	165	116	109	93
cen01_ClassB_contig_960_contig_961	59.0214067278287	654	195	191	140	128
cen01_ClassB_contig_1058_contig_1059	63.5869565217391	552	173	178	96	105
cen01_ClassB_contig_2120_contig_2121	54.1095890410959	876	244	230	204	198
cen01_ClassB_contig_2128_contig_2129	59.6491228070175	513	146	160	106	101
cen01_ClassB_contig_2224_contig_2225	61.8573797678275	603	189	184	123	107
