ID	% GCContent	Total Count	G Count	C Count	A Count	T Count
cen07_ClassA_contig_382_contig_383	70.4607046070461	738	248	272	112	106
cen07_ClassA_contig_576_contig_577	65.3543307086614	762	247	251	146	118
cen07_ClassA_contig_958_contig_959	67.8763440860215	744	251	254	135	104
cen07_ClassA_contig_966_contig_967	74.024024024024	666	244	249	88	85
cen07_ClassA_contig_1052_contig_1053	63.905325443787	507	169	155	97	86
cen07_ClassA_contig_1182_contig_1183	65.7856093979442	681	210	238	121	112
cen07_ClassA_contig_1258_contig_1259	60.5882352941176	510	156	153	108	93
cen07_ClassA_contig_1494_contig_1495	63.3578431372549	816	264	253	140	159
cen07_ClassA_contig_1520_contig_1521	63.3578431372549	816	260	257	139	160
cen07_ClassA_contig_1640_contig_1641	66.6666666666667	465	154	156	86	69
cen07_ClassA_contig_1934_contig_1935	63.3181126331811	657	202	214	125	116
cen07_ClassA_contig_1956_contig_1957	63.4803921568627	816	263	255	137	161
cen07_ClassA_contig_2026_contig_2027	62.2222222222222	585	183	181	120	101
cen07_ClassA_contig_2042_contig_2043	69.1943127962085	633	206	232	93	102
cen07_ClassA_contig_2646_contig_2647	66.156462585034	588	200	189	103	96
cen07_ClassA_contig_3094_contig_3095	68.6827956989247	744	260	251	134	99
cen07_ClassA_contig_3118_contig_3119	60.4166666666667	480	153	137	95	95
cen07_ClassA_contig_3140_contig_3141	62.7083333333333	480	152	149	93	86
