ID	% GCContent	Total Count	G Count	C Count	A Count	T Count
cen06_ClassB_contig_22_contig_23	56.5377532228361	543	148	159	134	102
cen06_ClassB_contig_66_contig_67	56.9620253164557	711	200	205	151	155
cen06_ClassB_contig_124_contig_125	57.3412698412698	504	143	146	108	107
cen06_ClassB_contig_140_contig_141	55.8299039780521	729	227	180	161	161
cen06_ClassB_contig_144_contig_145	56.3973063973064	594	180	155	136	123
cen06_ClassB_contig_152_contig_153	56.9786535303777	609	175	172	133	129
cen06_ClassB_contig_190_contig_191	68.6544342507645	654	225	224	98	107
cen06_ClassB_contig_358_contig_359	52.7173913043478	552	155	136	139	122
cen06_ClassB_contig_392_contig_393	58.641975308642	810	236	239	176	159
cen06_ClassB_contig_398_contig_399	53.0172413793103	696	216	153	158	169
cen06_ClassB_contig_410_contig_411	55.5555555555556	828	230	230	214	154
cen06_ClassB_contig_430_contig_431	57.0902394106814	543	162	148	125	108
cen06_ClassB_contig_476_contig_477	56.441717791411	489	145	131	120	93
cen06_ClassB_contig_660_contig_661	62.5	456	149	136	104	67
cen06_ClassB_contig_680_contig_681	58.3783783783784	555	173	151	138	93
cen06_ClassB_contig_698_contig_699	53.1889290012034	831	219	223	206	183
cen06_ClassB_contig_852_contig_853	62.4750499001996	501	157	156	105	83
cen06_ClassB_contig_884_contig_885	59.0476190476191	525	156	154	114	101
cen06_ClassB_contig_954_contig_955	67.5213675213675	468	151	165	86	66
cen06_ClassB_contig_1002_contig_1003	57.2496263079223	669	182	201	148	138
cen06_ClassB_contig_1008_contig_1009	61.5384615384615	468	113	175	105	75
cen06_ClassB_contig_1048_contig_1049	57.8397212543554	861	261	237	185	178
cen06_ClassB_contig_1542_contig_1543	68.1818181818182	462	152	163	70	77
cen06_ClassB_contig_1732_contig_1733	54.4554455445545	606	195	135	145	131
cen06_ClassB_contig_1874_contig_1875	47.4358974358974	468	112	110	131	115
cen06_ClassB_contig_1956_contig_1957	75.2415458937198	828	287	336	100	105
cen06_ClassB_contig_1990_contig_1991	73.5042735042735	468	158	186	58	66
cen06_ClassB_contig_2144_contig_2145	55.5112881806109	753	205	213	157	178
cen06_ClassB_contig_3282_contig_3283	56.1827956989247	744	200	218	193	133
