ID	% GCContent	Total Count	G Count	C Count	A Count	T Count
cen05_ClassC_contig_422_contig_423	61.524334251607	1089	322	348	217	202
cen05_ClassC_contig_424_contig_425	62.0444444444444	1125	342	356	220	207
cen05_ClassC_contig_762_contig_763	59.0686274509804	816	244	238	172	162
cen05_ClassC_contig_822_contig_823	58.9460784313725	816	243	238	171	164
cen05_ClassC_contig_830_contig_831	52.4509803921569	816	221	207	212	176
cen05_ClassC_contig_1154_contig_1155	63.4527089072544	1089	318	373	215	183
cen05_ClassC_contig_1258_contig_1259	62.6459143968872	771	237	246	146	142
cen05_ClassC_contig_1808_contig_1809	59.1911764705882	816	245	238	171	162
cen05_ClassC_contig_1830_contig_1831	61.2359550561798	534	141	186	117	90
