ID	% GCContent	Total Count	G Count	C Count	A Count	T Count
cen04_dfra12_contig_252_contig_253	66.6666666666667	231	72	82	42	35
cen04_dfra12_contig_264_contig_265	70.1754385964912	228	74	86	37	31
cen04_dfra12_contig_586_contig_587	50.8130081300813	246	57	68	54	67
cen04_dfra12_contig_632_contig_633	54.726368159204	201	54	56	54	37
cen04_dfra12_contig_642_contig_643	63.2768361581921	177	56	56	33	32
cen04_dfra12_contig_648_contig_649	66.6666666666667	183	57	65	31	30
cen04_dfra12_contig_674_contig_675	46.4052287581699	153	34	37	46	36
cen04_dfra12_contig_686_contig_687	38.7878787878788	165	37	27	54	47
cen04_dfra12_contig_782_contig_783	59.8765432098765	162	58	39	35	30
cen04_dfra12_contig_786_contig_787	53.448275862069	174	43	50	42	39
cen04_dfra12_contig_806_contig_807	65.4471544715447	246	91	70	40	45
cen04_dfra12_contig_820_contig_821	42.9378531073446	177	36	40	52	49
cen04_dfra12_contig_832_contig_833	67.9012345679012	162	54	56	23	29
cen04_dfra12_contig_852_contig_853	70	180	64	62	27	27
cen04_dfra12_contig_890_contig_891	64.2156862745098	204	70	61	34	39
cen04_dfra12_contig_956_contig_957	56.1728395061728	162	46	45	40	31
cen04_dfra12_contig_998_contig_999	62.8415300546448	183	54	61	33	35
cen04_dfra12_contig_1010_contig_1011	64.5502645502645	189	57	65	31	36
cen04_dfra12_contig_1034_contig_1035	65.1741293532338	201	69	62	31	39
cen04_dfra12_contig_1040_contig_1041	65.5172413793103	174	54	60	33	27
cen04_dfra12_contig_1092_contig_1093	67.7248677248677	189	56	72	26	35
cen04_dfra12_contig_1232_contig_1233	73.5159817351598	219	82	79	27	31
cen04_dfra12_contig_1290_contig_1291	65.4545454545455	165	50	58	31	26
cen04_dfra12_contig_1300_contig_1301	53.7037037037037	216	65	51	52	48
cen04_dfra12_contig_1370_contig_1371	69.0140845070423	213	67	80	36	30
cen04_dfra12_contig_1408_contig_1409	64.4808743169399	183	55	63	35	30
cen04_dfra12_contig_1436_contig_1437	64.9425287356322	174	51	62	34	27
cen04_dfra12_contig_1480_contig_1481	63.4920634920635	189	59	61	32	37
cen04_dfra12_contig_1496_contig_1497	60.4938271604938	162	49	49	34	30
cen04_dfra12_contig_1502_contig_1503	61.9047619047619	189	68	49	38	34
cen04_dfra12_contig_1788_contig_1789	54.6448087431694	183	51	49	48	35
cen04_dfra12_contig_1800_contig_1801	54.4871794871795	156	48	37	39	32
cen04_dfra12_contig_1976_contig_1977	64.8648648648649	222	75	69	35	43
cen04_dfra12_contig_2010_contig_2011	66.6666666666667	156	53	51	24	28
cen04_dfra12_contig_2064_contig_2065	62.962962962963	189	56	63	35	35
cen04_dfra12_contig_2074_contig_2075	65.3153153153153	222	77	68	35	42
cen04_dfra12_contig_2088_contig_2089	66.6666666666667	156	52	52	24	28
cen04_dfra12_contig_2128_contig_2129	61.9883040935673	171	60	46	29	36
cen04_dfra12_contig_2136_contig_2137	64.6153846153846	195	67	59	32	37
cen04_dfra12_contig_2220_contig_2221	66.6666666666667	162	50	58	33	21
cen04_dfra12_contig_2256_contig_2257	65.8536585365854	246	91	71	40	44
cen04_dfra12_contig_2258_contig_2259	55.7692307692308	156	39	48	37	32
cen04_dfra12_contig_2274_contig_2275	61.3756613756614	189	53	63	40	33
cen04_dfra12_contig_2298_contig_2299	70.6214689265537	177	59	66	26	26
cen04_dfra12_contig_2302_contig_2303	59.748427672956	159	52	43	29	35
cen04_dfra12_contig_2404_contig_2405	53.7037037037037	162	40	47	42	33
cen04_dfra12_contig_2414_contig_2415	64.1025641025641	156	44	56	31	25
cen04_dfra12_contig_2436_contig_2437	62.6436781609195	174	54	55	38	27
cen04_dfra12_contig_2470_contig_2471	71.689497716895	219	76	81	34	28
cen04_dfra12_contig_2498_contig_2499	66.6666666666667	189	61	65	29	34
cen04_dfra12_contig_2516_contig_2517	62.5730994152047	171	51	56	33	31
cen04_dfra12_contig_2536_contig_2537	70.1754385964912	171	56	64	29	22
cen04_dfra12_contig_2586_contig_2587	63.7426900584795	171	53	56	31	31
cen04_dfra12_contig_2592_contig_2593	59.7701149425287	261	81	75	53	52
cen04_dfra12_contig_2620_contig_2621	68.8888888888889	180	63	61	27	29
cen04_dfra12_contig_2632_contig_2633	72.3270440251572	159	54	61	24	20
cen04_dfra12_contig_2660_contig_2661	66.6666666666667	183	54	68	32	29
cen04_dfra12_contig_2668_contig_2669	64.7435897435897	156	44	57	29	26
cen04_dfra12_contig_2672_contig_2673	74.8858447488584	219	78	86	27	28
cen04_dfra12_contig_2866_contig_2867	70.9876543209877	162	55	60	25	22
cen04_dfra12_contig_2892_contig_2893	70.1754385964912	228	84	76	32	36
cen04_dfra12_contig_2912_contig_2913	66.6666666666667	204	66	70	34	34
cen04_dfra12_contig_2914_contig_2915	65.7657657657658	222	73	73	34	42
cen04_dfra12_contig_2944_contig_2945	65.6084656084656	189	62	62	31	34
cen04_dfra12_contig_2988_contig_2989	64.8648648648649	222	74	70	35	43
cen04_dfra12_contig_3170_contig_3171	63.8888888888889	180	51	64	34	31
cen04_dfra12_contig_3234_contig_3235	59.6153846153846	156	49	44	34	29
cen04_dfra12_contig_3334_contig_3335	51.1111111111111	180	45	47	52	36
cen04_dfra12_contig_3340_contig_3341	54.2372881355932	177	43	53	47	34
cen04_dfra12_contig_3474_contig_3475	63.6363636363636	198	60	66	33	39
cen04_dfra12_contig_3476_contig_3477	52.2222222222222	180	43	51	45	41
cen04_dfra12_contig_3496_contig_3497	45.4022988505747	174	39	40	46	49
cen04_dfra12_contig_3894_contig_3895	67.2839506172839	162	51	58	24	29
cen04_dfra12_contig_3910_contig_3911	69.2640692640693	231	72	88	39	32
