ID	% GCContent	Total Count	G Count	C Count	A Count	T Count
cen04_ClassB_contig_134_contig_135	58.2834331337325	501	148	144	115	94
cen04_ClassB_contig_140_contig_141	54.3859649122807	684	190	182	162	150
cen04_ClassB_contig_150_contig_151	55.0102249488753	489	160	109	125	95
cen04_ClassB_contig_246_contig_247	66.6666666666667	612	195	213	104	100
cen04_ClassB_contig_260_contig_261	57.6115485564304	762	239	200	161	162
cen04_ClassB_contig_290_contig_291	58.2995951417004	741	210	222	150	159
cen04_ClassB_contig_530_contig_531	52.3364485981308	642	169	167	167	139
cen04_ClassB_contig_538_contig_539	57.2839506172839	810	259	205	178	168
cen04_ClassB_contig_558_contig_559	57.4423480083857	477	159	115	108	95
cen04_ClassB_contig_584_contig_585	55.7407407407407	540	152	149	136	103
cen04_ClassB_contig_590_contig_591	53.2855436081243	837	230	216	202	189
cen04_ClassB_contig_658_contig_659	52.3980815347722	834	237	200	220	177
cen04_ClassB_contig_688_contig_689	56.9780853517878	867	250	244	203	170
cen04_ClassB_contig_754_contig_755	54.7008547008547	468	146	110	111	101
cen04_ClassB_contig_1088_contig_1089	56.7251461988304	684	208	180	157	139
cen04_ClassB_contig_1138_contig_1139	56.3025210084034	714	197	205	165	147
cen04_ClassB_contig_1222_contig_1223	60.377358490566	477	144	144	100	89
cen04_ClassB_contig_1230_contig_1231	61.2554112554113	462	140	143	92	87
cen04_ClassB_contig_1254_contig_1255	58.2417582417582	546	167	151	122	106
cen04_ClassB_contig_1420_contig_1421	58.3804143126177	531	153	157	123	98
cen04_ClassB_contig_1428_contig_1429	56.7028985507246	552	162	151	125	114
cen04_ClassB_contig_1438_contig_1439	56.8854568854569	777	214	228	190	145
cen04_ClassB_contig_1592_contig_1593	64.6464646464647	792	250	262	143	137
cen04_ClassB_contig_1788_contig_1789	57.097288676236	627	184	174	141	128
cen04_ClassB_contig_2294_contig_2295	57.8366445916115	453	142	120	102	89
cen04_ClassB_contig_2344_contig_2345	56.6787003610108	831	253	218	199	161
cen04_ClassB_contig_2692_contig_2693	53.9784946236559	465	131	120	101	113
cen04_ClassB_contig_2786_contig_2787	61.7924528301887	636	192	201	125	118
cen04_ClassB_contig_3216_contig_3217	54.6236559139785	465	133	121	100	111
cen04_ClassB_contig_3258_contig_3259	57.3611111111111	720	211	202	153	154
cen04_ClassB_contig_4644_contig_4645	63.015873015873	630	200	197	131	102
cen04_ClassB_contig_4906_contig_4907	55.0537634408602	465	131	125	102	107
