ID	% GCContent	Total Count	G Count	C Count	A Count	T Count
cen06_ClassA_contig_316_contig_317	66.0894660894661	693	237	221	118	117
cen06_ClassA_contig_364_contig_365	66.6666666666667	492	163	165	91	73
cen06_ClassA_contig_378_contig_379	67.704280155642	771	248	274	143	106
cen06_ClassA_contig_390_contig_391	72.9166666666667	672	244	246	86	96
cen06_ClassA_contig_402_contig_403	72.2943722943723	693	243	258	97	95
cen06_ClassA_contig_602_contig_603	59.8343685300207	483	139	150	99	95
cen06_ClassA_contig_866_contig_867	66.6666666666667	501	159	175	86	81
cen06_ClassA_contig_1070_contig_1071	64.5962732919255	483	155	157	80	91
cen06_ClassA_contig_1224_contig_1225	64.8250460405157	543	181	171	102	89
cen06_ClassA_contig_1232_contig_1233	68.0790960451977	708	234	248	130	96
cen06_ClassA_contig_1610_contig_1611	67.1875	576	176	211	114	75
cen06_ClassA_contig_1644_contig_1645	69.0476190476191	756	255	267	126	108
cen06_ClassA_contig_2320_contig_2321	65.9356725146199	684	236	215	132	101
