ID	% GCContent	Total Count	G Count	C Count	A Count	T Count
cen03_intI_contig_42_contig_43	66.7721518987342	948	296	337	167	148
cen03_intI_contig_134_contig_135	63.1966351209253	951	300	301	181	169
cen03_intI_contig_156_contig_157	67.9205851619645	957	312	338	147	160
cen03_intI_contig_158_contig_159	68.3333333333333	780	269	264	117	130
cen03_intI_contig_162_contig_163	63.4273772204807	957	280	327	174	176
cen03_intI_contig_206_contig_207	66.4473684210526	456	145	158	81	72
cen03_intI_contig_1370_contig_1371	60.3429796355841	933	390	173	172	198
cen03_intI_contig_2168_contig_2169	60.7361963190184	489	172	125	110	82
cen03_intI_contig_2580_contig_2581	72.6829268292683	615	234	213	82	86
cen03_intI_contig_7822_contig_7823	67.4242424242424	924	313	310	155	146
cen03_intI_contig_13144_contig_13145	66.1272923408846	927	312	301	163	151
cen03_intI_contig_14876_contig_14877	58.4388185654008	948	264	290	209	185
cen03_intI_contig_16048_contig_16049	68.3098591549296	852	334	248	124	146
cen03_intI_contig_18304_contig_18305	69.1287878787879	528	206	159	77	86
cen03_intI_contig_26162_contig_26163	61.8153364632238	639	214	181	94	150
cen03_intI_contig_33914_contig_33915	64.9188514357054	801	294	226	149	132
cen03_intI_contig_38434_contig_38435	60.6382978723404	564	189	153	121	101
cen03_intI_contig_38806_contig_38807	59.3964334705075	729	216	217	138	158
cen03_intI_contig_38954_contig_38955	67.0981661272923	927	302	320	156	149
cen03_intI_contig_38972_contig_38973	69.2307692307692	624	206	226	95	97
cen03_intI_contig_39000_contig_39001	66.8508287292818	543	195	168	80	100
cen03_intI_contig_39022_contig_39023	69.377990430622	627	208	227	95	97
cen03_intI_contig_39220_contig_39221	55.7644110275689	798	281	164	177	176
cen03_intI_contig_39270_contig_39271	61.1111111111111	522	179	140	90	113
cen03_intI_contig_39370_contig_39371	54.6139359698682	531	163	127	122	119
cen03_intI_contig_39544_contig_39545	60.4417670682731	498	155	146	92	105
