ID	% GCContent	Total Count	G Count	C Count	A Count	T Count
cen03_ClassB_contig_108_contig_109	55.3072625698324	537	137	160	146	94
cen03_ClassB_contig_174_contig_175	63.5071090047393	633	201	201	110	121
cen03_ClassB_contig_212_contig_213	53.921568627451	612	174	156	127	155
cen03_ClassB_contig_368_contig_369	57.0219966159052	591	177	160	126	128
cen03_ClassB_contig_496_contig_497	52.0282186948854	567	152	143	150	122
cen03_ClassB_contig_524_contig_525	56.6239316239316	468	152	113	101	102
cen03_ClassB_contig_526_contig_527	56.6287878787879	528	157	142	136	93
cen03_ClassB_contig_534_contig_535	52.3980815347722	834	237	200	220	177
cen03_ClassB_contig_548_contig_549	56.2905317769131	771	234	200	181	156
cen03_ClassB_contig_952_contig_953	56.0283687943262	846	242	232	193	179
cen03_ClassB_contig_968_contig_969	54.8269581056466	549	138	163	152	96
cen03_ClassB_contig_1442_contig_1443	62.3423423423423	555	161	185	120	89
cen03_ClassB_contig_1632_contig_1633	56.7982456140351	456	141	118	99	98
cen03_ClassB_contig_1896_contig_1897	56.6787003610108	831	253	218	201	159
cen03_ClassB_contig_2434_contig_2435	59.4961240310078	516	151	156	105	104
cen03_ClassB_contig_2462_contig_2463	59.6045197740113	708	208	214	136	150
cen03_ClassB_contig_3950_contig_3951	55.4263565891473	516	132	154	112	118
