ID	% GCContent	Total Count	G Count	C Count	A Count	T Count
cen05_dfra12_contig_228_contig_229	67.5324675324675	231	72	84	43	32
cen05_dfra12_contig_282_contig_283	67.5438596491228	228	71	83	42	32
cen05_dfra12_contig_302_contig_303	71.2643678160919	174	58	66	29	21
cen05_dfra12_contig_368_contig_369	65.7004830917874	207	68	68	36	35
cen05_dfra12_contig_392_contig_393	66.6666666666667	222	75	73	33	41
cen05_dfra12_contig_404_contig_405	61.3756613756614	189	62	54	40	33
cen05_dfra12_contig_428_contig_429	49.4791666666667	192	48	47	48	49
cen05_dfra12_contig_502_contig_503	70.7070707070707	198	73	67	31	27
cen05_dfra12_contig_504_contig_505	43.1524547803618	387	78	89	109	111
cen05_dfra12_contig_538_contig_539	46.7948717948718	156	34	39	46	37
cen05_dfra12_contig_548_contig_549	65.7777777777778	225	81	67	39	38
cen05_dfra12_contig_696_contig_697	69.3989071038251	183	63	64	27	29
cen05_dfra12_contig_740_contig_741	67.1957671957672	189	67	60	27	35
cen05_dfra12_contig_806_contig_807	42.7777777777778	180	41	36	59	44
cen05_dfra12_contig_816_contig_817	68	225	85	68	36	36
cen05_dfra12_contig_842_contig_843	67.2955974842767	159	53	54	26	26
cen05_dfra12_contig_854_contig_855	65.0273224043716	183	64	55	29	35
cen05_dfra12_contig_858_contig_859	69.8412698412698	189	59	73	30	27
cen05_dfra12_contig_868_contig_869	65.6084656084656	189	54	70	33	32
cen05_dfra12_contig_894_contig_895	66.1375661375661	189	59	66	28	36
cen05_dfra12_contig_898_contig_899	63.9344262295082	183	61	56	30	36
cen05_dfra12_contig_900_contig_901	66.120218579235	183	65	56	28	34
cen05_dfra12_contig_912_contig_913	68.2539682539683	189	57	72	26	34
cen05_dfra12_contig_954_contig_955	69.9453551912568	183	63	65	26	29
cen05_dfra12_contig_966_contig_967	62.1468926553672	177	50	60	34	33
cen05_dfra12_contig_968_contig_969	60.7843137254902	153	48	45	29	31
cen05_dfra12_contig_1036_contig_1037	61.7283950617284	162	52	48	31	31
cen05_dfra12_contig_1058_contig_1059	44.4444444444444	189	47	37	61	44
cen05_dfra12_contig_1122_contig_1123	54.4444444444444	180	50	48	41	41
cen05_dfra12_contig_1162_contig_1163	66.1458333333333	192	60	67	32	33
cen05_dfra12_contig_1180_contig_1181	68.6567164179104	201	68	70	31	32
cen05_dfra12_contig_1194_contig_1195	68.5446009389671	213	67	79	34	33
cen05_dfra12_contig_1196_contig_1197	59.4444444444444	180	52	55	40	33
cen05_dfra12_contig_1198_contig_1199	62.3655913978495	186	56	60	32	38
cen05_dfra12_contig_1260_contig_1261	71.1864406779661	177	72	54	23	28
cen05_dfra12_contig_1282_contig_1283	61.5740740740741	216	67	66	43	40
cen05_dfra12_contig_1292_contig_1293	60.6060606060606	165	51	49	38	27
cen05_dfra12_contig_1306_contig_1307	54.4444444444444	180	60	38	44	38
cen05_dfra12_contig_1312_contig_1313	67.3076923076923	156	51	54	26	25
cen05_dfra12_contig_1318_contig_1319	66.1375661375661	189	61	64	29	35
cen05_dfra12_contig_1362_contig_1363	67.2839506172839	162	55	54	29	24
cen05_dfra12_contig_1400_contig_1401	66.2100456621005	219	69	76	40	34
cen05_dfra12_contig_1562_contig_1563	59.3939393939394	165	42	56	34	33
cen05_dfra12_contig_1738_contig_1739	68.8524590163934	183	62	64	28	29
cen05_dfra12_contig_1856_contig_1857	63.9344262295082	183	60	57	31	35
cen05_dfra12_contig_1866_contig_1867	60.377358490566	159	47	49	29	34
cen05_dfra12_contig_1908_contig_1909	63.1313131313131	198	62	63	37	36
cen05_dfra12_contig_1930_contig_1931	66.0493827160494	162	51	56	29	26
cen05_dfra12_contig_1950_contig_1951	63.4920634920635	189	64	56	34	35
cen05_dfra12_contig_1974_contig_1975	63.4920634920635	189	59	61	35	34
cen05_dfra12_contig_1982_contig_1983	63.4920634920635	189	65	55	33	36
cen05_dfra12_contig_1996_contig_1997	64.1509433962264	159	55	47	29	28
cen05_dfra12_contig_2050_contig_2051	38.9937106918239	159	34	28	55	42
cen05_dfra12_contig_2160_contig_2161	64.1025641025641	195	60	65	41	29
cen05_dfra12_contig_2354_contig_2355	64.0522875816993	153	50	48	24	31
cen05_dfra12_contig_2358_contig_2359	40.9356725146199	171	40	30	47	54
cen05_dfra12_contig_2414_contig_2415	63.1578947368421	171	53	55	32	31
cen05_dfra12_contig_2450_contig_2451	68.1818181818182	198	64	71	29	34
cen05_dfra12_contig_2462_contig_2463	70.440251572327	159	50	62	20	27
cen05_dfra12_contig_2472_contig_2473	71.5151515151515	165	61	57	24	23
cen05_dfra12_contig_2508_contig_2509	63.7931034482759	174	50	61	34	29
cen05_dfra12_contig_2630_contig_2631	68.9189189189189	222	78	75	32	37
cen05_dfra12_contig_2638_contig_2639	66.6666666666667	255	84	86	40	45
cen05_dfra12_contig_2640_contig_2641	65.1282051282051	195	63	64	36	32
cen05_dfra12_contig_2652_contig_2653	65.7657657657658	222	74	72	37	39
cen05_dfra12_contig_2658_contig_2659	64.6153846153846	195	65	61	33	36
cen05_dfra12_contig_2682_contig_2683	66.2745098039216	255	85	84	39	47
cen05_dfra12_contig_2698_contig_2699	70.048309178744	207	68	77	33	29
cen05_dfra12_contig_2750_contig_2751	72.0238095238095	168	59	62	25	22
cen05_dfra12_contig_2786_contig_2787	64.4808743169399	183	53	65	34	31
cen05_dfra12_contig_2806_contig_2807	65.0273224043716	183	63	56	28	36
cen05_dfra12_contig_2808_contig_2809	66.6666666666667	153	52	50	24	27
cen05_dfra12_contig_3096_contig_3097	70.048309178744	207	68	77	33	29
cen05_dfra12_contig_3142_contig_3143	68.1818181818182	198	64	71	33	30
cen05_dfra12_contig_3280_contig_3281	57.8616352201258	159	52	40	35	32
cen05_dfra12_contig_3298_contig_3299	67.2222222222222	180	63	58	30	29
cen05_dfra12_contig_3312_contig_3313	61.8181818181818	165	53	49	37	26
cen05_dfra12_contig_3322_contig_3323	67.1111111111111	225	79	72	38	36
cen05_dfra12_contig_3338_contig_3339	67.3202614379085	153	50	53	24	26
cen05_dfra12_contig_3432_contig_3433	70.1492537313433	201	68	73	32	28
cen05_dfra12_contig_3436_contig_3437	69.6969696969697	165	50	65	27	23
cen05_dfra12_contig_3444_contig_3445	69.281045751634	153	49	57	27	20
cen05_dfra12_contig_3452_contig_3453	63.030303030303	165	51	53	29	32
cen05_dfra12_contig_3472_contig_3473	63.4920634920635	189	62	58	36	33
cen05_dfra12_contig_3556_contig_3557	65.9259259259259	270	90	88	45	47
cen05_dfra12_contig_3574_contig_3575	67.037037037037	270	90	91	46	43
cen05_dfra12_contig_3604_contig_3605	69.4444444444444	180	58	67	28	27
cen05_dfra12_contig_3632_contig_3633	43.1034482758621	174	41	34	51	48
