ID	% GCContent	Total Count	G Count	C Count	A Count	T Count
cen01_vanA_contig_6_contig_7	66.3608562691132	654	235	199	111	109
cen01_vanA_contig_14_contig_15	63.6582430806258	831	275	254	153	149
cen01_vanA_contig_20_contig_21	48.3636363636364	825	217	182	226	200
cen01_vanA_contig_26_contig_27	49.3683187560739	1029	291	217	259	262
cen01_vanA_contig_38_contig_39	66.4874551971326	558	198	173	92	95
cen01_vanA_contig_42_contig_43	58.0896686159844	513	155	143	116	99
cen01_vanA_contig_44_contig_45	63.8766519823789	681	225	210	122	124
cen01_vanA_contig_46_contig_47	65.6514382402707	591	205	183	107	96
cen01_vanA_contig_50_contig_51	50.8379888268156	537	161	112	132	132
cen01_vanA_contig_52_contig_53	64.7984267453294	1017	334	325	195	163
cen01_vanA_contig_112_contig_113	50.5344995140914	1029	293	227	253	256
cen01_vanA_contig_124_contig_125	50.8260447035957	1029	297	226	253	253
