ID	% GCContent	Total Count	G Count	C Count	A Count	T Count
cen03_ClassA_contig_560_contig_561	68.3109118086697	669	234	223	125	87
cen03_ClassA_contig_686_contig_687	67.9378531073446	708	234	247	126	101
cen03_ClassA_contig_1196_contig_1197	70.3921568627451	510	163	196	89	62
cen03_ClassA_contig_1208_contig_1209	62.9213483146067	534	172	164	101	97
cen03_ClassA_contig_1210_contig_1211	61.0766045548654	483	142	153	104	84
cen03_ClassA_contig_1556_contig_1557	70.0176366843034	567	193	204	82	88
cen03_ClassA_contig_1566_contig_1567	64.8578811369509	774	258	244	143	129
cen03_ClassA_contig_1630_contig_1631	59.6581196581197	585	188	161	112	124
cen03_ClassA_contig_1718_contig_1719	62.0490620490621	693	230	200	145	118
cen03_ClassA_contig_2028_contig_2029	68.2795698924731	558	181	200	100	77
cen03_ClassA_contig_2776_contig_2777	72.8650137741047	726	267	262	100	97
cen03_ClassA_contig_2888_contig_2889	67.0995670995671	462	152	158	78	74
