ID	% GCContent	Total Count	G Count	C Count	A Count	T Count
cen06_intI_contig_54_contig_55	66.0130718954248	306	101	101	55	49
cen06_intI_contig_436_contig_437	58.4022038567493	363	107	105	69	82
cen06_intI_contig_638_contig_639	61.4754098360656	366	150	75	68	73
cen06_intI_contig_1480_contig_1481	69.1823899371069	318	111	109	55	43
cen06_intI_contig_7534_contig_7535	65.2892561983471	363	116	121	68	58
cen06_intI_contig_7936_contig_7937	66.0493827160494	324	106	108	55	55
cen06_intI_contig_8048_contig_8049	65.564738292011	363	116	122	68	57
cen06_intI_contig_19588_contig_19589	71.3688610240334	957	362	321	126	148
cen06_intI_contig_25148_contig_25149	67.5287356321839	696	227	243	111	115
cen06_intI_contig_25184_contig_25185	66.9934640522876	306	122	83	43	58
cen06_intI_contig_25208_contig_25209	64.8327939590075	927	297	304	170	156
cen06_intI_contig_25264_contig_25265	61.4942528735632	348	118	96	53	81
cen06_intI_contig_25406_contig_25407	46.831955922865	363	77	93	108	85
cen06_intI_contig_25456_contig_25457	60.6837606837607	702	296	130	130	146
cen06_intI_contig_25674_contig_25675	58.5365853658537	369	123	93	67	86
