ID	% GCContent	Total Count	G Count	C Count	A Count	T Count
cen01_intI_contig_26_contig_27	68.0981595092025	489	198	135	73	83
cen01_intI_contig_150_contig_151	68.1434599156118	948	321	325	146	156
cen01_intI_contig_764_contig_765	55.6270096463022	933	291	228	211	203
cen01_intI_contig_5080_contig_5081	65.3846153846154	468	193	113	76	86
cen01_intI_contig_6892_contig_6893	62.6799557032115	903	266	300	157	180
cen01_intI_contig_9208_contig_9209	64.7382920110193	726	216	254	121	135
cen01_intI_contig_9470_contig_9471	66.5580890336591	921	335	278	144	164
cen01_intI_contig_9572_contig_9573	63.6904761904762	504	200	121	94	89
cen01_intI_contig_14886_contig_14887	66.6666666666667	852	341	227	138	146
cen01_intI_contig_16964_contig_16965	61.7424242424242	528	183	143	96	106
cen01_intI_contig_24972_contig_24973	64.5435244161359	471	166	138	86	81
cen01_intI_contig_26016_contig_26017	65.1991614255765	477	176	135	86	80
cen01_intI_contig_26054_contig_26055	58.0459770114943	522	163	140	92	127
cen01_intI_contig_26066_contig_26067	67.9569892473118	930	306	326	154	144
cen01_intI_contig_26092_contig_26093	63.3528265107213	513	203	122	70	118
cen01_intI_contig_26504_contig_26505	61.7245005257624	951	284	303	176	188
cen01_intI_contig_26660_contig_26661	68.2730923694779	498	213	127	67	91
