ID	% GCContent	Total Count	G Count	C Count	A Count	T Count
cen03_adeB_contig_104_contig_105	60.7629427792916	1101	320	349	200	232
cen03_adeB_contig_214_contig_215	66.6666666666667	486	170	154	58	104
cen03_adeB_contig_304_contig_305	65.0110375275938	906	289	300	144	173
cen03_adeB_contig_644_contig_645	65.6509695290859	1083	349	362	172	200
cen03_adeB_contig_844_contig_845	62.85140562249	498	162	151	75	110
cen03_adeB_contig_874_contig_875	63.0011454753723	873	289	261	139	184
cen03_adeB_contig_946_contig_947	66.3956639566396	1107	372	363	171	201
cen03_adeB_contig_1100_contig_1101	63.3147113594041	1074	347	333	182	212
cen03_adeB_contig_1450_contig_1451	64.4320297951583	1074	335	357	184	198
cen03_adeB_contig_1454_contig_1455	60.4554865424431	483	160	132	72	119
cen03_adeB_contig_2010_contig_2011	60.2898550724638	690	214	202	112	162
cen03_adeB_contig_2092_contig_2093	62.9432624113475	564	190	165	92	117
cen03_adeB_contig_2098_contig_2099	59.3939393939394	495	156	138	84	117
cen03_adeB_contig_2118_contig_2119	66.9902912621359	618	217	197	80	124
cen03_adeB_contig_2146_contig_2147	58.6711711711712	888	264	257	166	201
cen03_adeB_contig_2160_contig_2161	60.4938271604938	567	187	156	97	127
cen03_adeB_contig_2162_contig_2163	64.7492625368732	678	217	222	97	142
cen03_adeB_contig_2172_contig_2173	57.2649572649573	585	171	164	108	142
cen03_adeB_contig_2188_contig_2189	62.7388535031847	942	306	285	163	188
cen03_adeB_contig_2196_contig_2197	66.7641325536062	1026	345	340	155	186
cen03_adeB_contig_2220_contig_2221	69.3989071038251	549	205	176	64	104
cen03_adeB_contig_2226_contig_2227	62.0091324200913	1095	368	311	181	235
cen03_adeB_contig_2234_contig_2235	60.2627257799672	609	196	171	103	139
cen03_adeB_contig_2292_contig_2293	63.4651600753296	531	183	154	84	110
cen03_adeB_contig_2296_contig_2297	61.9047619047619	525	167	158	81	119
cen03_adeB_contig_2394_contig_2395	64.3631436314363	738	251	224	105	158
cen03_adeB_contig_2406_contig_2407	56.5292096219931	582	169	160	103	150
cen03_adeB_contig_2408_contig_2409	60.2430555555556	576	205	142	102	127
cen03_adeB_contig_2478_contig_2479	59.8095238095238	525	205	109	80	131
cen03_adeB_contig_2484_contig_2485	58.7219343696028	579	176	164	95	144
cen03_adeB_contig_2516_contig_2517	57.4539363484087	597	195	148	103	151
cen03_adeB_contig_3146_contig_3147	59.463986599665	597	158	197	104	138
cen03_adeB_contig_3162_contig_3163	62.8623188405797	1104	346	348	182	228
cen03_adeB_contig_3184_contig_3185	59.6314907872697	597	159	197	103	138
cen03_adeB_contig_3206_contig_3207	55.7347670250896	558	208	103	104	143
cen03_adeB_contig_3272_contig_3273	57.3839662447257	948	247	297	182	222
cen03_adeB_contig_3358_contig_3359	60.3015075376884	597	203	157	96	141
cen03_adeB_contig_3368_contig_3369	60.3015075376884	597	195	165	98	139
cen03_adeB_contig_3382_contig_3383	63.2246376811594	1104	348	350	183	223
cen03_adeB_contig_3406_contig_3407	60.7843137254902	612	146	226	96	144
cen03_adeB_contig_3484_contig_3485	55.6113902847571	597	196	136	113	152
cen03_adeB_contig_3508_contig_3509	60.5610561056106	606	220	147	95	144
cen03_adeB_contig_3668_contig_3669	62.0414673046252	627	199	190	91	147
cen03_adeB_contig_3768_contig_3769	58.1239530988275	597	191	156	101	149
cen03_adeB_contig_3990_contig_3991	61.4414414414414	555	182	159	90	124
cen03_adeB_contig_4106_contig_4107	66	600	203	193	76	128
cen03_adeB_contig_4108_contig_4109	67.4976915974146	1083	378	353	171	181
cen03_adeB_contig_4174_contig_4175	61.1661166116612	909	300	256	160	193
cen03_adeB_contig_4360_contig_4361	62.1993127147766	582	197	165	91	129
cen03_adeB_contig_4572_contig_4573	63.4819532908705	471	147	152	67	105
cen03_adeB_contig_4686_contig_4687	62.3391812865497	855	264	269	153	169
cen03_adeB_contig_4740_contig_4741	67.9549114331723	621	217	205	81	118
cen03_adeB_contig_4752_contig_4753	57.2254335260116	519	172	125	89	133
cen03_adeB_contig_4850_contig_4851	61.5120274914089	582	194	164	92	132
cen03_adeB_contig_5034_contig_5035	56.3492063492063	504	153	131	84	136
cen03_adeB_contig_5522_contig_5523	66.6666666666667	633	220	202	89	122
cen03_adeB_contig_5592_contig_5593	66	600	186	210	80	124
cen03_adeB_contig_5620_contig_5621	55.1724137931034	522	156	132	85	149
cen03_adeB_contig_5692_contig_5693	57.429718875502	498	161	125	96	116
cen03_adeB_contig_5716_contig_5717	66.887417218543	453	167	136	57	93
cen03_adeB_contig_5742_contig_5743	55.6840077071291	519	160	129	86	144
cen03_adeB_contig_5976_contig_5977	54.9707602339181	513	145	137	90	141
cen03_adeB_contig_8724_contig_8725	54.8922056384743	603	181	150	115	157
cen03_adeB_contig_8794_contig_8795	67.7725118483412	633	223	206	88	116
cen03_adeB_contig_9196_contig_9197	65.2014652014652	819	276	258	132	153
cen03_adeB_contig_9390_contig_9391	59.1611479028698	453	125	143	74	111
cen03_adeB_contig_9796_contig_9797	55.3228621291449	573	159	158	113	143
cen03_adeB_contig_9868_contig_9869	61.2903225806452	465	142	143	64	116
cen03_adeB_contig_10148_contig_10149	67.7489177489177	462	156	157	55	94
cen03_adeB_contig_10376_contig_10377	58.2037996545769	579	167	170	104	138
cen03_adeB_contig_10540_contig_10541	65.1315789473684	456	140	157	57	102
cen03_adeB_contig_10582_contig_10583	67.2549019607843	510	173	170	78	89
cen03_adeB_contig_10694_contig_10695	63.5863586358636	909	299	279	146	185
cen03_adeB_contig_11880_contig_11881	62.5641025641026	585	192	174	94	125
cen03_adeB_contig_12332_contig_12333	63.8376383763838	813	271	248	141	153
cen03_adeB_contig_13792_contig_13793	69.4444444444444	1080	367	383	144	186
cen03_adeB_contig_14174_contig_14175	68.8235294117647	510	177	174	56	103
cen03_adeB_contig_14218_contig_14219	70.3533026113671	651	235	223	83	110
cen03_adeB_contig_14532_contig_14533	64.0151515151515	1056	344	332	181	199
cen03_adeB_contig_15942_contig_15943	52.9801324503311	453	165	75	94	119
cen03_adeB_contig_16020_contig_16021	64.1627543035994	639	196	214	107	122
cen03_adeB_contig_19036_contig_19037	65.3005464480874	1098	374	343	164	217
cen03_adeB_contig_19108_contig_19109	66.1904761904762	1050	356	339	176	179
cen03_adeB_contig_19412_contig_19413	70.6349206349206	504	179	177	63	85
cen03_adeB_contig_19688_contig_19689	66.2337662337662	462	150	156	59	97
cen03_adeB_contig_20368_contig_20369	46.2199312714777	582	148	121	131	182
cen03_adeB_contig_20458_contig_20459	61.1635220125786	636	206	183	98	149
cen03_adeB_contig_20760_contig_20761	62.7329192546584	483	150	153	80	100
cen03_adeB_contig_20924_contig_20925	64.248159831756	951	298	313	139	201
cen03_adeB_contig_21038_contig_21039	64.3533123028391	951	302	310	142	197
cen03_adeB_contig_21576_contig_21577	64.8809523809524	672	213	223	95	141
cen03_adeB_contig_21694_contig_21695	47.8787878787879	495	134	103	102	156
cen03_adeB_contig_21734_contig_21735	61.6279069767442	516	168	150	74	124
cen03_adeB_contig_21894_contig_21895	64.5687645687646	858	271	283	147	157
cen03_adeB_contig_22990_contig_22991	59.8550724637681	690	216	197	111	166
cen03_adeB_contig_23398_contig_23399	66.8831168831169	462	155	154	56	97
cen03_adeB_contig_24356_contig_24357	66.0235798499464	933	305	311	152	165
cen03_adeB_contig_24446_contig_24447	66.8674698795181	498	164	169	79	86
cen03_adeB_contig_24494_contig_24495	67.7489177489177	462	154	159	59	90
cen03_adeB_contig_24514_contig_24515	66.017316017316	462	154	151	59	98
cen03_adeB_contig_24930_contig_24931	66.8498168498168	1092	369	361	166	196
cen03_adeB_contig_28084_contig_28085	67.6923076923077	585	205	191	89	100
cen03_adeB_contig_28090_contig_28091	67.9378531073446	708	247	234	105	122
cen03_adeB_contig_30670_contig_30671	61.0169491525424	531	149	175	91	116
cen03_adeB_contig_30774_contig_30775	62.3885918003565	561	180	170	92	119
cen03_adeB_contig_30888_contig_30889	63.6559139784946	465	148	148	77	92
cen03_adeB_contig_30916_contig_30917	62.1283255086072	639	208	189	109	133
cen03_adeB_contig_31268_contig_31269	58.8034188034188	585	169	175	124	117
cen03_adeB_contig_31320_contig_31321	65.9751037344398	723	241	236	105	141
cen03_adeB_contig_31366_contig_31367	65.4320987654321	486	163	155	61	107
cen03_adeB_contig_31380_contig_31381	59.5744680851064	705	207	213	136	149
cen03_adeB_contig_31616_contig_31617	70.4607046070461	738	252	268	98	120
cen03_adeB_contig_31830_contig_31831	59.0643274853801	513	160	143	92	118
cen03_adeB_contig_32688_contig_32689	68.7739463601533	522	192	167	70	93
cen03_adeB_contig_33028_contig_33029	65.1851851851852	810	256	272	137	145
cen03_adeB_contig_33068_contig_33069	64.7361647361647	777	239	264	134	140
cen03_adeB_contig_33216_contig_33217	62.962962962963	567	176	181	103	107
cen03_adeB_contig_38640_contig_38641	59.2964824120603	597	155	199	105	138
cen03_adeB_contig_38830_contig_38831	62.7092846270928	657	209	203	125	120
cen03_adeB_contig_39624_contig_39625	64.9305555555556	576	179	195	95	107
cen03_adeB_contig_39652_contig_39653	60.2836879432624	564	171	169	125	99
cen03_adeB_contig_39878_contig_39879	64.8975791433892	1074	338	359	182	195
cen03_adeB_contig_39880_contig_39881	64.9906890130354	1074	341	357	182	194
cen03_adeB_contig_39994_contig_39995	61.3821138211382	492	149	153	96	94
cen03_adeB_contig_40256_contig_40257	70.2169625246548	507	180	176	78	73
cen03_adeB_contig_40566_contig_40567	64.1325536062378	513	177	152	93	91
cen03_adeB_contig_40732_contig_40733	65.0406504065041	984	318	322	163	181
cen03_adeB_contig_40772_contig_40773	65.0793650793651	504	152	176	93	83
cen03_adeB_contig_42166_contig_42167	64.7113594040968	1074	338	357	184	195
cen03_adeB_contig_42218_contig_42219	67.5977653631285	537	173	190	96	78
cen03_adeB_contig_42398_contig_42399	60.9132420091324	1095	361	306	198	230
cen03_adeB_contig_42736_contig_42737	61.6279069767442	516	162	156	105	93
cen03_adeB_contig_44194_contig_44195	63.4408602150538	465	152	143	68	102
cen03_adeB_contig_44224_contig_44225	62.1963070942663	1029	325	315	178	211
cen03_adeB_contig_44262_contig_44263	66.3030303030303	825	280	267	120	158
cen03_adeB_contig_44274_contig_44275	62.9385964912281	456	140	147	66	103
cen03_adeB_contig_44286_contig_44287	61.4583333333333	576	165	189	92	130
cen03_adeB_contig_44364_contig_44365	61.1479028697572	453	135	142	69	107
cen03_adeB_contig_44416_contig_44417	61.2179487179487	1560	464	491	265	340
cen03_adeB_contig_44580_contig_44581	66.6666666666667	501	176	158	63	104
cen03_adeB_contig_44658_contig_44659	64.0552995391705	651	197	220	91	143
cen03_adeB_contig_44742_contig_44743	60.7085346215781	621	166	211	108	136
cen03_adeB_contig_44896_contig_44897	60.9195402298851	522	157	161	80	124
cen03_adeB_contig_44936_contig_44937	59.8333333333333	600	189	170	91	150
cen03_adeB_contig_45664_contig_45665	60.5522682445759	507	150	157	76	124
cen03_adeB_contig_45868_contig_45869	63.6842105263158	570	172	191	83	124
cen03_adeB_contig_45890_contig_45891	60.314465408805	1590	465	494	298	333
cen03_adeB_contig_45922_contig_45923	60.314465408805	1590	465	494	303	328
cen03_adeB_contig_45994_contig_45995	59.3537414965986	588	169	180	102	137
cen03_adeB_contig_45998_contig_45999	64.7368421052632	570	178	191	80	121
cen03_adeB_contig_46474_contig_46475	59.4444444444444	540	157	164	91	128
cen03_adeB_contig_46604_contig_46605	58.8888888888889	540	153	165	92	130
cen03_adeB_contig_46692_contig_46693	64.9938042131351	1614	524	525	264	301
cen03_adeB_contig_46752_contig_46753	60.3205128205128	1560	454	487	274	345
cen03_adeB_contig_47022_contig_47023	63.5761589403973	453	145	143	62	103
cen03_adeB_contig_48476_contig_48477	57.397504456328	561	159	163	95	144
cen03_adeB_contig_49052_contig_49053	57.3593073593074	462	133	132	74	123
cen03_adeB_contig_49442_contig_49443	61.4232209737828	1602	472	512	283	335
cen03_adeB_contig_50860_contig_50861	67.4174174174174	666	229	220	97	120
cen03_adeB_contig_51792_contig_51793	66.5144596651446	657	223	214	102	118
cen03_adeB_contig_51934_contig_51935	63.3528265107213	513	163	162	77	111
cen03_adeB_contig_51974_contig_51975	66.8195718654434	654	218	219	99	118
cen03_adeB_contig_52494_contig_52495	66.5116279069767	645	216	213	99	117
cen03_adeB_contig_52716_contig_52717	56.8627450980392	459	139	122	78	120
cen03_adeB_contig_53526_contig_53527	64.1025641025641	468	136	164	61	107
cen03_adeB_contig_53676_contig_53677	66.2900188323917	531	162	190	66	113
cen03_adeB_contig_55130_contig_55131	66.8217054263566	645	219	212	95	119
cen03_adeB_contig_55478_contig_55479	61.0200364298725	549	164	171	83	131
cen03_adeB_contig_55496_contig_55497	59.6412556053812	669	191	208	123	147
cen03_adeB_contig_55516_contig_55517	59.49177877429	669	191	207	123	148
cen03_adeB_contig_55754_contig_55755	63.355408388521	453	140	147	64	102
cen03_adeB_contig_56434_contig_56435	63.125	480	155	148	80	97
cen03_adeB_contig_56516_contig_56517	64.5161290322581	558	180	180	81	117
cen03_adeB_contig_56522_contig_56523	65.6521739130435	690	218	235	103	134
cen03_adeB_contig_56546_contig_56547	66.8292682926829	615	209	202	97	107
cen03_adeB_contig_57062_contig_57063	64.5431145431145	1554	477	526	270	281
cen03_adeB_contig_57380_contig_57381	67.7777777777778	630	222	205	92	111
cen03_adeB_contig_57670_contig_57671	63.8344226579521	459	144	149	65	101
cen03_adeB_contig_57768_contig_57769	66.1498708010336	774	244	268	109	153
cen03_adeB_contig_57788_contig_57789	67.1544715447154	615	213	200	95	107
cen03_adeB_contig_57794_contig_57795	65.4385964912281	570	195	178	91	106
cen03_adeB_contig_57912_contig_57913	59.7222222222222	504	157	144	74	129
cen03_adeB_contig_57950_contig_57951	60.9819121447028	774	231	241	125	177
cen03_adeB_contig_57956_contig_57957	60.4810996563574	582	169	183	100	130
cen03_adeB_contig_57970_contig_57971	61.5853658536585	492	150	153	83	106
cen03_adeB_contig_57996_contig_57997	65.6862745098039	510	187	148	74	101
cen03_adeB_contig_58002_contig_58003	61.1111111111111	1314	412	391	245	266
cen03_adeB_contig_58020_contig_58021	63.968253968254	630	201	202	90	137
cen03_adeB_contig_58036_contig_58037	57.2829131652661	714	192	217	135	170
cen03_adeB_contig_58042_contig_58043	66.5618448637317	954	318	317	159	160
cen03_adeB_contig_58120_contig_58121	62.3721881390593	489	150	155	72	112
cen03_adeB_contig_58124_contig_58125	66.2790697674419	516	174	168	77	97
cen03_adeB_contig_58150_contig_58151	63.8528138528139	462	150	145	72	95
cen03_adeB_contig_58174_contig_58175	62.5	504	162	153	72	117
cen03_adeB_contig_58190_contig_58191	65.4188948306595	561	185	182	90	104
cen03_adeB_contig_58330_contig_58331	62.111801242236	483	149	151	68	115
cen03_adeB_contig_58378_contig_58379	65.8263305322129	714	234	236	99	145
cen03_adeB_contig_58386_contig_58387	66.1179698216735	729	246	236	102	145
cen03_adeB_contig_58400_contig_58401	66.6666666666667	645	217	213	95	120
cen03_adeB_contig_58422_contig_58423	62.4390243902439	615	198	186	92	139
cen03_adeB_contig_58568_contig_58569	61.2612612612613	1332	416	400	244	272
cen03_adeB_contig_58594_contig_58595	65.3392330383481	678	219	224	96	139
cen03_adeB_contig_58702_contig_58703	64.9916247906198	597	197	191	88	121
cen03_adeB_contig_58780_contig_58781	65.1709401709402	468	147	158	54	109
cen03_adeB_contig_59080_contig_59081	66.6666666666667	786	262	262	111	151
cen03_adeB_contig_59432_contig_59433	66.4543524416136	471	162	151	68	90
cen03_adeB_contig_59742_contig_59743	66	600	199	197	91	113
cen03_adeB_contig_59752_contig_59753	65.3721682847896	618	194	210	91	123
cen03_adeB_contig_59792_contig_59793	62.5886524822695	564	170	183	78	133
cen03_adeB_contig_59800_contig_59801	65.5913978494624	744	240	248	109	147
cen03_adeB_contig_59830_contig_59831	65.5677655677656	546	184	174	85	103
cen03_adeB_contig_59840_contig_59841	64.8033126293996	483	170	143	75	95
cen03_adeB_contig_59844_contig_59845	64.7469458987784	573	184	187	92	110
cen03_adeB_contig_59852_contig_59853	62.7083333333333	480	149	152	64	115
cen03_adeB_contig_59864_contig_59865	64.1414141414141	594	188	193	85	128
cen03_adeB_contig_59872_contig_59873	64.7869674185464	798	255	262	115	166
cen03_adeB_contig_59894_contig_59895	58.7378640776699	618	180	183	97	158
cen03_adeB_contig_59900_contig_59901	61.7094017094017	585	177	184	99	125
cen03_adeB_contig_59906_contig_59907	59.8290598290598	585	184	166	107	128
cen03_adeB_contig_59912_contig_59913	65.4822335025381	591	187	200	82	122
cen03_adeB_contig_59926_contig_59927	58.7476979742173	543	154	165	90	134
cen03_adeB_contig_59938_contig_59939	60.650406504065	615	184	189	95	147
cen03_adeB_contig_59942_contig_59943	61.8556701030928	582	180	180	94	128
cen03_adeB_contig_60022_contig_60023	62.4390243902439	615	183	201	91	140
cen03_adeB_contig_60032_contig_60033	66.1172161172161	546	182	179	81	104
cen03_adeB_contig_60056_contig_60057	64.6739130434783	552	182	175	92	103
cen03_adeB_contig_60058_contig_60059	65.6028368794326	564	179	191	83	111
cen03_adeB_contig_60082_contig_60083	65.1195499296765	711	222	241	109	139
cen03_adeB_contig_60084_contig_60085	64.6616541353384	798	261	255	116	166
cen03_adeB_contig_60124_contig_60125	64.5363408521303	798	256	259	119	164
cen03_adeB_contig_60178_contig_60179	60.9704641350211	474	126	163	68	117
cen03_adeB_contig_60188_contig_60189	61.2068965517241	696	215	211	108	162
cen03_adeB_contig_60198_contig_60199	61.9585687382298	531	166	163	75	127
cen03_adeB_contig_60244_contig_60245	64.6182495344507	537	170	177	74	116
cen03_adeB_contig_60250_contig_60251	60.9649122807018	456	143	135	70	108
cen03_adeB_contig_60260_contig_60261	65.2014652014652	546	178	178	88	102
cen03_adeB_contig_60262_contig_60263	63.6726546906188	501	173	146	81	101
cen03_adeB_contig_60266_contig_60267	64.7342995169082	621	196	206	89	130
cen03_adeB_contig_60290_contig_60291	66.6666666666667	717	237	241	101	138
cen03_adeB_contig_60302_contig_60303	66.1179698216735	729	239	243	102	145
cen03_adeB_contig_60312_contig_60313	57.7235772357724	615	144	211	114	146
cen03_adeB_contig_60336_contig_60337	63.9865996649916	597	191	191	81	134
cen03_adeB_contig_60350_contig_60351	62.9856850715746	489	147	161	77	104
cen03_adeB_contig_60388_contig_60389	60.126582278481	474	140	145	69	120
cen03_adeB_contig_60398_contig_60399	66.2447257383966	474	152	162	54	106
cen03_adeB_contig_60402_contig_60403	65.4255319148936	564	186	183	89	106
cen03_adeB_contig_60424_contig_60425	63.9065817409766	471	147	154	77	93
cen03_adeB_contig_60436_contig_60437	64.0350877192982	456	153	139	64	100
cen03_adeB_contig_60528_contig_60529	64.4736842105263	456	160	134	63	99
cen03_adeB_contig_60538_contig_60539	60.3271983640082	489	144	151	87	107
cen03_adeB_contig_60578_contig_60579	65.5677655677656	546	181	177	86	102
cen03_adeB_contig_60594_contig_60595	54.6747967479675	492	134	135	87	136
cen03_adeB_contig_60620_contig_60621	65.8298465829847	717	231	241	106	139
cen03_adeB_contig_60650_contig_60651	66.1858974358974	624	207	206	92	119
cen03_adeB_contig_60654_contig_60655	66.0194174757282	618	201	207	88	122
cen03_adeB_contig_60662_contig_60663	61.9289340101523	591	180	186	92	133
cen03_adeB_contig_60672_contig_60673	61.8457300275482	726	213	236	105	172
cen03_adeB_contig_60680_contig_60681	62.4737945492662	477	148	150	68	111
cen03_adeB_contig_60682_contig_60683	60.8333333333333	480	151	141	76	112
cen03_adeB_contig_60708_contig_60709	59.3390804597701	696	211	202	112	171
cen03_adeB_contig_60712_contig_60713	55.2777777777778	720	207	191	131	191
cen03_adeB_contig_60720_contig_60721	67.001675041876	597	185	215	83	114
cen03_adeB_contig_60780_contig_60781	55.4471544715447	615	156	185	110	164
cen03_adeB_contig_60782_contig_60783	56.4227642276423	615	174	173	104	164
cen03_adeB_contig_60788_contig_60789	65.7407407407407	648	200	226	92	130
cen03_adeB_contig_60796_contig_60797	61.6883116883117	462	134	151	83	94
cen03_adeB_contig_60798_contig_60799	62.5816993464052	612	187	196	86	143
cen03_adeB_contig_60800_contig_60801	63.1239935587762	621	200	192	89	140
cen03_adeB_contig_60820_contig_60821	65.1515151515152	594	178	209	75	132
cen03_adeB_contig_60822_contig_60823	63.75	480	146	160	72	102
cen03_adeB_contig_60844_contig_60845	61.4213197969543	591	187	176	89	139
cen03_adeB_contig_60864_contig_60865	63.0894308943089	615	201	187	97	130
cen03_adeB_contig_60892_contig_60893	64.957264957265	702	231	225	105	141
cen03_adeB_contig_60906_contig_60907	61.8249534450652	537	169	163	85	120
cen03_adeB_contig_60932_contig_60933	62.8472222222222	576	170	192	82	132
cen03_adeB_contig_60936_contig_60937	65.0246305418719	609	203	193	95	118
cen03_adeB_contig_60950_contig_60951	64.8867313915858	618	203	198	93	124
cen03_adeB_contig_60956_contig_60957	58.843537414966	588	167	179	94	148
cen03_adeB_contig_60976_contig_60977	59.375	480	137	148	79	116
cen03_adeB_contig_60988_contig_60989	64.2322097378277	534	172	171	85	106
cen03_adeB_contig_61204_contig_61205	63.6904761904762	504	154	167	81	102
cen03_adeB_contig_61232_contig_61233	63.9583333333333	480	145	162	82	91
cen03_adeB_contig_61268_contig_61269	62.962962962963	513	164	159	72	118
cen03_adeB_contig_61388_contig_61389	59.8333333333333	600	172	187	111	130
cen03_adeB_contig_61746_contig_61747	63.2183908045977	522	169	161	81	111
cen03_adeB_contig_61838_contig_61839	63.855421686747	498	171	147	78	102
cen03_adeB_contig_61954_contig_61955	56.8055555555556	720	199	210	136	175
cen03_adeB_contig_62338_contig_62339	60.1340033500838	597	167	192	114	124
cen03_adeB_contig_62944_contig_62945	62.5258799171843	483	152	150	64	117
cen03_adeB_contig_63252_contig_63253	56.5891472868217	516	152	140	83	141
cen03_adeB_contig_63266_contig_63267	62.1359223300971	618	185	199	97	137
cen03_adeB_contig_63376_contig_63377	60.0732600732601	546	160	168	87	131
cen03_adeB_contig_63620_contig_63621	64.6586345381526	498	164	158	65	111
cen03_adeB_contig_63694_contig_63695	64.2857142857143	630	194	211	94	131
cen03_adeB_contig_63786_contig_63787	62.1031746031746	504	152	161	74	117
cen03_adeB_contig_63870_contig_63871	62.5	504	151	164	74	115
cen03_adeB_contig_63888_contig_63889	65.210355987055	618	207	196	87	128
cen03_adeB_contig_63952_contig_63953	65.6862745098039	510	168	167	78	97
cen03_adeB_contig_63990_contig_63991	64.7140864714086	717	228	236	106	147
cen03_adeB_contig_64014_contig_64015	64.7163120567376	564	178	187	88	111
cen03_adeB_contig_64064_contig_64065	65.0406504065041	615	196	204	78	137
cen03_adeB_contig_64302_contig_64303	63.8054363376252	699	221	225	95	158
cen03_adeB_contig_64322_contig_64323	65.2173913043478	483	153	162	55	113
cen03_adeB_contig_64358_contig_64359	63.8743455497382	573	177	189	81	126
cen03_adeB_contig_64430_contig_64431	65.3968253968254	630	206	206	81	137
cen03_adeB_contig_64460_contig_64461	65.378421900161	621	201	205	88	127
cen03_adeB_contig_64512_contig_64513	63.4166666666667	1200	394	367	202	237
cen03_adeB_contig_64538_contig_64539	60.314465408805	1590	465	494	294	337
cen03_adeB_contig_64564_contig_64565	63.75	480	153	153	79	95
cen03_adeB_contig_64576_contig_64577	65.2263374485597	486	154	163	75	94
cen03_adeB_contig_64782_contig_64783	64.5658263305322	714	220	241	111	142
cen03_adeB_contig_64848_contig_64849	63.7110016420361	609	186	202	95	126
cen03_adeB_contig_64892_contig_64893	61.9354838709677	465	142	146	71	106
cen03_adeB_contig_65022_contig_65023	64.7668393782383	579	192	183	80	124
cen03_adeB_contig_65028_contig_65029	62.1863799283154	558	170	177	85	126
cen03_adeB_contig_65070_contig_65071	62.5541125541126	462	151	138	73	100
cen03_adeB_contig_65072_contig_65073	54.8902195608782	501	146	129	95	131
cen03_adeB_contig_65080_contig_65081	65.0406504065041	615	194	206	78	137
cen03_adeB_contig_65120_contig_65121	44.8581560283688	564	134	119	119	192
cen03_adeB_contig_65212_contig_65213	59.546925566343	618	195	173	99	151
cen03_adeB_contig_65330_contig_65331	65.8692185007974	627	194	219	88	126
cen03_adeB_contig_65336_contig_65337	57.1666666666667	600	171	172	108	149
cen03_adeB_contig_65410_contig_65411	62.0253164556962	474	151	143	73	107
cen03_adeB_contig_65422_contig_65423	63.6363636363636	561	167	190	91	113
cen03_adeB_contig_65444_contig_65445	63.3771929824561	456	144	145	74	93
cen03_adeB_contig_65454_contig_65455	63.1578947368421	627	188	208	100	131
cen03_adeB_contig_65456_contig_65457	65.9226190476191	672	215	228	90	139
cen03_adeB_contig_65556_contig_65557	64.4320297951583	537	169	177	86	105
cen03_adeB_contig_65658_contig_65659	64.4654088050314	636	201	209	96	130
cen03_adeB_contig_65660_contig_65661	67.1497584541063	621	204	213	84	120
cen03_adeB_contig_65730_contig_65731	64.2135642135642	693	226	219	102	146
cen03_adeB_contig_65820_contig_65821	59.8705501618123	618	176	194	100	148
cen03_adeB_contig_65826_contig_65827	62.2362869198312	474	151	144	72	107
cen03_adeB_contig_65850_contig_65851	65.8119658119658	468	150	158	65	95
cen03_adeB_contig_65860_contig_65861	64.7058823529412	459	155	142	62	100
cen03_adeB_contig_65938_contig_65939	62.8691983122363	474	146	152	61	115
cen03_adeB_contig_65948_contig_65949	59.8148148148148	540	156	167	85	132
cen03_adeB_contig_65958_contig_65959	64.2701525054466	459	148	147	73	91
cen03_adeB_contig_65980_contig_65981	58.5518102372035	801	211	258	136	196
cen03_adeB_contig_66048_contig_66049	62.1505376344086	465	145	144	68	108
cen03_adeB_contig_66100_contig_66101	58.8888888888889	630	203	168	97	162
cen03_adeB_contig_66120_contig_66121	62.9166666666667	480	151	151	65	113
cen03_adeB_contig_66170_contig_66171	62.5448028673835	558	174	175	83	126
cen03_adeB_contig_66172_contig_66173	63.1086142322097	534	160	177	86	111
cen03_adeB_contig_66190_contig_66191	65.2094717668488	549	177	181	77	114
cen03_adeB_contig_66196_contig_66197	62.1212121212121	792	243	249	130	170
cen03_adeB_contig_66246_contig_66247	62.3188405797101	552	174	170	74	134
cen03_adeB_contig_66302_contig_66303	61.6666666666667	600	184	186	80	150
cen03_adeB_contig_66324_contig_66325	64.1304347826087	552	182	172	71	127
cen03_adeB_contig_66868_contig_66869	63.0573248407643	471	146	151	61	113
cen03_adeB_contig_67002_contig_67003	66.0130718954248	459	160	143	60	96
cen03_adeB_contig_67016_contig_67017	63.010752688172	465	150	143	66	106
cen03_adeB_contig_67076_contig_67077	64.40329218107	486	171	142	65	108
cen03_adeB_contig_67200_contig_67201	64.2655367231638	708	231	224	107	146
cen03_adeB_contig_67258_contig_67259	63.519313304721	699	220	224	112	143
cen03_adeB_contig_68028_contig_68029	62.5478927203065	1044	320	333	191	200
cen03_adeB_contig_68864_contig_68865	67.2222222222222	540	179	184	78	99
cen03_adeB_contig_68950_contig_68951	62.4242424242424	495	157	152	88	98
cen03_adeB_contig_69008_contig_69009	62.6262626262626	495	158	152	87	98
cen03_adeB_contig_69300_contig_69301	65.6378600823045	486	167	152	63	104
cen03_adeB_contig_69626_contig_69627	57.4786324786325	468	130	139	67	132
cen03_adeB_contig_69650_contig_69651	57.6923076923077	468	129	141	68	130
cen03_adeB_contig_69654_contig_69655	52.2157996146435	519	139	132	93	155
cen03_adeB_contig_69656_contig_69657	55.7692307692308	468	128	133	69	138
cen03_adeB_contig_69660_contig_69661	54.3956043956044	546	145	152	93	156
cen03_adeB_contig_69676_contig_69677	54.8269581056466	549	146	155	100	148
cen03_adeB_contig_69724_contig_69725	67.3992673992674	546	178	190	80	98
cen03_adeB_contig_69726_contig_69727	58.0712788259958	477	131	146	70	130
cen03_adeB_contig_69790_contig_69791	58.5470085470085	468	127	147	65	129
cen03_adeB_contig_69804_contig_69805	53.8461538461538	507	134	139	93	141
cen03_adeB_contig_69818_contig_69819	56.3809523809524	525	164	132	82	147
cen03_adeB_contig_69892_contig_69893	57.1428571428571	462	121	143	78	120
cen03_adeB_contig_69926_contig_69927	59.3406593406593	546	152	172	79	143
cen03_adeB_contig_69948_contig_69949	57.8616352201258	477	123	153	73	128
cen03_adeB_contig_69996_contig_69997	57.2649572649573	468	133	135	67	133
cen03_adeB_contig_70004_contig_70005	53.5645472061657	519	140	138	92	149
cen03_adeB_contig_70006_contig_70007	56.5934065934066	546	154	155	91	146
cen03_adeB_contig_70058_contig_70059	54.2406311637081	507	133	142	93	139
cen03_adeB_contig_70082_contig_70083	57.9059829059829	468	129	142	69	128
cen03_adeB_contig_70104_contig_70105	56.6239316239316	468	127	138	69	134
cen03_adeB_contig_70136_contig_70137	57.6923076923077	546	163	152	89	142
cen03_adeB_contig_70294_contig_70295	64.2497482376637	993	319	319	151	204
cen03_adeB_contig_70610_contig_70611	60.6837606837607	468	145	139	73	111
cen03_adeB_contig_70896_contig_70897	64.2184557438795	531	181	160	70	120
cen03_adeB_contig_71244_contig_71245	65.6118143459916	474	162	149	62	101
cen03_adeB_contig_71316_contig_71317	57.9617834394904	471	127	146	79	119
cen03_adeB_contig_72074_contig_72075	60.8805031446541	1590	467	501	297	325
cen03_adeB_contig_72868_contig_72869	66.0606060606061	495	156	171	74	94
cen03_adeB_contig_74096_contig_74097	63.0397236614853	579	178	187	96	118
cen03_adeB_contig_75126_contig_75127	61.8333333333333	600	189	182	96	133
cen03_adeB_contig_75220_contig_75221	62.0567375886525	564	179	171	85	129
cen03_adeB_contig_75262_contig_75263	62.4390243902439	615	197	187	93	138
cen03_adeB_contig_78448_contig_78449	58.2959641255605	669	192	198	123	156
cen03_adeB_contig_79816_contig_79817	58.9430894308943	492	148	142	80	122
cen03_adeB_contig_80386_contig_80387	59.0277777777778	576	162	178	98	138
cen03_adeB_contig_80410_contig_80411	61.136712749616	651	203	195	102	151
cen03_adeB_contig_80640_contig_80641	60.3322949117342	963	279	302	203	179
cen03_adeB_contig_80726_contig_80727	66.4529914529915	468	152	159	84	73
cen03_adeB_contig_80792_contig_80793	64.4047619047619	840	266	275	125	174
cen03_adeB_contig_80842_contig_80843	64.0449438202247	534	169	173	74	118
cen03_adeB_contig_80874_contig_80875	62.7210884353741	735	223	238	116	158
cen03_adeB_contig_80878_contig_80879	60.7843137254902	510	160	150	89	111
cen03_adeB_contig_80896_contig_80897	61.5257048092869	603	192	179	106	126
cen03_adeB_contig_81128_contig_81129	59.9051008303677	843	254	251	147	191
cen03_adeB_contig_81636_contig_81637	62.7572016460905	486	159	146	94	87
cen03_adeB_contig_81638_contig_81639	62.5514403292181	486	156	148	94	88
cen03_adeB_contig_81656_contig_81657	62.3456790123457	486	154	149	96	87
cen03_adeB_contig_81664_contig_81665	61.1111111111111	486	151	146	101	88
cen03_adeB_contig_81684_contig_81685	62.7572016460905	486	155	150	95	86
cen03_adeB_contig_81700_contig_81701	61.7283950617284	486	153	147	97	89
cen03_adeB_contig_81724_contig_81725	57.1428571428571	924	252	276	174	222
cen03_adeB_contig_81954_contig_81955	58.0952380952381	630	170	196	130	134
cen03_adeB_contig_81962_contig_81963	54.3010752688172	558	159	144	129	126
cen03_adeB_contig_82200_contig_82201	63.9376218323587	513	159	169	105	80
cen03_adeB_contig_82754_contig_82755	62.7970128988459	1473	434	491	250	298
cen03_adeB_contig_83392_contig_83393	66.2393162393162	468	161	149	83	75
cen03_adeB_contig_83536_contig_83537	64.0081799591002	489	152	161	86	90
cen03_adeB_contig_83804_contig_83805	63.4285714285714	1575	479	520	271	305
cen03_adeB_contig_83988_contig_83989	60.8763693270736	639	186	203	133	117
cen03_adeB_contig_84046_contig_84047	65.379113018598	699	211	246	128	114
cen03_adeB_contig_84074_contig_84075	62.0087336244542	687	205	221	136	125
cen03_adeB_contig_84182_contig_84183	61.5942028985507	690	194	231	132	133
cen03_adeB_contig_84184_contig_84185	61.4492753623188	690	196	228	135	131
cen03_adeB_contig_84262_contig_84263	59.6153846153846	624	173	199	130	122
cen03_adeB_contig_84756_contig_84757	58.9247311827957	465	120	154	109	82
cen03_adeB_contig_85018_contig_85019	60.6918238993711	1590	474	491	297	328
cen03_adeB_contig_86334_contig_86335	65.0959860383944	573	199	174	104	96
cen03_adeB_contig_86808_contig_86809	61.1111111111111	504	138	170	103	93
cen03_adeB_contig_86828_contig_86829	57.7651515151515	528	139	166	114	109
cen03_adeB_contig_86830_contig_86831	64.2424242424242	495	146	172	88	89
cen03_adeB_contig_86868_contig_86869	60.6918238993711	1590	479	486	289	336
cen03_adeB_contig_86930_contig_86931	64.9263721552878	747	235	250	133	129
cen03_adeB_contig_87002_contig_87003	64.3478260869565	690	194	250	132	114
cen03_adeB_contig_87054_contig_87055	66.984126984127	630	193	229	100	108
cen03_adeB_contig_87056_contig_87057	64.5418326693227	753	220	266	138	129
cen03_adeB_contig_87060_contig_87061	63.7254901960784	510	158	167	96	89
cen03_adeB_contig_87182_contig_87183	63.1884057971015	690	196	240	133	121
cen03_adeB_contig_87610_contig_87611	66.2100456621005	657	209	226	106	116
cen03_adeB_contig_87652_contig_87653	65.7303370786517	534	164	187	94	89
cen03_adeB_contig_87926_contig_87927	64.6367521367521	936	279	326	186	145
cen03_adeB_contig_88022_contig_88023	66.6666666666667	531	179	175	91	86
cen03_adeB_contig_88052_contig_88053	63.2911392405063	474	148	152	92	82
cen03_adeB_contig_88098_contig_88099	65.7303370786517	534	181	170	94	89
cen03_adeB_contig_88156_contig_88157	66.1354581673307	753	241	257	127	128
cen03_adeB_contig_88184_contig_88185	64.6485734168406	1437	434	495	251	257
cen03_adeB_contig_88304_contig_88305	67.6470588235294	510	162	183	83	82
cen03_adeB_contig_88334_contig_88335	63.7554585152838	687	213	225	126	123
cen03_adeB_contig_88402_contig_88403	66.0919540229885	696	207	253	123	113
cen03_adeB_contig_88412_contig_88413	64.8148148148148	486	134	181	99	72
cen03_adeB_contig_88540_contig_88541	63.4782608695652	690	190	248	132	120
cen03_adeB_contig_88608_contig_88609	60.4417670682731	498	142	159	104	93
cen03_adeB_contig_88800_contig_88801	63.6904761904762	504	147	174	102	81
cen03_adeB_contig_89444_contig_89445	62.1578099838969	621	183	203	123	112
cen03_adeB_contig_91576_contig_91577	60.188679245283	1590	472	485	291	342
cen03_adeB_contig_91610_contig_91611	63.0434782608696	690	199	236	130	125
cen03_adeB_contig_92844_contig_92845	61.1594202898551	690	196	226	132	136
cen03_adeB_contig_93152_contig_93153	64.6879756468797	657	199	226	110	122
cen03_adeB_contig_93154_contig_93155	66.3622526636225	657	209	227	106	115
cen03_adeB_contig_93552_contig_93553	61.0677083333333	768	212	257	161	138
