ID	% GCContent	Total Count	G Count	C Count	A Count	T Count
cen01_ClassA_contig_676_contig_677	67.8362573099415	513	178	170	98	67
cen01_ClassA_contig_680_contig_681	70.5202312138728	519	176	190	80	73
cen01_ClassA_contig_1194_contig_1195	64.6288209606987	687	233	211	130	113
cen01_ClassA_contig_1210_contig_1211	65.4244306418219	483	161	155	91	76
cen01_ClassA_contig_1324_contig_1325	61.5664845173042	549	169	169	116	95
cen01_ClassA_contig_1464_contig_1465	70.752688172043	465	178	151	69	67
cen01_ClassA_contig_1662_contig_1663	66.6666666666667	738	239	253	146	100
cen01_ClassA_contig_2058_contig_2059	59.6205962059621	738	239	201	157	141
cen01_ClassA_contig_2234_contig_2235	71.2121212121212	660	231	239	93	97
cen01_ClassA_contig_2262_contig_2263	68	675	232	227	108	108
cen01_ClassA_contig_2294_contig_2295	58.3333333333333	468	121	152	102	93
cen01_ClassA_contig_2854_contig_2855	66	600	202	194	109	95
