ID	% GCContent	Total Count	G Count	C Count	A Count	T Count
cen07_ClassB_contig_118_contig_119	58.7301587301587	819	252	229	181	157
cen07_ClassB_contig_134_contig_135	60.2108036890646	759	238	219	154	148
cen07_ClassB_contig_160_contig_161	62.5879043600563	711	223	222	126	140
cen07_ClassB_contig_188_contig_189	57.6687116564417	489	143	139	106	101
cen07_ClassB_contig_236_contig_237	64.7154471544715	615	195	203	112	105
cen07_ClassB_contig_244_contig_245	65.7608695652174	552	134	229	101	88
cen07_ClassB_contig_304_contig_305	57.3221757322176	717	199	212	160	146
cen07_ClassB_contig_334_contig_335	54.5623836126629	537	147	146	125	119
cen07_ClassB_contig_368_contig_369	56.3981042654028	633	217	140	154	122
cen07_ClassB_contig_374_contig_375	51.7857142857143	840	226	209	222	183
cen07_ClassB_contig_402_contig_403	61.9318181818182	528	139	188	114	87
cen07_ClassB_contig_500_contig_501	63.7480798771121	651	209	206	133	103
cen07_ClassB_contig_508_contig_509	67.6190476190476	525	165	190	101	69
cen07_ClassB_contig_588_contig_589	54.2600896860987	669	157	206	167	139
cen07_ClassB_contig_846_contig_847	53.475935828877	561	151	149	139	122
cen07_ClassB_contig_914_contig_915	61.1111111111111	864	254	274	180	156
cen07_ClassB_contig_924_contig_925	57.396449704142	507	144	147	118	98
cen07_ClassB_contig_994_contig_995	62.2526636225266	657	204	205	138	110
cen07_ClassB_contig_1468_contig_1469	56.4102564102564	507	143	143	122	99
cen07_ClassB_contig_1602_contig_1603	56.241426611797	729	194	216	169	150
cen07_ClassB_contig_1860_contig_1861	66.6666666666667	582	188	200	102	92
cen07_ClassB_contig_1880_contig_1881	62.1212121212121	528	153	175	90	110
cen07_ClassB_contig_1902_contig_1903	56.0521415270019	537	130	171	125	111
cen07_ClassB_contig_2104_contig_2105	38.4615384615385	468	96	84	147	141
cen07_ClassB_contig_2118_contig_2119	38.6752136752137	468	98	83	154	133
cen07_ClassB_contig_2980_contig_2981	62.8333333333333	600	186	191	125	98
cen07_ClassB_contig_3152_contig_3153	58.2750582750583	858	275	225	198	160
cen07_ClassB_contig_3200_contig_3201	38.8888888888889	468	99	83	153	133
