ID	% GCContent	Total Count	G Count	C Count	A Count	T Count
cen03_dfra12_contig_38_contig_39	42.9824561403509	228	56	42	69	61
cen03_dfra12_contig_52_contig_53	68.3982683982684	231	74	84	42	31
cen03_dfra12_contig_114_contig_115	47.8260869565217	207	47	52	58	50
cen03_dfra12_contig_128_contig_129	39.6135265700483	207	46	36	60	65
cen03_dfra12_contig_186_contig_187	66.6666666666667	258	83	89	45	41
cen03_dfra12_contig_246_contig_247	65.4761904761905	168	57	53	28	30
cen03_dfra12_contig_262_contig_263	59.375	192	51	63	47	31
cen03_dfra12_contig_284_contig_285	51.4285714285714	210	61	47	47	55
cen03_dfra12_contig_290_contig_291	74.2138364779874	159	55	63	22	19
cen03_dfra12_contig_294_contig_295	65.7657657657658	222	75	71	36	40
cen03_dfra12_contig_336_contig_337	56.6666666666667	180	56	46	41	37
cen03_dfra12_contig_342_contig_343	51.2345679012346	162	40	43	41	38
cen03_dfra12_contig_358_contig_359	68.3060109289618	183	51	74	33	25
cen03_dfra12_contig_364_contig_365	53.3333333333333	180	53	43	48	36
cen03_dfra12_contig_392_contig_393	59.4444444444444	180	60	47	42	31
cen03_dfra12_contig_414_contig_415	68.7830687830688	189	62	68	30	29
cen03_dfra12_contig_488_contig_489	65.4088050314465	159	61	43	27	28
cen03_dfra12_contig_510_contig_511	55.5555555555556	180	57	43	45	35
cen03_dfra12_contig_550_contig_551	67.9012345679012	162	54	56	23	29
cen03_dfra12_contig_582_contig_583	64.4808743169399	183	67	51	32	33
cen03_dfra12_contig_620_contig_621	69.0058479532164	171	61	57	27	26
cen03_dfra12_contig_656_contig_657	56.1111111111111	180	47	54	37	42
cen03_dfra12_contig_660_contig_661	50.5555555555556	180	48	43	47	42
cen03_dfra12_contig_742_contig_743	56.7251461988304	171	52	45	43	31
cen03_dfra12_contig_746_contig_747	54.1666666666667	168	36	55	49	28
cen03_dfra12_contig_768_contig_769	70.3703703703704	189	64	69	29	27
cen03_dfra12_contig_794_contig_795	65.6084656084656	189	54	70	33	32
cen03_dfra12_contig_806_contig_807	63.3333333333333	180	52	62	30	36
cen03_dfra12_contig_828_contig_829	57.6271186440678	177	40	62	40	35
cen03_dfra12_contig_964_contig_965	60	180	62	46	39	33
cen03_dfra12_contig_1020_contig_1021	62.2222222222222	180	57	55	38	30
cen03_dfra12_contig_1042_contig_1043	42.9824561403509	228	50	48	66	64
cen03_dfra12_contig_1066_contig_1067	67.9245283018868	159	51	57	26	25
cen03_dfra12_contig_1090_contig_1091	54.3010752688172	186	40	61	46	39
cen03_dfra12_contig_1118_contig_1119	50.6172839506173	162	43	39	47	33
cen03_dfra12_contig_1126_contig_1127	60.7142857142857	168	55	47	28	38
cen03_dfra12_contig_1128_contig_1129	61.7283950617284	162	51	49	23	39
cen03_dfra12_contig_1130_contig_1131	68.4931506849315	219	70	80	32	37
cen03_dfra12_contig_1132_contig_1133	64.3835616438356	219	80	61	36	42
cen03_dfra12_contig_1140_contig_1141	55.9139784946237	186	46	58	49	33
cen03_dfra12_contig_1150_contig_1151	59.4444444444444	180	41	66	44	29
cen03_dfra12_contig_1164_contig_1165	53.4591194968553	159	50	35	41	33
cen03_dfra12_contig_1198_contig_1199	64.8484848484848	165	64	43	28	30
cen03_dfra12_contig_1232_contig_1233	60.4166666666667	192	58	58	41	35
cen03_dfra12_contig_1286_contig_1287	57.7777777777778	180	49	55	42	34
cen03_dfra12_contig_1292_contig_1293	61.4942528735632	174	53	54	31	36
cen03_dfra12_contig_1294_contig_1295	66.6666666666667	183	63	59	27	34
cen03_dfra12_contig_1298_contig_1299	62.5	168	54	51	30	33
cen03_dfra12_contig_1362_contig_1363	58.3333333333333	156	48	43	32	33
cen03_dfra12_contig_1504_contig_1505	59.1954022988506	174	53	50	38	33
cen03_dfra12_contig_1560_contig_1561	66.6666666666667	171	59	55	28	29
cen03_dfra12_contig_1566_contig_1567	61.0062893081761	159	53	44	36	26
cen03_dfra12_contig_1630_contig_1631	65.3333333333333	225	71	76	38	40
cen03_dfra12_contig_1768_contig_1769	66.6666666666667	180	58	62	29	31
cen03_dfra12_contig_1776_contig_1777	61.9047619047619	189	62	55	34	38
cen03_dfra12_contig_1832_contig_1833	61.0062893081761	159	46	51	30	32
cen03_dfra12_contig_1846_contig_1847	64.8888888888889	225	70	76	39	40
cen03_dfra12_contig_1934_contig_1935	51.2345679012346	162	31	52	42	37
cen03_dfra12_contig_1998_contig_1999	62.962962962963	189	60	59	35	35
cen03_dfra12_contig_2002_contig_2003	60.4938271604938	162	48	50	32	32
cen03_dfra12_contig_2004_contig_2005	62.6126126126126	222	74	65	37	46
cen03_dfra12_contig_2030_contig_2031	45.8333333333333	192	43	45	56	48
cen03_dfra12_contig_2056_contig_2057	63.0952380952381	168	55	51	37	25
cen03_dfra12_contig_2162_contig_2163	63.3802816901408	213	61	74	41	37
cen03_dfra12_contig_2250_contig_2251	66.0606060606061	165	53	56	31	25
cen03_dfra12_contig_2308_contig_2309	74.5454545454545	165	59	64	19	23
cen03_dfra12_contig_2318_contig_2319	58.0246913580247	162	45	49	33	35
cen03_dfra12_contig_2484_contig_2485	71.7948717948718	195	67	73	33	22
cen03_dfra12_contig_2502_contig_2503	65.4761904761905	168	52	58	29	29
cen03_dfra12_contig_2506_contig_2507	63.6363636363636	165	56	49	33	27
cen03_dfra12_contig_2528_contig_2529	68.5185185185185	162	54	57	25	26
cen03_dfra12_contig_2534_contig_2535	64.1025641025641	195	65	60	35	35
cen03_dfra12_contig_2542_contig_2543	65.1282051282051	195	67	60	31	37
cen03_dfra12_contig_2624_contig_2625	65.7657657657658	222	73	73	35	41
cen03_dfra12_contig_2626_contig_2627	61.9047619047619	189	60	57	34	38
cen03_dfra12_contig_2648_contig_2649	66.6666666666667	183	61	61	30	31
cen03_dfra12_contig_2868_contig_2869	69.4915254237288	177	59	64	21	33
cen03_dfra12_contig_3078_contig_3079	63.7426900584795	171	51	58	31	31
cen03_dfra12_contig_3206_contig_3207	55	180	46	53	43	38
cen03_dfra12_contig_3342_contig_3343	72.4137931034483	174	63	63	20	28
cen03_dfra12_contig_3372_contig_3373	67.1428571428571	210	74	67	40	29
cen03_dfra12_contig_3498_contig_3499	63.5802469135802	162	51	52	27	32
cen03_dfra12_contig_3502_contig_3503	43.4523809523809	168	36	37	47	48
cen03_dfra12_contig_3504_contig_3505	65.4320987654321	162	52	54	25	31
cen03_dfra12_contig_3792_contig_3793	63.4615384615385	156	50	49	27	30
