ID	% GCContent	Total Count	G Count	C Count	A Count	T Count
cen05_ClassA_contig_290_contig_291	67.1586715867159	813	288	258	139	128
cen05_ClassA_contig_528_contig_529	65.1700680272109	735	248	231	127	129
cen05_ClassA_contig_982_contig_983	68.6821705426357	645	214	229	110	92
cen05_ClassA_contig_1006_contig_1007	68.75	720	230	265	113	112
cen05_ClassA_contig_1114_contig_1115	65.4919236417034	681	206	240	123	112
cen05_ClassA_contig_1212_contig_1213	60.5691056910569	492	143	155	101	93
cen05_ClassA_contig_1582_contig_1583	64.5669291338583	762	253	239	142	128
cen05_ClassA_contig_1594_contig_1595	72.6256983240224	537	166	224	90	57
cen05_ClassA_contig_1650_contig_1651	68.2730923694779	498	164	176	81	77
cen05_ClassA_contig_1866_contig_1867	67.8763440860215	744	254	251	135	104
cen05_ClassA_contig_2128_contig_2129	67.1339563862928	642	227	204	128	83
cen05_ClassA_contig_2294_contig_2295	67.704280155642	771	240	282	140	109
cen05_ClassA_contig_2392_contig_2393	66.3265306122449	588	200	190	103	95
cen05_ClassA_contig_2784_contig_2785	66.023166023166	777	262	251	135	129
cen05_ClassA_contig_2970_contig_2971	64.0151515151515	528	167	171	98	92
