ID	% GCContent	Total Count	G Count	C Count	A Count	T Count
cen07_dfra12_contig_232_contig_233	66.1538461538462	195	63	66	35	31
cen07_dfra12_contig_246_contig_247	39.7058823529412	204	45	36	60	63
cen07_dfra12_contig_294_contig_295	66.2790697674419	258	83	88	45	42
cen07_dfra12_contig_366_contig_367	64.2857142857143	168	56	52	33	27
cen07_dfra12_contig_390_contig_391	42.7672955974843	159	35	33	48	43
cen07_dfra12_contig_422_contig_423	59.1954022988506	174	55	48	42	29
cen07_dfra12_contig_424_contig_425	42.0765027322404	183	40	37	61	45
cen07_dfra12_contig_440_contig_441	55.5555555555556	180	50	50	46	34
cen07_dfra12_contig_446_contig_447	53.448275862069	174	53	40	45	36
cen07_dfra12_contig_456_contig_457	52.7777777777778	180	60	35	45	40
cen07_dfra12_contig_552_contig_553	52.8735632183908	174	46	46	45	37
cen07_dfra12_contig_558_contig_559	61.1111111111111	162	46	53	37	26
cen07_dfra12_contig_580_contig_581	54.8387096774194	186	45	57	43	41
cen07_dfra12_contig_594_contig_595	66.6666666666667	183	56	66	36	25
cen07_dfra12_contig_630_contig_631	64.8148148148148	216	72	68	33	43
cen07_dfra12_contig_642_contig_643	67.2839506172839	162	48	61	30	23
cen07_dfra12_contig_656_contig_657	70.5555555555556	180	67	60	25	28
cen07_dfra12_contig_658_contig_659	60.5555555555556	180	54	55	32	39
cen07_dfra12_contig_704_contig_705	50.4761904761905	210	47	59	61	43
cen07_dfra12_contig_708_contig_709	70.2564102564103	195	69	68	28	30
cen07_dfra12_contig_760_contig_761	54.4444444444444	180	60	38	44	38
cen07_dfra12_contig_806_contig_807	61.7486338797814	183	51	62	35	35
cen07_dfra12_contig_812_contig_813	52.7777777777778	180	44	51	44	41
cen07_dfra12_contig_820_contig_821	66.6666666666667	225	74	76	39	36
cen07_dfra12_contig_828_contig_829	64.021164021164	189	58	63	37	31
cen07_dfra12_contig_840_contig_841	65.0793650793651	189	57	66	31	35
cen07_dfra12_contig_854_contig_855	64.1414141414141	198	64	63	34	37
cen07_dfra12_contig_858_contig_859	65.0793650793651	189	54	69	33	33
cen07_dfra12_contig_864_contig_865	65.4320987654321	243	80	79	41	43
cen07_dfra12_contig_1006_contig_1007	64.4444444444444	180	61	55	31	33
cen07_dfra12_contig_1042_contig_1043	62.4242424242424	165	42	61	35	27
cen07_dfra12_contig_1128_contig_1129	68.4523809523809	168	60	55	31	22
cen07_dfra12_contig_1132_contig_1133	66.0919540229885	174	56	59	29	30
cen07_dfra12_contig_1172_contig_1173	56.6666666666667	180	50	52	42	36
cen07_dfra12_contig_1192_contig_1193	58.8888888888889	180	62	44	43	31
cen07_dfra12_contig_1198_contig_1199	54.3859649122807	171	52	41	42	36
cen07_dfra12_contig_1216_contig_1217	71.7514124293785	177	71	56	23	27
cen07_dfra12_contig_1230_contig_1231	56.6666666666667	180	51	51	42	36
cen07_dfra12_contig_1236_contig_1237	65.5172413793103	174	61	53	27	33
cen07_dfra12_contig_1290_contig_1291	58.0952380952381	210	66	56	38	50
cen07_dfra12_contig_1316_contig_1317	58.9285714285714	168	52	47	40	29
cen07_dfra12_contig_1322_contig_1323	41.2121212121212	165	34	34	48	49
cen07_dfra12_contig_1338_contig_1339	61.9047619047619	168	52	52	32	32
cen07_dfra12_contig_1604_contig_1605	44.8275862068966	174	41	37	44	52
cen07_dfra12_contig_1668_contig_1669	47.5728155339806	309	74	73	90	72
cen07_dfra12_contig_1938_contig_1939	63.4920634920635	189	64	56	34	35
cen07_dfra12_contig_1950_contig_1951	66.120218579235	183	59	62	31	31
cen07_dfra12_contig_1984_contig_1985	66.0130718954248	153	53	48	24	28
cen07_dfra12_contig_1986_contig_1987	60.752688172043	186	58	55	34	39
cen07_dfra12_contig_2180_contig_2181	31.6666666666667	180	29	28	69	54
cen07_dfra12_contig_2208_contig_2209	72.9559748427673	159	58	58	20	23
cen07_dfra12_contig_2240_contig_2241	36.969696969697	165	30	31	57	47
cen07_dfra12_contig_2338_contig_2339	69.1358024691358	162	53	59	21	29
cen07_dfra12_contig_2348_contig_2349	68.4848484848485	165	50	63	29	23
cen07_dfra12_contig_2364_contig_2365	58.3333333333333	156	50	41	32	33
cen07_dfra12_contig_2366_contig_2367	36.969696969697	165	33	28	58	46
cen07_dfra12_contig_2368_contig_2369	63.030303030303	165	56	48	35	26
cen07_dfra12_contig_2374_contig_2375	66.6666666666667	183	59	63	28	33
cen07_dfra12_contig_2424_contig_2425	60.7142857142857	168	46	56	33	33
cen07_dfra12_contig_2428_contig_2429	62.4338624338624	189	60	58	38	33
cen07_dfra12_contig_2440_contig_2441	74.4047619047619	168	61	64	21	22
cen07_dfra12_contig_2456_contig_2457	50.8771929824561	171	43	44	42	42
cen07_dfra12_contig_2460_contig_2461	65.4545454545455	165	53	55	30	27
cen07_dfra12_contig_2478_contig_2479	69.6969696969697	165	57	58	21	29
cen07_dfra12_contig_2638_contig_2639	69.3989071038251	183	66	61	30	26
cen07_dfra12_contig_2744_contig_2745	64.8809523809524	168	55	54	27	32
cen07_dfra12_contig_2756_contig_2757	68.5897435897436	156	49	58	25	24
cen07_dfra12_contig_2766_contig_2767	65.1282051282051	195	65	62	34	34
cen07_dfra12_contig_2802_contig_2803	66.1764705882353	204	70	65	39	30
cen07_dfra12_contig_3108_contig_3109	68.361581920904	177	54	67	32	24
cen07_dfra12_contig_3178_contig_3179	69.3121693121693	189	61	70	29	29
cen07_dfra12_contig_3242_contig_3243	40.1234567901235	162	31	34	48	49
cen07_dfra12_contig_3274_contig_3275	53.8888888888889	180	61	36	44	39
cen07_dfra12_contig_3286_contig_3287	65.1041666666667	192	60	65	36	31
cen07_dfra12_contig_3456_contig_3457	64.9122807017544	171	59	52	29	31
cen07_dfra12_contig_3496_contig_3497	71.7948717948718	195	60	80	27	28
cen07_dfra12_contig_3612_contig_3613	68.3333333333333	180	64	59	31	26
cen07_dfra12_contig_3640_contig_3641	70	180	60	66	28	26
cen07_dfra12_contig_3682_contig_3683	48.9247311827957	186	37	54	49	46
cen07_dfra12_contig_3692_contig_3693	42.0289855072464	207	45	42	61	59
cen07_dfra12_contig_3870_contig_3871	43.7908496732026	153	36	31	45	41
cen07_dfra12_contig_3950_contig_3951	66.1538461538462	195	69	60	34	32
