ID	% GCContent	Total Count	G Count	C Count	A Count	T Count
cen05_ClassB_contig_132_contig_133	62.3066104078762	711	222	221	126	142
cen05_ClassB_contig_140_contig_141	55.9774964838256	711	241	157	143	170
cen05_ClassB_contig_144_contig_145	55.5555555555556	657	187	178	134	158
cen05_ClassB_contig_172_contig_173	58.1560283687943	564	178	150	124	112
cen05_ClassB_contig_240_contig_241	54.4077134986226	726	208	187	158	173
cen05_ClassB_contig_252_contig_253	57.8231292517007	735	196	229	144	166
cen05_ClassB_contig_380_contig_381	54.7619047619048	714	188	203	180	143
cen05_ClassB_contig_404_contig_405	57.1600481347774	831	194	281	216	140
cen05_ClassB_contig_416_contig_417	52.5	840	233	208	220	179
cen05_ClassB_contig_492_contig_493	53.6630036630037	546	150	143	140	113
cen05_ClassB_contig_494_contig_495	55.9322033898305	531	149	148	130	104
cen05_ClassB_contig_500_contig_501	51.9047619047619	840	231	205	220	184
cen05_ClassB_contig_504_contig_505	54.3956043956044	546	151	146	139	110
cen05_ClassB_contig_842_contig_843	54.9382716049383	486	139	128	106	113
cen05_ClassB_contig_844_contig_845	68.1238615664845	549	184	190	84	91
cen05_ClassB_contig_846_contig_847	67.4033149171271	543	188	178	89	88
cen05_ClassB_contig_852_contig_853	57.4162679425837	627	191	169	145	122
cen05_ClassB_contig_892_contig_893	55.9748427672956	477	126	141	102	108
cen05_ClassB_contig_952_contig_953	56.5843621399177	486	141	134	103	108
cen05_ClassB_contig_1214_contig_1215	58.9147286821705	516	147	157	115	97
cen05_ClassB_contig_1258_contig_1259	55.8232931726908	498	151	127	125	95
cen05_ClassB_contig_1304_contig_1305	59.5238095238095	462	137	138	106	81
cen05_ClassB_contig_1472_contig_1473	53.4772182254197	834	245	201	207	181
cen05_ClassB_contig_1686_contig_1687	60.8156028368794	564	162	181	112	109
cen05_ClassB_contig_1976_contig_1977	56.935817805383	483	113	162	112	96
cen05_ClassB_contig_1982_contig_1983	58.3333333333333	648	154	224	133	137
cen05_ClassB_contig_1984_contig_1985	59.0909090909091	462	120	153	105	84
cen05_ClassB_contig_2144_contig_2145	58.7044534412955	741	281	154	161	145
cen05_ClassB_contig_2200_contig_2201	57.5757575757576	627	191	170	144	122
cen05_ClassB_contig_2300_contig_2301	52.9839883551674	687	187	177	179	144
cen05_ClassB_contig_2306_contig_2307	54.7872340425532	564	160	149	138	117
cen05_ClassB_contig_4208_contig_4209	54.1463414634146	615	156	177	153	129
cen05_ClassB_contig_4252_contig_4253	58.7105624142661	729	185	243	159	142
