ID	% GCContent	Total Count	G Count	C Count	A Count	T Count
cen06_dfra12_contig_124_contig_125	64.6153846153846	195	65	61	35	34
cen06_dfra12_contig_128_contig_129	58.6021505376344	186	48	61	41	36
cen06_dfra12_contig_200_contig_201	67.9245283018868	159	51	57	24	27
cen06_dfra12_contig_214_contig_215	65.0793650793651	189	54	69	36	30
cen06_dfra12_contig_230_contig_231	54.4444444444444	180	44	54	44	38
cen06_dfra12_contig_238_contig_239	71.2121212121212	198	74	67	24	33
cen06_dfra12_contig_240_contig_241	70.7070707070707	198	72	68	26	32
cen06_dfra12_contig_246_contig_247	58.2010582010582	189	54	56	41	38
cen06_dfra12_contig_286_contig_287	65.4088050314465	159	48	56	33	22
cen06_dfra12_contig_294_contig_295	62.3655913978495	186	63	53	38	32
cen06_dfra12_contig_308_contig_309	55.1724137931034	174	44	52	42	36
cen06_dfra12_contig_356_contig_357	69.1823899371069	159	64	46	25	24
cen06_dfra12_contig_398_contig_399	66.0493827160494	162	48	59	27	28
cen06_dfra12_contig_478_contig_479	52.2012578616352	159	45	38	45	31
cen06_dfra12_contig_486_contig_487	50	186	50	43	49	44
cen06_dfra12_contig_504_contig_505	66.1375661375661	189	55	70	32	32
cen06_dfra12_contig_520_contig_521	68.4848484848485	165	59	54	29	23
cen06_dfra12_contig_534_contig_535	52.7272727272727	165	40	47	43	35
cen06_dfra12_contig_546_contig_547	56.7251461988304	171	49	48	45	29
cen06_dfra12_contig_562_contig_563	48.6338797814208	183	48	41	52	42
cen06_dfra12_contig_566_contig_567	65.6716417910448	201	69	63	31	38
cen06_dfra12_contig_574_contig_575	57.7777777777778	180	70	34	41	35
cen06_dfra12_contig_576_contig_577	70.3030303030303	165	65	51	24	25
cen06_dfra12_contig_692_contig_693	66.6666666666667	183	65	57	27	34
cen06_dfra12_contig_718_contig_719	68.6567164179104	201	68	70	31	32
cen06_dfra12_contig_754_contig_755	68.3060109289618	183	67	58	29	29
cen06_dfra12_contig_786_contig_787	59.4444444444444	180	54	53	41	32
cen06_dfra12_contig_794_contig_795	69.9453551912568	183	59	69	26	29
cen06_dfra12_contig_802_contig_803	69.4835680751174	213	68	80	34	31
cen06_dfra12_contig_812_contig_813	63.4920634920635	189	60	60	33	36
cen06_dfra12_contig_850_contig_851	42.483660130719	153	27	38	52	36
cen06_dfra12_contig_866_contig_867	63.6904761904762	168	52	55	29	32
cen06_dfra12_contig_884_contig_885	69.1358024691358	162	59	53	24	26
cen06_dfra12_contig_892_contig_893	49.3827160493827	162	31	49	47	35
cen06_dfra12_contig_1070_contig_1071	45.7516339869281	153	29	41	43	40
cen06_dfra12_contig_1192_contig_1193	51.9047619047619	210	57	52	57	44
cen06_dfra12_contig_1226_contig_1227	60.5555555555556	180	57	52	37	34
cen06_dfra12_contig_1230_contig_1231	63.681592039801	201	64	64	40	33
cen06_dfra12_contig_1344_contig_1345	55.3672316384181	177	43	55	45	34
cen06_dfra12_contig_1498_contig_1499	40.6779661016949	177	41	31	54	51
cen06_dfra12_contig_1528_contig_1529	49.4623655913978	186	41	51	57	37
cen06_dfra12_contig_1582_contig_1583	70.9090909090909	165	50	67	26	22
cen06_dfra12_contig_1584_contig_1585	60.377358490566	159	48	48	42	21
cen06_dfra12_contig_1598_contig_1599	75	168	62	64	22	20
cen06_dfra12_contig_1606_contig_1607	59.2592592592593	189	60	52	41	36
cen06_dfra12_contig_1610_contig_1611	67.0588235294118	255	86	85	45	39
cen06_dfra12_contig_1718_contig_1719	64.6464646464647	198	53	75	41	29
cen06_dfra12_contig_1852_contig_1853	71.1111111111111	180	65	63	25	27
cen06_dfra12_contig_1878_contig_1879	66.6666666666667	207	71	67	39	30
cen06_dfra12_contig_1882_contig_1883	66.0714285714286	168	54	57	32	25
cen06_dfra12_contig_2014_contig_2015	70.6896551724138	174	56	67	29	22
cen06_dfra12_contig_2074_contig_2075	64.8148148148148	162	47	58	34	23
cen06_dfra12_contig_2218_contig_2219	63.6363636363636	165	46	59	32	28
cen06_dfra12_contig_2360_contig_2361	56.8965517241379	174	61	38	35	40
cen06_dfra12_contig_2546_contig_2547	49.1228070175439	171	38	46	46	41
cen06_dfra12_contig_2682_contig_2683	67.1497584541063	207	70	69	34	34
cen06_dfra12_contig_2742_contig_2743	66.0377358490566	159	53	52	29	25
