ID	% GCContent	Total Count	G Count	C Count	A Count	T Count
cen10_adeB_contig_214_contig_215	68.5288640595903	1074	356	380	148	190
cen10_adeB_contig_302_contig_303	68.7915006640106	753	244	274	101	134
cen10_adeB_contig_830_contig_831	64.7482014388489	834	267	273	126	168
cen10_adeB_contig_846_contig_847	62.7006610009443	1059	349	315	186	209
cen10_adeB_contig_1144_contig_1145	63.768115942029	483	162	146	76	99
cen10_adeB_contig_1322_contig_1323	61.5384615384615	507	143	169	71	124
cen10_adeB_contig_1428_contig_1429	48.4087102177554	597	164	125	118	190
cen10_adeB_contig_1446_contig_1447	60.8167770419426	906	271	280	155	200
cen10_adeB_contig_1662_contig_1663	66.6666666666667	690	221	239	93	137
cen10_adeB_contig_1758_contig_1759	54.7892720306513	522	152	134	93	143
cen10_adeB_contig_1768_contig_1769	56.036036036036	555	180	131	99	145
cen10_adeB_contig_1992_contig_1993	61.3412228796844	507	166	145	78	118
cen10_adeB_contig_2248_contig_2249	64.6520146520147	546	191	162	83	110
cen10_adeB_contig_2364_contig_2365	62.1023513139696	723	226	223	118	156
cen10_adeB_contig_2458_contig_2459	62.0232172470978	603	182	192	96	133
cen10_adeB_contig_2568_contig_2569	64.5933014354067	627	195	210	90	132
cen10_adeB_contig_2676_contig_2677	59.1954022988506	522	143	166	82	131
cen10_adeB_contig_2940_contig_2941	58.6991869918699	615	176	185	111	143
cen10_adeB_contig_3176_contig_3177	67.032967032967	546	186	180	72	108
cen10_adeB_contig_3610_contig_3611	63.6231884057971	690	212	227	112	139
cen10_adeB_contig_3874_contig_3875	61.3821138211382	492	155	147	67	123
cen10_adeB_contig_4460_contig_4461	61.8153364632238	639	191	204	118	126
cen10_adeB_contig_4612_contig_4613	65.9090909090909	528	194	154	73	107
cen10_adeB_contig_5132_contig_5133	62.8787878787879	528	167	165	88	108
cen10_adeB_contig_5236_contig_5237	68.9594356261023	567	189	202	79	97
cen10_adeB_contig_5592_contig_5593	65.6814449917898	609	201	199	81	128
cen10_adeB_contig_6028_contig_6029	63.8528138528139	462	150	145	80	87
cen10_adeB_contig_6162_contig_6163	65.1927437641723	882	292	283	127	180
cen10_adeB_contig_6176_contig_6177	62.9787234042553	705	226	218	113	148
cen10_adeB_contig_6298_contig_6299	69.1823899371069	477	165	165	55	92
cen10_adeB_contig_7998_contig_7999	65.4320987654321	567	184	187	80	116
cen10_adeB_contig_8010_contig_8011	65.5105973025048	519	186	154	69	110
cen10_adeB_contig_8686_contig_8687	64.9659863945578	882	292	281	129	180
cen10_adeB_contig_9692_contig_9693	69.7262479871175	621	211	222	78	110
cen10_adeB_contig_9822_contig_9823	69.0740740740741	540	178	195	65	102
cen10_adeB_contig_10846_contig_10847	65.9649122807018	570	203	173	85	109
cen10_adeB_contig_15660_contig_15661	68.7763713080169	474	155	171	54	94
cen10_adeB_contig_15668_contig_15669	64.8745519713262	558	174	188	76	120
cen10_adeB_contig_15676_contig_15677	63.6190476190476	525	156	178	74	117
cen10_adeB_contig_15686_contig_15687	64.5714285714286	525	164	175	70	116
cen10_adeB_contig_15710_contig_15711	64.9305555555556	576	180	194	77	125
cen10_adeB_contig_15718_contig_15719	62.6811594202899	552	162	184	89	117
cen10_adeB_contig_15762_contig_15763	64.4557823129252	588	180	199	84	125
cen10_adeB_contig_15772_contig_15773	64.9659863945578	588	178	204	82	124
cen10_adeB_contig_16422_contig_16423	64.7311827956989	465	139	162	71	93
cen10_adeB_contig_16456_contig_16457	63.3040935672515	684	200	233	101	150
cen10_adeB_contig_16912_contig_16913	63.0434782608696	552	170	178	85	119
cen10_adeB_contig_18556_contig_18557	61.8101545253863	453	140	140	63	110
cen10_adeB_contig_18822_contig_18823	66.4327485380117	855	301	267	129	158
cen10_adeB_contig_18970_contig_18971	66.969696969697	660	214	228	109	109
cen10_adeB_contig_19126_contig_19127	65.5712050078247	639	206	213	86	134
cen10_adeB_contig_19162_contig_19163	65.4320987654321	486	150	168	77	91
cen10_adeB_contig_19210_contig_19211	64.8068669527897	699	231	222	120	126
cen10_adeB_contig_19518_contig_19519	66.4676616915423	1005	349	319	146	191
cen10_adeB_contig_20018_contig_20019	63.2536973833902	879	280	276	156	167
cen10_adeB_contig_20046_contig_20047	66.6666666666667	1107	379	359	168	201
cen10_adeB_contig_20220_contig_20221	61.1111111111111	774	232	241	125	176
cen10_adeB_contig_20228_contig_20229	66.1988304093567	855	304	262	130	159
cen10_adeB_contig_20268_contig_20269	68.2170542635659	774	274	254	101	145
cen10_adeB_contig_20326_contig_20327	64.5390070921986	564	169	195	84	116
cen10_adeB_contig_20352_contig_20353	66.5422885572139	804	285	250	119	150
cen10_adeB_contig_20366_contig_20367	65.8823529411765	510	174	162	80	94
cen10_adeB_contig_20414_contig_20415	60.4651162790698	774	232	236	138	168
cen10_adeB_contig_20944_contig_20945	63.9865996649916	597	187	195	94	121
cen10_adeB_contig_20962_contig_20963	65.8415841584158	606	198	201	90	117
cen10_adeB_contig_21014_contig_21015	66.5467625899281	834	298	257	127	152
cen10_adeB_contig_21024_contig_21025	62.6326963906582	471	152	143	64	112
cen10_adeB_contig_21030_contig_21031	66.2962962962963	810	262	275	119	154
cen10_adeB_contig_21036_contig_21037	67.4285714285714	525	168	186	68	103
cen10_adeB_contig_21074_contig_21075	58.6497890295359	474	136	142	71	125
cen10_adeB_contig_21076_contig_21077	64.6892655367232	708	212	246	109	141
cen10_adeB_contig_21110_contig_21111	66.6666666666667	534	174	182	73	105
cen10_adeB_contig_21124_contig_21125	63.8783269961977	789	261	243	122	163
cen10_adeB_contig_21128_contig_21129	60.9803921568627	510	166	145	87	112
cen10_adeB_contig_21218_contig_21219	65.9176029962547	534	162	190	77	105
cen10_adeB_contig_21270_contig_21271	64.755838641189	471	159	146	73	93
cen10_adeB_contig_21662_contig_21663	62.9815745393635	597	175	201	92	129
cen10_adeB_contig_21680_contig_21681	66.1437908496732	765	250	256	109	150
cen10_adeB_contig_21754_contig_21755	54.029304029304	546	139	156	89	162
cen10_adeB_contig_21784_contig_21785	65.6686626746507	501	168	161	77	95
cen10_adeB_contig_22014_contig_22015	66.8539325842697	534	169	188	80	97
cen10_adeB_contig_22136_contig_22137	63.8036809815951	489	150	162	68	109
cen10_adeB_contig_22204_contig_22205	63.75	1200	396	369	198	237
cen10_adeB_contig_22236_contig_22237	66.8582375478927	522	167	182	70	103
cen10_adeB_contig_22268_contig_22269	47.2049689440994	483	130	98	91	164
cen10_adeB_contig_22306_contig_22307	58.6666666666667	750	216	224	141	169
cen10_adeB_contig_22386_contig_22387	65.530303030303	528	169	177	82	100
cen10_adeB_contig_22408_contig_22409	58.5434173669468	714	199	219	131	165
cen10_adeB_contig_22422_contig_22423	62.2222222222222	900	256	304	165	175
cen10_adeB_contig_22450_contig_22451	60.1029601029601	777	229	238	133	177
cen10_adeB_contig_22484_contig_22485	63.5869565217391	552	193	158	72	129
cen10_adeB_contig_22520_contig_22521	61.522633744856	486	122	177	80	107
cen10_adeB_contig_22524_contig_22525	59.5492289442467	843	235	267	152	189
cen10_adeB_contig_22800_contig_22801	67.574931880109	1101	374	370	165	192
cen10_adeB_contig_22884_contig_22885	63.6132315521629	786	250	250	134	152
cen10_adeB_contig_22904_contig_22905	67.3673673673674	999	342	331	144	182
cen10_adeB_contig_23458_contig_23459	63.3333333333333	510	157	166	81	106
cen10_adeB_contig_23698_contig_23699	57.8754578754579	546	152	164	80	150
cen10_adeB_contig_23740_contig_23741	59.3632958801498	534	154	163	74	143
cen10_adeB_contig_23776_contig_23777	57.4906367041199	534	152	155	75	152
cen10_adeB_contig_24832_contig_24833	63.9917695473251	486	154	157	76	99
cen10_adeB_contig_24922_contig_24923	64.0081799591002	489	153	160	75	101
cen10_adeB_contig_25104_contig_25105	63.0434782608696	552	166	182	89	115
cen10_adeB_contig_25920_contig_25921	64.6976090014065	711	237	223	118	133
cen10_adeB_contig_26354_contig_26355	65.0563607085346	621	189	215	118	99
cen10_adeB_contig_28228_contig_28229	57.504873294347	513	150	145	107	111
cen10_adeB_contig_28812_contig_28813	57.3883161512028	1164	311	357	229	267
cen10_adeB_contig_29984_contig_29985	66.4473684210526	456	139	164	87	66
cen10_adeB_contig_30668_contig_30669	66.887417218543	453	147	156	79	71
cen10_adeB_contig_30776_contig_30777	66.875	480	158	163	80	79
cen10_adeB_contig_31232_contig_31233	64.8809523809524	504	146	181	92	85
cen10_adeB_contig_32938_contig_32939	64.6942800788955	507	160	168	93	86
cen10_adeB_contig_34330_contig_34331	64.8915187376726	507	158	171	93	85
