ID	% GCContent	Total Count	G Count	C Count	A Count	T Count
cen15_dfra12_contig_170_contig_171	47.7611940298507	201	47	49	57	48
cen15_dfra12_contig_172_contig_173	67.741935483871	186	69	57	32	28
cen15_dfra12_contig_184_contig_185	67.741935483871	186	68	58	30	30
cen15_dfra12_contig_188_contig_189	52.8735632183908	174	48	44	40	42
cen15_dfra12_contig_212_contig_213	71.2121212121212	198	75	66	23	34
cen15_dfra12_contig_214_contig_215	71.875	192	64	74	27	27
cen15_dfra12_contig_292_contig_293	65.0273224043716	183	67	52	35	29
cen15_dfra12_contig_296_contig_297	51.3888888888889	216	46	65	55	50
cen15_dfra12_contig_302_contig_303	42.3809523809524	210	41	48	66	55
cen15_dfra12_contig_316_contig_317	59.375	192	57	57	43	35
cen15_dfra12_contig_362_contig_363	67.1111111111111	225	77	74	38	36
cen15_dfra12_contig_384_contig_385	61.6666666666667	180	55	56	33	36
cen15_dfra12_contig_386_contig_387	54.9382716049383	162	48	41	41	32
cen15_dfra12_contig_470_contig_471	72.1311475409836	183	63	69	27	24
cen15_dfra12_contig_472_contig_473	69.7530864197531	162	57	56	23	26
cen15_dfra12_contig_502_contig_503	64.9122807017544	171	53	58	33	27
cen15_dfra12_contig_542_contig_543	63.6363636363636	165	52	53	28	32
cen15_dfra12_contig_550_contig_551	64.8148148148148	162	51	54	33	24
cen15_dfra12_contig_752_contig_753	65.0537634408602	186	57	64	37	28
cen15_dfra12_contig_778_contig_779	63.3879781420765	183	54	62	37	30
cen15_dfra12_contig_878_contig_879	66.1616161616162	198	58	73	38	29
cen15_dfra12_contig_896_contig_897	63.3333333333333	240	71	81	48	40
cen15_dfra12_contig_900_contig_901	62.7777777777778	180	53	60	37	30
cen15_dfra12_contig_940_contig_941	72.1212121212121	165	59	60	23	23
cen15_dfra12_contig_1028_contig_1029	70	180	62	64	29	25
cen15_dfra12_contig_1032_contig_1033	56.9230769230769	195	56	55	44	40
cen15_dfra12_contig_1080_contig_1081	69.1919191919192	198	66	71	29	32
cen15_dfra12_contig_1086_contig_1087	71.6049382716049	162	58	58	25	21
cen15_dfra12_contig_1098_contig_1099	71.875	192	74	64	26	28
cen15_dfra12_contig_1366_contig_1367	70.9677419354839	186	70	62	25	29
cen15_dfra12_contig_1424_contig_1425	61.6666666666667	180	57	54	34	35
cen15_dfra12_contig_1440_contig_1441	66.0493827160494	162	56	51	29	26
cen15_dfra12_contig_1466_contig_1467	62.6262626262626	198	59	65	41	33
