ID	% GCContent	Total Count	G Count	C Count	A Count	T Count
cen15_ClassB_contig_36_contig_37	56.3685636856369	738	204	212	158	164
cen15_ClassB_contig_52_contig_53	67.4509803921569	510	172	172	76	90
cen15_ClassB_contig_78_contig_79	70.3703703703704	621	232	205	90	94
cen15_ClassB_contig_202_contig_203	61.7933723196881	513	143	174	110	86
cen15_ClassB_contig_224_contig_225	59.5375722543353	519	152	157	122	88
cen15_ClassB_contig_286_contig_287	59.3806921675774	549	160	166	109	114
cen15_ClassB_contig_292_contig_293	56.2770562770563	462	135	125	120	82
cen15_ClassB_contig_306_contig_307	56.5714285714286	525	148	149	115	113
cen15_ClassB_contig_342_contig_343	55.2346570397112	831	239	220	194	178
cen15_ClassB_contig_620_contig_621	71.0144927536232	621	234	207	89	91
cen15_ClassB_contig_676_contig_677	70.3377386196769	681	229	250	106	96
cen15_ClassB_contig_1338_contig_1339	54.2483660130719	765	225	190	187	163
