ID	% GCContent	Total Count	G Count	C Count	A Count	T Count
cen12_ClassB_contig_32_contig_33	50.7575757575758	792	208	194	220	170
cen12_ClassB_contig_58_contig_59	69.3270735524257	639	233	210	93	103
cen12_ClassB_contig_80_contig_81	67.5925925925926	756	244	267	117	128
cen12_ClassB_contig_138_contig_139	61.9883040935673	513	145	173	110	85
cen12_ClassB_contig_194_contig_195	55.9912854030501	459	134	123	121	81
cen12_ClassB_contig_212_contig_213	59.7826086956522	552	163	167	109	113
cen12_ClassB_contig_214_contig_215	57.4387947269303	531	169	136	133	93
cen12_ClassB_contig_246_contig_247	57.673860911271	834	257	224	191	162
cen12_ClassB_contig_316_contig_317	68.1818181818182	462	152	163	70	77
cen12_ClassB_contig_330_contig_331	60.5263157894737	570	167	178	129	96
cen12_ClassB_contig_368_contig_369	69.3270735524257	639	233	210	95	101
cen12_ClassB_contig_378_contig_379	69.9530516431925	639	235	212	92	100
cen12_ClassB_contig_632_contig_633	62.9322268326418	723	198	257	135	133
cen12_ClassB_contig_634_contig_635	61.1418047882136	543	156	176	112	99
cen12_ClassB_contig_644_contig_645	33.8253382533825	813	148	127	282	256
