ID	% GCContent	Total Count	G Count	C Count	A Count	T Count
cen14_ClassB_contig_2_contig_3	50.967007963595	879	225	223	235	196
cen14_ClassB_contig_54_contig_55	69.7262479871175	621	229	204	92	96
cen14_ClassB_contig_66_contig_67	65.086887835703	633	187	225	120	101
cen14_ClassB_contig_126_contig_127	55.1876379690949	453	129	121	118	85
cen14_ClassB_contig_180_contig_181	59.8440545808967	513	153	154	122	84
cen14_ClassB_contig_192_contig_193	61.0416666666667	480	146	147	98	89
cen14_ClassB_contig_264_contig_265	55.5956678700361	831	240	222	192	177
cen14_ClassB_contig_300_contig_301	52.1097046413502	474	132	115	133	94
cen14_ClassB_contig_492_contig_493	53.4364261168385	582	163	148	155	116
cen14_ClassB_contig_534_contig_535	70.3377386196769	681	229	250	107	95
cen14_ClassB_contig_878_contig_879	55.1724137931034	870	254	226	200	190
