ID	% GCContent	Total Count	G Count	C Count	A Count	T Count
cen10_dfra12_contig_10_contig_11	67.9824561403509	228	72	83	44	29
cen10_dfra12_contig_36_contig_37	68.859649122807	228	74	83	42	29
cen10_dfra12_contig_130_contig_131	71.7948717948718	156	58	54	22	22
cen10_dfra12_contig_142_contig_143	46.551724137931	174	49	32	55	38
cen10_dfra12_contig_204_contig_205	52.8301886792453	159	45	39	41	34
cen10_dfra12_contig_252_contig_253	45.7516339869281	153	33	37	47	36
cen10_dfra12_contig_310_contig_311	67.1717171717172	198	69	64	33	32
cen10_dfra12_contig_380_contig_381	67.1957671957672	189	57	70	32	30
cen10_dfra12_contig_448_contig_449	70.2380952380952	168	63	55	20	30
cen10_dfra12_contig_582_contig_583	69.281045751634	153	63	43	20	27
cen10_dfra12_contig_732_contig_733	57.7777777777778	180	57	47	39	37
cen10_dfra12_contig_978_contig_979	71.3541666666667	192	73	64	26	29
cen10_dfra12_contig_1052_contig_1053	66.1111111111111	180	62	57	33	28
cen10_dfra12_contig_1336_contig_1337	71.3541666666667	192	74	63	26	29
cen10_dfra12_contig_1390_contig_1391	43.7908496732026	153	28	39	47	39
cen10_dfra12_contig_1412_contig_1413	43.7908496732026	153	32	35	49	37
cen10_dfra12_contig_1500_contig_1501	68.3982683982684	231	72	86	44	29
