ID	% GCContent	Total Count	G Count	C Count	A Count	T Count
cen14_ClassA_contig_16_contig_17	67.6724137931034	696	193	278	140	85
cen14_ClassA_contig_74_contig_75	68.5871056241427	729	234	266	126	103
cen14_ClassA_contig_232_contig_233	64.2276422764228	492	150	166	89	87
cen14_ClassA_contig_280_contig_281	65.0980392156863	510	167	165	95	83
cen14_ClassA_contig_286_contig_287	73.0684326710817	453	153	178	67	55
cen14_ClassA_contig_294_contig_295	73.7306843267108	453	154	180	65	54
cen14_ClassA_contig_310_contig_311	67.1023965141612	459	140	168	80	71
cen14_ClassA_contig_402_contig_403	70.1465201465201	546	178	205	93	70
cen14_ClassA_contig_410_contig_411	56.9288389513109	534	153	151	119	111
