ID	% GCContent	Total Count	G Count	C Count	A Count	T Count
cen16_ClassB_contig_66_contig_67	50.5415162454874	831	196	224	223	188
cen16_ClassB_contig_174_contig_175	67.5373134328358	804	268	275	126	135
cen16_ClassB_contig_182_contig_183	61.2903225806452	558	150	192	108	108
cen16_ClassB_contig_232_contig_233	62.7062706270627	606	193	187	125	101
cen16_ClassB_contig_256_contig_257	65.1577503429355	729	221	254	122	132
cen16_ClassB_contig_258_contig_259	58.1818181818182	660	187	197	151	125
cen16_ClassB_contig_266_contig_267	64.4122383252818	621	191	209	110	111
cen16_ClassB_contig_274_contig_275	57.2916666666667	480	139	136	107	98
cen16_ClassB_contig_292_contig_293	59.7292724196277	591	173	180	128	110
cen16_ClassB_contig_316_contig_317	56.875	480	139	134	109	98
cen16_ClassB_contig_446_contig_447	64.1350210970464	711	169	287	153	102
cen16_ClassB_contig_462_contig_463	54.81220657277	852	239	228	214	171
cen16_ClassB_contig_584_contig_585	52.5333333333333	750	209	185	188	168
cen16_ClassB_contig_658_contig_659	63.8888888888889	720	234	226	122	138
cen16_ClassB_contig_666_contig_667	55.2083333333333	480	137	128	114	101
cen16_ClassB_contig_766_contig_767	64.344262295082	732	220	251	131	130
cen16_ClassB_contig_796_contig_797	68.6147186147186	462	150	167	80	65
cen16_ClassB_contig_798_contig_799	59.1611479028698	453	150	118	103	82
cen16_ClassB_contig_842_contig_843	55.0836550836551	777	223	205	194	155
cen16_ClassB_contig_864_contig_865	64.1325536062378	513	160	169	101	83
cen16_ClassB_contig_894_contig_895	61.0913404507711	843	275	240	177	151
cen16_ClassB_contig_932_contig_933	55.5160142348754	843	216	252	206	169
cen16_ClassB_contig_946_contig_947	56.8181818181818	528	156	144	112	116
cen16_ClassB_contig_1476_contig_1477	59.774964838256	711	190	235	144	142
cen16_ClassB_contig_1598_contig_1599	57.4358974358974	585	170	166	143	106
cen16_ClassB_contig_1694_contig_1695	55.8103975535168	654	190	175	140	149
cen16_ClassB_contig_1704_contig_1705	55.4112554112554	462	127	129	97	109
cen16_ClassB_contig_1728_contig_1729	60.2649006622517	453	131	142	107	73
cen16_ClassB_contig_1748_contig_1749	62.8282828282828	495	117	194	91	93
cen16_ClassB_contig_1814_contig_1815	52.124183006536	612	154	165	157	136
cen16_ClassB_contig_1994_contig_1995	64.7058823529412	459	149	148	94	68
cen16_ClassB_contig_2148_contig_2149	64.6408839779006	543	128	223	109	83
cen16_ClassB_contig_2186_contig_2187	59.9673202614379	612	178	189	118	127
cen16_ClassB_contig_2406_contig_2407	58.5858585858586	594	180	168	140	106
