ID	% GCContent	Total Count	G Count	C Count	A Count	T Count
cen16_adeB_contig_20_contig_21	65.036231884058	552	196	163	70	123
cen16_adeB_contig_80_contig_81	67.0588235294118	510	168	174	62	106
cen16_adeB_contig_188_contig_189	64.6067415730337	1068	329	361	169	209
cen16_adeB_contig_616_contig_617	62.8491620111732	1074	342	333	179	220
cen16_adeB_contig_730_contig_731	68.1720430107527	465	155	162	62	86
cen16_adeB_contig_866_contig_867	66.4983164983165	594	197	198	73	126
cen16_adeB_contig_1130_contig_1131	66.6666666666667	1110	384	356	163	207
cen16_adeB_contig_1306_contig_1307	63.6865342163355	906	291	286	136	193
cen16_adeB_contig_1336_contig_1337	70.0854700854701	585	191	219	66	109
cen16_adeB_contig_1428_contig_1429	63.1163708086785	507	165	155	68	119
cen16_adeB_contig_1500_contig_1501	70.4273504273504	585	195	217	67	106
cen16_adeB_contig_1548_contig_1549	68.4523809523809	504	202	143	60	99
cen16_adeB_contig_1558_contig_1559	65.948275862069	696	224	235	102	135
cen16_adeB_contig_1708_contig_1709	64.3939393939394	528	169	171	73	115
cen16_adeB_contig_1746_contig_1747	64.3312101910828	471	164	139	63	105
cen16_adeB_contig_1750_contig_1751	67.9924242424242	528	178	181	63	106
cen16_adeB_contig_1762_contig_1763	66.6666666666667	618	219	193	82	124
cen16_adeB_contig_1768_contig_1769	65.6378600823045	486	163	156	74	93
cen16_adeB_contig_2202_contig_2203	61.5511551155115	606	213	160	96	137
cen16_adeB_contig_2300_contig_2301	58.4192439862543	582	176	164	95	147
cen16_adeB_contig_2312_contig_2313	60	540	131	193	85	131
cen16_adeB_contig_2326_contig_2327	53.6036036036036	666	185	172	135	174
cen16_adeB_contig_2330_contig_2331	67.1023965141612	459	159	149	52	99
cen16_adeB_contig_2462_contig_2463	64.9006622516556	453	153	141	53	106
cen16_adeB_contig_2486_contig_2487	61.8508026440038	1059	347	308	180	224
cen16_adeB_contig_2646_contig_2647	69.8984302862419	1083	378	379	149	177
cen16_adeB_contig_2652_contig_2653	67.4603174603175	504	169	171	59	105
cen16_adeB_contig_2786_contig_2787	63.1799163179916	717	246	207	112	152
cen16_adeB_contig_2814_contig_2815	67.6616915422886	603	212	196	72	123
cen16_adeB_contig_2824_contig_2825	64.2725598526704	543	188	161	70	124
cen16_adeB_contig_2842_contig_2843	68.3250414593698	603	209	203	72	119
cen16_adeB_contig_2856_contig_2857	64.9659863945578	588	200	182	75	131
cen16_adeB_contig_2874_contig_2875	67.6528599605523	507	177	166	64	100
cen16_adeB_contig_2946_contig_2947	58.5258525852585	909	264	268	166	211
cen16_adeB_contig_2954_contig_2955	64.5	600	218	169	85	128
cen16_adeB_contig_2960_contig_2961	68.6728395061728	648	217	228	89	114
cen16_adeB_contig_3040_contig_3041	62.1993127147766	582	195	167	92	128
cen16_adeB_contig_3066_contig_3067	66.4459161147903	453	163	138	52	100
cen16_adeB_contig_3090_contig_3091	66.4694280078895	507	180	157	66	104
cen16_adeB_contig_3104_contig_3105	68.0722891566265	498	173	166	61	98
cen16_adeB_contig_3118_contig_3119	59.0277777777778	576	174	166	101	135
cen16_adeB_contig_3132_contig_3133	58.3058305830583	909	273	257	165	214
cen16_adeB_contig_3182_contig_3183	65.0082918739635	603	203	189	89	122
cen16_adeB_contig_3244_contig_3245	67.005076142132	591	212	184	76	119
cen16_adeB_contig_3246_contig_3247	60.7260726072607	909	298	254	160	197
cen16_adeB_contig_3296_contig_3297	68.8405797101449	552	189	191	68	104
cen16_adeB_contig_3338_contig_3339	68.4908789386401	603	202	211	72	118
cen16_adeB_contig_3352_contig_3353	49.7435897435897	585	166	125	119	175
cen16_adeB_contig_3372_contig_3373	58.5069444444444	576	174	163	99	140
cen16_adeB_contig_3388_contig_3389	69.290573372206	1029	369	344	157	159
cen16_adeB_contig_3390_contig_3391	64.0893470790378	582	182	191	82	127
cen16_adeB_contig_3402_contig_3403	65.8585858585859	495	183	143	68	101
cen16_adeB_contig_3446_contig_3447	66.2698412698413	504	170	164	63	107
cen16_adeB_contig_3528_contig_3529	65.0406504065041	492	156	164	58	114
cen16_adeB_contig_3544_contig_3545	69.7865353037767	609	210	215	78	106
cen16_adeB_contig_3596_contig_3597	55.0580431177446	603	186	146	103	168
cen16_adeB_contig_3626_contig_3627	58.3333333333333	588	182	161	108	137
cen16_adeB_contig_3704_contig_3705	58.2857142857143	525	156	150	99	120
cen16_adeB_contig_3736_contig_3737	53.8071065989848	591	160	158	109	164
cen16_adeB_contig_3822_contig_3823	64.5833333333333	480	168	142	59	111
cen16_adeB_contig_3834_contig_3835	57.2368421052632	456	133	128	72	123
cen16_adeB_contig_3870_contig_3871	66.0714285714286	504	169	164	63	108
cen16_adeB_contig_4006_contig_4007	53.5655058043118	603	158	165	114	166
cen16_adeB_contig_4034_contig_4035	67.8571428571429	504	167	175	59	103
cen16_adeB_contig_4140_contig_4141	67.0886075949367	474	166	152	51	105
cen16_adeB_contig_4154_contig_4155	66.6666666666667	453	158	144	51	100
cen16_adeB_contig_4192_contig_4193	58.2914572864322	597	203	145	100	149
cen16_adeB_contig_4324_contig_4325	56.7708333333333	576	175	152	102	147
cen16_adeB_contig_4360_contig_4361	66.0493827160494	486	183	138	54	111
cen16_adeB_contig_4394_contig_4395	70.9183673469388	588	210	207	59	112
cen16_adeB_contig_4406_contig_4407	67.9911699779249	453	166	142	49	96
cen16_adeB_contig_4426_contig_4427	69.4280078895464	507	181	171	54	101
cen16_adeB_contig_4998_contig_4999	67.9069767441861	645	216	222	79	128
cen16_adeB_contig_6496_contig_6497	58.974358974359	585	185	160	91	149
cen16_adeB_contig_6502_contig_6503	62.7865961199295	567	193	163	72	139
cen16_adeB_contig_6574_contig_6575	66.4556962025316	474	178	137	56	103
cen16_adeB_contig_6592_contig_6593	66.017316017316	462	165	140	55	102
cen16_adeB_contig_6632_contig_6633	65.3086419753086	810	268	261	118	163
cen16_adeB_contig_6652_contig_6653	60.8695652173913	621	200	178	104	139
cen16_adeB_contig_6684_contig_6685	68.7991021324355	891	297	316	123	155
cen16_adeB_contig_6710_contig_6711	67.3160173160173	462	166	145	52	99
cen16_adeB_contig_6752_contig_6753	67.0731707317073	492	181	149	56	106
cen16_adeB_contig_6792_contig_6793	62.0309050772627	453	145	136	60	112
cen16_adeB_contig_6826_contig_6827	68.8492063492064	504	173	174	53	104
cen16_adeB_contig_6876_contig_6877	69.0476190476191	504	193	155	57	99
cen16_adeB_contig_6988_contig_6989	66.6666666666667	468	152	160	53	103
cen16_adeB_contig_7000_contig_7001	66.0569105691057	492	175	150	54	113
cen16_adeB_contig_7016_contig_7017	65.7836644591611	453	157	141	55	100
cen16_adeB_contig_7076_contig_7077	68.3760683760684	468	154	166	51	97
cen16_adeB_contig_7086_contig_7087	64.6362098138748	591	196	186	78	131
cen16_adeB_contig_7092_contig_7093	69.2640692640693	462	172	148	52	90
cen16_adeB_contig_7172_contig_7173	58.0808080808081	594	184	161	106	143
cen16_adeB_contig_7282_contig_7283	66.4728682170543	516	183	160	67	106
cen16_adeB_contig_7300_contig_7301	67.9924242424242	528	183	176	59	110
cen16_adeB_contig_7328_contig_7329	65.0406504065041	492	174	146	58	114
cen16_adeB_contig_7350_contig_7351	66.820987654321	648	218	215	97	118
cen16_adeB_contig_7362_contig_7363	65.017667844523	849	284	268	121	176
cen16_adeB_contig_7412_contig_7413	57.8333333333333	600	197	150	105	148
cen16_adeB_contig_7510_contig_7511	65.719696969697	528	180	167	64	117
cen16_adeB_contig_7514_contig_7515	66.6666666666667	471	165	149	69	88
cen16_adeB_contig_7542_contig_7543	59.9616858237548	522	133	180	81	128
cen16_adeB_contig_7546_contig_7547	69.5970695970696	819	288	282	112	137
cen16_adeB_contig_7560_contig_7561	63.8059701492537	804	244	269	124	167
cen16_adeB_contig_7608_contig_7609	66.6666666666667	459	162	144	53	100
cen16_adeB_contig_7616_contig_7617	59.8148148148148	540	182	141	90	127
cen16_adeB_contig_7676_contig_7677	67.4603174603175	504	182	158	61	103
cen16_adeB_contig_7720_contig_7721	67.2916666666667	480	179	144	55	102
cen16_adeB_contig_7732_contig_7733	68.1818181818182	462	178	137	58	89
cen16_adeB_contig_7738_contig_7739	66.869918699187	492	178	151	55	108
cen16_adeB_contig_7758_contig_7759	66.8604651162791	516	186	159	66	105
cen16_adeB_contig_7780_contig_7781	66.8724279835391	486	182	143	54	107
cen16_adeB_contig_7786_contig_7787	70.8571428571429	525	187	185	65	88
cen16_adeB_contig_7808_contig_7809	61.4492753623188	690	217	207	100	166
cen16_adeB_contig_7878_contig_7879	66.869918699187	492	175	154	57	106
cen16_adeB_contig_7910_contig_7911	62.463768115942	690	233	198	111	148
cen16_adeB_contig_7954_contig_7955	68.0894308943089	492	179	156	48	109
cen16_adeB_contig_7994_contig_7995	54.8837209302326	645	166	188	118	173
cen16_adeB_contig_8000_contig_8001	68.3150183150183	546	195	178	59	114
cen16_adeB_contig_8024_contig_8025	63.3528265107213	513	156	169	76	112
cen16_adeB_contig_8046_contig_8047	66.2473794549266	477	170	146	60	101
cen16_adeB_contig_8096_contig_8097	61.7845117845118	594	190	177	86	141
cen16_adeB_contig_8112_contig_8113	66.0087719298246	456	163	138	56	99
cen16_adeB_contig_8126_contig_8127	64.4591611479029	453	147	145	60	101
cen16_adeB_contig_8168_contig_8169	62.4149659863946	588	194	173	83	138
cen16_adeB_contig_8328_contig_8329	67.9487179487179	936	301	335	136	164
cen16_adeB_contig_8424_contig_8425	64.9006622516556	453	153	141	61	98
cen16_adeB_contig_8486_contig_8487	67.1929824561404	570	205	178	69	118
cen16_adeB_contig_8570_contig_8571	67.0731707317073	492	172	158	54	108
cen16_adeB_contig_8640_contig_8641	65.3846153846154	468	145	161	56	106
cen16_adeB_contig_8768_contig_8769	52.4046434494196	603	165	151	123	164
cen16_adeB_contig_9042_contig_9043	68.4630738522954	501	175	168	66	92
cen16_adeB_contig_9128_contig_9129	63.8888888888889	468	159	140	56	113
cen16_adeB_contig_9156_contig_9157	64.7311827956989	465	155	146	59	105
cen16_adeB_contig_9200_contig_9201	66.4502164502164	462	168	139	53	102
cen16_adeB_contig_9444_contig_9445	62.5827814569536	906	264	303	153	186
cen16_adeB_contig_9486_contig_9487	65.3421633554084	453	157	139	53	104
cen16_adeB_contig_10390_contig_10391	67.5579322638146	561	177	202	88	94
cen16_adeB_contig_10708_contig_10709	66.2251655629139	453	163	137	52	101
cen16_adeB_contig_10764_contig_10765	69.6969696969697	462	152	170	59	81
cen16_adeB_contig_10870_contig_10871	68.2119205298013	453	175	134	51	93
cen16_adeB_contig_10914_contig_10915	67.965367965368	462	161	153	52	96
cen16_adeB_contig_11080_contig_11081	67.9702048417132	537	176	189	83	89
cen16_adeB_contig_11266_contig_11267	66.8253968253968	630	214	207	96	113
cen16_adeB_contig_12432_contig_12433	66.2037037037037	648	220	209	91	128
cen16_adeB_contig_12782_contig_12783	67.9911699779249	453	157	151	48	97
cen16_adeB_contig_12884_contig_12885	60	600	197	163	99	141
cen16_adeB_contig_12940_contig_12941	64.6666666666667	600	220	168	86	126
cen16_adeB_contig_12942_contig_12943	67.5496688741722	453	159	147	49	98
cen16_adeB_contig_12984_contig_12985	67.3289183222958	453	172	133	48	100
cen16_adeB_contig_12990_contig_12991	66.8831168831169	462	173	136	53	100
cen16_adeB_contig_13524_contig_13525	66.3536776212833	639	209	215	83	132
cen16_adeB_contig_14656_contig_14657	67.9245283018868	477	152	172	66	87
cen16_adeB_contig_15110_contig_15111	61.505376344086	465	140	146	68	111
cen16_adeB_contig_15144_contig_15145	66.4473684210526	456	169	134	52	101
cen16_adeB_contig_15332_contig_15333	67.7519379844961	645	233	204	90	118
cen16_adeB_contig_15490_contig_15491	63.4366925064599	774	259	232	119	164
cen16_adeB_contig_15526_contig_15527	66.6666666666667	462	162	146	61	93
cen16_adeB_contig_15528_contig_15529	67.8861788617886	492	170	164	53	105
cen16_adeB_contig_15604_contig_15605	63.2798573975045	561	194	161	95	111
cen16_adeB_contig_15632_contig_15633	63.0503144654088	636	209	192	95	140
cen16_adeB_contig_15638_contig_15639	71.1111111111111	495	187	165	49	94
cen16_adeB_contig_15746_contig_15747	57.9268292682927	492	150	135	77	130
cen16_adeB_contig_15856_contig_15857	62.9441624365482	591	170	202	94	125
cen16_adeB_contig_15926_contig_15927	66.6666666666667	525	171	179	67	108
cen16_adeB_contig_16126_contig_16127	66.8859649122807	456	170	135	55	96
cen16_adeB_contig_16272_contig_16273	69.1428571428571	525	183	180	62	100
cen16_adeB_contig_16342_contig_16343	66.8817204301075	465	168	143	57	97
cen16_adeB_contig_16350_contig_16351	66.2251655629139	453	172	128	52	101
cen16_adeB_contig_16484_contig_16485	67.1052631578947	456	163	143	55	95
cen16_adeB_contig_16656_contig_16657	65.8119658119658	585	197	188	75	125
cen16_adeB_contig_16748_contig_16749	67.1081677704194	453	172	132	55	94
cen16_adeB_contig_16856_contig_16857	67.8095238095238	525	179	177	60	109
cen16_adeB_contig_16942_contig_16943	68.4326710816777	453	153	157	51	92
cen16_adeB_contig_17070_contig_17071	66.8350168350168	594	201	196	82	115
cen16_adeB_contig_17572_contig_17573	69.2780337941628	651	222	229	77	123
cen16_adeB_contig_17616_contig_17617	64.0350877192982	456	143	149	58	106
cen16_adeB_contig_19068_contig_19069	66.0427807486631	1122	389	352	177	204
cen16_adeB_contig_19398_contig_19399	61.7357001972387	507	162	151	73	121
cen16_adeB_contig_19954_contig_19955	66.3063063063063	1110	384	352	166	208
cen16_adeB_contig_20268_contig_20269	64.3115942028985	552	186	169	86	111
cen16_adeB_contig_20566_contig_20567	62.9233511586453	561	192	161	88	120
cen16_adeB_contig_20894_contig_20895	60.0706713780919	849	278	232	145	194
cen16_adeB_contig_21248_contig_21249	61.236802413273	663	194	212	124	133
cen16_adeB_contig_21270_contig_21271	62.9839471199245	1059	348	319	178	214
cen16_adeB_contig_21314_contig_21315	68.6003683241252	1086	371	374	153	188
cen16_adeB_contig_21592_contig_21593	65.1685393258427	801	285	237	117	162
cen16_adeB_contig_21606_contig_21607	71.0027100271003	738	262	262	93	121
cen16_adeB_contig_22350_contig_22351	63.6054421768707	588	181	193	104	110
cen16_adeB_contig_22484_contig_22485	70.314465408805	795	271	288	123	113
cen16_adeB_contig_22992_contig_22993	64.5994832041344	774	240	260	123	151
cen16_adeB_contig_23064_contig_23065	65.6626506024096	498	165	162	66	105
cen16_adeB_contig_23294_contig_23295	69.8513800424628	471	165	164	57	85
cen16_adeB_contig_23990_contig_23991	61.7834394904459	471	146	145	68	112
cen16_adeB_contig_24054_contig_24055	67.3076923076923	624	207	213	89	115
cen16_adeB_contig_24284_contig_24285	62.4242424242424	495	161	148	70	116
cen16_adeB_contig_25612_contig_25613	66.8498168498168	546	157	208	76	105
cen16_adeB_contig_26520_contig_26521	64.5472061657033	519	165	170	93	91
cen16_adeB_contig_26530_contig_26531	65.2777777777778	504	161	168	90	85
cen16_adeB_contig_26780_contig_26781	64.3518518518518	1080	327	368	174	211
cen16_adeB_contig_29464_contig_29465	65.3763440860215	465	162	142	61	100
cen16_adeB_contig_29736_contig_29737	63.8676844783715	1572	490	514	277	291
cen16_adeB_contig_29752_contig_29753	66.9240669240669	777	265	255	109	148
cen16_adeB_contig_29758_contig_29759	56.4102564102564	624	177	175	102	170
cen16_adeB_contig_29776_contig_29777	57.0230607966457	477	136	136	75	130
cen16_adeB_contig_29784_contig_29785	64.0644361833953	807	254	263	125	165
cen16_adeB_contig_29836_contig_29837	60.1626016260163	615	186	184	99	146
cen16_adeB_contig_29872_contig_29873	66.2983425414365	543	178	182	75	108
cen16_adeB_contig_29894_contig_29895	68.8230008984726	1113	379	387	165	182
cen16_adeB_contig_29942_contig_29943	60.0414078674948	483	164	126	69	124
cen16_adeB_contig_30006_contig_30007	62.4	750	226	242	127	155
cen16_adeB_contig_30060_contig_30061	64.7058823529412	459	153	144	60	102
cen16_adeB_contig_30084_contig_30085	62.5178826895565	699	211	226	107	155
cen16_adeB_contig_30148_contig_30149	63.4920634920635	1008	322	318	153	215
cen16_adeB_contig_30228_contig_30229	64.61143224149	1557	495	511	265	286
cen16_adeB_contig_30242_contig_30243	63.0376344086022	744	232	237	121	154
cen16_adeB_contig_30286_contig_30287	60.4060913705584	591	165	192	101	133
cen16_adeB_contig_30416_contig_30417	70.8527131782946	1290	454	460	162	214
cen16_adeB_contig_31000_contig_31001	60.6403013182674	531	155	167	80	129
cen16_adeB_contig_31120_contig_31121	67.3893405600723	1107	359	387	168	193
cen16_adeB_contig_31182_contig_31183	66.9099756690998	822	272	278	119	153
cen16_adeB_contig_31184_contig_31185	60.539979231568	963	287	296	175	205
cen16_adeB_contig_31256_contig_31257	60.655737704918	549	160	173	82	134
cen16_adeB_contig_31380_contig_31381	60.5405405405405	555	176	160	105	114
cen16_adeB_contig_31492_contig_31493	62.7350427350427	585	174	193	82	136
cen16_adeB_contig_31544_contig_31545	64.2045454545455	1584	481	536	255	312
cen16_adeB_contig_32420_contig_32421	62.1666666666667	600	181	192	84	143
cen16_adeB_contig_32644_contig_32645	63.5108481262327	507	164	158	83	102
cen16_adeB_contig_33976_contig_33977	64.3055555555556	720	223	240	115	142
cen16_adeB_contig_34126_contig_34127	67.2149122807018	912	290	323	148	151
cen16_adeB_contig_34192_contig_34193	66.8803418803419	468	130	183	54	101
cen16_adeB_contig_34332_contig_34333	62.2764227642276	615	187	196	110	122
cen16_adeB_contig_34406_contig_34407	67.1532846715328	822	271	281	118	152
cen16_adeB_contig_34620_contig_34621	63.5687732342007	807	248	265	134	160
cen16_adeB_contig_34828_contig_34829	65.4028436018957	633	196	218	110	109
cen16_adeB_contig_35020_contig_35021	61.4643545279383	1038	297	341	182	218
cen16_adeB_contig_35060_contig_35061	63.1386861313869	822	259	260	134	169
cen16_adeB_contig_35380_contig_35381	64.9950835791544	1017	332	329	175	181
cen16_adeB_contig_35722_contig_35723	70.7175925925926	864	311	300	120	133
cen16_adeB_contig_35896_contig_35897	62.4309392265193	543	163	176	95	109
cen16_adeB_contig_35912_contig_35913	67.2683513838748	831	265	294	135	137
cen16_adeB_contig_35974_contig_35975	69.6396396396396	1110	386	387	149	188
cen16_adeB_contig_36112_contig_36113	67.0349907918969	543	189	175	73	106
cen16_adeB_contig_36334_contig_36335	64.5889792231256	1107	373	342	176	216
cen16_adeB_contig_36510_contig_36511	64.7811447811448	1485	447	515	259	264
cen16_adeB_contig_36516_contig_36517	64.9812734082397	534	173	174	78	109
cen16_adeB_contig_36522_contig_36523	64.9158249158249	1485	440	524	257	264
cen16_adeB_contig_36548_contig_36549	66.8027210884354	735	227	264	106	138
cen16_adeB_contig_36552_contig_36553	63.8709677419355	465	132	165	67	101
cen16_adeB_contig_36564_contig_36565	65.2173913043478	690	215	235	100	140
cen16_adeB_contig_36572_contig_36573	69.3719806763285	1035	361	357	137	180
cen16_adeB_contig_36576_contig_36577	64.8484848484848	1485	441	522	257	265
cen16_adeB_contig_36696_contig_36697	65.1438240270728	591	187	198	99	107
cen16_adeB_contig_36704_contig_36705	65.9536541889483	561	181	189	95	96
cen16_adeB_contig_36778_contig_36779	65.7894736842105	798	237	288	120	153
cen16_adeB_contig_36808_contig_36809	65.8576051779935	618	185	222	106	105
cen16_adeB_contig_36812_contig_36813	66.9515669515669	702	222	248	115	117
cen16_adeB_contig_36836_contig_36837	64.4361833952912	807	256	264	128	159
cen16_adeB_contig_36872_contig_36873	65.3944020356234	786	241	273	125	147
cen16_adeB_contig_36910_contig_36911	65.3035935563817	807	268	259	113	167
cen16_adeB_contig_36926_contig_36927	58.7912087912088	546	158	163	88	137
cen16_adeB_contig_36928_contig_36929	64.1188959660297	942	282	322	148	190
cen16_adeB_contig_36958_contig_36959	62.6465661641541	597	184	190	92	131
cen16_adeB_contig_36960_contig_36961	66.0401002506266	798	242	285	121	150
cen16_adeB_contig_37070_contig_37071	67.5575352635486	1347	427	483	211	226
cen16_adeB_contig_37082_contig_37083	66.6666666666667	666	209	235	102	120
cen16_adeB_contig_37104_contig_37105	65.979381443299	582	168	216	97	101
cen16_adeB_contig_37214_contig_37215	68.7301587301587	630	210	223	88	109
cen16_adeB_contig_37234_contig_37235	66.6666666666667	597	201	197	88	111
cen16_adeB_contig_37246_contig_37247	65.1292802236198	1431	426	506	249	250
cen16_adeB_contig_37270_contig_37271	64.1472868217054	516	158	173	87	98
cen16_adeB_contig_37480_contig_37481	65.6910569105691	615	196	208	101	110
cen16_adeB_contig_37500_contig_37501	62.1722846441948	534	163	169	82	120
cen16_adeB_contig_37532_contig_37533	67.0512820512821	780	256	267	109	148
cen16_adeB_contig_37658_contig_37659	64.9920255183413	1254	372	443	211	228
cen16_adeB_contig_37684_contig_37685	64.9333333333333	1500	448	526	255	271
cen16_adeB_contig_37688_contig_37689	63.8569604086846	783	239	261	118	165
cen16_adeB_contig_37692_contig_37693	65.3846153846154	546	161	196	73	116
cen16_adeB_contig_37696_contig_37697	65.702479338843	726	244	233	106	143
cen16_adeB_contig_37704_contig_37705	61.139896373057	579	171	183	86	139
cen16_adeB_contig_37706_contig_37707	62.3529411764706	510	151	167	87	105
cen16_adeB_contig_37712_contig_37713	60.3729603729604	858	249	269	139	201
cen16_adeB_contig_37724_contig_37725	63.0573248407643	471	137	160	67	107
cen16_adeB_contig_37728_contig_37729	62.8205128205128	624	204	188	101	131
cen16_adeB_contig_37732_contig_37733	65.117994100295	1356	405	478	242	231
cen16_adeB_contig_37736_contig_37737	66.4556962025316	474	151	164	69	90
cen16_adeB_contig_37740_contig_37741	67.7536231884058	552	181	193	85	93
cen16_adeB_contig_37742_contig_37743	63.0591630591631	693	203	234	106	150
cen16_adeB_contig_37752_contig_37753	56.8794326241135	705	184	217	134	170
cen16_adeB_contig_37782_contig_37783	64.7234678624813	669	208	225	112	124
cen16_adeB_contig_37784_contig_37785	65.4576856649395	579	188	191	84	116
cen16_adeB_contig_37790_contig_37791	66.6666666666667	519	178	168	61	112
cen16_adeB_contig_37794_contig_37795	66.6666666666667	795	246	284	117	148
cen16_adeB_contig_37804_contig_37805	64.9847094801223	654	200	225	105	124
cen16_adeB_contig_37844_contig_37845	67.6245210727969	522	179	174	71	98
cen16_adeB_contig_37848_contig_37849	65.2454780361757	774	245	260	115	154
cen16_adeB_contig_37854_contig_37855	65.2618135376756	783	239	272	124	148
cen16_adeB_contig_37858_contig_37859	64.1350210970464	711	201	255	107	148
cen16_adeB_contig_37860_contig_37861	67.3170731707317	615	209	205	79	122
cen16_adeB_contig_37870_contig_37871	64.5038167938931	786	237	270	131	148
cen16_adeB_contig_37872_contig_37873	69.0938511326861	618	213	214	71	120
cen16_adeB_contig_37876_contig_37877	65.2068126520681	822	255	281	129	157
cen16_adeB_contig_37880_contig_37881	62.8450106157113	471	163	133	59	116
cen16_adeB_contig_37894_contig_37895	69.0346083788707	549	198	181	76	94
cen16_adeB_contig_37912_contig_37913	65.6282450674974	963	292	340	149	182
cen16_adeB_contig_37918_contig_37919	63.5220125786164	477	151	152	73	101
cen16_adeB_contig_37922_contig_37923	68.1229773462783	618	210	211	72	125
cen16_adeB_contig_37930_contig_37931	64.9333333333333	1500	453	521	253	273
cen16_adeB_contig_37942_contig_37943	65.142478462558	1509	452	531	257	269
cen16_adeB_contig_37944_contig_37945	67.0433145009416	531	180	176	79	96
cen16_adeB_contig_37946_contig_37947	67.219152854512	543	188	177	80	98
cen16_adeB_contig_37950_contig_37951	58.9622641509434	636	192	183	107	154
cen16_adeB_contig_37954_contig_37955	66.2849872773537	786	232	289	117	148
cen16_adeB_contig_37958_contig_37959	60.8058608058608	546	158	174	89	125
cen16_adeB_contig_37966_contig_37967	65.9973226238287	747	232	261	108	146
cen16_adeB_contig_37974_contig_37975	64.5569620253165	711	226	233	102	150
cen16_adeB_contig_37980_contig_37981	58.2972582972583	693	197	207	116	173
cen16_adeB_contig_37982_contig_37983	66.6666666666667	645	222	208	97	118
cen16_adeB_contig_37984_contig_37985	65.5216284987277	786	240	275	123	148
cen16_adeB_contig_37990_contig_37991	67.7685950413223	726	238	254	100	134
cen16_adeB_contig_37996_contig_37997	57.7669902912621	618	175	182	104	157
cen16_adeB_contig_38000_contig_38001	66.6666666666667	747	230	268	105	144
cen16_adeB_contig_38012_contig_38013	61.7647058823529	510	162	153	75	120
cen16_adeB_contig_38022_contig_38023	66.7979002624672	762	255	254	117	136
cen16_adeB_contig_38028_contig_38029	64.6875	960	289	332	147	192
cen16_adeB_contig_38038_contig_38039	62.621359223301	618	183	204	92	139
cen16_adeB_contig_38044_contig_38045	61.5384615384615	468	145	143	62	118
cen16_adeB_contig_38058_contig_38059	64.968152866242	1413	427	491	245	250
cen16_adeB_contig_38060_contig_38061	66.6666666666667	561	190	184	85	102
cen16_adeB_contig_38066_contig_38067	64.4607843137255	816	278	248	129	161
cen16_adeB_contig_38076_contig_38077	65.5831739961759	1569	468	561	263	277
cen16_adeB_contig_38088_contig_38089	66.8168168168168	666	213	232	100	121
cen16_adeB_contig_38100_contig_38101	63.7540453074434	618	185	209	95	129
cen16_adeB_contig_38104_contig_38105	65.8333333333333	480	153	163	61	103
cen16_adeB_contig_38110_contig_38111	66.5130568356375	651	214	219	100	118
cen16_adeB_contig_38114_contig_38115	66.6666666666667	963	322	320	138	183
cen16_adeB_contig_38116_contig_38117	68.595041322314	726	240	258	95	133
cen16_adeB_contig_38120_contig_38121	54.1012216404887	573	154	156	105	158
cen16_adeB_contig_38128_contig_38129	64.5038167938931	786	261	246	126	153
cen16_adeB_contig_38130_contig_38131	64.8780487804878	615	180	219	92	124
cen16_adeB_contig_38132_contig_38133	65.1804670912951	471	155	152	66	98
cen16_adeB_contig_38142_contig_38143	64.1025641025641	546	168	182	77	119
cen16_adeB_contig_38144_contig_38145	68.0053547523427	747	240	268	100	139
cen16_adeB_contig_38146_contig_38147	65.3664302600473	846	268	285	132	161
cen16_adeB_contig_38150_contig_38151	65.9003831417624	783	232	284	122	145
cen16_adeB_contig_38154_contig_38155	64.5833333333333	480	141	169	72	98
cen16_adeB_contig_38168_contig_38169	67.0483460559796	786	225	302	117	142
cen16_adeB_contig_38174_contig_38175	65.5310621242485	1497	445	536	254	262
cen16_adeB_contig_38178_contig_38179	67.3789173789174	702	236	237	97	132
cen16_adeB_contig_38194_contig_38195	67.6375404530744	618	209	209	89	111
cen16_adeB_contig_38200_contig_38201	68.4684684684685	666	221	235	93	117
cen16_adeB_contig_38204_contig_38205	61.4213197969543	591	177	186	91	137
cen16_adeB_contig_38218_contig_38219	65.8536585365854	492	148	176	64	104
cen16_adeB_contig_38224_contig_38225	66.2551440329218	729	222	261	110	136
cen16_adeB_contig_38226_contig_38227	61.9918699186992	492	161	144	65	122
cen16_adeB_contig_38228_contig_38229	65.6488549618321	786	242	274	126	144
cen16_adeB_contig_38232_contig_38233	69.2167577413479	549	194	186	75	94
cen16_adeB_contig_38234_contig_38235	61.3924050632911	474	146	145	68	115
cen16_adeB_contig_38240_contig_38241	67.0940170940171	468	153	161	50	104
cen16_adeB_contig_38246_contig_38247	65.391621129326	549	161	198	88	102
cen16_adeB_contig_38248_contig_38249	68.9119170984456	579	192	207	73	107
cen16_adeB_contig_38252_contig_38253	65	660	192	237	111	120
cen16_adeB_contig_38254_contig_38255	58.6142322097378	534	177	136	103	118
cen16_adeB_contig_38270_contig_38271	60.7064017660044	453	126	149	71	107
cen16_adeB_contig_38272_contig_38273	64.9365628604383	867	302	261	131	173
cen16_adeB_contig_38274_contig_38275	63.7071651090343	642	201	208	89	144
cen16_adeB_contig_38288_contig_38289	66.3414634146341	615	187	221	96	111
cen16_adeB_contig_38292_contig_38293	65.7123381049761	1467	441	523	251	252
cen16_adeB_contig_38294_contig_38295	61.6959064327485	1026	316	317	168	225
cen16_adeB_contig_38302_contig_38303	68.3691756272401	1116	367	396	152	201
cen16_adeB_contig_38310_contig_38311	64.0776699029126	618	187	209	88	134
cen16_adeB_contig_38318_contig_38319	60.0358422939068	558	172	163	87	136
cen16_adeB_contig_38326_contig_38327	66.3398692810458	612	201	205	94	112
cen16_adeB_contig_38332_contig_38333	65.5333333333333	1500	430	553	260	257
cen16_adeB_contig_38350_contig_38351	58.0487804878049	615	202	155	99	159
cen16_adeB_contig_38352_contig_38353	66.6666666666667	471	149	165	54	103
cen16_adeB_contig_38360_contig_38361	64	525	167	169	80	109
cen16_adeB_contig_38368_contig_38369	65.7596371882086	882	264	316	135	167
cen16_adeB_contig_38374_contig_38375	65.9033078880407	786	243	275	127	141
cen16_adeB_contig_38386_contig_38387	64.9019607843137	510	157	174	80	99
cen16_adeB_contig_38388_contig_38389	68.9424364123159	747	257	258	98	134
cen16_adeB_contig_38392_contig_38393	60.7954545454545	528	157	164	76	131
cen16_adeB_contig_38396_contig_38397	62.3456790123457	648	204	200	98	146
cen16_adeB_contig_38398_contig_38399	63.6363636363636	594	174	204	106	110
cen16_adeB_contig_38402_contig_38403	64.1350210970464	711	223	233	111	144
cen16_adeB_contig_38416_contig_38417	62.2418879056047	678	206	216	110	146
cen16_adeB_contig_38418_contig_38419	65.1399491094148	1572	471	553	269	279
cen16_adeB_contig_38428_contig_38429	61.1814345991561	474	147	143	79	105
cen16_adeB_contig_38440_contig_38441	65.2395514780836	981	339	301	142	199
cen16_adeB_contig_38446_contig_38447	62.6436781609195	696	206	230	103	157
cen16_adeB_contig_38452_contig_38453	65.8730158730159	630	187	228	107	108
cen16_adeB_contig_38456_contig_38457	63.1469979296066	483	140	165	78	100
cen16_adeB_contig_38458_contig_38459	62.7831715210356	618	199	189	100	130
cen16_adeB_contig_38464_contig_38465	60.1307189542484	459	135	141	64	119
cen16_adeB_contig_38482_contig_38483	67.5572519083969	786	239	292	115	140
cen16_adeB_contig_38484_contig_38485	65.2230971128609	762	227	270	118	147
cen16_adeB_contig_38488_contig_38489	65.6716417910448	804	235	293	129	147
cen16_adeB_contig_38494_contig_38495	66.8044077134986	726	246	239	102	139
cen16_adeB_contig_38496_contig_38497	65.8536585365854	615	195	210	101	109
cen16_adeB_contig_38504_contig_38505	65.2089407191448	1029	312	359	157	201
cen16_adeB_contig_38506_contig_38507	57.0327552986513	519	148	148	80	143
cen16_adeB_contig_38508_contig_38509	65.3306613226453	1497	450	528	252	267
cen16_adeB_contig_38526_contig_38527	61.7204301075269	465	140	147	69	109
cen16_adeB_contig_38536_contig_38537	65.9352142110763	957	289	342	144	182
cen16_adeB_contig_38540_contig_38541	65.6716417910448	1005	335	325	149	196
cen16_adeB_contig_38554_contig_38555	58.2304526748971	486	146	137	87	116
cen16_adeB_contig_38558_contig_38559	59.349593495935	615	184	181	110	140
cen16_adeB_contig_38560_contig_38561	63.1386861313869	822	238	281	129	174
cen16_adeB_contig_38566_contig_38567	65.8421672555948	849	267	292	130	160
cen16_adeB_contig_38568_contig_38569	60.5610561056106	606	167	200	91	148
cen16_adeB_contig_38572_contig_38573	66.8091168091168	702	239	230	99	134
cen16_adeB_contig_38574_contig_38575	60.3448275862069	696	216	204	112	164
cen16_adeB_contig_38576_contig_38577	63.4920634920635	819	259	261	118	181
cen16_adeB_contig_38578_contig_38579	65.6203288490284	669	205	234	106	124
cen16_adeB_contig_38582_contig_38583	66.7979002624672	762	225	284	115	138
cen16_adeB_contig_38586_contig_38587	60.8695652173913	483	124	170	79	110
cen16_adeB_contig_38588_contig_38589	64.3765903307888	786	240	266	131	149
cen16_adeB_contig_38592_contig_38593	67.3036093418259	471	159	158	66	88
cen16_adeB_contig_38594_contig_38595	65.771144278607	1005	334	327	148	196
cen16_adeB_contig_38596_contig_38597	59.9033816425121	621	184	188	101	148
cen16_adeB_contig_38600_contig_38601	68.8524590163934	549	184	194	80	91
cen16_adeB_contig_38612_contig_38613	69.0690690690691	666	226	234	87	119
cen16_adeB_contig_38616_contig_38617	65.748031496063	762	238	263	110	151
cen16_adeB_contig_38624_contig_38625	67.683615819209	885	272	327	130	156
cen16_adeB_contig_38632_contig_38633	60.3658536585366	492	155	142	84	111
cen16_adeB_contig_38640_contig_38641	63.2302405498282	582	175	193	85	129
cen16_adeB_contig_38654_contig_38655	64.0883977900553	543	175	173	95	100
cen16_adeB_contig_38658_contig_38659	62.4203821656051	471	149	145	64	113
cen16_adeB_contig_38660_contig_38661	58.9257503949447	633	181	192	106	154
cen16_adeB_contig_38670_contig_38671	64.7435897435897	468	143	160	77	88
cen16_adeB_contig_38800_contig_38801	64.0070921985816	564	170	191	86	117
cen16_adeB_contig_38886_contig_38887	68.2730923694779	747	250	260	100	137
cen16_adeB_contig_38888_contig_38889	64.828431372549	816	284	245	126	161
cen16_adeB_contig_38922_contig_38923	61.9512195121951	615	174	207	97	137
cen16_adeB_contig_38942_contig_38943	61.1851851851852	675	199	214	107	155
cen16_adeB_contig_38966_contig_38967	59.1439688715953	771	219	237	137	178
cen16_adeB_contig_39020_contig_39021	64.8809523809524	504	155	172	66	111
cen16_adeB_contig_39162_contig_39163	58.8617886178862	615	187	175	109	144
cen16_adeB_contig_39176_contig_39177	66.1577608142494	786	243	277	119	147
cen16_adeB_contig_39502_contig_39503	65.4690618762475	501	167	161	81	92
cen16_adeB_contig_39510_contig_39511	70.2265372168285	618	213	221	65	119
cen16_adeB_contig_39624_contig_39625	67.5555555555556	675	230	226	94	125
cen16_adeB_contig_40100_contig_40101	61.4035087719298	456	143	137	67	109
cen16_adeB_contig_40108_contig_40109	65.4632972322503	831	262	282	125	162
cen16_adeB_contig_40400_contig_40401	62.3703703703704	675	211	210	104	150
cen16_adeB_contig_40482_contig_40483	65.650406504065	492	161	162	76	93
cen16_adeB_contig_40550_contig_40551	56.4102564102564	468	118	146	82	122
cen16_adeB_contig_40616_contig_40617	67.1378091872791	849	277	293	131	148
cen16_adeB_contig_40652_contig_40653	66.1788617886179	615	208	199	82	126
cen16_adeB_contig_40710_contig_40711	62.9213483146067	534	157	179	91	107
cen16_adeB_contig_40724_contig_40725	65.967365967366	858	253	313	131	161
cen16_adeB_contig_40778_contig_40779	54.4871794871795	624	150	190	134	150
cen16_adeB_contig_40824_contig_40825	67.5853018372703	762	247	268	117	130
cen16_adeB_contig_40828_contig_40829	67.4846625766871	489	160	170	66	93
cen16_adeB_contig_40858_contig_40859	68.3727034120735	762	225	296	109	132
cen16_adeB_contig_40940_contig_40941	62.962962962963	459	150	139	68	102
cen16_adeB_contig_40946_contig_40947	65.4569892473118	744	230	257	115	142
cen16_adeB_contig_40964_contig_40965	66.542750929368	807	265	272	116	154
cen16_adeB_contig_40992_contig_40993	65.2601969057665	711	232	232	112	135
cen16_adeB_contig_41018_contig_41019	66.0377358490566	636	195	225	93	123
cen16_adeB_contig_41022_contig_41023	65.6213704994193	861	255	310	134	162
cen16_adeB_contig_41030_contig_41031	66.6666666666667	795	250	280	118	147
cen16_adeB_contig_41044_contig_41045	66.3170163170163	858	252	317	129	160
cen16_adeB_contig_41168_contig_41169	66.2337662337662	462	142	164	63	93
cen16_adeB_contig_41196_contig_41197	66.6666666666667	801	259	275	111	156
cen16_adeB_contig_41204_contig_41205	69.0763052208835	747	238	278	103	128
cen16_adeB_contig_41232_contig_41233	64.8305084745763	708	225	234	103	146
cen16_adeB_contig_41244_contig_41245	66.5248226950355	705	234	235	99	137
cen16_adeB_contig_41248_contig_41249	65.1162790697674	774	225	279	122	148
cen16_adeB_contig_41276_contig_41277	65.564738292011	726	228	248	110	140
cen16_adeB_contig_41280_contig_41281	64.1350210970464	474	160	144	63	107
cen16_adeB_contig_41372_contig_41373	67.4641148325359	627	204	219	88	116
cen16_adeB_contig_41374_contig_41375	67.0798898071625	726	239	248	105	134
cen16_adeB_contig_41392_contig_41393	62.3711340206186	582	183	180	77	142
cen16_adeB_contig_41394_contig_41395	66.0225442834139	621	201	209	83	128
cen16_adeB_contig_41444_contig_41445	68.488160291439	549	186	190	75	98
cen16_adeB_contig_41448_contig_41449	62.3548922056385	603	176	200	96	131
cen16_adeB_contig_41462_contig_41463	65.8227848101266	474	155	157	75	87
cen16_adeB_contig_41468_contig_41469	66.4141414141414	792	253	273	109	157
cen16_adeB_contig_41480_contig_41481	63.7298091042584	681	192	242	112	135
cen16_adeB_contig_41484_contig_41485	66.5283540802213	723	222	259	101	141
cen16_adeB_contig_41502_contig_41503	66.497461928934	591	182	211	94	104
cen16_adeB_contig_41510_contig_41511	66.4893617021277	564	184	191	94	95
cen16_adeB_contig_41560_contig_41561	64.1618497109827	519	154	179	74	112
cen16_adeB_contig_41564_contig_41565	66.010498687664	762	222	281	112	147
cen16_adeB_contig_41596_contig_41597	62.9148629148629	693	213	223	104	153
cen16_adeB_contig_41608_contig_41609	59.9326599326599	594	176	180	93	145
cen16_adeB_contig_41642_contig_41643	66.8161434977578	669	215	232	94	128
cen16_adeB_contig_41644_contig_41645	63.716814159292	678	213	219	115	131
cen16_adeB_contig_41652_contig_41653	68.75	576	193	203	86	94
cen16_adeB_contig_41666_contig_41667	68.6746987951807	747	239	274	101	133
cen16_adeB_contig_41674_contig_41675	49.7991967871486	498	128	120	99	151
cen16_adeB_contig_41676_contig_41677	67.1660424469413	801	243	295	115	148
cen16_adeB_contig_41682_contig_41683	68.2666666666667	750	239	273	104	134
cen16_adeB_contig_41710_contig_41711	63.0434782608696	552	171	177	79	125
cen16_adeB_contig_41712_contig_41713	68.4069611780455	747	239	272	105	131
cen16_adeB_contig_41716_contig_41717	64.3459915611814	474	155	150	62	107
cen16_adeB_contig_41722_contig_41723	65.5216284987277	786	235	280	125	146
cen16_adeB_contig_41726_contig_41727	59.5121951219512	615	187	179	105	144
cen16_adeB_contig_41736_contig_41737	68.1451612903226	744	233	274	106	131
cen16_adeB_contig_41768_contig_41769	62.6108998732573	789	240	254	130	165
cen16_adeB_contig_41778_contig_41779	65.0602409638554	498	150	174	64	110
cen16_adeB_contig_41780_contig_41781	67.4931129476584	726	243	247	102	134
cen16_adeB_contig_41818_contig_41819	68.8172043010753	558	182	202	83	91
cen16_adeB_contig_41856_contig_41857	66.6666666666667	786	242	282	116	146
cen16_adeB_contig_41872_contig_41873	60.4683195592286	726	211	228	114	173
cen16_adeB_contig_41884_contig_41885	67.1742808798646	591	196	201	80	114
cen16_adeB_contig_41900_contig_41901	66.8061366806137	717	222	257	99	139
cen16_adeB_contig_41960_contig_41961	68.4027777777778	576	193	201	84	98
cen16_adeB_contig_41970_contig_41971	67.175572519084	786	239	289	117	141
cen16_adeB_contig_41986_contig_41987	66.2337662337662	693	212	247	95	139
cen16_adeB_contig_41998_contig_41999	65.0992685475444	957	293	330	149	185
cen16_adeB_contig_42004_contig_42005	67.6300578034682	519	162	189	68	100
cen16_adeB_contig_42022_contig_42023	64.8867313915858	618	182	219	86	131
cen16_adeB_contig_42026_contig_42027	66.839378238342	579	192	195	86	106
cen16_adeB_contig_42032_contig_42033	65.2380952380952	840	263	285	130	162
cen16_adeB_contig_42054_contig_42055	66.8292682926829	615	194	217	95	109
cen16_adeB_contig_42080_contig_42081	63.6190476190476	525	171	163	70	121
cen16_adeB_contig_42086_contig_42087	66.6666666666667	618	199	213	82	124
cen16_adeB_contig_42100_contig_42101	66.3194444444444	576	174	208	95	99
cen16_adeB_contig_42112_contig_42113	64.6153846153846	780	246	258	117	159
cen16_adeB_contig_42118_contig_42119	65.8944658944659	777	236	276	122	143
cen16_adeB_contig_42126_contig_42127	64.4444444444444	945	284	325	148	188
cen16_adeB_contig_42136_contig_42137	57.1138211382114	492	145	136	86	125
cen16_adeB_contig_42138_contig_42139	65.4618473895582	747	230	259	110	148
cen16_adeB_contig_42150_contig_42151	63.2258064516129	465	135	159	66	105
cen16_adeB_contig_42158_contig_42159	58.6734693877551	588	157	188	102	141
cen16_adeB_contig_42166_contig_42167	65.3125	960	290	337	148	185
cen16_adeB_contig_42210_contig_42211	68.4397163120567	564	185	201	86	92
cen16_adeB_contig_42216_contig_42217	66.0162601626016	615	191	215	99	110
cen16_adeB_contig_42242_contig_42243	69.1056910569106	615	195	230	74	116
cen16_adeB_contig_42248_contig_42249	64.9851632047478	1011	311	346	163	191
cen16_adeB_contig_42258_contig_42259	68.1392235609103	747	236	273	103	135
cen16_adeB_contig_42262_contig_42263	65.5601659751037	723	234	240	107	142
cen16_adeB_contig_42268_contig_42269	61.6228070175439	456	143	138	69	106
cen16_adeB_contig_42270_contig_42271	64.0579710144928	690	229	213	108	140
cen16_adeB_contig_42278_contig_42279	58.562091503268	765	230	218	130	187
cen16_adeB_contig_42304_contig_42305	43.3537832310838	489	109	103	120	157
cen16_adeB_contig_42332_contig_42333	66.2864385297845	789	226	297	124	142
cen16_adeB_contig_42338_contig_42339	66.7857142857143	840	245	316	119	160
cen16_adeB_contig_42376_contig_42377	66.3170163170163	858	264	305	127	162
cen16_adeB_contig_42390_contig_42391	65.3530377668309	609	192	206	101	110
cen16_adeB_contig_42392_contig_42393	48.619957537155	471	126	103	107	135
cen16_adeB_contig_42398_contig_42399	62.1527777777778	576	178	180	92	126
cen16_adeB_contig_42402_contig_42403	68.1392235609103	747	246	263	102	136
cen16_adeB_contig_42404_contig_42405	66.9291338582677	762	238	272	109	143
cen16_adeB_contig_42434_contig_42435	62.8352490421456	783	238	254	130	161
cen16_adeB_contig_42454_contig_42455	43.9121756487026	501	113	107	126	155
cen16_adeB_contig_42456_contig_42457	65.0127226463104	786	242	269	129	146
cen16_adeB_contig_42474_contig_42475	65.4726368159204	1005	335	323	146	201
cen16_adeB_contig_42490_contig_42491	65.9226190476191	672	204	239	102	127
cen16_adeB_contig_42492_contig_42493	66.251298026999	963	313	325	152	173
cen16_adeB_contig_42520_contig_42521	63.0182421227197	603	183	197	93	130
cen16_adeB_contig_42576_contig_42577	68.5	600	198	213	78	111
cen16_adeB_contig_42580_contig_42581	65.9352142110763	957	289	342	144	182
cen16_adeB_contig_42608_contig_42609	67.1929824561404	570	197	186	87	100
cen16_adeB_contig_42644_contig_42645	64.7368421052632	570	192	177	89	112
cen16_adeB_contig_42670_contig_42671	67.4747474747475	495	167	167	70	91
cen16_adeB_contig_42700_contig_42701	57.5907590759076	606	170	179	112	145
cen16_adeB_contig_42742_contig_42743	61.1650485436893	618	217	161	98	142
cen16_adeB_contig_42772_contig_42773	63.4057971014493	552	158	192	80	122
cen16_adeB_contig_42774_contig_42775	66.2182361733931	669	204	239	104	122
cen16_adeB_contig_42782_contig_42783	63.0522088353414	498	160	154	80	104
cen16_adeB_contig_42786_contig_42787	68.2730923694779	747	237	273	105	132
cen16_adeB_contig_42792_contig_42793	63.3663366336634	606	175	209	91	131
cen16_adeB_contig_42802_contig_42803	65.1457541191381	789	248	266	116	159
cen16_adeB_contig_42804_contig_42805	54.0084388185654	474	132	124	83	135
cen16_adeB_contig_42806_contig_42807	64.9870801033592	774	246	257	121	150
cen16_adeB_contig_42828_contig_42829	63.9130434782609	690	193	248	95	154
cen16_adeB_contig_42830_contig_42831	66.504854368932	618	184	227	97	110
cen16_adeB_contig_42838_contig_42839	63.1372549019608	510	158	164	76	112
cen16_adeB_contig_42846_contig_42847	68.6520376175549	957	316	341	143	157
cen16_adeB_contig_42850_contig_42851	67.4698795180723	747	238	266	108	135
cen16_adeB_contig_42856_contig_42857	65.9599528857479	849	268	292	129	160
cen16_adeB_contig_42860_contig_42861	62.8930817610063	477	156	144	80	97
cen16_adeB_contig_42866_contig_42867	67.4523007856341	891	272	329	132	158
cen16_adeB_contig_42868_contig_42869	68.8614540466392	729	235	267	99	128
cen16_adeB_contig_42870_contig_42871	65.6370656370656	777	248	262	111	156
cen16_adeB_contig_42872_contig_42873	64.4927536231884	966	296	327	152	191
cen16_adeB_contig_42876_contig_42877	66.9211195928753	786	238	288	115	145
cen16_adeB_contig_42884_contig_42885	67.2176308539945	726	235	253	103	135
cen16_adeB_contig_43008_contig_43009	63.0894308943089	615	201	187	90	137
cen16_adeB_contig_43106_contig_43107	64.4955300127714	783	246	259	135	143
cen16_adeB_contig_43204_contig_43205	65.6833824975418	1017	340	328	148	201
cen16_adeB_contig_43206_contig_43207	67.9941002949852	678	233	228	87	130
cen16_adeB_contig_43238_contig_43239	62.9753914988814	894	282	281	137	194
cen16_adeB_contig_43244_contig_43245	64.9452269170579	639	208	207	92	132
cen16_adeB_contig_43280_contig_43281	66.3841807909605	708	237	233	101	137
cen16_adeB_contig_43304_contig_43305	67.9835390946502	1215	408	418	168	221
cen16_adeB_contig_43310_contig_43311	65.6779661016949	708	233	232	100	143
cen16_adeB_contig_43338_contig_43339	66.1231884057971	552	175	190	68	119
cen16_adeB_contig_43348_contig_43349	67.090395480226	708	245	230	98	135
cen16_adeB_contig_43350_contig_43351	62.754303599374	639	204	197	93	145
cen16_adeB_contig_43374_contig_43375	64.6322378716745	639	205	208	91	135
cen16_adeB_contig_43394_contig_43395	64.4591611479029	453	135	157	62	99
cen16_adeB_contig_43402_contig_43403	64.6048109965636	582	188	188	85	121
cen16_adeB_contig_44074_contig_44075	66.3446054750403	621	207	205	83	126
cen16_adeB_contig_44506_contig_44507	54.7619047619048	546	151	148	105	142
cen16_adeB_contig_44530_contig_44531	51.6483516483516	546	148	134	105	159
cen16_adeB_contig_44546_contig_44547	54.9450549450549	546	151	149	95	151
cen16_adeB_contig_44554_contig_44555	58.3333333333333	468	127	146	63	132
cen16_adeB_contig_44604_contig_44605	67.8200692041522	867	290	298	114	165
cen16_adeB_contig_44808_contig_44809	65.8064516129032	465	153	153	64	95
cen16_adeB_contig_44924_contig_44925	67.1191553544495	663	213	232	92	126
cen16_adeB_contig_44966_contig_44967	65.0462962962963	864	277	285	129	173
cen16_adeB_contig_44982_contig_44983	68.2926829268293	861	286	302	119	154
cen16_adeB_contig_45026_contig_45027	66.3063063063063	555	181	187	72	115
cen16_adeB_contig_45318_contig_45319	68	525	183	174	69	99
cen16_adeB_contig_45356_contig_45357	62.7906976744186	516	158	166	71	121
cen16_adeB_contig_45744_contig_45745	62.3188405797101	483	152	149	66	116
cen16_adeB_contig_46028_contig_46029	65.8615136876006	621	189	220	101	111
cen16_adeB_contig_46220_contig_46221	62.9032258064516	558	169	182	94	113
cen16_adeB_contig_46322_contig_46323	60.2310231023102	606	187	178	116	125
cen16_adeB_contig_46572_contig_46573	63.3851468048359	579	182	185	105	107
cen16_adeB_contig_46608_contig_46609	62.303664921466	573	166	191	85	131
cen16_adeB_contig_46614_contig_46615	65.2482269503546	564	186	182	81	115
cen16_adeB_contig_47674_contig_47675	66.2857142857143	525	170	178	75	102
cen16_adeB_contig_47986_contig_47987	64.5833333333333	576	189	183	84	120
cen16_adeB_contig_48554_contig_48555	62.2406639004149	723	210	240	130	143
cen16_adeB_contig_48754_contig_48755	65.1515151515152	462	139	162	63	98
cen16_adeB_contig_49548_contig_49549	61.2299465240642	1122	347	340	193	242
cen16_adeB_contig_49614_contig_49615	61.8729096989967	897	274	281	169	173
cen16_adeB_contig_49640_contig_49641	70.3703703703704	648	209	247	105	87
cen16_adeB_contig_49864_contig_49865	64.4591611479029	453	143	149	87	74
cen16_adeB_contig_49918_contig_49919	65.7760814249364	786	252	265	149	120
cen16_adeB_contig_50050_contig_50051	69.6517412935323	804	290	270	95	149
cen16_adeB_contig_50062_contig_50063	64.8648648648649	777	254	250	142	131
cen16_adeB_contig_50100_contig_50101	66.6666666666667	663	206	236	111	110
cen16_adeB_contig_50254_contig_50255	69.120654396728	978	339	337	130	172
cen16_adeB_contig_50262_contig_50263	64.4047619047619	840	271	270	134	165
cen16_adeB_contig_50332_contig_50333	58.9473684210526	570	165	171	124	110
cen16_adeB_contig_50848_contig_50849	66.0852713178295	516	170	171	80	95
cen16_adeB_contig_50932_contig_50933	62.5192012288787	651	191	216	133	111
cen16_adeB_contig_52024_contig_52025	63.7345679012346	648	183	230	114	121
cen16_adeB_contig_52044_contig_52045	68.2017543859649	456	139	172	83	62
cen16_adeB_contig_52166_contig_52167	62.0823620823621	1287	386	413	249	239
cen16_adeB_contig_52652_contig_52653	66.6666666666667	675	225	225	116	109
cen16_adeB_contig_53340_contig_53341	66.1728395061728	810	252	284	131	143
cen16_adeB_contig_53374_contig_53375	64.2089093701997	651	189	229	115	118
cen16_adeB_contig_53518_contig_53519	64.4	750	239	244	149	118
cen16_adeB_contig_53620_contig_53621	66.6666666666667	714	216	260	129	109
cen16_adeB_contig_53632_contig_53633	64.8418491484185	822	236	297	145	144
cen16_adeB_contig_53746_contig_53747	61.4255765199161	477	129	164	89	95
cen16_adeB_contig_53794_contig_53795	65.4545454545455	495	157	167	95	76
cen16_adeB_contig_53796_contig_53797	68.1318681318681	546	181	191	94	80
cen16_adeB_contig_53812_contig_53813	64.0081799591002	489	145	168	80	96
cen16_adeB_contig_53820_contig_53821	61.5942028985507	552	147	193	99	113
cen16_adeB_contig_53824_contig_53825	63.582443653618	843	247	289	153	154
cen16_adeB_contig_53828_contig_53829	67.4958540630182	603	193	214	105	91
cen16_adeB_contig_53846_contig_53847	68.0241327300151	663	208	243	114	98
cen16_adeB_contig_54526_contig_54527	67.3076923076923	780	236	289	143	112
cen16_adeB_contig_54552_contig_54553	66.9099756690998	822	238	312	152	120
cen16_adeB_contig_55072_contig_55073	61.1764705882353	510	137	175	95	103
cen16_adeB_contig_55308_contig_55309	61.2052730696798	531	143	182	100	106
cen16_adeB_contig_56330_contig_56331	63.7404580152672	1572	473	529	257	313
cen16_adeB_contig_56430_contig_56431	66.25	480	155	163	82	80
cen16_adeB_contig_56876_contig_56877	64.3939393939394	660	192	233	117	118
cen16_adeB_contig_56898_contig_56899	62.9233511586453	561	169	184	104	104
cen16_adeB_contig_56916_contig_56917	66.7708333333333	960	281	360	174	145
cen16_adeB_contig_56954_contig_56955	66.25	960	276	360	176	148
cen16_adeB_contig_56996_contig_56997	66.3541666666667	960	274	363	174	149
