ID	% GCContent	Total Count	G Count	C Count	A Count	T Count
cen16_ClassA_contig_48_contig_49	57.3676680972818	699	202	199	173	125
cen16_ClassA_contig_340_contig_341	67.687074829932	588	207	191	103	87
cen16_ClassA_contig_660_contig_661	69.8581560283688	564	187	207	98	72
cen16_ClassA_contig_696_contig_697	52.710027100271	738	204	185	183	166
cen16_ClassA_contig_734_contig_735	74.1269841269841	630	234	233	82	81
cen16_ClassA_contig_1102_contig_1103	67.2222222222222	540	185	178	94	83
cen16_ClassA_contig_1154_contig_1155	68.1666666666667	600	211	198	103	88
cen16_ClassA_contig_1354_contig_1355	66.0347551342812	633	212	206	114	101
cen16_ClassA_contig_1372_contig_1373	63.3597883597884	756	243	236	153	124
cen16_ClassA_contig_1488_contig_1489	60.9929078014184	705	222	208	150	125
cen16_ClassA_contig_1566_contig_1567	66.8498168498168	546	164	201	95	86
cen16_ClassA_contig_2056_contig_2057	67.8249678249678	777	253	274	140	110
cen16_ClassA_contig_2062_contig_2063	56.6548881036514	849	244	237	199	169
cen16_ClassA_contig_2080_contig_2081	63.6363636363636	462	134	160	88	80
cen16_ClassA_contig_2484_contig_2485	68.1693989071038	732	243	256	129	104
cen16_ClassA_contig_2984_contig_2985	57.4525745257453	738	230	194	175	139
cen16_ClassA_contig_3026_contig_3027	63.6879432624113	705	234	215	131	125
cen16_ClassA_contig_3352_contig_3353	65.3543307086614	762	246	252	146	118
