ID	% GCContent	Total Count	G Count	C Count	A Count	T Count
cen17_ClassB_contig_322_contig_323	72.6881720430108	465	165	173	62	65
cen17_ClassB_contig_340_contig_341	72.280701754386	570	208	204	83	75
cen17_ClassB_contig_366_contig_367	57.6354679802956	609	200	151	131	127
cen17_ClassB_contig_1098_contig_1099	68.4908789386401	603	213	200	90	100
cen17_ClassB_contig_1156_contig_1157	65.7097288676236	627	200	212	97	118
cen17_ClassB_contig_1218_contig_1219	58.1481481481481	540	152	162	113	113
cen17_ClassB_contig_1818_contig_1819	62.3836126629423	537	152	183	110	92
cen17_ClassB_contig_2612_contig_2613	68.1481481481482	540	190	178	85	87
cen17_ClassB_contig_3708_contig_3709	63.6726546906188	501	164	155	99	83
cen17_ClassB_contig_3888_contig_3889	58.2251082251082	462	156	113	97	96
cen17_ClassB_contig_6136_contig_6137	60.7287449392713	741	207	243	159	132
cen17_ClassB_contig_6840_contig_6841	57.1428571428571	483	130	146	108	99
