ID	% GCContent	Total Count	G Count	C Count	A Count	T Count
cen14_dfra12_contig_62_contig_63	67.816091954023	174	61	57	26	30
cen14_dfra12_contig_88_contig_89	53.8461538461538	156	48	36	34	38
cen14_dfra12_contig_136_contig_137	65.0273224043716	183	67	52	35	29
cen14_dfra12_contig_148_contig_149	62.8930817610063	159	57	43	29	30
cen14_dfra12_contig_150_contig_151	67.1428571428571	210	72	69	36	33
cen14_dfra12_contig_186_contig_187	53.8888888888889	180	47	50	45	38
cen14_dfra12_contig_194_contig_195	56.1111111111111	180	65	36	42	37
cen14_dfra12_contig_198_contig_199	61.4035087719298	171	52	53	32	34
cen14_dfra12_contig_236_contig_237	45.9770114942529	174	39	41	52	42
cen14_dfra12_contig_394_contig_395	64.2857142857143	210	71	64	39	36
cen14_dfra12_contig_400_contig_401	40.4761904761905	168	35	33	53	47
cen14_dfra12_contig_404_contig_405	66.0130718954248	153	49	52	27	25
cen14_dfra12_contig_756_contig_757	70	180	62	64	29	25
cen14_dfra12_contig_800_contig_801	66.0493827160494	162	55	52	28	27
cen14_dfra12_contig_928_contig_929	47.2222222222222	180	48	37	54	41
cen14_dfra12_contig_942_contig_943	61.6666666666667	180	54	57	36	33
cen14_dfra12_contig_986_contig_987	47.0588235294118	153	39	33	45	36
cen14_dfra12_contig_1002_contig_1003	63.2183908045977	174	66	44	27	37
