ID	% GCContent	Total Count	G Count	C Count	A Count	T Count
cen17_dfra12_contig_364_contig_365	73.6111111111111	216	80	79	29	28
cen17_dfra12_contig_394_contig_395	56.3218390804598	174	52	46	43	33
cen17_dfra12_contig_398_contig_399	69.1176470588235	204	69	72	32	31
cen17_dfra12_contig_448_contig_449	44.6428571428571	168	27	48	54	39
cen17_dfra12_contig_488_contig_489	38.5964912280702	228	41	47	71	69
cen17_dfra12_contig_592_contig_593	63.6904761904762	168	55	52	33	28
cen17_dfra12_contig_602_contig_603	68.6567164179104	201	66	72	32	31
cen17_dfra12_contig_660_contig_661	65.4088050314465	159	51	53	30	25
cen17_dfra12_contig_718_contig_719	63.6904761904762	168	54	53	29	32
cen17_dfra12_contig_760_contig_761	67.741935483871	186	61	65	33	27
cen17_dfra12_contig_800_contig_801	64.5502645502645	189	64	58	30	37
cen17_dfra12_contig_804_contig_805	58.3333333333333	180	54	51	44	31
cen17_dfra12_contig_830_contig_831	68.75	192	65	67	33	27
cen17_dfra12_contig_890_contig_891	51.1111111111111	180	59	33	46	42
cen17_dfra12_contig_964_contig_965	70.6896551724138	174	62	61	27	24
cen17_dfra12_contig_966_contig_967	57.7777777777778	180	57	47	45	31
cen17_dfra12_contig_1122_contig_1123	55.5555555555556	180	50	50	41	39
cen17_dfra12_contig_1186_contig_1187	56.4971751412429	177	54	46	40	37
cen17_dfra12_contig_1254_contig_1255	68.2795698924731	186	70	57	30	29
cen17_dfra12_contig_1418_contig_1419	55	180	45	54	44	37
cen17_dfra12_contig_1436_contig_1437	59.8870056497175	177	60	46	38	33
cen17_dfra12_contig_1496_contig_1497	55.5555555555556	180	54	46	42	38
cen17_dfra12_contig_1544_contig_1545	60	180	47	61	39	33
cen17_dfra12_contig_1552_contig_1553	53.3333333333333	180	53	43	44	40
cen17_dfra12_contig_1612_contig_1613	57.2222222222222	180	49	54	41	36
cen17_dfra12_contig_1634_contig_1635	55	180	56	43	45	36
cen17_dfra12_contig_1710_contig_1711	58.75	240	72	69	51	48
cen17_dfra12_contig_1746_contig_1747	55.5555555555556	171	53	42	44	32
cen17_dfra12_contig_1760_contig_1761	73.1481481481482	216	79	79	29	29
cen17_dfra12_contig_1780_contig_1781	56.1111111111111	180	54	47	44	35
cen17_dfra12_contig_1800_contig_1801	54.4973544973545	189	52	51	43	43
cen17_dfra12_contig_1876_contig_1877	51.1111111111111	180	60	32	44	44
cen17_dfra12_contig_1894_contig_1895	52.046783625731	171	50	39	43	39
cen17_dfra12_contig_1934_contig_1935	67.2222222222222	180	49	72	31	28
cen17_dfra12_contig_1954_contig_1955	52.0833333333333	240	64	61	65	50
cen17_dfra12_contig_1980_contig_1981	65.359477124183	153	48	52	29	24
cen17_dfra12_contig_2046_contig_2047	64.367816091954	174	52	60	34	28
cen17_dfra12_contig_2060_contig_2061	70.4918032786885	183	66	63	28	26
cen17_dfra12_contig_2062_contig_2063	61.6352201257862	159	49	49	34	27
cen17_dfra12_contig_2066_contig_2067	70.3703703703704	162	56	58	22	26
cen17_dfra12_contig_2080_contig_2081	65.2173913043478	207	70	65	38	34
cen17_dfra12_contig_2134_contig_2135	69.4117647058823	255	91	86	42	36
cen17_dfra12_contig_2166_contig_2167	54.4444444444444	180	53	45	43	39
cen17_dfra12_contig_2240_contig_2241	55.9748427672956	159	47	42	37	33
cen17_dfra12_contig_2274_contig_2275	68.9655172413793	174	59	61	25	29
cen17_dfra12_contig_2288_contig_2289	61.437908496732	153	40	54	35	24
cen17_dfra12_contig_2294_contig_2295	66.2037037037037	216	69	74	37	36
cen17_dfra12_contig_2306_contig_2307	69.4117647058823	255	92	85	40	38
cen17_dfra12_contig_2334_contig_2335	57.516339869281	153	45	43	36	29
cen17_dfra12_contig_2338_contig_2339	69.1823899371069	159	49	61	28	21
cen17_dfra12_contig_2352_contig_2353	69.5156695156695	351	131	113	47	60
cen17_dfra12_contig_2362_contig_2363	69.8198198198198	222	76	79	35	32
cen17_dfra12_contig_2366_contig_2367	67.0588235294118	255	87	84	48	36
cen17_dfra12_contig_2390_contig_2391	67.2316384180791	177	59	60	29	29
cen17_dfra12_contig_2398_contig_2399	70.3703703703704	162	54	60	26	22
cen17_dfra12_contig_2408_contig_2409	51.1111111111111	180	51	41	49	39
cen17_dfra12_contig_2420_contig_2421	55.5555555555556	180	57	43	44	36
cen17_dfra12_contig_2892_contig_2893	56.2091503267974	153	40	46	37	30
cen17_dfra12_contig_3104_contig_3105	64.8484848484848	165	46	61	34	24
cen17_dfra12_contig_3190_contig_3191	67.2316384180791	177	55	64	32	26
cen17_dfra12_contig_3224_contig_3225	59.4871794871795	195	63	53	39	40
cen17_dfra12_contig_3418_contig_3419	57.8616352201258	159	40	52	35	32
cen17_dfra12_contig_3714_contig_3715	59.748427672956	159	52	43	42	22
cen17_dfra12_contig_3854_contig_3855	69.1919191919192	198	66	71	29	32
cen17_dfra12_contig_3872_contig_3873	64.1509433962264	159	51	51	29	28
cen17_dfra12_contig_3922_contig_3923	68.6274509803922	153	51	54	29	19
cen17_dfra12_contig_3930_contig_3931	64.9122807017544	171	54	57	31	29
cen17_dfra12_contig_3938_contig_3939	67.2955974842767	159	50	57	27	25
cen17_dfra12_contig_3940_contig_3941	72.4358974358974	156	56	57	21	22
cen17_dfra12_contig_3994_contig_3995	63.0208333333333	192	60	61	37	34
cen17_dfra12_contig_4240_contig_4241	63.5220125786164	159	48	53	33	25
cen17_dfra12_contig_4742_contig_4743	61.5384615384615	195	60	60	39	36
cen17_dfra12_contig_5776_contig_5777	49.2753623188406	207	49	53	60	45
cen17_dfra12_contig_5964_contig_5965	55.5555555555556	180	52	48	44	36
cen17_dfra12_contig_5984_contig_5985	57.2222222222222	180	51	52	44	33
cen17_dfra12_contig_6218_contig_6219	55.5555555555556	171	51	44	41	35
cen17_dfra12_contig_6260_contig_6261	61.0062893081761	159	50	47	36	26
cen17_dfra12_contig_6726_contig_6727	67.1497584541063	207	68	71	37	31
cen17_dfra12_contig_6776_contig_6777	59.4444444444444	180	57	50	37	36
cen17_dfra12_contig_6862_contig_6863	55.5555555555556	171	52	43	44	32
cen17_dfra12_contig_6924_contig_6925	61.2745098039216	204	74	51	39	40
cen17_dfra12_contig_6960_contig_6961	66.6666666666667	225	72	78	37	38
