ID	% GCContent	Total Count	G Count	C Count	A Count	T Count
cen12_dfra12_contig_38_contig_39	51.7241379310345	174	39	51	49	35
cen12_dfra12_contig_80_contig_81	66.6666666666667	159	54	52	28	25
cen12_dfra12_contig_86_contig_87	65.5737704918033	183	68	52	34	29
cen12_dfra12_contig_90_contig_91	51.3888888888889	216	46	65	55	50
cen12_dfra12_contig_92_contig_93	42.3809523809524	210	41	48	66	55
cen12_dfra12_contig_104_contig_105	70.440251572327	159	58	54	25	22
cen12_dfra12_contig_108_contig_109	67.1111111111111	225	77	74	38	36
cen12_dfra12_contig_124_contig_125	63.2768361581921	177	33	79	38	27
cen12_dfra12_contig_126_contig_127	66.2222222222222	225	75	74	40	36
cen12_dfra12_contig_130_contig_131	66.2222222222222	225	74	75	37	39
cen12_dfra12_contig_134_contig_135	61.9883040935673	171	53	53	31	34
cen12_dfra12_contig_178_contig_179	59.4444444444444	180	49	58	39	34
cen12_dfra12_contig_204_contig_205	70.2380952380952	168	56	62	22	28
cen12_dfra12_contig_250_contig_251	64.2857142857143	168	54	54	25	35
cen12_dfra12_contig_268_contig_269	63.6904761904762	168	53	54	31	30
cen12_dfra12_contig_278_contig_279	57.7777777777778	180	48	56	35	41
cen12_dfra12_contig_288_contig_289	69.7530864197531	162	59	54	24	25
cen12_dfra12_contig_416_contig_417	67.2727272727273	165	58	53	21	33
cen12_dfra12_contig_482_contig_483	57.7777777777778	180	57	47	39	37
cen12_dfra12_contig_508_contig_509	64.2570281124498	249	82	78	40	49
cen12_dfra12_contig_560_contig_561	70.3030303030303	165	57	59	27	22
cen12_dfra12_contig_588_contig_589	71.0382513661202	183	68	62	25	28
cen12_dfra12_contig_592_contig_593	71.875	192	74	64	26	28
cen12_dfra12_contig_600_contig_601	66.6666666666667	207	72	66	39	30
cen12_dfra12_contig_710_contig_711	70.9677419354839	186	70	62	25	29
cen12_dfra12_contig_712_contig_713	65.4970760233918	171	58	54	34	25
cen12_dfra12_contig_790_contig_791	69.0821256038647	207	67	76	28	36
cen12_dfra12_contig_840_contig_841	45.8874458874459	231	46	60	72	53
cen12_dfra12_contig_852_contig_853	46.7948717948718	156	34	39	49	34
cen12_dfra12_contig_958_contig_959	46.3768115942029	207	49	47	58	53
