ID	% GCContent	Total Count	G Count	C Count	A Count	T Count
cen16_dfra12_contig_126_contig_127	66.6666666666667	198	61	71	37	29
cen16_dfra12_contig_136_contig_137	68.2539682539683	189	64	65	32	28
cen16_dfra12_contig_142_contig_143	63.5220125786164	159	47	54	29	29
cen16_dfra12_contig_242_contig_243	70.5882352941177	204	78	66	32	28
cen16_dfra12_contig_300_contig_301	47.7611940298507	201	47	49	57	48
cen16_dfra12_contig_306_contig_307	41	300	67	56	96	81
cen16_dfra12_contig_318_contig_319	68.6084142394822	309	112	100	48	49
cen16_dfra12_contig_352_contig_353	56.6666666666667	180	46	56	46	32
cen16_dfra12_contig_374_contig_375	47.5308641975309	162	43	34	49	36
cen16_dfra12_contig_380_contig_381	68.4444444444444	225	76	78	36	35
cen16_dfra12_contig_396_contig_397	53.3333333333333	180	61	35	44	40
cen16_dfra12_contig_402_contig_403	41.358024691358	162	37	30	55	40
cen16_dfra12_contig_404_contig_405	67.7777777777778	180	55	67	32	26
cen16_dfra12_contig_452_contig_453	54.320987654321	162	45	43	36	38
cen16_dfra12_contig_464_contig_465	58.974358974359	156	59	33	34	30
cen16_dfra12_contig_468_contig_469	61.1111111111111	162	46	53	37	26
cen16_dfra12_contig_506_contig_507	57.7777777777778	180	59	45	45	31
cen16_dfra12_contig_546_contig_547	49.6969696969697	165	35	47	50	33
cen16_dfra12_contig_620_contig_621	64.5502645502645	189	57	65	36	31
cen16_dfra12_contig_650_contig_651	55.5555555555556	180	53	47	44	36
cen16_dfra12_contig_652_contig_653	64.021164021164	189	58	63	37	31
cen16_dfra12_contig_668_contig_669	64.2156862745098	204	63	68	35	38
cen16_dfra12_contig_676_contig_677	58.0645161290323	186	60	48	39	39
cen16_dfra12_contig_690_contig_691	55.3459119496855	159	43	45	41	30
cen16_dfra12_contig_706_contig_707	61.9047619047619	189	51	66	36	36
cen16_dfra12_contig_718_contig_719	63.0208333333333	192	58	63	39	32
cen16_dfra12_contig_732_contig_733	65.5737704918033	183	66	54	34	29
cen16_dfra12_contig_758_contig_759	54.5977011494253	174	55	40	43	36
cen16_dfra12_contig_764_contig_765	62.6436781609195	174	52	57	32	33
cen16_dfra12_contig_782_contig_783	59.8765432098765	162	47	50	37	28
cen16_dfra12_contig_792_contig_793	67.1171171171171	222	75	74	34	39
cen16_dfra12_contig_812_contig_813	61.5819209039548	177	57	52	36	32
cen16_dfra12_contig_840_contig_841	59.4444444444444	180	49	58	39	34
cen16_dfra12_contig_868_contig_869	67.2413793103448	174	58	59	31	26
cen16_dfra12_contig_894_contig_895	57.7777777777778	180	45	59	42	34
cen16_dfra12_contig_926_contig_927	66.6666666666667	183	68	54	33	28
cen16_dfra12_contig_928_contig_929	38.7978142076503	183	40	31	63	49
cen16_dfra12_contig_942_contig_943	59.7014925373134	201	61	59	41	40
cen16_dfra12_contig_966_contig_967	60.9375	192	61	56	35	40
cen16_dfra12_contig_990_contig_991	66.0130718954248	153	49	52	28	24
cen16_dfra12_contig_1000_contig_1001	51.4619883040936	171	50	38	44	39
cen16_dfra12_contig_1032_contig_1033	38.7301587301587	315	62	60	99	94
cen16_dfra12_contig_1092_contig_1093	63.3879781420765	183	55	61	34	33
cen16_dfra12_contig_1122_contig_1123	45.2380952380952	168	37	39	52	40
cen16_dfra12_contig_1136_contig_1137	56.7251461988304	171	52	45	42	32
cen16_dfra12_contig_1146_contig_1147	68.8524590163934	183	56	70	31	26
cen16_dfra12_contig_1160_contig_1161	60.6965174129353	201	61	61	42	37
cen16_dfra12_contig_1162_contig_1163	63.3333333333333	210	70	63	35	42
cen16_dfra12_contig_1184_contig_1185	67.9487179487179	234	83	76	38	37
cen16_dfra12_contig_1196_contig_1197	66.6666666666667	159	51	55	29	24
cen16_dfra12_contig_1200_contig_1201	48.7562189054726	201	47	51	60	43
cen16_dfra12_contig_1224_contig_1225	66.2280701754386	228	74	77	36	41
cen16_dfra12_contig_1260_contig_1261	62.5	168	51	54	33	30
cen16_dfra12_contig_1266_contig_1267	50.3787878787879	264	67	66	73	58
cen16_dfra12_contig_1294_contig_1295	63.3333333333333	210	75	58	37	40
cen16_dfra12_contig_1298_contig_1299	65.1515151515152	198	61	68	38	31
cen16_dfra12_contig_1328_contig_1329	60.5555555555556	180	72	37	38	33
cen16_dfra12_contig_1598_contig_1599	62.1468926553672	177	49	61	32	35
cen16_dfra12_contig_1728_contig_1729	65.6084656084656	189	64	60	33	32
cen16_dfra12_contig_1730_contig_1731	55.5555555555556	162	45	45	45	27
cen16_dfra12_contig_1772_contig_1773	63.5135135135135	222	76	65	41	40
cen16_dfra12_contig_1800_contig_1801	65.6084656084656	189	60	64	33	32
cen16_dfra12_contig_1816_contig_1817	63.681592039801	201	64	64	40	33
cen16_dfra12_contig_1846_contig_1847	63.5802469135802	162	54	49	31	28
cen16_dfra12_contig_1874_contig_1875	72.0238095238095	168	54	67	24	23
cen16_dfra12_contig_1918_contig_1919	63.3879781420765	183	54	62	37	30
cen16_dfra12_contig_1950_contig_1951	63.0769230769231	195	56	67	37	35
cen16_dfra12_contig_1956_contig_1957	64.2857142857143	168	53	55	26	34
cen16_dfra12_contig_2148_contig_2149	50.9259259259259	216	58	52	54	52
cen16_dfra12_contig_2154_contig_2155	46.1111111111111	180	43	40	52	45
cen16_dfra12_contig_2196_contig_2197	72.1212121212121	165	59	60	23	23
cen16_dfra12_contig_2216_contig_2217	63.4920634920635	189	53	67	33	36
cen16_dfra12_contig_2220_contig_2221	67.7595628415301	183	67	57	31	28
cen16_dfra12_contig_2270_contig_2271	74.5098039215686	153	56	58	20	19
cen16_dfra12_contig_2274_contig_2275	69.2307692307692	156	48	60	20	28
cen16_dfra12_contig_2294_contig_2295	64.5833333333333	240	80	75	42	43
cen16_dfra12_contig_2300_contig_2301	74.0196078431373	204	77	74	28	25
cen16_dfra12_contig_2398_contig_2399	48.4375	192	53	40	54	45
cen16_dfra12_contig_2576_contig_2577	71.6049382716049	162	58	58	25	21
cen16_dfra12_contig_2618_contig_2619	65.1282051282051	195	66	61	34	34
cen16_dfra12_contig_2620_contig_2621	66.6666666666667	183	63	59	31	30
cen16_dfra12_contig_2638_contig_2639	66.6666666666667	183	67	55	30	31
cen16_dfra12_contig_2666_contig_2667	66.0919540229885	174	58	57	30	29
cen16_dfra12_contig_2712_contig_2713	60.233918128655	171	61	42	29	39
cen16_dfra12_contig_2800_contig_2801	63.6904761904762	168	48	59	30	31
cen16_dfra12_contig_2896_contig_2897	38.8888888888889	162	30	33	58	41
cen16_dfra12_contig_3098_contig_3099	66.0377358490566	159	58	47	29	25
cen16_dfra12_contig_3142_contig_3143	69.0690690690691	333	110	120	52	51
cen16_dfra12_contig_3228_contig_3229	69.5906432748538	171	55	64	23	29
cen16_dfra12_contig_3256_contig_3257	58.974358974359	156	47	45	37	27
cen16_dfra12_contig_3264_contig_3265	53.8888888888889	180	45	52	48	35
cen16_dfra12_contig_3322_contig_3323	64.7058823529412	204	61	71	36	36
cen16_dfra12_contig_3326_contig_3327	61.1111111111111	306	85	102	54	65
cen16_dfra12_contig_3442_contig_3443	66.6666666666667	219	79	67	36	37
cen16_dfra12_contig_3452_contig_3453	68.4444444444444	225	81	73	33	38
cen16_dfra12_contig_3630_contig_3631	48.4375	192	54	39	54	45
cen16_dfra12_contig_3662_contig_3663	64.021164021164	189	52	69	33	35
cen16_dfra12_contig_3674_contig_3675	69.2307692307692	195	75	60	30	30
