ID	% GCContent	Total Count	G Count	C Count	A Count	T Count
cen12_ClassA_contig_126_contig_127	67.9378531073446	708	227	254	125	102
cen12_ClassA_contig_128_contig_129	70.3056768558952	687	237	246	112	92
cen12_ClassA_contig_138_contig_139	68.6781609195402	696	221	257	116	102
cen12_ClassA_contig_160_contig_161	68.9986282578875	729	233	270	121	105
cen12_ClassA_contig_198_contig_199	68.1159420289855	621	223	200	102	96
cen12_ClassA_contig_200_contig_201	72.7678571428571	672	248	241	86	97
cen12_ClassA_contig_330_contig_331	69.0476190476191	756	255	267	126	108
cen12_ClassA_contig_436_contig_437	70.4710144927536	552	180	209	91	72
cen12_ClassA_contig_568_contig_569	65.6477438136827	687	209	242	131	105
