ID	% GCContent	Total Count	G Count	C Count	A Count	T Count
cen05_arsC_glut_contig_0_contig_1	60.8058608058608	273	80	86	50	57
cen05_arsC_glut_contig_4_contig_5	65.6716417910448	201	64	68	35	34
cen05_arsC_glut_contig_6_contig_7	59.7101449275362	345	92	114	71	68
cen05_arsC_glut_contig_8_contig_9	54.8022598870056	177	50	47	36	44
cen05_arsC_glut_contig_20_contig_21	63.4408602150538	186	58	60	27	41
cen05_arsC_glut_contig_24_contig_25	67.156862745098	204	66	71	30	37
cen05_arsC_glut_contig_36_contig_37	61.6279069767442	258	79	80	50	49
cen05_arsC_glut_contig_42_contig_43	62.6666666666667	300	89	99	54	58
cen05_arsC_glut_contig_52_contig_53	63.5057471264368	348	100	121	59	68
cen05_arsC_glut_contig_56_contig_57	62.3931623931624	234	70	76	35	53
cen05_arsC_glut_contig_60_contig_61	61.2121212121212	165	46	55	29	35
cen05_arsC_glut_contig_66_contig_67	61.6915422885572	201	67	57	38	39
cen05_arsC_glut_contig_70_contig_71	57.2072072072072	222	64	63	47	48
cen05_arsC_glut_contig_80_contig_81	59.6153846153846	156	42	51	29	34
cen05_arsC_glut_contig_82_contig_83	60.2898550724638	345	89	119	68	69
cen05_arsC_glut_contig_90_contig_91	57.5396825396825	252	65	80	56	51
cen05_arsC_glut_contig_94_contig_95	59.7701149425287	348	110	98	71	69
cen05_arsC_glut_contig_100_contig_101	57.2072072072072	222	65	62	46	49
cen05_arsC_glut_contig_104_contig_105	66.6666666666667	159	51	55	19	34
cen05_arsC_glut_contig_118_contig_119	62.9310344827586	348	106	113	64	65
cen05_arsC_glut_contig_128_contig_129	63.1884057971015	345	96	122	67	60
cen05_arsC_glut_contig_130_contig_131	65.3153153153153	222	66	79	33	44
cen05_arsC_glut_contig_142_contig_143	63.768115942029	345	106	114	59	66
cen05_arsC_glut_contig_144_contig_145	61.5384615384615	195	64	56	35	40
cen05_arsC_glut_contig_146_contig_147	61.3569321533923	339	94	114	72	59
cen05_arsC_glut_contig_156_contig_157	61.1111111111111	342	96	113	69	64
cen05_arsC_glut_contig_158_contig_159	61.9883040935673	171	41	65	29	36
cen05_arsC_glut_contig_160_contig_161	60.4519774011299	177	45	62	37	33
cen05_arsC_glut_contig_162_contig_163	61.7816091954023	348	105	110	62	71
cen05_arsC_glut_contig_166_contig_167	62.280701754386	342	101	112	70	59
cen05_arsC_glut_contig_168_contig_169	60.632183908046	348	112	99	69	68
cen05_arsC_glut_contig_172_contig_173	61.1721611721612	273	80	87	50	56
cen05_arsC_glut_contig_318_contig_319	59.3220338983051	177	54	51	36	36
cen05_arsC_glut_contig_548_contig_549	58.6206896551724	348	95	109	75	69
cen05_arsC_glut_contig_658_contig_659	62.0833333333333	240	76	73	42	49
cen05_arsC_glut_contig_692_contig_693	54.9019607843137	204	54	58	54	38
cen05_arsC_glut_contig_694_contig_695	60.337552742616	237	68	75	47	47
cen05_arsC_glut_contig_896_contig_897	63.7931034482759	348	101	121	60	66
cen05_arsC_glut_contig_952_contig_953	61.7816091954023	348	112	103	66	67
cen05_arsC_glut_contig_954_contig_955	61.4942528735632	348	99	115	74	60
cen05_arsC_glut_contig_976_contig_977	51.5723270440252	159	35	47	45	32
cen05_arsC_glut_contig_996_contig_997	61.3569321533923	339	111	97	66	65
cen05_arsC_glut_contig_1032_contig_1033	59.7701149425287	348	109	99	72	68
cen05_arsC_glut_contig_1056_contig_1057	59.4444444444444	180	52	55	40	33
cen05_arsC_glut_contig_1058_contig_1059	63.0630630630631	222	71	69	41	41
cen05_arsC_glut_contig_1064_contig_1065	59.6153846153846	156	43	50	32	31
cen05_arsC_glut_contig_1074_contig_1075	60.1990049751244	201	59	62	37	43
cen05_arsC_glut_contig_1322_contig_1323	59.5238095238095	168	44	56	37	31
cen05_arsC_glut_contig_1638_contig_1639	62.962962962963	216	70	66	44	36
cen05_arsC_glut_contig_1832_contig_1833	66.6666666666667	171	59	55	27	30
cen05_arsC_glut_contig_2216_contig_2217	61.4942528735632	348	112	102	67	67
cen05_arsC_glut_contig_2218_contig_2219	51.8518518518519	243	57	69	66	51
cen05_arsC_glut_contig_2248_contig_2249	66.6666666666667	186	64	60	37	25
cen05_arsC_glut_contig_2314_contig_2315	51.4619883040936	342	79	97	94	72
cen05_arsC_glut_contig_2352_contig_2353	60.8187134502924	171	47	57	32	35
cen05_arsC_glut_contig_2400_contig_2401	73.1182795698925	186	63	73	27	23
cen05_arsC_glut_contig_2538_contig_2539	64.9122807017544	228	79	69	39	41
cen05_arsC_glut_contig_2566_contig_2567	56.9105691056911	246	70	70	58	48
cen05_arsC_glut_contig_2688_contig_2689	55.6701030927835	291	71	91	70	59
cen05_arsC_glut_contig_2762_contig_2763	59.5238095238095	168	46	54	26	42
cen05_arsC_glut_contig_2800_contig_2801	56.2091503267974	306	80	92	71	63
cen05_arsC_glut_contig_2802_contig_2803	65.5172413793103	261	82	89	47	43
cen05_arsC_glut_contig_2870_contig_2871	60.0574712643678	348	103	106	72	67
cen05_arsC_glut_contig_2892_contig_2893	74.2857142857143	210	68	88	27	27
cen05_arsC_glut_contig_2936_contig_2937	65.359477124183	153	49	51	27	26
cen05_arsC_glut_contig_2980_contig_2981	68.7830687830688	189	74	56	30	29
cen05_arsC_glut_contig_3036_contig_3037	62.4472573839662	237	80	68	45	44
cen05_arsC_glut_contig_3104_contig_3105	61.7777777777778	225	69	70	50	36
cen05_arsC_glut_contig_3190_contig_3191	65.1515151515152	198	65	64	37	32
cen05_arsC_glut_contig_3204_contig_3205	68.8311688311688	231	76	83	40	32
cen05_arsC_glut_contig_3278_contig_3279	69.5833333333333	240	87	80	43	30
cen05_arsC_glut_contig_3286_contig_3287	60	300	93	87	62	58
cen05_arsC_glut_contig_3324_contig_3325	70.1754385964912	228	77	83	36	32
cen05_arsC_glut_contig_3328_contig_3329	60.7843137254902	204	62	62	39	41
cen05_arsC_glut_contig_3346_contig_3347	67.8466076696165	339	109	121	62	47
cen05_arsC_glut_contig_3432_contig_3433	58.1120943952802	339	91	106	67	75
cen05_arsC_glut_contig_3614_contig_3615	59.1397849462366	279	71	94	61	53
cen05_arsC_glut_contig_3690_contig_3691	60.3448275862069	348	100	110	75	63
cen05_arsC_glut_contig_3694_contig_3695	60.8695652173913	345	109	101	72	63
cen05_arsC_glut_contig_3714_contig_3715	60.7638888888889	288	91	84	59	54
cen05_arsC_glut_contig_3734_contig_3735	56.7708333333333	192	49	60	50	33
cen05_arsC_glut_contig_3792_contig_3793	62.6126126126126	222	74	65	41	42
cen05_arsC_glut_contig_3808_contig_3809	62.037037037037	216	72	62	41	41
cen05_arsC_glut_contig_3976_contig_3977	62.1722846441948	267	90	76	52	49
cen05_arsC_glut_contig_3990_contig_3991	60.9318996415771	279	89	81	59	50
cen05_arsC_glut_contig_3998_contig_3999	61.4457831325301	249	78	75	52	44
cen05_arsC_glut_contig_4032_contig_4033	63.0522088353414	249	77	80	50	42
cen05_arsC_glut_contig_4038_contig_4039	61.4942528735632	174	53	54	36	31
cen05_arsC_glut_contig_4094_contig_4095	58.8235294117647	255	78	72	56	49
cen05_arsC_glut_contig_4108_contig_4109	58.7570621468927	177	53	51	34	39
cen05_arsC_glut_contig_4166_contig_4167	56.8075117370892	213	51	70	51	41
cen05_arsC_glut_contig_4182_contig_4183	64.5299145299145	234	77	74	46	37
cen05_arsC_glut_contig_4184_contig_4185	65.1741293532338	201	60	71	30	40
cen05_arsC_glut_contig_4204_contig_4205	60.3864734299517	207	64	61	37	45
cen05_arsC_glut_contig_4206_contig_4207	66.6666666666667	156	47	57	21	31
cen05_arsC_glut_contig_4236_contig_4237	55.3921568627451	204	59	54	54	37
cen05_arsC_glut_contig_4454_contig_4455	55.9139784946237	279	74	82	64	59
cen05_arsC_glut_contig_4722_contig_4723	60.7594936708861	237	62	82	48	45
cen05_arsC_glut_contig_4724_contig_4725	58.7301587301587	189	60	51	41	37
cen05_arsC_glut_contig_4752_contig_4753	62.1004566210046	219	65	71	42	41
cen05_arsC_glut_contig_4770_contig_4771	61.1940298507463	201	66	57	37	41
cen05_arsC_glut_contig_4774_contig_4775	66.1764705882353	204	64	71	32	37
cen05_arsC_glut_contig_4800_contig_4801	63.3333333333333	180	52	62	39	27
cen05_arsC_glut_contig_4816_contig_4817	67.6190476190476	210	72	70	35	33
cen05_arsC_glut_contig_4832_contig_4833	55.5555555555556	279	72	83	73	51
cen05_arsC_glut_contig_4850_contig_4851	65.863453815261	249	79	85	45	40
cen05_arsC_glut_contig_4862_contig_4863	62.3529411764706	255	72	87	52	44
cen05_arsC_glut_contig_4894_contig_4895	64.1304347826087	276	85	92	51	48
cen05_arsC_glut_contig_4922_contig_4923	64.3192488262911	213	69	68	42	34
cen05_arsC_glut_contig_4934_contig_4935	65.2173913043478	207	66	69	39	33
cen05_arsC_glut_contig_4946_contig_4947	57.0048309178744	207	56	62	49	40
cen05_arsC_glut_contig_4952_contig_4953	58.4615384615385	195	56	58	38	43
cen05_arsC_glut_contig_4956_contig_4957	58.1818181818182	165	46	50	37	32
cen05_arsC_glut_contig_4964_contig_4965	64.7058823529412	204	63	69	36	36
cen05_arsC_glut_contig_4980_contig_4981	69.1358024691358	243	86	82	39	36
cen05_arsC_glut_contig_5052_contig_5053	57.487922705314	207	61	58	54	34
cen05_arsC_glut_contig_5224_contig_5225	68.7179487179487	195	69	65	27	34
cen05_arsC_glut_contig_5252_contig_5253	63.8888888888889	180	50	65	40	25
cen05_arsC_glut_contig_5338_contig_5339	54.8850574712644	348	85	106	87	70
cen05_arsC_glut_contig_5472_contig_5473	61.2903225806452	279	89	82	58	50
cen05_arsC_glut_contig_5478_contig_5479	61.8279569892473	186	56	59	42	29
cen05_arsC_glut_contig_5546_contig_5547	62.4242424242424	165	44	59	36	26
cen05_arsC_glut_contig_5588_contig_5589	58.1818181818182	165	44	52	40	29
cen05_arsC_glut_contig_5636_contig_5637	63.0769230769231	195	58	65	43	29
cen05_arsC_glut_contig_5664_contig_5665	61.4814814814815	270	88	78	52	52
cen05_arsC_glut_contig_5702_contig_5703	62.3563218390805	348	104	113	67	64
cen05_arsC_glut_contig_5714_contig_5715	64.8550724637681	276	81	98	59	38
cen05_arsC_glut_contig_5764_contig_5765	62.0512820512821	195	58	63	41	33
cen05_arsC_glut_contig_5776_contig_5777	54.7325102880658	243	63	70	60	50
cen05_arsC_glut_contig_5802_contig_5803	55.5555555555556	225	60	65	49	51
cen05_arsC_glut_contig_5822_contig_5823	64.6464646464647	198	61	67	39	31
cen05_arsC_glut_contig_5824_contig_5825	63.4703196347032	219	62	77	40	40
cen05_arsC_glut_contig_5836_contig_5837	58.6206896551724	174	50	52	37	35
cen05_arsC_glut_contig_5842_contig_5843	58.4615384615385	195	47	67	48	33
cen05_arsC_glut_contig_5844_contig_5845	57.7519379844961	258	62	87	58	51
cen05_arsC_glut_contig_5864_contig_5865	58.6206896551724	174	49	53	41	31
cen05_arsC_glut_contig_5868_contig_5869	62.1890547263682	201	54	71	41	35
cen05_arsC_glut_contig_6012_contig_6013	58.4615384615385	195	49	65	47	34
cen05_arsC_glut_contig_6076_contig_6077	58.75	240	62	79	51	48
cen05_arsC_glut_contig_6078_contig_6079	54.2483660130719	153	40	43	44	26
cen05_arsC_glut_contig_6276_contig_6277	58.7020648967552	339	93	106	66	74
cen05_arsC_glut_contig_6292_contig_6293	64	300	97	95	52	56
cen05_arsC_glut_contig_6298_contig_6299	58.974358974359	195	54	61	39	41
cen05_arsC_glut_contig_6386_contig_6387	60.4938271604938	162	46	52	35	29
cen05_arsC_glut_contig_6614_contig_6615	61.7486338797814	183	53	60	39	31
cen05_arsC_glut_contig_6630_contig_6631	63.0952380952381	168	46	60	32	30
cen05_arsC_glut_contig_6652_contig_6653	59.8039215686275	204	57	65	50	32
cen05_arsC_glut_contig_6712_contig_6713	62.3376623376623	231	66	78	42	45
cen05_arsC_glut_contig_6736_contig_6737	62.719298245614	228	70	73	48	37
cen05_arsC_glut_contig_6740_contig_6741	66.6666666666667	186	62	62	39	23
cen05_arsC_glut_contig_6820_contig_6821	61.8279569892473	186	52	63	44	27
cen05_arsC_glut_contig_7122_contig_7123	62.6666666666667	225	65	76	44	40
cen05_arsC_glut_contig_7538_contig_7539	57.7777777777778	180	47	57	42	34
cen05_arsC_glut_contig_7626_contig_7627	63.5416666666667	192	62	60	45	25
cen05_arsC_glut_contig_7642_contig_7643	63.030303030303	330	95	113	71	51
cen05_arsC_glut_contig_7652_contig_7653	62.4242424242424	165	42	61	32	30
cen05_arsC_glut_contig_7804_contig_7805	59.3220338983051	177	49	56	39	33
cen05_arsC_glut_contig_8098_contig_8099	51.1111111111111	315	77	84	89	65
cen05_arsC_glut_contig_8432_contig_8433	56.7901234567901	324	82	102	73	67
cen05_arsC_glut_contig_8520_contig_8521	64.406779661017	177	58	56	36	27
cen05_arsC_glut_contig_8898_contig_8899	71.0526315789474	342	116	127	58	41
cen05_arsC_glut_contig_8956_contig_8957	56.4971751412429	354	86	114	98	56
cen05_arsC_glut_contig_9052_contig_9053	55.6497175141243	354	80	117	99	58
cen05_arsC_glut_contig_9274_contig_9275	56.4102564102564	195	46	64	48	37
cen05_arsC_glut_contig_9524_contig_9525	60.4761904761905	210	62	65	38	45
cen05_arsC_glut_contig_10050_contig_10051	55.9322033898305	177	51	48	37	41
cen05_arsC_glut_contig_10290_contig_10291	67.2463768115942	345	121	111	58	55
cen05_arsC_glut_contig_10324_contig_10325	57.3913043478261	345	90	108	72	75
