ID	% GCContent	Total Count	G Count	C Count	A Count	T Count
cen04_adeB_contig_12_contig_13	65.8777120315582	507	166	168	60	113
cen04_adeB_contig_26_contig_27	63.2323232323232	495	158	155	67	115
cen04_adeB_contig_278_contig_279	65.5629139072848	906	293	301	135	177
cen04_adeB_contig_424_contig_425	59.041394335512	459	137	134	73	115
cen04_adeB_contig_720_contig_721	62.3106060606061	528	171	158	77	122
cen04_adeB_contig_734_contig_735	64.040404040404	495	166	151	66	112
cen04_adeB_contig_778_contig_779	64.040404040404	495	158	159	67	111
cen04_adeB_contig_796_contig_797	66.6666666666667	474	150	166	60	98
cen04_adeB_contig_1216_contig_1217	59.3047034764826	489	155	135	82	117
cen04_adeB_contig_1716_contig_1717	63.5635635635636	999	341	294	164	200
cen04_adeB_contig_1738_contig_1739	68.0701754385965	570	195	193	76	106
cen04_adeB_contig_1804_contig_1805	65.9047619047619	525	184	162	63	116
cen04_adeB_contig_1874_contig_1875	63.7540453074434	618	196	198	95	129
cen04_adeB_contig_1906_contig_1907	58.4192439862543	582	191	149	99	143
cen04_adeB_contig_1926_contig_1927	63.6507936507937	630	196	205	95	134
cen04_adeB_contig_1968_contig_1969	63.7037037037037	540	172	172	85	111
cen04_adeB_contig_2052_contig_2053	60.7553366174056	609	202	168	104	135
cen04_adeB_contig_2062_contig_2063	58.3610188261351	903	261	266	170	206
cen04_adeB_contig_2084_contig_2085	63.6963696369637	606	235	151	90	130
cen04_adeB_contig_2116_contig_2117	59.1289782244556	597	218	135	98	146
cen04_adeB_contig_2168_contig_2169	56.9514237855946	597	212	128	103	154
cen04_adeB_contig_2226_contig_2227	57.4539363484087	597	187	156	101	153
cen04_adeB_contig_2704_contig_2705	55.5038759689922	645	190	168	120	167
cen04_adeB_contig_2708_contig_2709	59.463986599665	597	209	146	96	146
cen04_adeB_contig_2714_contig_2715	56.8333333333333	600	173	168	100	159
cen04_adeB_contig_2748_contig_2749	59.1289782244556	597	219	134	95	149
cen04_adeB_contig_2802_contig_2803	54.2904290429043	606	222	107	112	165
cen04_adeB_contig_2834_contig_2835	59.1289782244556	597	204	149	96	148
cen04_adeB_contig_2836_contig_2837	59.2792792792793	555	200	129	91	135
cen04_adeB_contig_2838_contig_2839	58.4589614740368	597	150	199	105	143
cen04_adeB_contig_2850_contig_2851	57.7889447236181	597	205	140	100	152
cen04_adeB_contig_2882_contig_2883	57.7889447236181	597	190	155	102	150
cen04_adeB_contig_2894_contig_2895	60.3603603603604	555	207	128	88	132
cen04_adeB_contig_2998_contig_2999	59.9664991624791	597	226	132	91	148
cen04_adeB_contig_3012_contig_3013	62.8712871287129	606	238	143	92	133
cen04_adeB_contig_3024_contig_3025	60.1340033500838	597	229	130	91	147
cen04_adeB_contig_3026_contig_3027	64.5214521452145	606	242	149	86	129
cen04_adeB_contig_3032_contig_3033	58.2914572864322	597	215	133	94	155
cen04_adeB_contig_3304_contig_3305	60.3174603174603	504	168	136	86	114
cen04_adeB_contig_3484_contig_3485	61.3861386138614	606	221	151	95	139
cen04_adeB_contig_3688_contig_3689	57.5609756097561	615	179	175	105	156
cen04_adeB_contig_3744_contig_3745	67.5579322638146	561	196	183	74	108
cen04_adeB_contig_3746_contig_3747	64.5	600	198	189	78	135
cen04_adeB_contig_3840_contig_3841	61.4961496149615	909	290	269	156	194
cen04_adeB_contig_3886_contig_3887	61.3861386138614	909	298	260	160	191
cen04_adeB_contig_3898_contig_3899	56.5121412803532	906	252	260	187	207
cen04_adeB_contig_4004_contig_4005	67.4174174174174	666	227	222	88	129
cen04_adeB_contig_4062_contig_4063	62.4309392265193	543	171	168	74	130
cen04_adeB_contig_4132_contig_4133	59.2198581560284	564	192	142	103	127
cen04_adeB_contig_4156_contig_4157	67.5874769797422	543	184	183	72	104
cen04_adeB_contig_4270_contig_4271	56.4625850340136	588	153	179	96	160
cen04_adeB_contig_4366_contig_4367	65.0557620817844	807	269	256	139	143
cen04_adeB_contig_4386_contig_4387	57.8680203045685	591	214	128	100	149
cen04_adeB_contig_4422_contig_4423	56.425702811245	498	135	146	87	130
cen04_adeB_contig_4580_contig_4581	56.5811965811966	585	157	174	94	160
cen04_adeB_contig_4686_contig_4687	57.5949367088608	474	156	117	75	126
cen04_adeB_contig_4840_contig_4841	55.1724137931034	522	158	130	83	151
cen04_adeB_contig_5106_contig_5107	67.1171171171171	666	225	222	91	128
cen04_adeB_contig_5740_contig_5741	59.9656357388316	582	178	171	97	136
cen04_adeB_contig_7830_contig_7831	57.6576576576577	555	182	138	100	135
cen04_adeB_contig_8444_contig_8445	64.8148148148148	810	272	253	129	156
cen04_adeB_contig_8552_contig_8553	59.1530054644809	732	215	218	139	160
cen04_adeB_contig_9038_contig_9039	64.9006622516556	453	163	131	50	109
cen04_adeB_contig_9118_contig_9119	67.4418604651163	645	228	207	85	125
cen04_adeB_contig_9204_contig_9205	59.5911949685535	636	188	191	127	130
cen04_adeB_contig_9270_contig_9271	58.5687382297552	531	179	132	85	135
cen04_adeB_contig_9314_contig_9315	61.2200435729847	459	131	150	69	109
cen04_adeB_contig_9418_contig_9419	57.9520697167756	459	140	126	84	109
cen04_adeB_contig_9450_contig_9451	56.9727891156463	588	178	157	103	150
cen04_adeB_contig_9558_contig_9559	61.2085769980507	513	153	161	84	115
cen04_adeB_contig_9696_contig_9697	68.3250414593698	603	204	208	76	115
cen04_adeB_contig_9738_contig_9739	59.4395280235988	678	204	199	135	140
cen04_adeB_contig_9996_contig_9997	63.968253968254	630	196	207	94	133
cen04_adeB_contig_10094_contig_10095	56.5656565656566	495	190	90	90	125
cen04_adeB_contig_10134_contig_10135	59.4417077175698	609	185	177	109	138
cen04_adeB_contig_11430_contig_11431	64.1025641025641	858	268	282	155	153
cen04_adeB_contig_11452_contig_11453	64.9691358024691	648	227	194	95	132
cen04_adeB_contig_11748_contig_11749	65.0918635170604	762	255	241	133	133
cen04_adeB_contig_12156_contig_12157	63.7480798771121	651	223	192	98	138
cen04_adeB_contig_13902_contig_13903	68.5393258426966	801	271	278	114	138
cen04_adeB_contig_15930_contig_15931	58.0586080586081	546	181	136	89	140
cen04_adeB_contig_16716_contig_16717	61.8217054263566	516	162	157	85	112
cen04_adeB_contig_17604_contig_17605	53.5787321063395	489	128	134	101	126
cen04_adeB_contig_21180_contig_21181	66.8737060041408	483	173	150	73	87
cen04_adeB_contig_21672_contig_21673	61.4141414141414	495	154	150	75	116
cen04_adeB_contig_21808_contig_21809	67.0731707317073	492	173	157	72	90
cen04_adeB_contig_22052_contig_22053	60.1449275362319	690	234	181	105	170
cen04_adeB_contig_22090_contig_22091	63.5170603674541	762	252	232	122	156
cen04_adeB_contig_22142_contig_22143	67.6470588235294	510	172	173	56	109
cen04_adeB_contig_22492_contig_22493	58.8235294117647	510	160	140	91	119
cen04_adeB_contig_22664_contig_22665	59.8198198198198	555	184	148	94	129
cen04_adeB_contig_22846_contig_22847	59.3632958801498	534	173	144	97	120
cen04_adeB_contig_23546_contig_23547	58.2914572864322	597	148	200	104	145
cen04_adeB_contig_23962_contig_23963	66.0660660660661	666	225	215	95	131
cen04_adeB_contig_24616_contig_24617	63.1578947368421	513	168	156	86	103
cen04_adeB_contig_24900_contig_24901	65.121412803532	453	176	119	61	97
cen04_adeB_contig_26656_contig_26657	58.8	750	213	228	141	168
cen04_adeB_contig_31034_contig_31035	64.2762284196547	753	261	223	118	151
cen04_adeB_contig_31406_contig_31407	53.9869281045752	765	212	201	174	178
cen04_adeB_contig_31556_contig_31557	58.2417582417582	546	150	168	107	121
cen04_adeB_contig_33282_contig_33283	66.8498168498168	546	186	179	66	115
cen04_adeB_contig_33364_contig_33365	60.8465608465608	567	185	160	105	117
cen04_adeB_contig_33458_contig_33459	67.7902621722846	801	279	264	116	142
cen04_adeB_contig_33548_contig_33549	57.8643578643579	693	222	179	120	172
cen04_adeB_contig_37698_contig_37699	64.321608040201	597	207	177	85	128
cen04_adeB_contig_38482_contig_38483	64.3564356435644	606	201	189	107	109
cen04_adeB_contig_38526_contig_38527	64.5951035781544	531	171	172	93	95
cen04_adeB_contig_39196_contig_39197	63.4146341463415	492	166	146	92	88
cen04_adeB_contig_39780_contig_39781	63.5926993275696	1041	352	310	170	209
cen04_adeB_contig_40636_contig_40637	53.5947712418301	765	210	200	176	179
cen04_adeB_contig_40764_contig_40765	62.5235404896422	531	173	159	99	100
cen04_adeB_contig_41156_contig_41157	63.4234234234234	1110	372	332	178	228
cen04_adeB_contig_42848_contig_42849	62.390158172232	1707	567	498	301	341
cen04_adeB_contig_42858_contig_42859	62.4487404803749	1707	562	504	303	338
cen04_adeB_contig_43732_contig_43733	67.0531400966184	1035	332	362	161	180
cen04_adeB_contig_43758_contig_43759	67.1258034894398	1089	354	377	169	189
cen04_adeB_contig_43764_contig_43765	67.0531400966184	1035	335	359	159	182
cen04_adeB_contig_43928_contig_43929	52.0576131687243	486	129	124	91	142
cen04_adeB_contig_44000_contig_44001	57.2649572649573	468	156	112	79	121
cen04_adeB_contig_44130_contig_44131	59.6059113300493	609	172	191	97	149
cen04_adeB_contig_44186_contig_44187	52.5714285714286	525	140	136	99	150
cen04_adeB_contig_45100_contig_45101	62.6315789473684	570	169	188	87	126
cen04_adeB_contig_45304_contig_45305	67.3758865248227	987	316	349	149	173
cen04_adeB_contig_45574_contig_45575	66.7584940312213	1089	347	380	172	190
cen04_adeB_contig_45758_contig_45759	62.8450106157113	471	145	151	70	105
cen04_adeB_contig_45780_contig_45781	66.6666666666667	987	312	346	155	174
cen04_adeB_contig_46370_contig_46371	61.6279069767442	516	155	163	75	123
cen04_adeB_contig_46512_contig_46513	62.2222222222222	1440	466	430	265	279
cen04_adeB_contig_47684_contig_47685	62.7118644067797	1416	460	428	254	274
cen04_adeB_contig_49158_contig_49159	67.2077922077922	924	292	329	144	159
cen04_adeB_contig_50372_contig_50373	60.3425559947299	759	219	239	148	153
cen04_adeB_contig_50524_contig_50525	55.6776556776557	546	147	157	85	157
cen04_adeB_contig_50586_contig_50587	62.4922118380062	1605	535	468	288	314
cen04_adeB_contig_51318_contig_51319	66.7804323094425	879	279	308	144	148
cen04_adeB_contig_51858_contig_51859	60.6741573033708	1068	324	324	178	242
cen04_adeB_contig_52550_contig_52551	60.6451612903226	465	143	139	85	98
cen04_adeB_contig_52902_contig_52903	66.7861409796894	837	268	291	139	139
cen04_adeB_contig_52962_contig_52963	66.8503213957759	1089	349	379	170	191
cen04_adeB_contig_53346_contig_53347	62.0833333333333	480	153	145	75	107
cen04_adeB_contig_54178_contig_54179	60.1801801801802	555	168	166	87	134
cen04_adeB_contig_54196_contig_54197	63.6559139784946	465	149	147	79	90
cen04_adeB_contig_54238_contig_54239	60.3260869565217	552	170	163	86	133
cen04_adeB_contig_54284_contig_54285	63.0503144654088	636	215	186	100	135
cen04_adeB_contig_54418_contig_54419	60.4465709728868	627	186	193	108	140
cen04_adeB_contig_54422_contig_54423	65.018315018315	546	171	184	82	109
cen04_adeB_contig_54536_contig_54537	60.7769423558897	798	243	242	138	175
cen04_adeB_contig_54580_contig_54581	62.905317769131	771	234	251	122	164
cen04_adeB_contig_54672_contig_54673	62.6459143968872	771	236	247	122	166
cen04_adeB_contig_54698_contig_54699	59.9732262382865	747	210	238	127	172
cen04_adeB_contig_54700_contig_54701	62.6016260162602	615	186	199	110	120
cen04_adeB_contig_54726_contig_54727	64.2424242424242	495	156	162	79	98
cen04_adeB_contig_54742_contig_54743	60.7361963190184	489	135	162	70	122
cen04_adeB_contig_54802_contig_54803	63.0573248407643	471	151	146	72	102
cen04_adeB_contig_55076_contig_55077	66.5311653116531	738	235	256	103	144
cen04_adeB_contig_55192_contig_55193	63.8772663877266	717	231	227	107	152
cen04_adeB_contig_55490_contig_55491	65.7952069716776	459	160	142	64	93
cen04_adeB_contig_55652_contig_55653	67.431693989071	915	308	309	135	163
cen04_adeB_contig_55924_contig_55925	61.038961038961	462	139	143	65	115
cen04_adeB_contig_55954_contig_55955	63.1067961165049	618	189	201	92	136
cen04_adeB_contig_55994_contig_55995	63.4146341463415	492	150	162	68	112
cen04_adeB_contig_56006_contig_56007	57.3983739837398	615	178	175	115	147
cen04_adeB_contig_56034_contig_56035	62.3188405797101	621	192	195	97	137
cen04_adeB_contig_56036_contig_56037	66.4874551971326	558	176	195	82	105
cen04_adeB_contig_56046_contig_56047	52.520325203252	615	154	169	121	171
cen04_adeB_contig_56052_contig_56053	59.5238095238095	546	166	159	82	139
cen04_adeB_contig_56086_contig_56087	65.7458563535912	543	179	178	78	108
cen04_adeB_contig_56088_contig_56089	65.2859960552268	507	167	164	74	102
cen04_adeB_contig_56112_contig_56113	61.244019138756	627	191	193	97	146
cen04_adeB_contig_56140_contig_56141	62.8389154704944	627	190	204	94	139
cen04_adeB_contig_56158_contig_56159	65.1515151515152	462	141	160	59	102
cen04_adeB_contig_56160_contig_56161	64.9523809523809	525	165	176	66	118
cen04_adeB_contig_56170_contig_56171	62.7831715210356	618	188	200	98	132
cen04_adeB_contig_56186_contig_56187	58.9181286549708	684	195	208	114	167
cen04_adeB_contig_56190_contig_56191	63.3507853403141	573	191	172	79	131
cen04_adeB_contig_56196_contig_56197	56.7073170731707	492	150	129	89	124
cen04_adeB_contig_56202_contig_56203	63.6494252873563	696	212	231	105	148
cen04_adeB_contig_56216_contig_56217	52.5316455696203	474	129	120	90	135
cen04_adeB_contig_56254_contig_56255	60.7723577235772	492	146	153	78	115
cen04_adeB_contig_56274_contig_56275	66.6666666666667	615	195	215	90	115
cen04_adeB_contig_56276_contig_56277	64.5702306079665	477	149	159	72	97
cen04_adeB_contig_56286_contig_56287	61.2121212121212	660	205	199	115	141
cen04_adeB_contig_56298_contig_56299	66.6666666666667	615	192	218	85	120
cen04_adeB_contig_56300_contig_56301	65.5502392344498	627	197	214	95	121
cen04_adeB_contig_56306_contig_56307	64.8261758691207	489	157	160	58	114
cen04_adeB_contig_56308_contig_56309	62.4737945492662	477	148	150	65	114
cen04_adeB_contig_56318_contig_56319	64.8780487804878	615	185	214	92	124
cen04_adeB_contig_56328_contig_56329	65.8869395711501	513	167	171	75	100
cen04_adeB_contig_56338_contig_56339	62.7329192546584	483	161	142	72	108
cen04_adeB_contig_56340_contig_56341	64.7186147186147	462	141	158	74	89
cen04_adeB_contig_56402_contig_56403	60.1593625498008	753	248	205	131	169
cen04_adeB_contig_56408_contig_56409	59.1228070175439	570	162	175	81	152
cen04_adeB_contig_56436_contig_56437	63.6942675159236	471	155	145	57	114
cen04_adeB_contig_56438_contig_56439	63.7901861252115	591	182	195	96	118
cen04_adeB_contig_56442_contig_56443	60.1307189542484	459	144	132	85	98
cen04_adeB_contig_56444_contig_56445	67.965367965368	462	155	159	66	82
cen04_adeB_contig_56468_contig_56469	65.6184486373166	477	143	170	58	106
cen04_adeB_contig_56520_contig_56521	58.2781456953642	453	119	145	70	119
cen04_adeB_contig_56542_contig_56543	61.3668061366806	717	210	230	109	168
cen04_adeB_contig_56544_contig_56545	63.0182421227197	603	186	194	86	137
cen04_adeB_contig_56584_contig_56585	65.5430711610487	534	176	174	79	105
cen04_adeB_contig_56598_contig_56599	60.2836879432624	564	159	181	82	142
cen04_adeB_contig_56608_contig_56609	63.3507853403141	573	172	191	82	128
cen04_adeB_contig_56664_contig_56665	66.1616161616162	594	193	200	81	120
cen04_adeB_contig_56682_contig_56683	63.0404463040446	717	211	241	112	153
cen04_adeB_contig_56694_contig_56695	55.5555555555556	720	208	192	130	190
cen04_adeB_contig_56696_contig_56697	64.1188959660297	471	143	159	64	105
cen04_adeB_contig_56700_contig_56701	66.3414634146341	615	196	212	90	117
cen04_adeB_contig_56708_contig_56709	60.6884057971015	552	157	178	86	131
cen04_adeB_contig_56710_contig_56711	67.0349907918969	543	175	189	77	102
cen04_adeB_contig_56726_contig_56727	60.9195402298851	696	211	213	104	168
cen04_adeB_contig_56734_contig_56735	62.0833333333333	480	148	150	62	120
cen04_adeB_contig_56738_contig_56739	67.2811059907834	651	208	230	91	122
cen04_adeB_contig_56764_contig_56765	52.7336860670194	567	143	156	104	164
cen04_adeB_contig_56766_contig_56767	62.4031007751938	516	157	165	68	126
cen04_adeB_contig_56768_contig_56769	62.0879120879121	546	170	169	80	127
cen04_adeB_contig_56778_contig_56779	60.6403013182674	531	165	157	91	118
cen04_adeB_contig_56784_contig_56785	64.6586345381526	498	150	172	75	101
cen04_adeB_contig_56788_contig_56789	65.8959537572254	519	157	185	69	108
cen04_adeB_contig_56800_contig_56801	60.9427609427609	594	184	178	97	135
cen04_adeB_contig_56840_contig_56841	63.0952380952381	504	153	165	72	114
cen04_adeB_contig_56848_contig_56849	66.078431372549	510	175	162	70	103
cen04_adeB_contig_56858_contig_56859	61.8736383442266	459	141	143	78	97
cen04_adeB_contig_56870_contig_56871	63.7901861252115	591	190	187	95	119
cen04_adeB_contig_56876_contig_56877	58.3877995642702	459	135	133	67	124
cen04_adeB_contig_56898_contig_56899	60.5095541401274	471	166	119	82	104
cen04_adeB_contig_56920_contig_56921	61.5711252653928	471	147	143	59	122
cen04_adeB_contig_56926_contig_56927	65.2941176470588	510	178	155	67	110
cen04_adeB_contig_56958_contig_56959	68.0808080808081	495	164	173	71	87
cen04_adeB_contig_56992_contig_56993	64.4567219152855	543	190	160	74	119
cen04_adeB_contig_57160_contig_57161	61.9252873563218	696	212	219	103	162
cen04_adeB_contig_57332_contig_57333	67.6646706586826	501	168	171	73	89
cen04_adeB_contig_57858_contig_57859	58.592132505176	483	133	150	91	109
cen04_adeB_contig_58098_contig_58099	60	615	180	189	95	151
cen04_adeB_contig_58146_contig_58147	62.8205128205128	546	163	180	80	123
cen04_adeB_contig_58198_contig_58199	66.6666666666667	471	162	152	67	90
cen04_adeB_contig_58208_contig_58209	63.4615384615385	936	285	309	140	202
cen04_adeB_contig_58490_contig_58491	65.2859960552268	507	164	167	80	96
cen04_adeB_contig_58584_contig_58585	62.6016260162602	492	156	152	69	115
cen04_adeB_contig_58658_contig_58659	63.776493256262	519	167	164	81	107
cen04_adeB_contig_58976_contig_58977	63.6054421768707	588	187	187	91	123
cen04_adeB_contig_59122_contig_59123	66.8571428571429	525	173	178	66	108
cen04_adeB_contig_59138_contig_59139	63.2013201320132	606	196	187	88	135
cen04_adeB_contig_59220_contig_59221	64.4927536231884	552	173	183	73	123
cen04_adeB_contig_59584_contig_59585	63.1481481481481	540	173	168	72	127
cen04_adeB_contig_59600_contig_59601	64.6706586826347	501	147	177	64	113
cen04_adeB_contig_59656_contig_59657	63.8418079096045	531	168	171	84	108
cen04_adeB_contig_59700_contig_59701	65.2610441767068	498	156	169	77	96
cen04_adeB_contig_59828_contig_59829	61.9883040935673	513	161	157	81	114
cen04_adeB_contig_59858_contig_59859	66.6666666666667	462	153	155	61	93
cen04_adeB_contig_59922_contig_59923	65.6184486373166	477	151	162	67	97
cen04_adeB_contig_59948_contig_59949	63.3744855967078	729	223	239	125	142
cen04_adeB_contig_60152_contig_60153	67.2811059907834	651	214	224	91	122
cen04_adeB_contig_60186_contig_60187	66.8269230769231	624	206	211	87	120
cen04_adeB_contig_60200_contig_60201	61.3496932515337	489	142	158	79	110
cen04_adeB_contig_60212_contig_60213	54.5454545454545	495	138	132	85	140
cen04_adeB_contig_60332_contig_60333	65.7303370786517	534	179	172	76	107
cen04_adeB_contig_60384_contig_60385	60.1577909270217	1014	305	305	200	204
cen04_adeB_contig_60420_contig_60421	60.2996254681648	534	166	156	83	129
cen04_adeB_contig_60444_contig_60445	62.2977346278317	618	179	206	92	141
cen04_adeB_contig_60486_contig_60487	61.3505747126437	696	207	220	114	155
cen04_adeB_contig_60534_contig_60535	63.6752136752137	468	146	152	69	101
cen04_adeB_contig_60654_contig_60655	62.8930817610063	477	157	143	86	91
cen04_adeB_contig_60688_contig_60689	62.1212121212121	726	227	224	113	162
cen04_adeB_contig_60704_contig_60705	44.7368421052632	456	112	92	95	157
cen04_adeB_contig_60714_contig_60715	61.5541922290389	489	152	149	93	95
cen04_adeB_contig_60896_contig_60897	63.9751552795031	483	146	163	67	107
cen04_adeB_contig_60900_contig_60901	57.7777777777778	630	186	178	113	153
cen04_adeB_contig_60938_contig_60939	65.4545454545455	495	159	165	63	108
cen04_adeB_contig_60970_contig_60971	66.0337552742616	474	155	158	71	90
cen04_adeB_contig_60998_contig_60999	66.6666666666667	510	171	169	74	96
cen04_adeB_contig_61022_contig_61023	57.9365079365079	630	182	183	105	160
cen04_adeB_contig_61054_contig_61055	60.1626016260163	615	164	206	104	141
cen04_adeB_contig_61090_contig_61091	65.8682634730539	501	168	162	59	112
cen04_adeB_contig_61094_contig_61095	65.9003831417624	522	166	178	69	109
cen04_adeB_contig_61132_contig_61133	62.1145374449339	681	216	207	96	162
cen04_adeB_contig_61140_contig_61141	63.768115942029	552	174	178	73	127
cen04_adeB_contig_61144_contig_61145	65.3721682847896	618	191	213	89	125
cen04_adeB_contig_61158_contig_61159	65.6804733727811	507	157	176	75	99
cen04_adeB_contig_61196_contig_61197	60.7843137254902	561	173	168	101	119
cen04_adeB_contig_61476_contig_61477	67.0833333333333	480	159	163	72	86
cen04_adeB_contig_61554_contig_61555	66.8539325842697	534	187	170	69	108
cen04_adeB_contig_61556_contig_61557	59.7701149425287	696	194	222	114	166
cen04_adeB_contig_61584_contig_61585	66.0416666666667	480	157	160	76	87
cen04_adeB_contig_61680_contig_61681	62.4299065420561	1605	538	464	288	315
cen04_adeB_contig_61700_contig_61701	63.5313531353135	606	192	193	79	142
cen04_adeB_contig_61706_contig_61707	64.4214162348877	579	182	191	90	116
cen04_adeB_contig_61732_contig_61733	64.2424242424242	495	153	165	67	110
cen04_adeB_contig_61806_contig_61807	61.5271659324523	681	211	208	99	163
cen04_adeB_contig_61816_contig_61817	63.1675874769797	543	166	177	79	121
cen04_adeB_contig_61844_contig_61845	59.2775041050903	609	181	180	104	144
cen04_adeB_contig_62288_contig_62289	62.6068376068376	468	156	137	76	99
cen04_adeB_contig_62302_contig_62303	61.1702127659574	564	195	150	90	129
cen04_adeB_contig_62388_contig_62389	63.3136094674556	507	161	160	69	117
cen04_adeB_contig_62556_contig_62557	61.4965986394558	735	224	228	119	164
cen04_adeB_contig_62608_contig_62609	57.4074074074074	594	166	175	105	148
cen04_adeB_contig_63506_contig_63507	59.6949891067538	459	151	123	75	110
cen04_adeB_contig_63682_contig_63683	61.9918699186992	492	175	130	81	106
cen04_adeB_contig_64582_contig_64583	54.9668874172185	453	125	124	74	130
cen04_adeB_contig_64594_contig_64595	58.0110497237569	543	143	172	93	135
cen04_adeB_contig_64606_contig_64607	56.1965811965812	468	127	136	68	137
cen04_adeB_contig_64612_contig_64613	58.2304526748971	486	139	144	73	130
cen04_adeB_contig_64618_contig_64619	59.6153846153846	468	136	143	63	126
cen04_adeB_contig_64670_contig_64671	56.6239316239316	468	130	135	65	138
cen04_adeB_contig_64744_contig_64745	55.0644567219153	543	142	157	94	150
cen04_adeB_contig_64748_contig_64749	59.6153846153846	468	130	149	65	124
cen04_adeB_contig_64820_contig_64821	57.0512820512821	468	123	144	75	126
cen04_adeB_contig_64862_contig_64863	54.3278084714549	543	144	151	91	157
cen04_adeB_contig_64946_contig_64947	54.8802946593002	543	148	150	92	153
cen04_adeB_contig_64964_contig_64965	57.2649572649573	468	127	141	70	130
cen04_adeB_contig_65568_contig_65569	62.1447028423773	774	274	207	130	163
cen04_adeB_contig_65764_contig_65765	63.1372549019608	510	169	153	76	112
cen04_adeB_contig_66334_contig_66335	65.4941373534338	597	208	183	93	113
cen04_adeB_contig_66464_contig_66465	61.9354838709677	465	142	146	63	114
cen04_adeB_contig_66490_contig_66491	65.3092006033182	663	215	218	95	135
cen04_adeB_contig_66596_contig_66597	65	540	183	168	73	116
cen04_adeB_contig_67458_contig_67459	66.4634146341463	492	155	172	82	83
cen04_adeB_contig_68776_contig_68777	63.4751773049645	564	186	172	83	123
cen04_adeB_contig_72302_contig_72303	67.3107890499195	621	202	216	101	102
cen04_adeB_contig_73214_contig_73215	62.2739018087855	774	271	211	128	164
cen04_adeB_contig_73454_contig_73455	62.4700239808153	834	248	273	132	181
cen04_adeB_contig_73658_contig_73659	61.2068965517241	696	201	225	148	122
cen04_adeB_contig_74200_contig_74201	62.2516556291391	453	134	148	79	92
cen04_adeB_contig_75222_contig_75223	59.6273291925466	483	158	130	108	87
cen04_adeB_contig_75248_contig_75249	62.1832358674464	513	161	158	111	83
cen04_adeB_contig_75368_contig_75369	55.5891238670695	993	281	271	237	204
cen04_adeB_contig_75390_contig_75391	62.1794871794872	624	192	196	116	120
cen04_adeB_contig_75460_contig_75461	62.0865139949109	786	252	236	117	181
cen04_adeB_contig_75502_contig_75503	62.5806451612903	465	154	137	70	104
cen04_adeB_contig_75604_contig_75605	61.8055555555556	720	221	224	130	145
cen04_adeB_contig_75682_contig_75683	65.3333333333333	825	279	260	119	167
cen04_adeB_contig_75818_contig_75819	64.2599277978339	831	261	273	130	167
cen04_adeB_contig_76496_contig_76497	62.8154050464807	753	241	232	142	138
cen04_adeB_contig_77214_contig_77215	61.7511520737327	651	209	193	126	123
cen04_adeB_contig_77232_contig_77233	59.0604026845638	894	272	256	188	178
cen04_adeB_contig_77802_contig_77803	61.7094017094017	585	180	181	120	104
cen04_adeB_contig_77808_contig_77809	61.384335154827	549	156	181	109	103
cen04_adeB_contig_77854_contig_77855	62.5192012288787	651	191	216	122	122
cen04_adeB_contig_78024_contig_78025	62.4213836477987	636	187	210	121	118
cen04_adeB_contig_78908_contig_78909	62.0545073375262	477	136	160	91	90
cen04_adeB_contig_78992_contig_78993	61.7391304347826	690	197	229	134	130
cen04_adeB_contig_79714_contig_79715	62.4299065420561	1605	535	467	288	315
cen04_adeB_contig_80676_contig_80677	68.2795698924731	744	230	278	120	116
cen04_adeB_contig_80760_contig_80761	67.1212121212121	660	209	234	107	110
cen04_adeB_contig_81038_contig_81039	68.5333333333333	750	239	275	119	117
cen04_adeB_contig_81472_contig_81473	62.2516556291391	453	124	158	79	92
cen04_adeB_contig_81520_contig_81521	66.4473684210526	456	145	158	86	67
cen04_adeB_contig_81534_contig_81535	67.6567656765677	606	197	213	103	93
cen04_adeB_contig_81550_contig_81551	67.7083333333333	576	183	207	96	90
cen04_adeB_contig_81792_contig_81793	62.3545516769336	1461	496	415	268	282
cen04_adeB_contig_81848_contig_81849	68.7242798353909	486	159	175	81	71
cen04_adeB_contig_81912_contig_81913	69.1056910569106	492	160	180	82	70
cen04_adeB_contig_81952_contig_81953	66.1141804788214	543	173	186	104	80
cen04_adeB_contig_82020_contig_82021	67.7361853832442	561	178	202	96	85
cen04_adeB_contig_83114_contig_83115	58.9887640449438	534	150	165	104	115
cen04_adeB_contig_84906_contig_84907	61.5942028985507	690	199	226	130	135
cen04_adeB_contig_84968_contig_84969	62.6086956521739	690	194	238	133	125
cen04_adeB_contig_86444_contig_86445	63.8095238095238	630	192	210	116	112
