ID	% GCContent	Total Count	G Count	C Count	A Count	T Count
cen04_tetW_contig_8_contig_9	65.3543307086614	381	127	122	70	62
cen04_tetW_contig_10_contig_11	65.9574468085106	282	99	87	48	48
cen04_tetW_contig_14_contig_15	67.2727272727273	165	55	56	33	21
cen04_tetW_contig_22_contig_23	66.1498708010336	387	132	124	67	64
cen04_tetW_contig_24_contig_25	64.983164983165	297	107	86	52	52
cen04_tetW_contig_32_contig_33	61.6666666666667	180	55	56	37	32
cen04_tetW_contig_34_contig_35	65.5367231638418	177	57	59	33	28
cen04_tetW_contig_36_contig_37	68.2098765432099	324	118	103	53	50
cen04_tetW_contig_40_contig_41	62.1468926553672	177	55	55	34	33
cen04_tetW_contig_48_contig_49	65.0918635170604	381	125	123	64	69
cen04_tetW_contig_58_contig_59	63.8418079096045	177	54	59	32	32
