ID	% GCContent	Total Count	G Count	C Count	A Count	T Count
cen04_rplB_contig_0_contig_1	60.8484848484849	825	262	240	175	148
cen04_rplB_contig_6_contig_7	60.969696969697	825	262	241	173	149
cen04_rplB_contig_8_contig_9	52.1739130434783	759	215	181	190	173
cen04_rplB_contig_152_contig_153	69.5863746958638	822	276	296	149	101
cen04_rplB_contig_154_contig_155	69.2214111922141	822	276	293	153	100
cen04_rplB_contig_218_contig_219	56.0386473429952	621	200	148	140	133
cen04_rplB_contig_266_contig_267	69.4647201946472	822	296	275	157	94
cen04_rplB_contig_286_contig_287	67.512077294686	828	268	291	171	98
cen04_rplB_contig_294_contig_295	64.963503649635	822	244	290	171	117
cen04_rplB_contig_298_contig_299	63.2352941176471	816	267	249	180	120
cen04_rplB_contig_306_contig_307	64.2424242424242	825	279	251	185	110
cen04_rplB_contig_308_contig_309	59.577677224736	663	242	153	149	119
cen04_rplB_contig_316_contig_317	66.2015503875969	645	222	205	136	82
cen04_rplB_contig_322_contig_323	68.9950980392157	816	282	281	153	100
cen04_rplB_contig_330_contig_331	65.8682634730539	501	181	149	99	72
cen04_rplB_contig_334_contig_335	65.1960784313726	816	267	265	168	116
cen04_rplB_contig_344_contig_345	59.8540145985401	822	264	228	191	139
cen04_rplB_contig_352_contig_353	69.9513381995134	822	306	269	144	103
cen04_rplB_contig_360_contig_361	65.3284671532847	822	284	253	176	109
cen04_rplB_contig_382_contig_383	61.6969696969697	825	272	237	189	127
cen04_rplB_contig_400_contig_401	66.9082125603865	828	266	288	175	99
cen04_rplB_contig_412_contig_413	59.1515151515151	825	271	217	203	134
cen04_rplB_contig_414_contig_415	65.0851581508516	822	241	294	170	117
cen04_rplB_contig_416_contig_417	62.9901960784314	816	276	238	172	130
cen04_rplB_contig_434_contig_435	62.2418879056047	678	218	204	149	107
cen04_rplB_contig_438_contig_439	61.8181818181818	825	257	253	194	121
cen04_rplB_contig_448_contig_449	65.3235653235653	819	267	268	175	109
cen04_rplB_contig_450_contig_451	65.5757575757576	825	283	258	178	106
cen04_rplB_contig_452_contig_453	66.1764705882353	816	268	272	170	106
cen04_rplB_contig_486_contig_487	61.5757575757576	825	259	249	191	126
cen04_rplB_contig_492_contig_493	69.1176470588235	816	285	279	151	101
cen04_rplB_contig_504_contig_505	61.3138686131387	822	264	240	198	120
cen04_rplB_contig_518_contig_519	70.8333333333333	816	286	292	155	83
cen04_rplB_contig_538_contig_539	60.6617647058824	816	239	256	182	139
cen04_rplB_contig_548_contig_549	61.6788321167883	822	259	248	196	119
cen04_rplB_contig_550_contig_551	63.9902676399027	822	283	243	178	118
cen04_rplB_contig_552_contig_553	62.3737373737374	792	245	249	183	115
cen04_rplB_contig_554_contig_555	62.6315789473684	570	194	163	125	88
cen04_rplB_contig_560_contig_561	65.3235653235653	819	272	263	168	116
cen04_rplB_contig_570_contig_571	61.2179487179487	624	214	168	145	97
cen04_rplB_contig_580_contig_581	61.3970588235294	816	263	238	188	127
cen04_rplB_contig_600_contig_601	66.9090909090909	825	284	268	172	101
cen04_rplB_contig_610_contig_611	69.4545454545455	825	283	290	156	96
cen04_rplB_contig_614_contig_615	65.0851581508516	822	246	289	169	118
cen04_rplB_contig_616_contig_617	62.3456790123457	648	202	202	143	101
cen04_rplB_contig_668_contig_669	70.8180708180708	819	284	296	157	82
cen04_rplB_contig_674_contig_675	65.0793650793651	819	272	261	168	118
cen04_rplB_contig_698_contig_699	68.1318681318681	819	276	282	153	108
cen04_rplB_contig_700_contig_701	64.336917562724	558	206	153	123	76
cen04_rplB_contig_712_contig_713	68.4848484848485	825	281	284	157	103
cen04_rplB_contig_736_contig_737	61.6788321167883	822	263	244	185	130
cen04_rplB_contig_758_contig_759	68.0048661800487	822	275	284	156	107
cen04_rplB_contig_774_contig_775	61.3138686131387	822	265	239	192	126
cen04_rplB_contig_794_contig_795	62.4242424242424	825	266	249	194	116
cen04_rplB_contig_802_contig_803	60.0973236009732	822	271	223	200	128
cen04_rplB_contig_804_contig_805	68.8484848484848	825	277	291	149	108
cen04_rplB_contig_806_contig_807	63.4803921568627	816	281	237	180	118
cen04_rplB_contig_812_contig_813	66.4242424242424	825	284	264	172	105
cen04_rplB_contig_824_contig_825	66.6666666666667	822	286	262	170	104
cen04_rplB_contig_830_contig_831	65.3235653235653	819	248	287	165	119
cen04_rplB_contig_838_contig_839	65.389527458493	783	240	272	157	114
cen04_rplB_contig_866_contig_867	67.2705314009662	828	271	286	171	100
cen04_rplB_contig_874_contig_875	66.5408805031446	795	257	272	164	102
cen04_rplB_contig_904_contig_905	65.5677655677656	819	269	268	167	115
cen04_rplB_contig_930_contig_931	64.8936170212766	564	180	186	115	83
cen04_rplB_contig_934_contig_935	65.4411764705882	816	247	287	166	116
cen04_rplB_contig_944_contig_945	62.0606060606061	825	269	243	188	125
cen04_rplB_contig_966_contig_967	62.4691358024691	810	245	261	172	132
cen04_rplB_contig_996_contig_997	61.4770459081836	501	163	145	112	81
cen04_rplB_contig_1008_contig_1009	65.8119658119658	819	244	295	165	115
cen04_rplB_contig_1048_contig_1049	67.5182481751825	822	273	282	159	108
cen04_rplB_contig_1052_contig_1053	64.8351648351648	819	258	273	163	125
cen04_rplB_contig_1066_contig_1067	62.3456790123457	810	257	248	187	118
cen04_rplB_contig_1082_contig_1083	64.0547263681592	804	257	258	175	114
cen04_rplB_contig_1090_contig_1091	62.5	816	261	249	183	123
cen04_rplB_contig_1116_contig_1117	61.6969696969697	825	260	249	197	119
cen04_rplB_contig_1120_contig_1121	66.9082125603865	828	269	285	177	97
cen04_rplB_contig_1124_contig_1125	68.9950980392157	816	281	282	152	101
cen04_rplB_contig_1170_contig_1171	62.3983739837398	492	160	147	105	80
cen04_rplB_contig_1190_contig_1191	60.4878048780488	615	196	176	141	102
cen04_rplB_contig_1196_contig_1197	63.3209417596035	807	272	239	175	121
cen04_rplB_contig_1206_contig_1207	65.8959537572254	519	188	154	106	71
cen04_rplB_contig_1216_contig_1217	63.2727272727273	825	281	241	183	120
cen04_rplB_contig_1224_contig_1225	62.5454545454545	825	275	241	196	113
cen04_rplB_contig_1244_contig_1245	66.5441176470588	816	278	265	168	105
cen04_rplB_contig_1252_contig_1253	64.3636363636364	825	273	258	182	112
cen04_rplB_contig_1286_contig_1287	65.4411764705882	816	275	259	176	106
cen04_rplB_contig_1292_contig_1293	70.0729927007299	822	285	291	149	97
cen04_rplB_contig_1302_contig_1303	62.5304136253041	822	264	250	188	120
cen04_rplB_contig_1314_contig_1315	64.1212121212121	825	285	244	179	117
cen04_rplB_contig_1326_contig_1327	66.0749506903353	507	168	167	100	72
cen04_rplB_contig_1328_contig_1329	67.4019607843137	816	289	261	161	105
cen04_rplB_contig_1346_contig_1347	62.5454545454545	825	269	247	182	127
cen04_rplB_contig_1348_contig_1349	65.6934306569343	822	280	260	177	105
cen04_rplB_contig_1374_contig_1375	65.5757575757576	825	244	297	172	112
cen04_rplB_contig_1408_contig_1409	65.4501216545012	822	269	269	174	110
cen04_rplB_contig_1410_contig_1411	63.2734530938124	501	164	153	106	78
cen04_rplB_contig_1432_contig_1433	62.0646766169154	804	255	244	186	119
cen04_rplB_contig_1576_contig_1577	65.4135338345865	798	252	270	170	106
cen04_rplB_contig_1616_contig_1617	65.2014652014652	819	244	290	168	117
cen04_rplB_contig_1640_contig_1641	66.4930555555556	576	182	201	112	81
cen04_rplB_contig_1660_contig_1661	65.8056580565806	813	258	277	172	106
cen04_rplB_contig_1682_contig_1683	69.2307692307692	819	276	291	149	103
cen04_rplB_contig_1706_contig_1707	68.969696969697	825	282	287	154	102
cen04_rplB_contig_1766_contig_1767	65.2014652014652	819	262	272	177	108
cen04_rplB_contig_1790_contig_1791	68.2775712515489	807	262	289	155	101
cen04_rplB_contig_1826_contig_1827	67.905824039653	807	275	273	153	106
cen04_rplB_contig_1864_contig_1865	68.6202686202686	819	267	295	160	97
cen04_rplB_contig_1938_contig_1939	65.6679151061173	801	270	256	164	111
cen04_rplB_contig_2054_contig_2055	65.6826568265683	813	259	275	172	107
cen04_rplB_contig_2192_contig_2193	70.9113607990012	801	284	284	152	81
cen04_rplB_contig_2244_contig_2245	68.7423687423687	819	278	285	154	102
cen04_rplB_contig_2262_contig_2263	67.2771672771673	819	286	265	160	108
cen04_rplB_contig_2322_contig_2323	65.0851581508516	822	245	290	170	117
cen04_rplB_contig_2510_contig_2511	69.2214111922141	822	279	290	155	98
cen04_rplB_contig_2610_contig_2611	67.8876678876679	819	275	281	156	107
cen04_rplB_contig_3298_contig_3299	63.8376383763838	813	250	269	169	125
cen04_rplB_contig_4034_contig_4035	66.2990196078431	816	270	271	170	105
cen04_rplB_contig_4036_contig_4037	64.1627543035994	639	212	198	134	95
cen04_rplB_contig_4130_contig_4131	62.5454545454545	825	270	246	187	122
cen04_rplB_contig_4178_contig_4179	65.5555555555556	810	252	279	171	108
cen04_rplB_contig_4300_contig_4301	61.1922141119221	822	261	242	174	145
cen04_rplB_contig_4622_contig_4623	67.5182481751825	822	272	283	158	109
cen04_rplB_contig_5248_contig_5249	65.8150851581509	822	285	256	164	117
cen04_rplB_contig_5278_contig_5279	67.1550671550672	819	283	267	165	104
cen04_rplB_contig_5410_contig_5411	64.8351648351648	819	253	278	171	117
cen04_rplB_contig_5542_contig_5543	65.2564102564103	780	236	273	159	112
cen04_rplB_contig_5766_contig_5767	63.8020833333333	768	245	245	161	117
cen04_rplB_contig_5974_contig_5975	67.3939393939394	825	284	272	160	109
cen04_rplB_contig_6100_contig_6101	69.6382428940568	774	254	285	148	87
cen04_rplB_contig_6132_contig_6133	68.1318681318681	819	278	280	153	108
cen04_rplB_contig_6358_contig_6359	65.9393939393939	825	256	288	167	114
cen04_rplB_contig_6414_contig_6415	65.3284671532847	822	250	287	167	118
cen04_rplB_contig_7524_contig_7525	66.6666666666667	819	279	267	160	113
cen04_rplB_contig_7782_contig_7783	61.8604651162791	645	205	194	143	103
cen04_rplB_contig_7792_contig_7793	62.1654501216545	822	264	247	195	116
cen04_rplB_contig_7910_contig_7911	69.8412698412698	819	279	293	148	99
cen04_rplB_contig_7962_contig_7963	67.3245614035088	456	170	137	83	66
cen04_rplB_contig_8090_contig_8091	70.3412073490814	762	263	273	134	92
cen04_rplB_contig_8182_contig_8183	61.4457831325301	498	166	140	112	80
cen04_rplB_contig_8986_contig_8987	70.9717097170972	813	283	294	145	91
cen04_rplB_contig_8998_contig_8999	69.9754901960784	816	270	301	146	99
cen04_rplB_contig_9050_contig_9051	72.2017220172202	813	306	281	141	85
cen04_rplB_contig_9218_contig_9219	72.1411192214112	822	307	286	150	79
cen04_rplB_contig_9234_contig_9235	67.7777777777778	810	300	249	154	107
cen04_rplB_contig_9278_contig_9279	61.9393939393939	825	268	243	189	125
cen04_rplB_contig_9290_contig_9291	70.9923664122137	786	286	272	148	80
cen04_rplB_contig_9368_contig_9369	70.3296703296703	819	281	295	161	82
cen04_rplB_contig_9422_contig_9423	71.4637146371464	813	291	290	149	83
cen04_rplB_contig_9462_contig_9463	72.6337448559671	486	172	181	78	55
cen04_rplB_contig_9560_contig_9561	70.2075702075702	819	270	305	145	99
cen04_rplB_contig_9568_contig_9569	72.0588235294118	816	300	288	143	85
cen04_rplB_contig_9592_contig_9593	71.2788259958071	477	163	177	80	57
cen04_rplB_contig_9710_contig_9711	70.7566462167689	489	168	178	81	62
cen04_rplB_contig_9802_contig_9803	70.9401709401709	819	281	300	159	79
cen04_rplB_contig_9854_contig_9855	72.4477244772448	813	303	286	144	80
cen04_rplB_contig_10008_contig_10009	72.4264705882353	816	296	295	137	88
cen04_rplB_contig_10112_contig_10113	71.7761557177616	822	302	288	155	77
cen04_rplB_contig_11376_contig_11377	61.6788321167883	822	272	235	196	119
cen04_rplB_contig_11412_contig_11413	71.5723270440252	795	288	281	145	81
cen04_rplB_contig_11672_contig_11673	61.4355231143552	822	271	234	186	131
cen04_rplB_contig_11738_contig_11739	62.026862026862	819	270	238	201	110
cen04_rplB_contig_11798_contig_11799	69.9475065616798	762	261	272	138	91
cen04_rplB_contig_11918_contig_11919	66.541822721598	801	273	260	159	109
cen04_rplB_contig_12076_contig_12077	67.032967032967	819	269	280	168	102
cen04_rplB_contig_12284_contig_12285	64.5985401459854	822	282	249	168	123
cen04_rplB_contig_12592_contig_12593	66.796875	768	268	245	147	108
cen04_rplB_contig_12896_contig_12897	68.6060606060606	825	283	283	155	104
cen04_rplB_contig_14096_contig_14097	61.0666666666667	750	248	210	166	126
cen04_rplB_contig_14292_contig_14293	61.7333333333333	750	238	225	166	121
cen04_rplB_contig_15166_contig_15167	72.6937269372694	813	301	290	137	85
cen04_rplB_contig_15306_contig_15307	62.3409669211196	786	251	239	180	116
cen04_rplB_contig_15924_contig_15925	70.5454545454545	825	281	301	148	95
cen04_rplB_contig_17330_contig_17331	67.0886075949367	474	175	143	92	64
cen04_rplB_contig_19256_contig_19257	65.3235653235653	819	248	287	166	118
cen04_rplB_contig_19758_contig_19759	68.970189701897	738	257	252	129	100
cen04_rplB_contig_20432_contig_20433	70.6812652068127	822	286	295	160	81
cen04_rplB_contig_21278_contig_21279	62.7450980392157	816	256	256	181	123
cen04_rplB_contig_21496_contig_21497	63.6178861788618	492	162	151	101	78
cen04_rplB_contig_21514_contig_21515	62.7450980392157	816	251	261	176	128
cen04_rplB_contig_21800_contig_21801	66.5454545454545	825	283	266	167	109
cen04_rplB_contig_22590_contig_22591	65.6898656898657	819	252	286	164	117
cen04_rplB_contig_22950_contig_22951	68.3823529411765	816	280	278	153	105
cen04_rplB_contig_23740_contig_23741	62.4087591240876	822	268	245	190	119
cen04_rplB_contig_23922_contig_23923	66.4224664224664	819	275	269	171	104
cen04_rplB_contig_23968_contig_23969	62.2770919067215	729	229	225	155	120
cen04_rplB_contig_24170_contig_24171	69.831223628692	474	187	144	85	58
cen04_rplB_contig_24290_contig_24291	66.4609053497942	486	163	160	93	70
cen04_rplB_contig_24316_contig_24317	70.8672086720867	738	248	275	127	88
cen04_rplB_contig_24406_contig_24407	69.7191697191697	819	298	273	153	95
cen04_rplB_contig_24454_contig_24455	61.8208516886931	681	209	212	149	111
cen04_rplB_contig_24556_contig_24557	63.0116959064327	684	218	213	148	105
cen04_rplB_contig_24576_contig_24577	61.9221411192214	822	271	238	191	122
cen04_rplB_contig_24832_contig_24833	68.3018867924528	795	258	285	154	98
cen04_rplB_contig_24924_contig_24925	69.0997566909976	822	278	290	152	102
cen04_rplB_contig_24954_contig_24955	68.7347931873479	822	271	294	162	95
cen04_rplB_contig_25070_contig_25071	68.7347931873479	822	277	288	158	99
cen04_rplB_contig_25232_contig_25233	65.4501216545012	822	248	290	169	115
cen04_rplB_contig_25248_contig_25249	65.0980392156863	765	261	237	163	104
cen04_rplB_contig_25262_contig_25263	55.2334943639291	621	196	147	143	135
cen04_rplB_contig_25264_contig_25265	67.2727272727273	825	273	282	168	102
cen04_rplB_contig_25316_contig_25317	55.2529182879377	771	247	179	187	158
cen04_rplB_contig_25338_contig_25339	69.2592592592593	810	271	290	155	94
cen04_rplB_contig_25462_contig_25463	62.043795620438	822	260	250	191	121
cen04_rplB_contig_26182_contig_26183	63.3699633699634	819	250	269	170	130
cen04_rplB_contig_26438_contig_26439	63.5151515151515	825	268	256	183	118
cen04_rplB_contig_26968_contig_26969	60.4683195592286	726	233	206	170	117
cen04_rplB_contig_27090_contig_27091	62.1654501216545	822	256	255	191	120
cen04_rplB_contig_27468_contig_27469	71.9607843137255	510	194	173	78	65
cen04_rplB_contig_27614_contig_27615	63.0906768837803	783	269	225	166	123
cen04_rplB_contig_27906_contig_27907	63.2183908045977	783	256	239	168	120
cen04_rplB_contig_28026_contig_28027	68.1818181818182	792	273	267	154	98
cen04_rplB_contig_28256_contig_28257	63.4686346863469	813	259	257	180	117
cen04_rplB_contig_28602_contig_28603	63.5869565217391	552	184	167	116	85
cen04_rplB_contig_28666_contig_28667	69.8296836982968	822	277	297	151	97
cen04_rplB_contig_29276_contig_29277	62.109375	768	243	234	174	117
cen04_rplB_contig_29558_contig_29559	70.5738705738706	819	284	294	146	95
cen04_rplB_contig_29826_contig_29827	41.7624521072797	783	192	135	223	233
cen04_rplB_contig_29934_contig_29935	61.8004866180049	822	265	243	189	125
cen04_rplB_contig_30346_contig_30347	66.0406885758998	639	217	205	123	94
cen04_rplB_contig_30878_contig_30879	65.9367396593674	822	271	271	166	114
cen04_rplB_contig_30894_contig_30895	69.9004975124378	804	280	282	150	92
cen04_rplB_contig_31104_contig_31105	61.81592039801	804	265	232	196	111
cen04_rplB_contig_31110_contig_31111	63.2352941176471	816	268	248	178	122
cen04_rplB_contig_31362_contig_31363	71.4111922141119	822	289	298	143	92
cen04_rplB_contig_31564_contig_31565	62.6225490196078	816	253	258	176	129
cen04_rplB_contig_31652_contig_31653	62.2386223862239	813	260	246	185	122
cen04_rplB_contig_31824_contig_31825	61.8872549019608	816	266	239	185	126
cen04_rplB_contig_32118_contig_32119	63.1386861313869	822	269	250	184	119
cen04_rplB_contig_32154_contig_32155	70.5596107055961	822	288	292	145	97
cen04_rplB_contig_32224_contig_32225	68.8806888068881	813	264	296	160	93
cen04_rplB_contig_32322_contig_32323	70.8029197080292	822	284	298	141	99
cen04_rplB_contig_32358_contig_32359	61.1788617886179	492	152	149	107	84
cen04_rplB_contig_32724_contig_32725	63.510101010101	792	244	259	166	123
cen04_rplB_contig_32742_contig_32743	69.9513381995134	822	282	293	151	96
cen04_rplB_contig_32784_contig_32785	70.6812652068127	822	293	288	143	98
cen04_rplB_contig_32928_contig_32929	67.3366834170854	597	197	205	114	81
cen04_rplB_contig_33026_contig_33027	64.4736842105263	456	169	125	91	71
cen04_rplB_contig_33050_contig_33051	61.6421568627451	816	258	245	185	128
cen04_rplB_contig_33116_contig_33117	57.6312576312576	819	232	240	194	153
cen04_rplB_contig_33282_contig_33283	61.8872549019608	816	278	227	184	127
cen04_rplB_contig_33480_contig_33481	60.3406326034063	822	265	231	194	132
cen04_rplB_contig_33508_contig_33509	64.8418491484185	822	244	289	169	120
cen04_rplB_contig_33528_contig_33529	62.5454545454545	825	278	238	183	126
cen04_rplB_contig_33538_contig_33539	62.0098039215686	816	263	243	184	126
cen04_rplB_contig_33768_contig_33769	63.2944228274968	771	261	227	160	123
cen04_rplB_contig_33796_contig_33797	68.8564476885645	822	272	294	163	93
cen04_rplB_contig_33814_contig_33815	61.0294117647059	816	259	239	190	128
cen04_rplB_contig_33822_contig_33823	62.1818181818182	825	275	238	188	124
cen04_rplB_contig_33842_contig_33843	60.6617647058824	816	263	232	186	135
cen04_rplB_contig_33884_contig_33885	61.6421568627451	816	252	251	181	132
cen04_rplB_contig_34188_contig_34189	62.7906976744186	645	202	203	138	102
cen04_rplB_contig_34206_contig_34207	66.3003663003663	819	252	291	162	114
cen04_rplB_contig_34218_contig_34219	63.5253054101222	573	179	185	119	90
cen04_rplB_contig_34222_contig_34223	66.3030303030303	825	255	292	167	111
cen04_rplB_contig_34382_contig_34383	62.1890547263682	804	269	231	194	110
cen04_rplB_contig_34400_contig_34401	65.0909090909091	825	282	255	166	122
cen04_rplB_contig_34444_contig_34445	62.6225490196078	816	275	236	188	117
cen04_rplB_contig_34544_contig_34545	62.6520681265207	822	276	239	197	110
cen04_rplB_contig_34578_contig_34579	62.1323529411765	816	276	231	199	110
cen04_rplB_contig_34606_contig_34607	61.5853658536585	492	166	137	118	71
cen04_rplB_contig_34612_contig_34613	62.5	816	264	246	190	116
cen04_rplB_contig_34810_contig_34811	63.7254901960784	816	275	245	175	121
cen04_rplB_contig_34840_contig_34841	66.1764705882353	816	284	256	172	104
cen04_rplB_contig_34884_contig_34885	62.3352165725047	531	172	159	104	96
cen04_rplB_contig_34928_contig_34929	62.3076923076923	780	251	235	183	111
cen04_rplB_contig_35024_contig_35025	70.9245742092457	822	284	299	141	98
cen04_rplB_contig_35090_contig_35091	69.2592592592593	810	261	300	158	91
cen04_rplB_contig_35538_contig_35539	70.9245742092457	822	286	297	147	92
cen04_rplB_contig_35614_contig_35615	71.2895377128954	822	289	297	142	94
cen04_rplB_contig_35722_contig_35723	61.9047619047619	819	259	248	189	123
cen04_rplB_contig_36222_contig_36223	68.3760683760684	819	265	295	159	100
cen04_rplB_contig_36414_contig_36415	71.5328467153285	822	294	294	143	91
cen04_rplB_contig_37222_contig_37223	63.1386861313869	822	274	245	189	114
cen04_rplB_contig_38018_contig_38019	59.6045197740113	708	225	197	163	123
cen04_rplB_contig_38932_contig_38933	63.2478632478633	819	250	268	170	131
cen04_rplB_contig_39708_contig_39709	66.0642570281125	498	178	151	98	71
cen04_rplB_contig_39710_contig_39711	65.3679653679654	462	149	153	87	73
cen04_rplB_contig_39972_contig_39973	66.4233576642336	822	264	282	172	104
cen04_rplB_contig_40068_contig_40069	62.7688172043011	744	242	225	169	108
cen04_rplB_contig_40842_contig_40843	61.8439716312057	705	232	204	153	116
cen04_rplB_contig_40862_contig_40863	65.1685393258427	534	179	169	111	75
cen04_rplB_contig_41628_contig_41629	74.3099787685775	471	182	168	74	47
cen04_rplB_contig_42512_contig_42513	68.8564476885645	822	261	305	163	93
cen04_rplB_contig_42766_contig_42767	68.9594356261023	567	187	204	107	69
cen04_rplB_contig_43098_contig_43099	70.5596107055961	822	286	294	141	101
cen04_rplB_contig_43276_contig_43277	71.1678832116788	822	289	296	142	95
cen04_rplB_contig_43594_contig_43595	72.6851851851852	648	227	244	109	68
cen04_rplB_contig_43620_contig_43621	63.0901287553648	699	244	197	146	112
cen04_rplB_contig_44000_contig_44001	68.9716312056738	564	186	203	107	68
cen04_rplB_contig_44060_contig_44061	62.3030303030303	825	278	236	193	118
cen04_rplB_contig_44790_contig_44791	61.5136876006441	621	213	169	141	98
cen04_rplB_contig_47762_contig_47763	71.5686274509804	714	263	248	130	73
cen04_rplB_contig_51242_contig_51243	63.6704119850187	534	195	145	120	74
cen04_rplB_contig_51692_contig_51693	71.7761557177616	822	304	286	151	81
cen04_rplB_contig_52208_contig_52209	70.962962962963	675	247	232	123	73
cen04_rplB_contig_53154_contig_53155	62.1399176954733	486	170	132	95	89
cen04_rplB_contig_53184_contig_53185	60.9865470852018	669	224	184	144	117
cen04_rplB_contig_53332_contig_53333	70.7025411061285	669	231	242	111	85
cen04_rplB_contig_53540_contig_53541	67.2566371681416	678	233	223	135	87
cen04_rplB_contig_53894_contig_53895	65.7458563535912	543	185	172	112	74
cen04_rplB_contig_54090_contig_54091	64.6258503401361	588	193	187	122	86
cen04_rplB_contig_54096_contig_54097	62.463768115942	690	222	209	145	114
cen04_rplB_contig_54106_contig_54107	69.5652173913043	483	177	159	97	50
cen04_rplB_contig_54306_contig_54307	68.6159844054581	513	184	168	98	63
cen04_rplB_contig_54818_contig_54819	66.0628019323672	828	266	281	186	95
cen04_rplB_contig_55798_contig_55799	65.4501216545012	822	253	285	168	116
cen04_rplB_contig_57130_contig_57131	60.9489051094891	822	269	232	191	130
cen04_rplB_contig_58094_contig_58095	63.0170316301703	822	278	240	186	118
cen04_rplB_contig_58662_contig_58663	66.3551401869159	642	222	204	131	85
cen04_rplB_contig_59350_contig_59351	63.4803921568627	816	234	284	177	121
cen04_rplB_contig_59384_contig_59385	68.7010954616588	639	216	223	113	87
cen04_rplB_contig_59400_contig_59401	64.8351648351648	819	247	284	164	124
cen04_rplB_contig_59496_contig_59497	65.0602409638554	498	169	155	108	66
cen04_rplB_contig_59588_contig_59589	65.1162790697674	516	178	158	108	72
cen04_rplB_contig_59820_contig_59821	66.1788617886179	615	216	191	122	86
cen04_rplB_contig_59970_contig_59971	63.4920634920635	819	253	267	170	129
cen04_rplB_contig_60418_contig_60419	70.3703703703704	459	167	156	88	48
cen04_rplB_contig_60488_contig_60489	44.5833333333333	480	126	88	152	114
cen04_rplB_contig_60958_contig_60959	63.5761589403973	453	151	137	91	74
cen04_rplB_contig_61904_contig_61905	66.025641025641	624	207	205	128	84
cen04_rplB_contig_62892_contig_62893	66.301703163017	822	274	271	170	107
cen04_rplB_contig_63368_contig_63369	67.515923566879	471	166	152	90	63
cen04_rplB_contig_63464_contig_63465	66.8549905838041	531	178	177	101	75
cen04_rplB_contig_63510_contig_63511	62.3052959501558	642	203	197	147	95
cen04_rplB_contig_63672_contig_63673	71.1678832116788	822	279	306	147	90
cen04_rplB_contig_63856_contig_63857	67.8832116788321	822	273	285	165	99
cen04_rplB_contig_63986_contig_63987	64.7130647130647	819	259	271	170	119
cen04_rplB_contig_64044_contig_64045	65.6862745098039	816	281	255	177	103
cen04_rplB_contig_64150_contig_64151	67.7777777777778	810	262	287	164	97
cen04_rplB_contig_64528_contig_64529	61.5789473684211	570	206	145	126	93
cen04_rplB_contig_64912_contig_64913	69.8296836982968	822	274	300	150	98
cen04_rplB_contig_64934_contig_64935	61.0705596107056	822	259	243	176	144
cen04_rplB_contig_65038_contig_65039	69.8216735253772	729	282	227	125	95
cen04_rplB_contig_65320_contig_65321	69.1086691086691	819	292	274	158	95
cen04_rplB_contig_65442_contig_65443	67.0309653916211	549	193	175	101	80
cen04_rplB_contig_65646_contig_65647	69.6859903381642	828	328	249	145	106
cen04_rplB_contig_66492_contig_66493	66.2337662337662	693	230	229	139	95
cen04_rplB_contig_66658_contig_66659	64.0625	576	173	196	122	85
cen04_rplB_contig_66668_contig_66669	58.3333333333333	576	163	173	140	100
cen04_rplB_contig_66716_contig_66717	64.6322378716745	639	214	199	134	92
cen04_rplB_contig_66884_contig_66885	70.8551483420593	573	195	211	105	62
cen04_rplB_contig_66938_contig_66939	66.3003663003663	819	246	297	163	113
cen04_rplB_contig_67204_contig_67205	63.3333333333333	570	173	188	118	91
cen04_rplB_contig_67340_contig_67341	70.2791461412151	609	210	218	102	79
cen04_rplB_contig_67486_contig_67487	62.962962962963	567	172	185	120	90
cen04_rplB_contig_67590_contig_67591	65.3136531365314	813	257	274	170	112
cen04_rplB_contig_67710_contig_67711	65.8056580565806	813	260	275	168	110
cen04_rplB_contig_67810_contig_67811	66.5454545454545	825	250	299	168	108
cen04_rplB_contig_68412_contig_68413	68.4895833333333	768	258	268	154	88
cen04_rplB_contig_68632_contig_68633	72.2943722943723	462	169	165	77	51
cen04_rplB_contig_68838_contig_68839	67.5883256528418	651	218	222	131	80
cen04_rplB_contig_68912_contig_68913	63.3744855967078	486	149	159	102	76
cen04_rplB_contig_69226_contig_69227	69.3121693121693	567	184	209	108	66
cen04_rplB_contig_69232_contig_69233	68.4895833333333	768	252	274	156	86
cen04_rplB_contig_69266_contig_69267	72.1649484536082	582	206	214	95	67
cen04_rplB_contig_69386_contig_69387	63.4556574923547	654	213	202	137	102
cen04_rplB_contig_69412_contig_69413	66.5445665445665	819	279	266	148	126
cen04_rplB_contig_69572_contig_69573	68.6067019400353	567	190	199	112	66
cen04_rplB_contig_69848_contig_69849	69.7080291970803	822	284	289	148	101
cen04_rplB_contig_69864_contig_69865	72.2868217054264	516	177	196	90	53
cen04_rplB_contig_69868_contig_69869	70.1946472019465	822	308	269	146	99
cen04_rplB_contig_70144_contig_70145	61.038961038961	462	136	146	104	76
cen04_rplB_contig_70662_contig_70663	67.8048780487805	615	201	216	114	84
cen04_rplB_contig_70694_contig_70695	68.5636856368564	738	251	255	133	99
cen04_rplB_contig_70810_contig_70811	67.3647469458988	573	191	195	109	78
cen04_rplB_contig_70940_contig_70941	65.5797101449275	552	173	189	108	82
cen04_rplB_contig_71234_contig_71235	61.7977528089888	534	163	167	110	94
cen04_rplB_contig_71276_contig_71277	63.9032815198618	579	175	195	119	90
cen04_rplB_contig_71944_contig_71945	71.3725490196078	510	196	168	88	58
cen04_rplB_contig_72114_contig_72115	67.5151515151515	825	279	278	159	109
cen04_rplB_contig_72132_contig_72133	67.7029360967185	579	196	196	109	78
cen04_rplB_contig_72150_contig_72151	68	825	280	281	159	105
cen04_rplB_contig_72174_contig_72175	68.1212121212121	825	280	282	159	104
cen04_rplB_contig_72456_contig_72457	69.9513381995134	822	272	303	148	99
cen04_rplB_contig_73022_contig_73023	67.2222222222222	540	191	172	105	72
cen04_rplB_contig_73482_contig_73483	69.1358024691358	567	182	210	108	67
cen04_rplB_contig_73678_contig_73679	63.3699633699634	819	254	265	168	132
cen04_rplB_contig_73788_contig_73789	62.7147766323024	582	174	191	122	95
cen04_rplB_contig_73996_contig_73997	66.0337552742616	474	159	154	96	65
cen04_rplB_contig_74060_contig_74061	71.4570858283433	501	168	190	88	55
cen04_rplB_contig_74076_contig_74077	62.5	552	170	175	112	95
cen04_rplB_contig_74134_contig_74135	64.2969984202212	633	192	215	136	90
cen04_rplB_contig_74316_contig_74317	66.8384879725086	582	176	213	111	82
cen04_rplB_contig_74350_contig_74351	68.1212121212121	825	277	285	158	105
cen04_rplB_contig_74354_contig_74355	69.061876247505	501	176	170	88	67
cen04_rplB_contig_74484_contig_74485	68	825	281	280	159	105
cen04_rplB_contig_74966_contig_74967	68.0555555555556	504	176	167	95	66
cen04_rplB_contig_75364_contig_75365	63.1469979296066	483	169	136	100	78
cen04_rplB_contig_75670_contig_75671	59.9756690997567	822	257	236	200	129
cen04_rplB_contig_75742_contig_75743	59.9756690997567	822	276	217	194	135
cen04_rplB_contig_75784_contig_75785	63.034188034188	468	159	136	100	73
cen04_rplB_contig_75812_contig_75813	61.4355231143552	822	275	230	196	121
cen04_rplB_contig_75886_contig_75887	61.7801047120419	573	197	157	126	93
cen04_rplB_contig_75890_contig_75891	60.6060606060606	561	198	142	125	96
cen04_rplB_contig_75946_contig_75947	62.5207296849088	603	207	170	133	93
cen04_rplB_contig_76026_contig_76027	61.2052730696798	531	178	147	121	85
cen04_rplB_contig_76086_contig_76087	59.963768115942	552	177	154	125	96
cen04_rplB_contig_76096_contig_76097	60.3406326034063	822	259	237	203	123
cen04_rplB_contig_76136_contig_76137	62.3030303030303	825	270	244	192	119
cen04_rplB_contig_76138_contig_76139	68.3870967741936	465	171	147	89	58
cen04_rplB_contig_76188_contig_76189	67.5874769797422	543	187	180	106	70
cen04_rplB_contig_76356_contig_76357	65.0406504065041	492	145	175	101	71
cen04_rplB_contig_76360_contig_76361	64.642375168691	741	248	231	156	106
cen04_rplB_contig_76454_contig_76455	66.1818181818182	825	254	292	166	113
cen04_rplB_contig_76572_contig_76573	64.1509433962264	477	155	151	91	80
cen04_rplB_contig_77096_contig_77097	64.8148148148148	486	157	158	111	60
cen04_rplB_contig_77114_contig_77115	62.4497991967871	498	170	141	112	75
cen04_rplB_contig_77130_contig_77131	67.3913043478261	828	271	287	175	95
cen04_rplB_contig_77204_contig_77205	60.7723577235772	492	149	150	108	85
cen04_rplB_contig_77226_contig_77227	66.3120567375886	564	175	199	119	71
cen04_rplB_contig_77276_contig_77277	60.6936416184971	519	161	154	114	90
cen04_rplB_contig_77328_contig_77329	65.2312599681021	627	194	215	141	77
cen04_rplB_contig_77460_contig_77461	65.4576856649395	579	176	203	124	76
cen04_rplB_contig_77510_contig_77511	64.2725598526704	543	190	159	119	75
cen04_rplB_contig_77554_contig_77555	65.4761904761905	588	185	200	122	81
cen04_rplB_contig_77582_contig_77583	67.6190476190476	525	166	189	105	65
cen04_rplB_contig_77830_contig_77831	69.6787148594377	498	167	180	93	58
cen04_rplB_contig_77888_contig_77889	59.8343685300207	483	138	151	112	82
cen04_rplB_contig_78112_contig_78113	65.1906519065191	813	266	264	167	116
cen04_rplB_contig_78290_contig_78291	71.654501216545	822	299	290	151	82
cen04_rplB_contig_78314_contig_78315	65.9367396593674	822	284	258	170	110
cen04_rplB_contig_78394_contig_78395	69.8412698412698	819	283	289	163	84
cen04_rplB_contig_78428_contig_78429	70.8180708180708	819	281	299	152	87
cen04_rplB_contig_78462_contig_78463	72.3935389133627	681	247	246	118	70
cen04_rplB_contig_78484_contig_78485	69.8039215686274	510	180	176	99	55
cen04_rplB_contig_78530_contig_78531	72.1014492753623	552	208	190	91	63
cen04_rplB_contig_78534_contig_78535	70.9401709401709	585	210	205	100	70
cen04_rplB_contig_78562_contig_78563	64.7058823529412	816	275	253	167	121
cen04_rplB_contig_78574_contig_78575	70.8061002178649	459	159	166	85	49
cen04_rplB_contig_78634_contig_78635	66.5024630541872	609	211	194	121	83
cen04_rplB_contig_78668_contig_78669	71.654501216545	822	302	287	150	83
cen04_rplB_contig_78680_contig_78681	66.5458937198068	828	267	284	172	105
cen04_rplB_contig_78704_contig_78705	68.9583333333333	480	182	149	92	57
cen04_rplB_contig_78984_contig_78985	63.3939393939394	825	274	249	188	114
cen04_rplB_contig_79010_contig_79011	63.1515151515151	825	276	245	184	120
cen04_rplB_contig_79016_contig_79017	68.4294871794872	624	210	217	115	82
cen04_rplB_contig_79126_contig_79127	70.2432045779685	699	254	237	126	82
cen04_rplB_contig_79202_contig_79203	67.9245283018868	477	160	164	94	59
cen04_rplB_contig_79256_contig_79257	63.8528138528139	462	150	145	101	66
cen04_rplB_contig_79292_contig_79293	60.4040404040404	495	148	151	120	76
cen04_rplB_contig_79300_contig_79301	68.2373472949389	573	192	199	106	76
cen04_rplB_contig_79422_contig_79423	59.1289782244556	597	169	184	145	99
cen04_rplB_contig_79820_contig_79821	63.7575757575758	825	278	248	186	113
cen04_rplB_contig_82198_contig_82199	65.2482269503546	564	185	183	119	77
cen04_rplB_contig_82232_contig_82233	67.5438596491228	798	272	267	152	107
cen04_rplB_contig_82422_contig_82423	67.6136363636364	528	178	179	104	67
cen04_rplB_contig_82574_contig_82575	67.7621283255086	639	218	215	120	86
cen04_rplB_contig_82786_contig_82787	63.8418079096045	531	188	151	114	78
cen04_rplB_contig_83086_contig_83087	62.2516556291391	453	154	128	103	68
cen04_rplB_contig_83902_contig_83903	70.0716845878136	558	177	214	104	63
cen04_rplB_contig_83978_contig_83979	62.9191321499014	507	160	159	106	82
cen04_rplB_contig_83980_contig_83981	61.5384615384615	819	258	246	179	136
cen04_rplB_contig_84026_contig_84027	61.6228070175439	456	142	139	98	77
cen04_rplB_contig_84094_contig_84095	63.953488372093	516	184	146	111	75
cen04_rplB_contig_84096_contig_84097	67.1023965141612	459	176	132	91	60
cen04_rplB_contig_84102_contig_84103	44.3762781186094	489	134	83	153	119
cen04_rplB_contig_84518_contig_84519	73.6969696969697	825	311	297	139	78
cen04_rplB_contig_84614_contig_84615	69.5495495495496	555	203	183	93	76
cen04_rplB_contig_84752_contig_84753	60.7064017660044	453	134	141	102	76
cen04_rplB_contig_85242_contig_85243	68.063872255489	501	161	180	94	66
cen04_rplB_contig_85802_contig_85803	71.7348927875244	513	175	193	92	53
cen04_rplB_contig_86202_contig_86203	67.5531914893617	564	193	188	109	74
cen04_rplB_contig_86364_contig_86365	65.6378600823045	486	164	155	95	72
cen04_rplB_contig_86458_contig_86459	68.6060606060606	825	280	286	158	101
cen04_rplB_contig_86492_contig_86493	68.4210526315789	798	271	275	152	100
cen04_rplB_contig_86564_contig_86565	63.09963099631	813	236	277	181	119
cen04_rplB_contig_86916_contig_86917	68.1081081081081	555	191	187	105	72
cen04_rplB_contig_86934_contig_86935	67.9911699779249	453	154	154	81	64
cen04_rplB_contig_86984_contig_86985	62.156862745098	510	164	153	121	72
cen04_rplB_contig_86986_contig_86987	67.8787878787879	495	166	170	93	66
cen04_rplB_contig_87054_contig_87055	68.6067019400353	567	195	194	105	73
cen04_rplB_contig_87076_contig_87077	66.0561660561661	819	254	287	163	115
cen04_rplB_contig_87220_contig_87221	64.5909645909646	819	255	274	165	125
cen04_rplB_contig_87228_contig_87229	66.4884135472371	561	178	195	109	79
cen04_rplB_contig_87390_contig_87391	67.7083333333333	480	161	164	93	62
cen04_rplB_contig_87426_contig_87427	64.1212121212121	825	250	279	175	121
cen04_rplB_contig_87920_contig_87921	65.0980392156863	510	155	177	107	71
cen04_rplB_contig_87940_contig_87941	62.7737226277372	822	264	252	186	120
cen04_rplB_contig_88006_contig_88007	67.9738562091503	612	195	221	124	72
cen04_rplB_contig_88016_contig_88017	62.6520681265207	822	264	251	195	112
cen04_rplB_contig_88022_contig_88023	65.2777777777778	720	222	248	145	105
cen04_rplB_contig_88044_contig_88045	63.9928698752228	561	164	195	118	84
cen04_rplB_contig_89442_contig_89443	64.983164983165	594	204	182	119	89
cen04_rplB_contig_89452_contig_89453	59.7575757575758	825	247	246	195	137
cen04_rplB_contig_89582_contig_89583	62.962962962963	459	140	149	104	66
cen04_rplB_contig_89706_contig_89707	62.0606060606061	825	281	231	188	125
cen04_rplB_contig_89710_contig_89711	68.8564476885645	822	276	290	158	98
cen04_rplB_contig_89804_contig_89805	64.1269841269841	630	185	219	134	92
cen04_rplB_contig_89892_contig_89893	61.6788321167883	822	274	233	193	122
cen04_rplB_contig_89968_contig_89969	65.7706093189964	558	175	192	108	83
cen04_rplB_contig_89986_contig_89987	70.1646090534979	486	167	174	91	54
cen04_rplB_contig_90166_contig_90167	59.6273291925466	483	146	142	111	84
cen04_rplB_contig_90168_contig_90169	70.0952380952381	525	169	199	98	59
cen04_rplB_contig_90580_contig_90581	65.6862745098039	510	159	176	98	77
cen04_rplB_contig_90830_contig_90831	59.9756690997567	822	269	224	193	136
cen04_rplB_contig_90890_contig_90891	69.7974217311234	543	184	195	99	65
cen04_rplB_contig_90964_contig_90965	68.6746987951807	498	175	167	93	63
cen04_rplB_contig_91124_contig_91125	66.8627450980392	510	161	180	96	73
cen04_rplB_contig_91520_contig_91521	74.2342342342342	555	219	193	90	53
cen04_rplB_contig_91522_contig_91523	75.1412429378531	531	215	184	88	44
cen04_rplB_contig_91568_contig_91569	68.3168316831683	606	197	217	123	69
cen04_rplB_contig_92634_contig_92635	65.9133709981168	531	190	160	107	74
cen04_rplB_contig_92714_contig_92715	68.4027777777778	576	202	192	104	78
cen04_rplB_contig_92798_contig_92799	57.4074074074074	540	162	148	125	105
cen04_rplB_contig_93122_contig_93123	65.3658536585366	615	185	217	123	90
cen04_rplB_contig_93332_contig_93333	66.8224299065421	642	214	215	117	96
cen04_rplB_contig_93338_contig_93339	63.2696390658174	471	143	155	101	72
cen04_rplB_contig_93358_contig_93359	66.0516605166052	813	258	279	169	107
cen04_rplB_contig_93448_contig_93449	67.9012345679012	567	194	191	107	75
cen04_rplB_contig_93534_contig_93535	68.7150837988827	537	173	196	110	58
cen04_rplB_contig_93544_contig_93545	65.6462585034014	588	183	203	124	78
cen04_rplB_contig_93584_contig_93585	65.0537634408602	558	175	188	108	87
cen04_rplB_contig_93592_contig_93593	69.4610778443114	501	176	172	84	69
cen04_rplB_contig_93686_contig_93687	68.8172043010753	558	193	191	105	69
cen04_rplB_contig_93974_contig_93975	60.6884057971015	552	189	146	128	89
cen04_rplB_contig_94098_contig_94099	64.2685851318945	834	285	251	174	124
cen04_rplB_contig_94892_contig_94893	68.6131386861314	822	271	293	161	97
cen04_rplB_contig_95024_contig_95025	64.7435897435897	468	146	157	95	70
cen04_rplB_contig_95054_contig_95055	43.1726907630522	498	133	82	155	128
cen04_rplB_contig_95238_contig_95239	67.3539518900344	582	185	207	114	76
cen04_rplB_contig_95266_contig_95267	65.5448717948718	624	193	216	122	93
cen04_rplB_contig_95348_contig_95349	63.8583638583639	819	261	262	166	130
cen04_rplB_contig_95406_contig_95407	70.6666666666667	525	183	188	85	69
cen04_rplB_contig_95420_contig_95421	63.2603406326034	822	271	249	186	116
cen04_rplB_contig_95422_contig_95423	74.0350877192982	570	221	201	96	52
cen04_rplB_contig_95456_contig_95457	63.6871508379888	537	180	162	105	90
cen04_rplB_contig_95486_contig_95487	67.2072072072072	555	176	197	105	77
cen04_rplB_contig_95656_contig_95657	60.6365159128978	597	191	171	134	101
cen04_rplB_contig_95676_contig_95677	68.9727463312369	477	158	171	92	56
cen04_rplB_contig_95714_contig_95715	63.1386861313869	822	260	259	182	121
cen04_rplB_contig_95744_contig_95745	62.5304136253041	822	286	228	194	114
cen04_rplB_contig_95790_contig_95791	70.0354609929078	564	177	218	102	67
cen04_rplB_contig_96094_contig_96095	70.0729927007299	822	295	281	149	97
cen04_rplB_contig_96476_contig_96477	69.1756272401434	558	195	191	106	66
cen04_rplB_contig_96492_contig_96493	68.270944741533	561	192	191	106	72
cen04_rplB_contig_96802_contig_96803	64.1711229946524	561	192	168	121	80
cen04_rplB_contig_96932_contig_96933	69.6078431372549	510	160	195	97	58
cen04_rplB_contig_97116_contig_97117	64.957264957265	468	148	156	91	73
cen04_rplB_contig_97122_contig_97123	73.0909090909091	825	316	287	138	84
cen04_rplB_contig_97156_contig_97157	71.1711711711712	555	202	193	91	69
cen04_rplB_contig_97380_contig_97381	60.2430555555556	576	178	169	138	91
cen04_rplB_contig_97510_contig_97511	66.0818713450292	684	227	225	137	95
cen04_rplB_contig_97568_contig_97569	63.921568627451	510	158	168	117	67
cen04_rplB_contig_97652_contig_97653	63.3578431372549	816	267	250	183	116
cen04_rplB_contig_97844_contig_97845	61.3026819923372	522	174	146	120	82
cen04_rplB_contig_98154_contig_98155	70.5555555555556	720	255	253	128	84
cen04_rplB_contig_98190_contig_98191	73.3333333333333	825	309	296	141	79
cen04_rplB_contig_98378_contig_98379	63.625304136253	822	242	281	176	123
cen04_rplB_contig_98404_contig_98405	71.8367346938775	735	243	285	124	83
cen04_rplB_contig_98720_contig_98721	64.8418491484185	822	286	247	179	110
cen04_rplB_contig_98874_contig_98875	71.654501216545	822	287	302	152	81
cen04_rplB_contig_99038_contig_99039	62.6409017713366	621	212	177	144	88
cen04_rplB_contig_99132_contig_99133	61.0544217687075	588	196	163	138	91
cen04_rplB_contig_99184_contig_99185	61.6788321167883	822	271	236	193	122
cen04_rplB_contig_99246_contig_99247	62.043795620438	822	277	233	190	122
cen04_rplB_contig_99416_contig_99417	62.5304136253041	822	274	240	189	119
cen04_rplB_contig_99548_contig_99549	68.3908045977011	522	176	181	102	63
cen04_rplB_contig_99594_contig_99595	60.9489051094891	822	264	237	195	126
cen04_rplB_contig_99686_contig_99687	62.0634920634921	630	210	181	141	98
cen04_rplB_contig_99706_contig_99707	69.4545454545455	825	295	278	160	92
cen04_rplB_contig_99878_contig_99879	68.3333333333333	480	169	159	93	59
cen04_rplB_contig_99920_contig_99921	60.3406326034063	822	259	237	195	131
cen04_rplB_contig_100098_contig_100099	68.978102189781	822	275	292	159	96
cen04_rplB_contig_100168_contig_100169	71.2056737588652	705	241	261	121	82
cen04_rplB_contig_100338_contig_100339	68.3109118086697	669	230	227	126	86
cen04_rplB_contig_100408_contig_100409	62.4087591240876	822	276	237	196	113
cen04_rplB_contig_100474_contig_100475	73.8095238095238	630	246	219	104	61
cen04_rplB_contig_100820_contig_100821	69.2214111922141	822	277	292	156	97
cen04_rplB_contig_100862_contig_100863	64.1119221411192	822	269	258	189	106
cen04_rplB_contig_101270_contig_101271	68.8131313131313	792	280	265	143	104
cen04_rplB_contig_101366_contig_101367	71.654501216545	822	286	303	150	83
cen04_rplB_contig_101786_contig_101787	67.9012345679012	486	156	174	97	59
cen04_rplB_contig_101802_contig_101803	73.1623931623932	585	222	206	100	57
cen04_rplB_contig_101872_contig_101873	73.4545454545455	825	309	297	139	80
cen04_rplB_contig_101938_contig_101939	70.0716845878136	558	188	203	93	74
cen04_rplB_contig_102158_contig_102159	63.1386861313869	822	282	237	190	113
cen04_rplB_contig_103156_contig_103157	69.0997566909976	822	276	292	158	96
cen04_rplB_contig_103168_contig_103169	65.0641025641026	624	198	208	125	93
cen04_rplB_contig_103400_contig_103401	69.6124031007752	645	206	243	119	77
cen04_rplB_contig_103410_contig_103411	66.6666666666667	465	136	174	94	61
cen04_rplB_contig_103546_contig_103547	68.7347931873479	822	279	286	156	101
cen04_rplB_contig_103576_contig_103577	69.2214111922141	822	275	294	153	100
cen04_rplB_contig_103684_contig_103685	66.9126691266913	813	268	276	164	105
cen04_rplB_contig_103940_contig_103941	68.8564476885645	822	273	293	156	100
cen04_rplB_contig_103954_contig_103955	69.4749694749695	819	277	292	158	92
cen04_rplB_contig_105096_contig_105097	69.5757575757576	825	291	283	157	94
cen04_rplB_contig_105100_contig_105101	68.4914841849148	822	273	290	160	99
cen04_rplB_contig_105226_contig_105227	67.1023965141612	459	151	157	90	61
cen04_rplB_contig_106168_contig_106169	69.281045751634	612	212	212	113	75
cen04_rplB_contig_107550_contig_107551	63.6015325670498	783	269	229	177	108
cen04_rplB_contig_107604_contig_107605	62.8953771289538	822	268	249	189	116
cen04_rplB_contig_108636_contig_108637	69.0476190476191	630	213	222	120	75
cen04_rplB_contig_108778_contig_108779	67.5716440422323	663	222	226	126	89
cen04_rplB_contig_109084_contig_109085	61.9607843137255	510	165	151	108	86
cen04_rplB_contig_109182_contig_109183	62.4087591240876	822	275	238	196	113
cen04_rplB_contig_109256_contig_109257	68.3636363636364	825	278	286	159	102
cen04_rplB_contig_109308_contig_109309	68.1089743589744	624	216	209	118	81
cen04_rplB_contig_109658_contig_109659	70.0729927007299	822	291	285	151	95
cen04_rplB_contig_109776_contig_109777	67.1497584541063	828	274	282	173	99
cen04_rplB_contig_110710_contig_110711	70.6060606060606	660	244	222	115	79
cen04_rplB_contig_110954_contig_110955	69.6969696969697	825	294	281	157	93
cen04_rplB_contig_111186_contig_111187	65.9286592865929	813	261	275	168	109
cen04_rplB_contig_111242_contig_111243	70.6060606060606	660	225	241	117	77
cen04_rplB_contig_111338_contig_111339	68.4914841849148	822	271	292	157	102
cen04_rplB_contig_111364_contig_111365	70.7207207207207	666	233	238	115	80
cen04_rplB_contig_111448_contig_111449	69.2424242424242	660	223	234	123	80
cen04_rplB_contig_111562_contig_111563	61.4355231143552	822	266	239	197	120
cen04_rplB_contig_111564_contig_111565	69.5075757575758	528	194	173	89	72
cen04_rplB_contig_111640_contig_111641	66.5024630541872	609	210	195	127	77
cen04_rplB_contig_111818_contig_111819	70.2970297029703	606	195	231	111	69
cen04_rplB_contig_111898_contig_111899	68.8564476885645	822	274	292	161	95
cen04_rplB_contig_111938_contig_111939	62.4579124579125	594	199	172	139	84
cen04_rplB_contig_112150_contig_112151	59.0854392298436	831	263	228	189	151
cen04_rplB_contig_112352_contig_112353	63.0116959064327	684	238	193	151	102
cen04_rplB_contig_112388_contig_112389	68.1265206812652	822	262	298	165	97
cen04_rplB_contig_112408_contig_112409	69.1086691086691	819	276	290	157	96
cen04_rplB_contig_112524_contig_112525	55.3366174055829	609	168	169	152	120
cen04_rplB_contig_112580_contig_112581	68.3698296836983	822	259	303	165	95
cen04_rplB_contig_112588_contig_112589	66.0516605166052	813	257	280	166	110
cen04_rplB_contig_112614_contig_112615	69.2982456140351	798	277	276	148	97
cen04_rplB_contig_112758_contig_112759	51.3089005235602	573	157	137	155	124
cen04_rplB_contig_112796_contig_112797	64.520202020202	792	252	259	179	102
cen04_rplB_contig_112930_contig_112931	68.1265206812652	822	268	292	167	95
cen04_rplB_contig_113108_contig_113109	71.1711711711712	555	193	202	89	71
cen04_rplB_contig_113520_contig_113521	67.6328502415459	828	271	289	172	96
cen04_rplB_contig_113546_contig_113547	70.5426356589147	774	275	271	138	90
cen04_rplB_contig_113604_contig_113605	68.4895833333333	768	249	277	158	84
cen04_rplB_contig_113662_contig_113663	65.0724637681159	690	214	235	136	105
cen04_rplB_contig_113756_contig_113757	67.1497584541063	828	272	284	175	97
cen04_rplB_contig_113776_contig_113777	64.7435897435897	468	147	156	95	70
cen04_rplB_contig_113786_contig_113787	63.8480392156863	816	270	251	181	114
cen04_rplB_contig_114048_contig_114049	70.2093397745572	621	198	238	116	69
cen04_rplB_contig_114092_contig_114093	65.2312599681021	627	223	186	133	85
cen04_rplB_contig_114196_contig_114197	63.6029411764706	816	270	249	185	112
cen04_rplB_contig_115878_contig_115879	71.031746031746	756	258	279	134	85
cen04_rplB_contig_116080_contig_116081	70.8141321044547	651	235	226	116	74
cen04_rplB_contig_116202_contig_116203	69.2307692307692	624	213	219	112	80
cen04_rplB_contig_116212_contig_116213	63.5313531353135	606	193	192	135	86
cen04_rplB_contig_116238_contig_116239	71.654501216545	822	289	300	149	84
cen04_rplB_contig_116826_contig_116827	68.978102189781	822	272	295	158	97
cen04_rplB_contig_116860_contig_116861	72.0194647201946	822	288	304	151	79
cen04_rplB_contig_116892_contig_116893	59.0686274509804	816	254	228	198	136
cen04_rplB_contig_117256_contig_117257	62.312925170068	735	235	223	153	124
cen04_rplB_contig_117570_contig_117571	68.7654320987654	810	266	291	156	97
cen04_rplB_contig_117874_contig_117875	58.719646799117	453	135	131	100	87
cen04_rplB_contig_118442_contig_118443	71.6239316239316	585	205	214	96	70
cen04_rplB_contig_118794_contig_118795	69.3069306930693	606	209	211	110	76
cen04_rplB_contig_119028_contig_119029	70.5738705738706	819	287	291	148	93
cen04_rplB_contig_119426_contig_119427	71.0622710622711	819	279	303	152	85
cen04_rplB_contig_120468_contig_120469	63.5036496350365	822	277	245	191	109
cen04_rplB_contig_122034_contig_122035	69.7503671071953	681	217	258	126	80
cen04_rplB_contig_122186_contig_122187	70.8029197080292	822	290	292	144	96
cen04_rplB_contig_122332_contig_122333	70.4379562043796	822	287	292	147	96
cen04_rplB_contig_123152_contig_123153	67.7506775067751	738	241	259	143	95
cen04_rplB_contig_123572_contig_123573	71.7687074829932	588	205	217	98	68
cen04_rplB_contig_123666_contig_123667	71.0462287104623	822	287	297	150	88
cen04_rplB_contig_123722_contig_123723	71.3178294573643	774	269	283	142	80
cen04_rplB_contig_123768_contig_123769	72.4	750	268	275	134	73
cen04_rplB_contig_123860_contig_123861	71.4111922141119	822	290	297	149	86
cen04_rplB_contig_123998_contig_123999	64.4688644688645	819	253	275	167	124
cen04_rplB_contig_124072_contig_124073	70.9245742092457	822	291	292	151	88
cen04_rplB_contig_124190_contig_124191	70.0740740740741	675	232	241	127	75
cen04_rplB_contig_124536_contig_124537	71.0462287104623	822	295	289	144	94
cen04_rplB_contig_124752_contig_124753	71.0462287104623	822	296	288	146	92
cen04_rplB_contig_124996_contig_124997	72.2627737226277	822	293	301	147	81
cen04_rplB_contig_125402_contig_125403	70.8180708180708	819	283	297	156	83
cen04_rplB_contig_126092_contig_126093	71.8978102189781	822	295	296	148	83
cen04_rplB_contig_126266_contig_126267	70.0729927007299	822	307	269	142	104
cen04_rplB_contig_126738_contig_126739	71.3064713064713	819	286	298	151	84
cen04_rplB_contig_127158_contig_127159	70.316301703163	822	286	292	148	96
cen04_rplB_contig_127214_contig_127215	71.5328467153285	822	290	298	149	85
cen04_rplB_contig_127282_contig_127283	69.4647201946472	822	295	276	153	98
cen04_rplB_contig_127290_contig_127291	69.1086691086691	819	289	277	153	100
cen04_rplB_contig_127366_contig_127367	65.3235653235653	819	248	287	163	121
cen04_rplB_contig_127454_contig_127455	71.6524216524217	702	250	253	120	79
cen04_rplB_contig_127484_contig_127485	62.7525252525253	792	248	249	183	112
cen04_rplB_contig_127508_contig_127509	61.6788321167883	822	262	245	196	119
cen04_rplB_contig_127582_contig_127583	61.0909090909091	825	271	233	192	129
cen04_rplB_contig_127586_contig_127587	61.4355231143552	822	267	238	193	124
cen04_rplB_contig_127592_contig_127593	69.5863746958638	822	279	293	153	97
cen04_rplB_contig_127678_contig_127679	71.3245997088792	687	240	250	132	65
cen04_rplB_contig_127690_contig_127691	70.1946472019465	822	285	292	149	96
cen04_rplB_contig_127702_contig_127703	69.2214111922141	822	276	293	156	97
cen04_rplB_contig_127732_contig_127733	70.1946472019465	822	284	293	148	97
cen04_rplB_contig_128058_contig_128059	65.0666666666667	750	238	250	147	115
cen04_rplB_contig_128092_contig_128093	65.0793650793651	819	249	284	164	122
cen04_rplB_contig_128670_contig_128671	69.8412698412698	756	259	269	145	83
cen04_rplB_contig_128754_contig_128755	69.2307692307692	585	199	206	108	72
cen04_rplB_contig_128778_contig_128779	71.6253443526171	726	254	266	131	75
cen04_rplB_contig_128870_contig_128871	66.4141414141414	792	241	285	154	112
cen04_rplB_contig_128922_contig_128923	61.4873837981408	753	252	211	173	117
cen04_rplB_contig_128972_contig_128973	72.2627737226277	822	293	301	148	80
cen04_rplB_contig_129216_contig_129217	69.5817490494297	789	281	268	144	96
cen04_rplB_contig_129368_contig_129369	70.1946472019465	822	286	291	149	96
cen04_rplB_contig_129452_contig_129453	70.4379562043796	822	284	295	151	92
cen04_rplB_contig_129470_contig_129471	70.0729927007299	822	292	284	150	96
cen04_rplB_contig_129766_contig_129767	70.8029197080292	822	286	296	147	93
cen04_rplB_contig_130590_contig_130591	67.1532846715328	822	269	283	169	101
cen04_rplB_contig_130634_contig_130635	67.8385416666667	768	254	267	158	89
cen04_rplB_contig_130682_contig_130683	70.4517704517705	819	287	290	149	93
cen04_rplB_contig_130746_contig_130747	67.512077294686	828	273	286	173	96
cen04_rplB_contig_130770_contig_130771	66.4251207729469	828	270	280	171	107
cen04_rplB_contig_130790_contig_130791	66.4251207729469	828	271	279	178	100
cen04_rplB_contig_130796_contig_130797	67.2705314009662	828	267	290	173	98
cen04_rplB_contig_130858_contig_130859	68.1333333333333	750	251	260	155	84
cen04_rplB_contig_130884_contig_130885	68.5323383084577	804	270	281	162	91
cen04_rplB_contig_131126_contig_131127	66.010498687664	762	233	270	151	108
cen04_rplB_contig_131150_contig_131151	67.2771672771673	819	283	268	160	108
cen04_rplB_contig_131202_contig_131203	70.2075702075702	819	281	294	162	82
cen04_rplB_contig_131684_contig_131685	68.4895833333333	768	257	269	157	85
cen04_rplB_contig_132814_contig_132815	64.5909645909646	819	257	272	163	127
cen04_rplB_contig_133188_contig_133189	69.4308943089431	615	207	220	107	81
cen04_rplB_contig_133224_contig_133225	71.3561470215463	789	286	277	135	91
cen04_rplB_contig_133264_contig_133265	65.2985074626866	804	248	277	166	113
cen04_rplB_contig_133292_contig_133293	70.8994708994709	756	268	268	137	83
cen04_rplB_contig_133958_contig_133959	71.8978102189781	822	290	301	148	83
cen04_rplB_contig_133998_contig_133999	61.5571776155718	822	262	244	174	142
cen04_rplB_contig_134030_contig_134031	72.3844282238443	822	291	304	146	81
cen04_rplB_contig_134144_contig_134145	67.1875	768	254	262	154	98
cen04_rplB_contig_134408_contig_134409	65.6126482213439	759	235	263	148	113
cen04_rplB_contig_134546_contig_134547	70.2075702075702	819	281	294	163	81
cen04_rplB_contig_134702_contig_134703	64.2424242424242	825	253	277	171	124
cen04_rplB_contig_134736_contig_134737	70.3296703296703	819	283	293	161	82
cen04_rplB_contig_134810_contig_134811	70.1946472019465	822	287	290	150	95
cen04_rplB_contig_134970_contig_134971	68.3636363636364	825	277	287	155	106
cen04_rplB_contig_135920_contig_135921	65.3136531365314	813	258	273	170	112
cen04_rplB_contig_135942_contig_135943	70.0854700854701	819	283	291	164	81
cen04_rplB_contig_136108_contig_136109	70.5596107055961	822	288	292	146	96
cen04_rplB_contig_136576_contig_136577	70.5738705738706	819	282	296	160	81
cen04_rplB_contig_136590_contig_136591	70.4517704517705	819	280	297	161	81
cen04_rplB_contig_136614_contig_136615	70.3296703296703	819	281	295	161	82
cen04_rplB_contig_136902_contig_136903	69.8296836982968	822	271	303	148	100
cen04_rplB_contig_137152_contig_137153	65.5677655677656	819	251	286	162	120
cen04_rplB_contig_137258_contig_137259	65.2014652014652	819	249	285	163	122
