ID	% GCContent	Total Count	G Count	C Count	A Count	T Count
cen03_acr3_contig_272_contig_273	53.918791312559	1059	287	284	173	315
cen03_acr3_contig_714_contig_715	57.8483245149912	567	170	158	89	150
cen03_acr3_contig_802_contig_803	54.7495682210708	579	158	159	93	169
cen03_acr3_contig_856_contig_857	60.4105571847507	1023	318	300	157	248
cen03_acr3_contig_1086_contig_1087	65.2991452991453	585	175	207	83	120
cen03_acr3_contig_1238_contig_1239	53.0020703933747	483	133	123	90	137
cen03_acr3_contig_1382_contig_1383	59.5959595959596	891	261	270	126	234
cen03_acr3_contig_1558_contig_1559	53.6926147704591	501	136	133	86	146
cen03_acr3_contig_1952_contig_1953	52.2705314009662	1035	276	265	178	316
cen03_acr3_contig_2524_contig_2525	56.5302144249513	513	144	146	76	147
cen03_acr3_contig_2896_contig_2897	52.3121387283237	1038	279	264	198	297
cen03_acr3_contig_4950_contig_4951	56.8862275449102	501	150	135	76	140
cen03_acr3_contig_6134_contig_6135	58.4415584415584	462	131	139	70	122
cen03_acr3_contig_8256_contig_8257	58.1622678396872	1023	275	320	165	263
cen03_acr3_contig_10370_contig_10371	60.9467455621302	507	127	182	60	138
cen03_acr3_contig_12810_contig_12811	55.0724637681159	483	132	134	75	142
cen03_acr3_contig_14082_contig_14083	53.3333333333333	465	132	116	74	143
cen03_acr3_contig_15728_contig_15729	53.1202435312024	657	191	158	117	191
cen03_acr3_contig_16778_contig_16779	60.2962962962963	675	187	220	93	175
cen03_acr3_contig_17100_contig_17101	55.1490514905149	738	204	203	127	204
cen03_acr3_contig_17224_contig_17225	63.7037037037037	810	253	263	108	186
cen03_acr3_contig_17320_contig_17321	53.6303630363036	606	158	167	101	180
cen03_acr3_contig_17640_contig_17641	55.2677029360967	579	160	160	91	168
cen03_acr3_contig_17804_contig_17805	52.437417654809	759	205	193	122	239
cen03_acr3_contig_17992_contig_17993	60.0790513833992	759	215	241	122	181
cen03_acr3_contig_18406_contig_18407	51.2295081967213	732	198	177	141	216
cen03_acr3_contig_18926_contig_18927	53.6434108527132	645	167	179	119	180
cen03_acr3_contig_19294_contig_19295	55.6818181818182	528	140	154	93	141
cen03_acr3_contig_20938_contig_20939	54.7307132459971	687	192	184	115	196
cen03_acr3_contig_20958_contig_20959	66.1764705882353	612	211	194	72	135
cen03_acr3_contig_21096_contig_21097	59.1269841269841	504	150	148	84	122
cen03_acr3_contig_21158_contig_21159	51.03668261563	627	168	152	106	201
cen03_acr3_contig_21320_contig_21321	66.6666666666667	597	205	193	69	130
cen03_acr3_contig_21364_contig_21365	62.4790619765494	597	184	189	82	142
cen03_acr3_contig_21390_contig_21391	68.8888888888889	585	203	200	66	116
cen03_acr3_contig_21434_contig_21435	55.0091074681239	549	155	147	96	151
cen03_acr3_contig_21808_contig_21809	66.8402777777778	576	187	198	72	119
cen03_acr3_contig_22530_contig_22531	66.6666666666667	606	199	205	68	134
cen03_acr3_contig_22532_contig_22533	67.3575129533679	579	190	200	70	119
cen03_acr3_contig_23088_contig_23089	58.0777096114519	489	144	140	75	130
cen03_acr3_contig_23358_contig_23359	60.2914389799636	549	152	179	87	131
cen03_acr3_contig_23626_contig_23627	54.1125541125541	462	138	112	85	127
cen03_acr3_contig_23672_contig_23673	51.1013215859031	681	179	169	117	216
cen03_acr3_contig_24614_contig_24615	66.0531697341513	489	167	156	68	98
cen03_acr3_contig_29184_contig_29185	51.3849092645654	1047	278	260	200	309
cen03_acr3_contig_36612_contig_36613	53.8986354775828	1026	293	260	179	294
cen03_acr3_contig_38692_contig_38693	60.4735883424408	549	153	179	85	132
cen03_acr3_contig_39016_contig_39017	65	480	145	167	65	103
cen03_acr3_contig_39138_contig_39139	60.8863198458574	1038	330	302	149	257
cen03_acr3_contig_39362_contig_39363	66.4902998236332	567	185	192	66	124
cen03_acr3_contig_39388_contig_39389	65.0877192982456	570	176	195	72	127
cen03_acr3_contig_39720_contig_39721	66.1290322580645	558	177	192	71	118
cen03_acr3_contig_39728_contig_39729	66.0493827160494	486	153	168	57	108
cen03_acr3_contig_39746_contig_39747	64.6630236794171	549	178	177	67	127
cen03_acr3_contig_39798_contig_39799	64.2611683848797	582	187	187	73	135
cen03_acr3_contig_41678_contig_41679	62.1468926553672	531	165	165	75	126
cen03_acr3_contig_42394_contig_42395	58.2104228121927	1017	307	285	165	260
