ID	% GCContent	Total Count	G Count	C Count	A Count	T Count
cen03_arsM_contig_14_contig_15	58.364312267658	807	227	244	193	143
cen03_arsM_contig_28_contig_29	58.2403965303594	807	227	243	194	143
cen03_arsM_contig_36_contig_37	60.0250626566416	798	262	217	163	156
cen03_arsM_contig_38_contig_39	63.1127450980392	816	213	302	173	128
cen03_arsM_contig_44_contig_45	58.8972431077694	798	242	228	172	156
cen03_arsM_contig_172_contig_173	59.4871794871795	780	253	211	162	154
cen03_arsM_contig_174_contig_175	57.2681704260652	798	265	192	178	163
cen03_arsM_contig_178_contig_179	54.5808966861598	513	156	124	114	119
cen03_arsM_contig_278_contig_279	57.089552238806	804	244	215	178	167
cen03_arsM_contig_512_contig_513	54.6511627906977	774	231	192	188	163
cen03_arsM_contig_576_contig_577	54.0740740740741	810	240	198	185	187
cen03_arsM_contig_632_contig_633	56.25	528	171	126	111	120
cen03_arsM_contig_648_contig_649	57.0921985815603	564	165	157	127	115
cen03_arsM_contig_674_contig_675	59.577677224736	663	211	184	139	129
cen03_arsM_contig_688_contig_689	56.6294919454771	807	255	202	164	186
cen03_arsM_contig_710_contig_711	60.6837606837607	585	193	162	107	123
cen03_arsM_contig_734_contig_735	70.4011065006916	723	285	224	107	107
cen03_arsM_contig_822_contig_823	57.4509803921569	510	173	120	101	116
cen03_arsM_contig_836_contig_837	64.484126984127	504	176	149	92	87
cen03_arsM_contig_888_contig_889	69.8484848484848	660	235	226	100	99
cen03_arsM_contig_896_contig_897	61.3382899628253	807	256	239	161	151
cen03_arsM_contig_932_contig_933	59.5092024539877	489	161	130	93	105
cen03_arsM_contig_936_contig_937	59.1760299625468	801	254	220	174	153
cen03_arsM_contig_946_contig_947	72.3646723646724	702	276	232	97	97
cen03_arsM_contig_962_contig_963	59.3589743589744	780	252	211	164	153
cen03_arsM_contig_1056_contig_1057	70.6777316735823	723	284	227	110	102
cen03_arsM_contig_1102_contig_1103	63.3903133903134	702	223	222	137	120
cen03_arsM_contig_1146_contig_1147	60.3636363636364	825	314	184	180	147
cen03_arsM_contig_1184_contig_1185	62.8623188405797	552	183	164	100	105
cen03_arsM_contig_1194_contig_1195	60.3636363636364	825	315	183	180	147
cen03_arsM_contig_1202_contig_1203	59.7597597597598	666	184	214	136	132
cen03_arsM_contig_1228_contig_1229	64.4025157232704	795	271	241	150	133
cen03_arsM_contig_1230_contig_1231	67.7860696517413	804	280	265	131	128
cen03_arsM_contig_1638_contig_1639	60.2254428341385	621	212	162	122	125
cen03_arsM_contig_1740_contig_1741	60.3636363636364	825	317	181	178	149
cen03_arsM_contig_1750_contig_1751	60.3636363636364	825	313	185	178	149
cen03_arsM_contig_1774_contig_1775	58.974358974359	663	216	175	145	127
cen03_arsM_contig_1780_contig_1781	60	570	179	163	113	115
cen03_arsM_contig_1794_contig_1795	70.1666666666667	600	232	189	92	87
cen03_arsM_contig_1796_contig_1797	63.6926889714994	807	282	232	149	144
cen03_arsM_contig_1800_contig_1801	59.4444444444444	540	181	140	108	111
cen03_arsM_contig_1802_contig_1803	60.1212121212121	825	314	182	179	150
cen03_arsM_contig_1808_contig_1809	58.4291187739464	522	164	141	110	107
cen03_arsM_contig_1824_contig_1825	44.5086705202312	519	133	98	157	131
cen03_arsM_contig_1844_contig_1845	59.2865928659287	813	205	277	181	150
cen03_arsM_contig_1894_contig_1895	67.2447013487476	519	169	180	83	87
cen03_arsM_contig_1916_contig_1917	65.7848324514991	567	192	181	92	102
cen03_arsM_contig_1944_contig_1945	65.9300184162063	543	176	182	88	97
cen03_arsM_contig_2044_contig_2045	59.6813725490196	816	243	244	164	165
cen03_arsM_contig_2060_contig_2061	58.0829756795422	699	243	163	146	147
cen03_arsM_contig_2062_contig_2063	61.9259259259259	675	225	193	133	124
cen03_arsM_contig_2092_contig_2093	57.3383084577114	804	267	194	173	170
cen03_arsM_contig_2132_contig_2133	68.732782369146	726	285	214	115	112
cen03_arsM_contig_2156_contig_2157	58.2539682539683	630	175	192	126	137
cen03_arsM_contig_2172_contig_2173	62.8828828828829	555	192	157	111	95
cen03_arsM_contig_2298_contig_2299	62.8395061728395	810	279	230	171	130
cen03_arsM_contig_2394_contig_2395	61.9456366237482	699	191	242	154	112
cen03_arsM_contig_2490_contig_2491	71.2522045855379	567	206	198	81	82
cen03_arsM_contig_2534_contig_2535	60.1809954751131	663	193	206	145	119
cen03_arsM_contig_2544_contig_2545	55.3228621291449	573	182	135	133	123
cen03_arsM_contig_2574_contig_2575	59.6858638743456	573	180	162	125	106
cen03_arsM_contig_2596_contig_2597	59.6190476190476	525	158	155	114	98
cen03_arsM_contig_2680_contig_2681	59.9309153713299	579	191	156	117	115
cen03_arsM_contig_2728_contig_2729	58.9838909541512	807	266	210	170	161
cen03_arsM_contig_2782_contig_2783	65.5394524959742	621	230	177	102	112
cen03_arsM_contig_3136_contig_3137	75.886524822695	564	226	202	62	74
cen03_arsM_contig_3146_contig_3147	58.3756345177665	591	160	185	128	118
cen03_arsM_contig_3268_contig_3269	65.5826558265583	738	257	227	123	131
cen03_arsM_contig_3282_contig_3283	65.9090909090909	660	230	205	111	114
cen03_arsM_contig_3306_contig_3307	56.7073170731707	492	168	111	112	101
cen03_arsM_contig_3346_contig_3347	56.3131313131313	792	237	209	176	170
cen03_arsM_contig_3368_contig_3369	62.8787878787879	660	171	244	139	106
cen03_arsM_contig_3422_contig_3423	59.6424010217114	783	247	220	160	156
cen03_arsM_contig_3452_contig_3453	61.358024691358	810	256	241	164	149
cen03_arsM_contig_3580_contig_3581	65.4320987654321	486	165	153	81	87
cen03_arsM_contig_4126_contig_4127	65.843621399177	486	166	154	80	86
cen03_arsM_contig_4322_contig_4323	62.5621890547264	804	263	240	155	146
cen03_arsM_contig_4426_contig_4427	56.3432835820896	804	241	212	189	162
cen03_arsM_contig_4712_contig_4713	66.4814814814815	540	185	174	100	81
cen03_arsM_contig_4906_contig_4907	60.6741573033708	534	174	150	106	104
cen03_arsM_contig_5052_contig_5053	58.7064676616915	804	277	195	177	155
cen03_arsM_contig_5062_contig_5063	63.6904761904762	504	175	146	83	100
cen03_arsM_contig_5228_contig_5229	63.4317862165963	711	227	224	135	125
cen03_arsM_contig_5296_contig_5297	56.2189054726368	804	245	207	184	168
cen03_arsM_contig_5374_contig_5375	58.1481481481481	810	258	213	180	159
cen03_arsM_contig_5418_contig_5419	60.6365159128978	597	183	179	122	113
cen03_arsM_contig_5776_contig_5777	59.7883597883598	567	171	168	126	102
cen03_arsM_contig_5832_contig_5833	68.9189189189189	666	236	223	109	98
cen03_arsM_contig_6328_contig_6329	67.3027989821883	786	271	258	130	127
cen03_arsM_contig_6678_contig_6679	68.0392156862745	510	165	182	88	75
cen03_arsM_contig_7114_contig_7115	68.1818181818182	528	166	194	94	74
cen03_arsM_contig_7614_contig_7615	58.9887640449438	534	157	158	114	105
cen03_arsM_contig_8160_contig_8161	59.8787878787879	825	315	179	183	148
cen03_arsM_contig_8642_contig_8643	68.0555555555556	504	180	163	84	77
cen03_arsM_contig_9166_contig_9167	68.9308176100629	795	279	269	129	118
cen03_arsM_contig_9770_contig_9771	60.1212121212121	825	273	223	178	151
cen03_arsM_contig_9970_contig_9971	59.3137254901961	816	248	236	171	161
cen03_arsM_contig_12180_contig_12181	59.8039215686275	816	243	245	164	164
cen03_arsM_contig_12198_contig_12199	60.4288499025341	513	123	187	127	76
cen03_arsM_contig_13108_contig_13109	60.1212121212121	825	316	180	180	149
cen03_arsM_contig_14630_contig_14631	62.0481927710843	498	179	130	98	91
cen03_arsM_contig_15924_contig_15925	69.5652173913043	552	205	179	85	83
cen03_arsM_contig_16028_contig_16029	69.2982456140351	798	289	264	129	116
cen03_arsM_contig_16530_contig_16531	62.5178826895565	699	230	207	131	131
cen03_arsM_contig_17050_contig_17051	55.4192229038855	489	148	123	116	102
cen03_arsM_contig_17248_contig_17249	60	510	167	139	117	87
cen03_arsM_contig_17370_contig_17371	59.4968553459119	795	243	230	165	157
cen03_arsM_contig_17548_contig_17549	57.8732106339468	489	153	130	112	94
cen03_arsM_contig_17926_contig_17927	60.9929078014184	564	173	171	124	96
cen03_arsM_contig_18534_contig_18535	69.1011235955056	534	193	176	81	84
cen03_arsM_contig_19376_contig_19377	69.5187165775401	561	216	174	81	90
cen03_arsM_contig_20024_contig_20025	44.8940269749518	519	134	99	155	131
cen03_arsM_contig_20484_contig_20485	59.0796019900498	804	266	209	168	161
cen03_arsM_contig_21028_contig_21029	55.6910569105691	492	151	123	114	104
cen03_arsM_contig_21440_contig_21441	68.2539682539683	504	182	162	83	77
cen03_arsM_contig_21512_contig_21513	69.7142857142857	525	180	186	75	84
cen03_arsM_contig_22590_contig_22591	57.6100628930818	795	249	209	179	158
cen03_arsM_contig_23114_contig_23115	60.3351955307263	537	165	159	112	101
cen03_arsM_contig_23560_contig_23561	60.1212121212121	825	316	180	181	148
cen03_arsM_contig_24382_contig_24383	58.739837398374	492	155	134	110	93
cen03_arsM_contig_27122_contig_27123	59.1911764705882	816	240	243	166	167
cen03_arsM_contig_31514_contig_31515	57.5989782886335	783	194	257	174	158
cen03_arsM_contig_32276_contig_32277	70.1107011070111	813	301	269	123	120
cen03_arsM_contig_35054_contig_35055	58.6912065439673	489	179	108	108	94
cen03_arsM_contig_35922_contig_35923	57.7266922094508	783	191	261	173	158
cen03_arsM_contig_36922_contig_36923	59.3047034764826	489	181	109	105	94
cen03_arsM_contig_37898_contig_37899	74.7126436781609	783	309	276	96	102
cen03_arsM_contig_39920_contig_39921	69.4214876033058	726	252	252	119	103
cen03_arsM_contig_40226_contig_40227	57.7358490566038	795	249	210	178	158
cen03_arsM_contig_40984_contig_40985	67.6422764227642	615	214	202	100	99
cen03_arsM_contig_42712_contig_42713	62.2489959839357	498	180	130	97	91
cen03_arsM_contig_45474_contig_45475	70.7977207977208	702	265	232	102	103
cen03_arsM_contig_46100_contig_46101	57.8378378378378	555	185	136	114	120
cen03_arsM_contig_46310_contig_46311	56.2264150943396	795	246	201	182	166
cen03_arsM_contig_47624_contig_47625	57.6023391812866	684	215	179	147	143
cen03_arsM_contig_47948_contig_47949	59.6363636363636	825	315	177	181	152
cen03_arsM_contig_48010_contig_48011	58.2417582417582	546	163	155	120	108
cen03_arsM_contig_48026_contig_48027	59.5911949685535	636	184	195	141	116
cen03_arsM_contig_48122_contig_48123	67.0175438596491	570	202	180	94	94
cen03_arsM_contig_48930_contig_48931	55.5555555555556	594	180	150	132	132
cen03_arsM_contig_50336_contig_50337	57.9399141630901	699	218	187	151	143
cen03_arsM_contig_50710_contig_50711	60.2424242424242	825	318	179	179	149
cen03_arsM_contig_51180_contig_51181	64.0826873385013	774	202	294	148	130
cen03_arsM_contig_51916_contig_51917	69.1287878787879	528	174	191	87	76
cen03_arsM_contig_54174_contig_54175	58.4577114427861	804	260	210	168	166
cen03_arsM_contig_56948_contig_56949	44.5086705202312	519	133	98	156	132
cen03_arsM_contig_65384_contig_65385	59.5911949685535	636	170	209	131	126
cen03_arsM_contig_65452_contig_65453	64.1975308641975	567	189	175	100	103
cen03_arsM_contig_66542_contig_66543	60.575296108291	591	231	127	117	116
cen03_arsM_contig_66968_contig_66969	58.6151368760064	621	156	208	134	123
cen03_arsM_contig_67920_contig_67921	72.8506787330317	663	260	223	87	93
cen03_arsM_contig_69292_contig_69293	59.8039215686275	816	242	246	165	163
cen03_arsM_contig_70406_contig_70407	57.088122605364	783	189	258	175	161
cen03_arsM_contig_70792_contig_70793	60.968660968661	702	232	196	140	134
cen03_arsM_contig_71448_contig_71449	58.3333333333333	684	169	230	149	136
cen03_arsM_contig_76118_contig_76119	62.2057001239157	807	260	242	157	148
cen03_arsM_contig_79464_contig_79465	69.5652173913043	552	187	197	89	79
cen03_arsM_contig_79774_contig_79775	40.1904761904762	525	132	79	177	137
cen03_arsM_contig_79892_contig_79893	67.7987421383648	795	280	259	131	125
