ID	% GCContent	Total Count	G Count	C Count	A Count	T Count
cen01_arsM_contig_214_contig_215	61.5384615384615	585	170	190	123	102
cen01_arsM_contig_244_contig_245	64.3410852713178	645	255	160	121	109
cen01_arsM_contig_384_contig_385	64.4214162348877	579	225	148	110	96
cen01_arsM_contig_478_contig_479	56.4245810055866	537	176	127	123	111
cen01_arsM_contig_518_contig_519	65.2920962199313	582	198	182	108	94
cen01_arsM_contig_530_contig_531	55.0561797752809	534	172	122	125	115
cen01_arsM_contig_586_contig_587	62.756052141527	537	178	159	102	98
cen01_arsM_contig_588_contig_589	59.2400690846287	579	182	161	120	116
cen01_arsM_contig_626_contig_627	69.2708333333333	576	205	194	88	89
cen01_arsM_contig_666_contig_667	70.8333333333333	576	208	200	81	87
cen01_arsM_contig_754_contig_755	63.0769230769231	585	203	166	102	114
cen01_arsM_contig_790_contig_791	66.1812297734628	618	209	200	105	104
cen01_arsM_contig_834_contig_835	59.6899224806202	645	265	120	141	119
cen01_arsM_contig_846_contig_847	58.4175084175084	594	175	172	114	133
cen01_arsM_contig_886_contig_887	61.7142857142857	525	202	122	99	102
cen01_arsM_contig_1160_contig_1161	62.3423423423423	555	213	133	104	105
cen01_arsM_contig_1166_contig_1167	68.4397163120567	564	191	195	89	89
cen01_arsM_contig_1176_contig_1177	60.3333333333333	600	181	181	116	122
cen01_arsM_contig_1500_contig_1501	62.6356589147287	645	230	174	128	113
cen01_arsM_contig_1628_contig_1629	60.1550387596899	645	268	120	139	118
cen01_arsM_contig_1654_contig_1655	65.7032755298651	519	209	132	91	87
cen01_arsM_contig_1732_contig_1733	61.2662942271881	537	132	197	103	105
cen01_arsM_contig_1838_contig_1839	63.1578947368421	513	200	124	100	89
cen01_arsM_contig_1936_contig_1937	57.4603174603175	630	194	168	140	128
cen01_arsM_contig_1968_contig_1969	59.5238095238095	546	168	157	99	122
cen01_arsM_contig_1994_contig_1995	56.5292096219931	582	172	157	128	125
cen01_arsM_contig_2000_contig_2001	57.7519379844961	516	145	153	114	104
cen01_arsM_contig_2046_contig_2047	57.3015873015873	630	191	170	141	128
cen01_arsM_contig_2068_contig_2069	59.8639455782313	588	177	175	120	116
cen01_arsM_contig_2208_contig_2209	59.9250936329588	534	162	158	114	100
cen01_arsM_contig_2224_contig_2225	55.4307116104869	534	174	122	122	116
cen01_arsM_contig_2326_contig_2327	59.5505617977528	534	161	157	116	100
cen01_arsM_contig_2624_contig_2625	66.1788617886179	615	217	190	106	102
cen01_arsM_contig_2686_contig_2687	62.3595505617978	534	169	164	105	96
cen01_arsM_contig_2756_contig_2757	64.0449438202247	534	183	159	99	93
cen01_arsM_contig_2814_contig_2815	60.9671848013817	579	181	172	112	114
cen01_arsM_contig_2850_contig_2851	63.2958801498127	534	134	204	106	90
cen01_arsM_contig_2896_contig_2897	65.8119658119658	585	193	192	91	109
cen01_arsM_contig_3106_contig_3107	69.6027633851468	579	197	206	90	86
cen01_arsM_contig_3208_contig_3209	67.0103092783505	582	205	185	95	97
cen01_arsM_contig_4238_contig_4239	62.5225225225225	555	214	133	103	105
cen01_arsM_contig_4304_contig_4305	68.3587140439932	591	204	200	93	94
cen01_arsM_contig_4512_contig_4513	66.8411867364747	573	197	186	97	93
cen01_arsM_contig_4798_contig_4799	61.7977528089888	534	174	156	111	93
cen01_arsM_contig_4860_contig_4861	62.8205128205128	624	193	199	112	120
cen01_arsM_contig_9866_contig_9867	57.1161048689139	534	186	119	111	118
cen01_arsM_contig_11314_contig_11315	61.5384615384615	585	201	159	108	117
cen01_arsM_contig_16826_contig_16827	62	600	232	140	120	108
cen01_arsM_contig_17336_contig_17337	59.8526703499079	543	185	140	114	104
cen01_arsM_contig_17970_contig_17971	57.9143389199255	537	187	124	113	113
cen01_arsM_contig_19244_contig_19245	62.1973929236499	537	170	164	102	101
cen01_arsM_contig_19818_contig_19819	57.3556797020484	537	189	119	111	118
cen01_arsM_contig_22844_contig_22845	69.2708333333333	576	204	195	87	90
cen01_arsM_contig_26672_contig_26673	60.707635009311	537	147	179	105	106
cen01_arsM_contig_29552_contig_29553	56.5972222222222	576	171	155	134	116
cen01_arsM_contig_31270_contig_31271	57.4603174603175	630	206	156	128	140
cen01_arsM_contig_33028_contig_33029	58.659217877095	537	186	129	114	108
cen01_arsM_contig_33056_contig_33057	62.5668449197861	561	198	153	99	111
cen01_arsM_contig_33262_contig_33263	61.4525139664804	537	151	179	103	104
cen01_arsM_contig_33422_contig_33423	59.2063492063492	630	228	145	129	128
cen01_arsM_contig_34034_contig_34035	60.8938547486034	537	151	176	105	105
cen01_arsM_contig_34222_contig_34223	61.6387337057728	537	153	178	102	104
cen01_arsM_contig_34862_contig_34863	67.5170068027211	588	201	196	93	98
cen01_arsM_contig_35234_contig_35235	58.5034013605442	588	168	176	124	120
cen01_arsM_contig_35250_contig_35251	58.9257503949447	633	202	171	136	124
cen01_arsM_contig_35980_contig_35981	63.458110516934	561	205	151	94	111
cen01_arsM_contig_38750_contig_38751	69.6180555555556	576	205	196	89	86
cen01_arsM_contig_39806_contig_39807	68.0701754385965	570	206	182	88	94
cen01_arsM_contig_42928_contig_42929	64.7940074906367	534	132	214	100	88
cen01_arsM_contig_48420_contig_48421	60.2254428341385	621	177	197	121	126
cen01_arsM_contig_51068_contig_51069	64.8351648351648	546	188	166	98	94
cen01_arsM_contig_52206_contig_52207	69.0972222222222	576	210	188	89	89
cen01_arsM_contig_57148_contig_57149	59.1985428051002	549	199	126	110	114
cen01_arsM_contig_59766_contig_59767	59.6190476190476	525	177	136	110	102
cen01_arsM_contig_65214_contig_65215	64.4214162348877	579	227	146	109	97
cen01_arsM_contig_68116_contig_68117	68.75	528	180	183	88	77
cen01_arsM_contig_69094_contig_69095	55.7755775577558	606	180	158	128	140
cen01_arsM_contig_69096_contig_69097	62.9059829059829	585	205	163	111	106
cen01_arsM_contig_69122_contig_69123	58.3333333333333	552	174	148	118	112
