ID	% GCContent	Total Count	G Count	C Count	A Count	T Count
cen07_arsC_glut_contig_0_contig_1	56.140350877193	342	94	98	83	67
cen07_arsC_glut_contig_4_contig_5	61.9883040935673	171	52	54	34	31
cen07_arsC_glut_contig_8_contig_9	59.4444444444444	180	41	66	37	36
cen07_arsC_glut_contig_22_contig_23	65.7407407407407	216	72	70	36	38
cen07_arsC_glut_contig_26_contig_27	63.7992831541219	279	89	89	56	45
cen07_arsC_glut_contig_28_contig_29	60.536398467433	261	76	82	54	49
cen07_arsC_glut_contig_34_contig_35	61.5819209039548	177	56	53	33	35
cen07_arsC_glut_contig_38_contig_39	57.7380952380952	168	49	48	32	39
cen07_arsC_glut_contig_40_contig_41	60.4166666666667	288	81	93	56	58
cen07_arsC_glut_contig_46_contig_47	58.9080459770115	348	103	102	75	68
cen07_arsC_glut_contig_48_contig_49	60.3174603174603	189	57	57	30	45
cen07_arsC_glut_contig_56_contig_57	63.5057471264368	348	104	117	60	67
cen07_arsC_glut_contig_58_contig_59	67.7777777777778	180	61	61	30	28
cen07_arsC_glut_contig_70_contig_71	64.5161290322581	186	59	61	34	32
cen07_arsC_glut_contig_74_contig_75	59.1304347826087	345	99	105	74	67
cen07_arsC_glut_contig_76_contig_77	64.7286821705426	258	77	90	41	50
cen07_arsC_glut_contig_78_contig_79	62.3188405797101	276	81	91	54	50
cen07_arsC_glut_contig_80_contig_81	58.9080459770115	348	104	101	75	68
cen07_arsC_glut_contig_88_contig_89	62.9166666666667	240	71	80	47	42
cen07_arsC_glut_contig_100_contig_101	60.2409638554217	249	78	72	56	43
cen07_arsC_glut_contig_140_contig_141	64	225	74	70	43	38
cen07_arsC_glut_contig_266_contig_267	59.1954022988506	348	97	109	73	69
cen07_arsC_glut_contig_280_contig_281	61.6071428571429	336	91	116	60	69
cen07_arsC_glut_contig_416_contig_417	64.6153846153846	195	57	69	37	32
cen07_arsC_glut_contig_428_contig_429	54.6099290780142	282	71	83	73	55
cen07_arsC_glut_contig_438_contig_439	62.962962962963	189	62	57	35	35
cen07_arsC_glut_contig_446_contig_447	62.962962962963	270	93	77	56	44
cen07_arsC_glut_contig_460_contig_461	58.0246913580247	162	50	44	28	40
cen07_arsC_glut_contig_462_contig_463	62.1212121212121	330	97	108	65	60
cen07_arsC_glut_contig_464_contig_465	61.231884057971	276	88	81	58	49
cen07_arsC_glut_contig_466_contig_467	65.4166666666667	240	72	85	40	43
cen07_arsC_glut_contig_528_contig_529	68.4365781710914	339	111	121	60	47
cen07_arsC_glut_contig_622_contig_623	57.1428571428571	231	60	72	57	42
cen07_arsC_glut_contig_686_contig_687	43.4523809523809	168	42	31	44	51
cen07_arsC_glut_contig_696_contig_697	62.6086956521739	345	106	110	66	63
cen07_arsC_glut_contig_726_contig_727	44.6236559139785	186	46	37	55	48
cen07_arsC_glut_contig_1016_contig_1017	68.6084142394822	309	94	118	53	44
cen07_arsC_glut_contig_1214_contig_1215	60.2409638554217	249	77	73	56	43
cen07_arsC_glut_contig_1334_contig_1335	63.768115942029	345	97	123	66	59
cen07_arsC_glut_contig_1362_contig_1363	67.1428571428571	210	72	69	43	26
cen07_arsC_glut_contig_1500_contig_1501	59.3607305936073	219	66	64	49	40
cen07_arsC_glut_contig_1510_contig_1511	48.6772486772487	189	54	38	46	51
cen07_arsC_glut_contig_1622_contig_1623	57.4404761904762	336	95	98	74	69
cen07_arsC_glut_contig_1648_contig_1649	62.3188405797101	207	62	67	43	35
cen07_arsC_glut_contig_1656_contig_1657	61.4942528735632	174	55	52	33	34
cen07_arsC_glut_contig_1658_contig_1659	56.6091954022989	348	101	96	77	74
cen07_arsC_glut_contig_1742_contig_1743	55.1282051282051	234	53	76	63	42
cen07_arsC_glut_contig_1846_contig_1847	62.2023809523809	336	104	105	76	51
cen07_arsC_glut_contig_1954_contig_1955	61.9791666666667	192	56	63	35	38
cen07_arsC_glut_contig_2158_contig_2159	71.5447154471545	246	81	95	34	36
cen07_arsC_glut_contig_2240_contig_2241	58.3333333333333	276	69	92	59	56
cen07_arsC_glut_contig_2342_contig_2343	60.8108108108108	222	66	69	50	37
cen07_arsC_glut_contig_2472_contig_2473	60.2272727272727	264	79	80	59	46
cen07_arsC_glut_contig_2498_contig_2499	59.5238095238095	252	68	82	52	50
cen07_arsC_glut_contig_2548_contig_2549	63.5802469135802	162	48	55	27	32
cen07_arsC_glut_contig_2558_contig_2559	61.6161616161616	198	62	60	40	36
cen07_arsC_glut_contig_2646_contig_2647	64.3939393939394	264	76	94	55	39
cen07_arsC_glut_contig_2702_contig_2703	62.3376623376623	231	65	79	52	35
cen07_arsC_glut_contig_2774_contig_2775	64.8648648648649	222	68	76	45	33
cen07_arsC_glut_contig_2786_contig_2787	63.4703196347032	219	57	82	50	30
cen07_arsC_glut_contig_2892_contig_2893	59.2592592592593	243	62	82	52	47
cen07_arsC_glut_contig_2930_contig_2931	58.3333333333333	348	101	102	77	68
cen07_arsC_glut_contig_2934_contig_2935	56.8965517241379	348	96	102	80	70
cen07_arsC_glut_contig_2974_contig_2975	64.5833333333333	240	76	79	43	42
cen07_arsC_glut_contig_3122_contig_3123	62.1794871794872	156	50	47	37	22
cen07_arsC_glut_contig_3136_contig_3137	63.8888888888889	180	54	61	32	33
cen07_arsC_glut_contig_3224_contig_3225	59.5833333333333	240	69	74	50	47
cen07_arsC_glut_contig_3236_contig_3237	58.2278481012658	237	63	75	60	39
cen07_arsC_glut_contig_3294_contig_3295	57.5757575757576	198	55	59	44	40
cen07_arsC_glut_contig_3386_contig_3387	64.1975308641975	162	47	57	35	23
cen07_arsC_glut_contig_3422_contig_3423	60.3174603174603	189	51	63	43	32
cen07_arsC_glut_contig_3426_contig_3427	64.1025641025641	195	60	65	43	27
cen07_arsC_glut_contig_3428_contig_3429	55.2083333333333	192	49	57	51	35
cen07_arsC_glut_contig_3434_contig_3435	66.6666666666667	153	51	51	30	21
cen07_arsC_glut_contig_3680_contig_3681	61.6161616161616	198	56	66	43	33
cen07_arsC_glut_contig_3684_contig_3685	63.4408602150538	186	58	60	42	26
cen07_arsC_glut_contig_3734_contig_3735	60.1092896174863	183	53	57	44	29
cen07_arsC_glut_contig_3736_contig_3737	57.7586206896552	348	99	102	78	69
cen07_arsC_glut_contig_3764_contig_3765	60.2150537634409	186	51	61	46	28
cen07_arsC_glut_contig_3794_contig_3795	67.2514619883041	171	58	57	30	26
cen07_arsC_glut_contig_4026_contig_4027	62.5	192	56	64	41	31
cen07_arsC_glut_contig_4084_contig_4085	67.7083333333333	192	60	70	38	24
cen07_arsC_glut_contig_4092_contig_4093	58.0246913580247	162	44	50	36	32
cen07_arsC_glut_contig_4138_contig_4139	57.5	240	67	71	57	45
cen07_arsC_glut_contig_4154_contig_4155	59.2592592592593	243	68	76	46	53
cen07_arsC_glut_contig_4158_contig_4159	55.1912568306011	183	49	52	50	32
cen07_arsC_glut_contig_4170_contig_4171	70.1149425287356	174	59	63	30	22
cen07_arsC_glut_contig_4196_contig_4197	64.5021645021645	231	76	73	46	36
cen07_arsC_glut_contig_4288_contig_4289	61.9047619047619	231	67	76	53	35
cen07_arsC_glut_contig_4324_contig_4325	67.7248677248677	189	58	70	32	29
cen07_arsC_glut_contig_4426_contig_4427	63.5057471264368	348	105	116	60	67
cen07_arsC_glut_contig_4586_contig_4587	63.8888888888889	180	54	61	35	30
cen07_arsC_glut_contig_4602_contig_4603	65.5913978494624	186	57	65	40	24
cen07_arsC_glut_contig_4640_contig_4641	62.9032258064516	186	59	58	44	25
cen07_arsC_glut_contig_5040_contig_5041	61.025641025641	195	57	62	43	33
cen07_arsC_glut_contig_5164_contig_5165	59.1954022988506	348	96	110	75	67
cen07_arsC_glut_contig_5202_contig_5203	67.9487179487179	234	78	81	43	32
cen07_arsC_glut_contig_5252_contig_5253	63.0769230769231	195	61	62	47	25
cen07_arsC_glut_contig_5274_contig_5275	58.9080459770115	348	95	110	75	68
cen07_arsC_glut_contig_5804_contig_5805	64.1025641025641	195	59	66	43	27
cen07_arsC_glut_contig_5888_contig_5889	56.3492063492063	252	54	88	74	36
cen07_arsC_glut_contig_5964_contig_5965	56.4393939393939	264	57	92	77	38
cen07_arsC_glut_contig_6162_contig_6163	43.6893203883495	309	62	73	99	75
cen07_arsC_glut_contig_6384_contig_6385	57.8616352201258	159	47	45	38	29
cen07_arsC_glut_contig_6630_contig_6631	63.7931034482759	348	105	117	59	67
cen07_arsC_glut_contig_6722_contig_6723	52.463768115942	345	82	99	97	67
