ID	% GCContent	Total Count	G Count	C Count	A Count	T Count
cen01_acr3_contig_34_contig_35	60.2921646746348	753	237	217	104	195
cen01_acr3_contig_202_contig_203	52.5441329179647	963	259	247	177	280
cen01_acr3_contig_330_contig_331	57.6107899807322	519	161	138	91	129
cen01_acr3_contig_356_contig_357	54.5454545454545	495	134	136	85	140
cen01_acr3_contig_370_contig_371	66.2820512820513	780	269	248	87	176
cen01_acr3_contig_760_contig_761	52.1144278606965	804	196	223	151	234
cen01_acr3_contig_874_contig_875	53.3333333333333	1035	279	273	177	306
cen01_acr3_contig_930_contig_931	58.0573951434879	453	141	122	75	115
cen01_acr3_contig_1068_contig_1069	61.3559322033898	885	261	282	128	214
cen01_acr3_contig_1092_contig_1093	57.4786324786325	468	135	134	81	118
cen01_acr3_contig_1484_contig_1485	53.6231884057971	483	132	127	89	135
cen01_acr3_contig_2248_contig_2249	57.0456754130224	1029	301	286	162	280
cen01_acr3_contig_3412_contig_3413	57.0987654320988	972	256	299	157	260
cen01_acr3_contig_3820_contig_3821	53.1189083820663	1026	283	262	178	303
cen01_acr3_contig_4466_contig_4467	64.6464646464647	495	171	149	67	108
cen01_acr3_contig_6792_contig_6793	55.4497354497354	945	275	249	153	268
cen01_acr3_contig_8686_contig_8687	65.4244306418219	483	142	174	56	111
cen01_acr3_contig_13128_contig_13129	49.6078431372549	510	138	115	88	169
cen01_acr3_contig_13148_contig_13149	61.7321248741188	993	288	325	140	240
cen01_acr3_contig_15994_contig_15995	56.3333333333333	900	265	242	133	260
cen01_acr3_contig_17452_contig_17453	52.247191011236	1068	277	281	197	313
cen01_acr3_contig_22580_contig_22581	60.9103078982597	747	230	225	118	174
cen01_acr3_contig_25158_contig_25159	58.1146744412051	1029	306	292	159	272
cen01_acr3_contig_25270_contig_25271	56.3352826510721	513	146	143	92	132
cen01_acr3_contig_25372_contig_25373	58.2278481012658	474	154	122	73	125
cen01_acr3_contig_25600_contig_25601	64.0062597809077	639	199	210	83	147
cen01_acr3_contig_25698_contig_25699	65.8615136876006	621	204	205	77	135
cen01_acr3_contig_25814_contig_25815	52.8089887640449	1068	281	283	198	306
cen01_acr3_contig_25974_contig_25975	58.0141843971631	705	196	213	112	184
cen01_acr3_contig_26260_contig_26261	52.5562372188139	489	139	118	90	142
cen01_acr3_contig_26422_contig_26423	61.1111111111111	522	148	171	84	119
cen01_acr3_contig_26986_contig_26987	65.4576856649395	579	190	189	73	127
cen01_acr3_contig_27004_contig_27005	57.9881656804734	507	145	149	81	132
cen01_acr3_contig_27024_contig_27025	65.0959860383944	573	187	186	64	136
cen01_acr3_contig_27046_contig_27047	65.6303972366149	579	185	195	70	129
cen01_acr3_contig_27310_contig_27311	55.4385964912281	570	154	162	98	156
cen01_acr3_contig_27326_contig_27327	55.2677029360967	579	158	162	98	161
cen01_acr3_contig_27438_contig_27439	57.1428571428571	567	191	133	94	149
cen01_acr3_contig_27584_contig_27585	62.4750499001996	501	201	112	66	122
cen01_acr3_contig_28056_contig_28057	58.9453860640301	531	143	170	84	134
cen01_acr3_contig_28078_contig_28079	57.5624082232012	681	190	202	120	169
cen01_acr3_contig_28108_contig_28109	59.4285714285714	525	141	171	84	129
cen01_acr3_contig_28256_contig_28257	61.5686274509804	510	146	168	73	123
cen01_acr3_contig_28564_contig_28565	56.3291139240506	474	123	144	82	125
cen01_acr3_contig_28980_contig_28981	60.3318250377074	663	196	204	97	166
cen01_acr3_contig_34138_contig_34139	66.2857142857143	525	178	170	55	122
cen01_acr3_contig_35890_contig_35891	65.9021406727829	654	232	199	86	137
cen01_acr3_contig_36042_contig_36043	65.3266331658292	597	210	180	66	141
cen01_acr3_contig_40844_contig_40845	59.3537414965986	588	180	169	88	151
cen01_acr3_contig_41658_contig_41659	62.2222222222222	1035	306	338	149	242
cen01_acr3_contig_42528_contig_42529	52.2682445759369	507	144	121	97	145
cen01_acr3_contig_44110_contig_44111	52.757793764988	834	208	232	154	240
cen01_acr3_contig_44166_contig_44167	65.1162790697674	516	174	162	66	114
cen01_acr3_contig_45400_contig_45401	54.9655850540806	1017	317	242	171	287
cen01_acr3_contig_46672_contig_46673	54.7747747747748	555	175	129	98	153
cen01_acr3_contig_46676_contig_46677	59.5375722543353	519	143	166	83	127
cen01_acr3_contig_46682_contig_46683	58.1146744412051	1029	303	295	162	269
cen01_acr3_contig_47784_contig_47785	55.7319223985891	567	155	161	95	156
cen01_acr3_contig_48332_contig_48333	64.6216768916155	489	160	156	67	106
cen01_acr3_contig_50512_contig_50513	55.0342130987292	1023	276	287	173	287
cen01_acr3_contig_52392_contig_52393	55.1656920077973	1026	277	289	174	286
