ID	% GCContent	Total Count	G Count	C Count	A Count	T Count
cen01_arsA_contig_360_contig_361	57.8231292517007	735	228	197	164	146
cen01_arsA_contig_792_contig_793	60.0614439324117	651	191	200	131	129
cen01_arsA_contig_1152_contig_1153	65.4901960784314	510	164	170	86	90
cen01_arsA_contig_1322_contig_1323	57.4509803921569	510	147	146	122	95
cen01_arsA_contig_1344_contig_1345	58.75	480	159	123	102	96
cen01_arsA_contig_1406_contig_1407	58.7209302325581	516	156	147	100	113
cen01_arsA_contig_1424_contig_1425	72.6072607260726	606	224	216	69	97
cen01_arsA_contig_1634_contig_1635	69.758064516129	744	253	266	102	123
cen01_arsA_contig_1864_contig_1865	71.2719298245614	456	152	173	57	74
cen01_arsA_contig_1886_contig_1887	63.4615384615385	468	148	149	87	84
cen01_arsA_contig_1928_contig_1929	68.2170542635659	516	163	189	81	83
cen01_arsA_contig_2192_contig_2193	73.2931726907631	498	190	175	60	73
cen01_arsA_contig_2206_contig_2207	73.2142857142857	504	187	182	61	74
cen01_arsA_contig_2614_contig_2615	65.5038759689922	516	160	178	98	80
cen01_arsA_contig_2986_contig_2987	68.7984496124031	516	177	178	86	75
cen01_arsA_contig_3024_contig_3025	68.6046511627907	516	177	177	87	75
cen01_arsA_contig_3026_contig_3027	68.7984496124031	516	178	177	85	76
cen01_arsA_contig_3028_contig_3029	68.9922480620155	516	176	180	84	76
cen01_arsA_contig_3042_contig_3043	62.6204238921002	519	161	164	105	89
cen01_arsA_contig_3178_contig_3179	68.2743837084673	933	306	331	155	141
cen01_arsA_contig_3258_contig_3259	58.1589958158996	717	219	198	160	140
cen01_arsA_contig_3270_contig_3271	67.5132275132275	945	311	327	160	147
cen01_arsA_contig_3450_contig_3451	69.9792960662526	483	160	178	76	69
cen01_arsA_contig_3938_contig_3939	58.869395711501	513	146	156	99	112
cen01_arsA_contig_3992_contig_3993	67.4418604651163	516	183	165	85	83
cen01_arsA_contig_4024_contig_4025	67.4463937621832	513	168	178	83	84
cen01_arsA_contig_4052_contig_4053	65.3100775193798	516	177	160	91	88
cen01_arsA_contig_4146_contig_4147	66.025641025641	936	299	319	168	150
cen01_arsA_contig_4164_contig_4165	67.8095238095238	525	171	185	89	80
cen01_arsA_contig_4308_contig_4309	70.3921568627451	510	182	177	70	81
cen01_arsA_contig_4326_contig_4327	67.9528403001072	933	312	322	146	153
cen01_arsA_contig_4330_contig_4331	66.6666666666667	483	167	155	76	85
cen01_arsA_contig_4512_contig_4513	69.2614770459082	501	165	182	81	73
cen01_arsA_contig_4742_contig_4743	61.3686534216336	453	155	123	85	90
cen01_arsA_contig_5122_contig_5123	60.0441501103753	453	141	131	96	85
cen01_arsA_contig_5124_contig_5125	58.5470085470085	468	161	113	97	97
cen01_arsA_contig_5146_contig_5147	66.0852713178295	516	211	130	81	94
cen01_arsA_contig_5206_contig_5207	55.3376906318083	459	132	122	114	91
cen01_arsA_contig_5210_contig_5211	54.5253863134658	453	122	125	110	96
cen01_arsA_contig_5226_contig_5227	55.7734204793028	459	124	132	104	99
cen01_arsA_contig_5230_contig_5231	52.2633744855967	486	121	133	124	108
cen01_arsA_contig_5236_contig_5237	48.4662576687117	489	117	120	138	114
cen01_arsA_contig_5254_contig_5255	58.8744588744589	462	141	131	102	88
