ID	% GCContent	Total Count	G Count	C Count	A Count	T Count
cen05_arsA_contig_382_contig_383	61.1111111111111	630	197	188	121	124
cen05_arsA_contig_640_contig_641	60	510	145	161	95	109
cen05_arsA_contig_1128_contig_1129	66.0852713178295	516	190	151	85	90
cen05_arsA_contig_2358_contig_2359	68.5774946921444	471	163	160	72	76
cen05_arsA_contig_2812_contig_2813	62.1031746031746	504	159	154	109	82
cen05_arsA_contig_2828_contig_2829	62.3015873015873	504	165	149	103	87
cen05_arsA_contig_2838_contig_2839	63.4730538922156	501	162	156	100	83
cen05_arsA_contig_3012_contig_3013	70.8074534161491	483	158	184	70	71
cen05_arsA_contig_3520_contig_3521	58.4830339321357	501	139	154	110	98
cen05_arsA_contig_3618_contig_3619	60.0441501103753	453	141	131	95	86
cen05_arsA_contig_3632_contig_3633	57.9617834394904	471	139	134	106	92
cen05_arsA_contig_3718_contig_3719	60.7064017660044	453	129	146	96	82
