ID	% GCContent	Total Count	G Count	C Count	A Count	T Count
cen06_rplB_contig_4_contig_5	62.9432624113475	564	171	184	118	91
cen06_rplB_contig_130_contig_131	72.7272727272727	825	301	299	142	83
cen06_rplB_contig_178_contig_179	70.2075702075702	819	287	288	151	93
cen06_rplB_contig_242_contig_243	70.316301703163	822	291	287	146	98
cen06_rplB_contig_384_contig_385	66.5450121654501	822	256	291	165	110
cen06_rplB_contig_390_contig_391	66.4224664224664	819	258	286	162	113
cen06_rplB_contig_396_contig_397	65.5555555555556	540	176	178	116	70
cen06_rplB_contig_398_contig_399	66.1782661782662	819	252	290	166	111
cen06_rplB_contig_412_contig_413	60.5392156862745	816	256	238	183	139
cen06_rplB_contig_418_contig_419	71.1843711843712	819	283	300	141	95
cen06_rplB_contig_422_contig_423	67.5606641123883	783	252	277	156	98
cen06_rplB_contig_428_contig_429	64.7058823529412	816	267	261	179	109
cen06_rplB_contig_434_contig_435	62.0772946859903	828	293	221	190	124
cen06_rplB_contig_440_contig_441	61.6788321167883	822	269	238	195	120
cen06_rplB_contig_458_contig_459	67.5182481751825	822	283	272	171	96
cen06_rplB_contig_460_contig_461	62.3106060606061	528	177	152	122	77
cen06_rplB_contig_468_contig_469	69.5757575757576	825	276	298	154	97
cen06_rplB_contig_474_contig_475	69.4647201946472	822	290	281	161	90
cen06_rplB_contig_478_contig_479	66.1728395061728	810	246	290	167	107
cen06_rplB_contig_482_contig_483	64.4607843137255	816	282	244	172	118
cen06_rplB_contig_492_contig_493	62.8815628815629	819	265	250	183	121
cen06_rplB_contig_494_contig_495	69.2214111922141	822	289	280	163	90
cen06_rplB_contig_500_contig_501	62.9901960784314	816	297	217	185	117
cen06_rplB_contig_524_contig_525	66.6666666666667	822	251	297	167	107
cen06_rplB_contig_526_contig_527	63.1067961165049	618	233	157	129	99
cen06_rplB_contig_528_contig_529	66.2962962962963	810	248	289	167	106
cen06_rplB_contig_536_contig_537	69.2614770459082	501	187	160	86	68
cen06_rplB_contig_548_contig_549	59.9264705882353	816	246	243	192	135
cen06_rplB_contig_550_contig_551	69.7416974169742	813	285	282	154	92
cen06_rplB_contig_552_contig_553	66.4233576642336	822	255	291	167	109
cen06_rplB_contig_562_contig_563	65.6156156156156	666	211	226	132	97
cen06_rplB_contig_570_contig_571	67.4019607843137	816	280	270	163	103
cen06_rplB_contig_594_contig_595	69.7303921568627	816	265	304	151	96
cen06_rplB_contig_598_contig_599	61.3138686131387	822	265	239	196	122
cen06_rplB_contig_600_contig_601	60.1953601953602	819	262	231	198	128
cen06_rplB_contig_612_contig_613	61.9512195121951	615	203	178	130	104
cen06_rplB_contig_620_contig_621	49.2374727668845	459	133	93	116	117
cen06_rplB_contig_624_contig_625	70.6959706959707	819	292	287	149	91
cen06_rplB_contig_628_contig_629	66.301703163017	822	250	295	168	109
cen06_rplB_contig_630_contig_631	63.1257631257631	819	258	259	180	122
cen06_rplB_contig_634_contig_635	65.0851581508516	822	262	273	165	122
cen06_rplB_contig_642_contig_643	58.6374695863747	822	251	231	204	136
cen06_rplB_contig_652_contig_653	58.4859584859585	819	242	237	191	149
cen06_rplB_contig_658_contig_659	62.621359223301	618	208	179	131	100
cen06_rplB_contig_668_contig_669	64.7272727272727	825	264	270	168	123
cen06_rplB_contig_678_contig_679	62.85140562249	498	175	138	115	70
cen06_rplB_contig_684_contig_685	62.3574144486692	789	267	225	176	121
cen06_rplB_contig_688_contig_689	71.0947109471095	813	281	297	148	87
cen06_rplB_contig_690_contig_691	61.9221411192214	822	253	256	188	125
cen06_rplB_contig_696_contig_697	67.6434676434676	819	283	271	169	96
cen06_rplB_contig_700_contig_701	65.6898656898657	819	261	277	163	118
cen06_rplB_contig_702_contig_703	67.7655677655678	819	286	269	169	95
cen06_rplB_contig_708_contig_709	67.6506765067651	813	283	267	166	97
cen06_rplB_contig_716_contig_717	67.030303030303	825	261	292	164	108
cen06_rplB_contig_726_contig_727	66.6666666666667	798	248	284	163	103
cen06_rplB_contig_728_contig_729	61.5942028985507	828	291	219	189	129
cen06_rplB_contig_732_contig_733	67.5245098039216	816	262	289	160	105
cen06_rplB_contig_734_contig_735	67.1515151515152	825	263	291	163	108
cen06_rplB_contig_738_contig_739	60.7843137254902	816	256	240	201	119
cen06_rplB_contig_750_contig_751	62.7296587926509	762	249	229	169	115
cen06_rplB_contig_760_contig_761	55.6363636363636	825	250	209	205	161
cen06_rplB_contig_762_contig_763	62.4841571609632	789	276	217	177	119
cen06_rplB_contig_764_contig_765	69.5296523517382	489	188	152	83	66
cen06_rplB_contig_770_contig_771	58.1818181818182	825	262	218	212	133
cen06_rplB_contig_772_contig_773	69.1358024691358	486	181	155	84	66
cen06_rplB_contig_784_contig_785	61.869618696187	813	281	222	178	132
cen06_rplB_contig_798_contig_799	60.705596107056	822	274	225	198	125
cen06_rplB_contig_810_contig_811	61.5384615384615	507	171	141	122	73
cen06_rplB_contig_846_contig_847	60.8484848484849	825	270	232	193	130
cen06_rplB_contig_848_contig_849	65.0273224043716	549	179	178	115	77
cen06_rplB_contig_852_contig_853	65.4456654456654	819	258	278	169	114
cen06_rplB_contig_854_contig_855	60.7187112763321	807	263	227	189	128
cen06_rplB_contig_860_contig_861	60.6060606060606	825	274	226	184	141
cen06_rplB_contig_870_contig_871	68.2598039215686	816	268	289	158	101
cen06_rplB_contig_892_contig_893	60.3406326034063	822	278	218	190	136
cen06_rplB_contig_902_contig_903	66.4233576642336	822	249	297	167	109
cen06_rplB_contig_908_contig_909	61.9578686493185	807	258	242	189	118
cen06_rplB_contig_910_contig_911	62.287104622871	822	262	250	183	127
cen06_rplB_contig_914_contig_915	67.5276752767528	813	280	269	167	97
cen06_rplB_contig_936_contig_937	61.8339529120198	807	261	238	182	126
cen06_rplB_contig_946_contig_947	62.0689655172414	522	176	148	116	82
cen06_rplB_contig_956_contig_957	63.4517766497462	591	190	185	123	93
cen06_rplB_contig_960_contig_961	60.8484848484849	825	265	237	187	136
cen06_rplB_contig_964_contig_965	64.4768856447689	822	275	255	181	111
cen06_rplB_contig_968_contig_969	61.7647058823529	510	171	144	125	70
cen06_rplB_contig_980_contig_981	66.1710037174721	807	254	280	164	109
cen06_rplB_contig_992_contig_993	71.3939393939394	825	290	299	145	91
cen06_rplB_contig_1020_contig_1021	59.9173553719008	726	227	208	170	121
cen06_rplB_contig_1022_contig_1023	67.5151515151515	825	259	298	163	105
cen06_rplB_contig_1030_contig_1031	66.301703163017	822	253	292	167	110
cen06_rplB_contig_1052_contig_1053	65.8805031446541	636	196	223	124	93
cen06_rplB_contig_1162_contig_1163	66.2962962962963	810	254	283	165	108
cen06_rplB_contig_1212_contig_1213	66.2962962962963	810	255	282	161	112
cen06_rplB_contig_1232_contig_1233	65.6898656898657	819	270	268	171	110
cen06_rplB_contig_1256_contig_1257	67.1717171717172	792	248	284	158	102
cen06_rplB_contig_1280_contig_1281	66.9090909090909	825	257	295	165	108
cen06_rplB_contig_1292_contig_1293	65.2647975077882	642	199	220	129	94
cen06_rplB_contig_1328_contig_1329	64.4110275689223	798	261	253	166	118
cen06_rplB_contig_1354_contig_1355	69.6969696969697	825	269	306	153	97
cen06_rplB_contig_1362_contig_1363	68.969696969697	825	267	302	156	100
cen06_rplB_contig_1376_contig_1377	62.4087591240876	822	259	254	179	130
cen06_rplB_contig_1396_contig_1397	66.5445665445665	819	258	287	166	108
cen06_rplB_contig_1398_contig_1399	67.7944862155389	798	271	270	162	95
cen06_rplB_contig_1400_contig_1401	69.5934959349593	615	216	212	110	77
cen06_rplB_contig_1430_contig_1431	66.5445665445665	819	254	291	164	110
cen06_rplB_contig_1432_contig_1433	65.3284671532847	822	260	277	164	121
cen06_rplB_contig_1454_contig_1455	65.1515151515152	660	206	224	130	100
cen06_rplB_contig_1472_contig_1473	69.7994987468672	798	282	275	151	90
cen06_rplB_contig_1516_contig_1517	65.4456654456654	819	268	268	161	122
cen06_rplB_contig_1574_contig_1575	70.9433962264151	795	279	285	138	93
cen06_rplB_contig_1642_contig_1643	66.2374821173104	699	229	234	134	102
cen06_rplB_contig_1682_contig_1683	68.0048661800487	822	281	278	160	103
cen06_rplB_contig_1816_contig_1817	65.8119658119658	819	256	283	161	119
cen06_rplB_contig_1834_contig_1835	67.5245098039216	816	278	273	167	98
cen06_rplB_contig_1836_contig_1837	68.2481751824817	822	288	273	167	94
cen06_rplB_contig_1872_contig_1873	67.8921568627451	816	273	281	162	100
cen06_rplB_contig_1914_contig_1915	66.6666666666667	819	251	295	165	108
cen06_rplB_contig_1972_contig_1973	66.5450121654501	822	257	290	166	109
cen06_rplB_contig_2416_contig_2417	67.9824561403509	456	157	153	83	63
cen06_rplB_contig_2602_contig_2603	66.1782661782662	819	255	287	164	113
cen06_rplB_contig_3106_contig_3107	63.015873015873	630	195	202	121	112
cen06_rplB_contig_3618_contig_3619	66.5445665445665	819	264	281	160	114
cen06_rplB_contig_4076_contig_4077	61.7826617826618	819	249	257	190	123
cen06_rplB_contig_4238_contig_4239	66.4242424242424	825	259	289	166	111
cen06_rplB_contig_4276_contig_4277	66.5445665445665	819	256	289	165	109
cen06_rplB_contig_4286_contig_4287	67.2771672771673	819	259	292	162	106
cen06_rplB_contig_4546_contig_4547	63.1515151515151	825	257	264	178	126
cen06_rplB_contig_4588_contig_4589	67.0527670527671	777	273	248	145	111
cen06_rplB_contig_4636_contig_4637	65.2121212121212	825	261	277	169	118
cen06_rplB_contig_5256_contig_5257	50.4901960784314	816	245	167	211	193
cen06_rplB_contig_5324_contig_5325	62.156862745098	510	179	138	111	82
cen06_rplB_contig_5436_contig_5437	66.9090909090909	825	263	289	166	107
cen06_rplB_contig_5474_contig_5475	62.3574144486692	789	273	219	178	119
cen06_rplB_contig_5526_contig_5527	67.7165354330709	762	254	262	152	94
cen06_rplB_contig_5664_contig_5665	67.5572519083969	786	266	265	154	101
cen06_rplB_contig_5698_contig_5699	65.4501216545012	822	255	283	165	119
cen06_rplB_contig_6072_contig_6073	72.4848484848485	825	304	294	144	83
cen06_rplB_contig_6128_contig_6129	61.3803230543319	681	216	202	152	111
cen06_rplB_contig_6138_contig_6139	73.2600732600733	819	303	297	131	88
cen06_rplB_contig_6168_contig_6169	71.2727272727273	825	294	294	146	91
cen06_rplB_contig_6226_contig_6227	69.6078431372549	816	262	306	148	100
cen06_rplB_contig_6296_contig_6297	68.8644688644689	819	264	300	157	98
cen06_rplB_contig_6354_contig_6355	66.9616519174041	678	243	211	125	99
cen06_rplB_contig_6368_contig_6369	69.7303921568627	816	280	289	157	90
cen06_rplB_contig_6372_contig_6373	72.1411192214112	822	303	290	142	87
cen06_rplB_contig_6406_contig_6407	71.9202898550725	552	204	193	91	64
cen06_rplB_contig_6468_contig_6469	72.7941176470588	816	306	288	137	85
cen06_rplB_contig_6494_contig_6495	72.0588235294118	816	297	291	140	88
cen06_rplB_contig_6532_contig_6533	71.5315315315315	555	200	197	90	68
cen06_rplB_contig_6584_contig_6585	73.8970588235294	816	312	291	129	84
cen06_rplB_contig_6610_contig_6611	71.8918918918919	555	200	199	89	67
cen06_rplB_contig_6746_contig_6747	71.5686274509804	816	292	292	142	90
cen06_rplB_contig_6796_contig_6797	70.4938271604938	810	286	285	150	89
cen06_rplB_contig_6798_contig_6799	71.7948717948718	819	290	298	138	93
cen06_rplB_contig_6828_contig_6829	71.2909441233141	519	192	178	84	65
cen06_rplB_contig_6916_contig_6917	73.2600732600733	819	299	301	129	90
cen06_rplB_contig_6930_contig_6931	72.7272727272727	825	306	294	143	82
cen06_rplB_contig_7062_contig_7063	71.2998712998713	777	274	280	131	92
cen06_rplB_contig_7622_contig_7623	68.6767169179229	597	212	198	108	79
cen06_rplB_contig_7698_contig_7699	66.2976629766298	813	267	272	164	110
cen06_rplB_contig_7712_contig_7713	68.7915006640106	753	270	248	147	88
cen06_rplB_contig_8058_contig_8059	67.6434676434676	819	270	284	159	106
cen06_rplB_contig_8098_contig_8099	65.5677655677656	819	255	282	169	113
cen06_rplB_contig_8200_contig_8201	67.6356589147287	516	175	174	99	68
cen06_rplB_contig_8628_contig_8629	66.8261562998405	627	201	218	121	87
cen06_rplB_contig_8646_contig_8647	67.7736777367774	813	276	275	160	102
cen06_rplB_contig_9002_contig_9003	69.4623655913979	465	156	167	89	53
cen06_rplB_contig_9064_contig_9065	70.0854700854701	819	279	295	145	100
cen06_rplB_contig_9460_contig_9461	64.1212121212121	825	274	255	178	118
cen06_rplB_contig_9498_contig_9499	69.7303921568627	816	258	311	151	96
cen06_rplB_contig_11572_contig_11573	62.111801242236	483	141	159	99	84
cen06_rplB_contig_12092_contig_12093	63.9691714836224	519	173	159	105	82
cen06_rplB_contig_12172_contig_12173	66.4233576642336	822	256	290	166	110
cen06_rplB_contig_13244_contig_13245	69.1176470588235	612	216	207	112	77
cen06_rplB_contig_13418_contig_13419	63.18407960199	603	203	178	127	95
cen06_rplB_contig_14818_contig_14819	72.3039215686274	816	292	298	138	88
cen06_rplB_contig_15626_contig_15627	63.2478632478633	819	263	255	179	122
cen06_rplB_contig_16328_contig_16329	70.0854700854701	819	290	284	157	88
cen06_rplB_contig_16348_contig_16349	70.6959706959707	819	277	302	145	95
cen06_rplB_contig_16354_contig_16355	64.5390070921986	705	230	225	148	102
cen06_rplB_contig_16384_contig_16385	67.3992673992674	819	267	285	169	98
cen06_rplB_contig_16482_contig_16483	69.7191697191697	819	289	282	159	89
cen06_rplB_contig_16538_contig_16539	69.774011299435	708	248	246	131	83
cen06_rplB_contig_16638_contig_16639	67.639902676399	822	273	283	170	96
cen06_rplB_contig_16672_contig_16673	67.7536231884058	828	285	276	162	105
cen06_rplB_contig_16678_contig_16679	67.553865652725	789	262	271	160	96
cen06_rplB_contig_16728_contig_16729	61.038961038961	462	161	121	92	88
cen06_rplB_contig_16842_contig_16843	67.965367965368	693	235	236	124	98
cen06_rplB_contig_16884_contig_16885	62.3931623931624	819	257	254	169	139
cen06_rplB_contig_16892_contig_16893	63.3699633699634	819	285	234	159	141
cen06_rplB_contig_16936_contig_16937	68.7732342007435	807	262	293	151	101
cen06_rplB_contig_17032_contig_17033	68.2481751824817	822	256	305	168	93
cen06_rplB_contig_17034_contig_17035	66.7883211678832	822	270	279	172	101
cen06_rplB_contig_17146_contig_17147	66.7887667887668	819	258	289	166	106
cen06_rplB_contig_17218_contig_17219	65.0862068965517	696	236	217	133	110
cen06_rplB_contig_17330_contig_17331	68.0473372781065	507	177	168	95	67
cen06_rplB_contig_17456_contig_17457	70.4517704517705	819	284	293	154	88
cen06_rplB_contig_17476_contig_17477	69.241773962804	699	237	247	130	85
cen06_rplB_contig_17510_contig_17511	63.0476190476191	525	173	158	115	79
cen06_rplB_contig_17570_contig_17571	66.4224664224664	819	259	285	169	106
cen06_rplB_contig_17834_contig_17835	62.9969418960245	654	230	182	132	110
cen06_rplB_contig_18150_contig_18151	70.7107843137255	816	289	288	152	87
cen06_rplB_contig_18530_contig_18531	65.4501216545012	822	260	278	164	120
cen06_rplB_contig_18694_contig_18695	70.7782672540382	681	240	242	119	80
cen06_rplB_contig_19166_contig_19167	71.709717097171	813	286	297	149	81
cen06_rplB_contig_19424_contig_19425	72.0349563046192	801	288	289	137	87
cen06_rplB_contig_19436_contig_19437	68.2656826568266	813	273	282	155	103
cen06_rplB_contig_19466_contig_19467	72.8650137741047	726	271	258	121	76
cen06_rplB_contig_19488_contig_19489	73.5849056603774	477	164	187	72	54
cen06_rplB_contig_19680_contig_19681	67.0912951167728	471	168	148	90	65
cen06_rplB_contig_19744_contig_19745	68.8484848484848	825	289	279	153	104
cen06_rplB_contig_20010_contig_20011	49.648382559775	711	202	151	206	152
cen06_rplB_contig_20366_contig_20367	68.3574879227053	828	274	292	159	103
cen06_rplB_contig_20684_contig_20685	66.6666666666667	660	210	230	128	92
cen06_rplB_contig_20774_contig_20775	68.4981684981685	819	265	296	154	104
cen06_rplB_contig_20942_contig_20943	71.0691823899371	795	278	287	132	98
cen06_rplB_contig_20964_contig_20965	67.3965936739659	822	277	277	158	110
cen06_rplB_contig_21158_contig_21159	71.2895377128954	822	281	305	143	93
cen06_rplB_contig_21222_contig_21223	65.5677655677656	819	272	265	165	117
cen06_rplB_contig_21258_contig_21259	67.8763440860215	744	250	255	142	97
cen06_rplB_contig_21316_contig_21317	43.6274509803922	816	209	147	279	181
cen06_rplB_contig_21384_contig_21385	63.4285714285714	525	167	166	104	88
cen06_rplB_contig_21400_contig_21401	69.6078431372549	816	284	284	156	92
cen06_rplB_contig_21614_contig_21615	63.5108481262327	507	170	152	120	65
cen06_rplB_contig_21696_contig_21697	57.4171029668412	573	179	150	130	114
cen06_rplB_contig_21724_contig_21725	69.2214111922141	822	274	295	147	106
cen06_rplB_contig_21796_contig_21797	70.2602230483271	807	278	289	147	93
cen06_rplB_contig_21830_contig_21831	70.6959706959707	819	295	284	152	88
cen06_rplB_contig_22218_contig_22219	71.1678832116788	822	281	304	142	95
cen06_rplB_contig_22440_contig_22441	66.5441176470588	816	284	259	156	117
cen06_rplB_contig_22446_contig_22447	60.5392156862745	816	252	242	191	131
cen06_rplB_contig_22448_contig_22449	66.6666666666667	819	277	269	160	113
cen06_rplB_contig_22520_contig_22521	71.1843711843712	819	276	307	147	89
cen06_rplB_contig_22570_contig_22571	65.5677655677656	819	252	285	170	112
cen06_rplB_contig_22648_contig_22649	70.8180708180708	819	279	301	145	94
cen06_rplB_contig_22714_contig_22715	43.3455433455433	819	211	144	277	187
cen06_rplB_contig_22966_contig_22967	66.1782661782662	819	276	266	161	116
cen06_rplB_contig_23212_contig_23213	63.0952380952381	504	162	156	120	66
cen06_rplB_contig_23268_contig_23269	65.4501216545012	822	263	275	164	120
cen06_rplB_contig_23278_contig_23279	69.2307692307692	819	271	296	155	97
cen06_rplB_contig_23432_contig_23433	62.0098039215686	816	253	253	176	134
cen06_rplB_contig_23460_contig_23461	60.655737704918	549	178	155	116	100
cen06_rplB_contig_23480_contig_23481	64.765525982256	789	270	241	163	115
cen06_rplB_contig_23518_contig_23519	43.7118437118437	819	205	153	282	179
cen06_rplB_contig_23598_contig_23599	57.9656862745098	816	256	217	185	158
cen06_rplB_contig_23670_contig_23671	66.7887667887668	819	254	293	166	106
cen06_rplB_contig_23680_contig_23681	66.7887667887668	819	258	289	165	107
cen06_rplB_contig_23784_contig_23785	71.5506715506716	819	296	290	143	90
cen06_rplB_contig_23794_contig_23795	73.0902777777778	576	203	218	91	64
cen06_rplB_contig_23802_contig_23803	69.8412698412698	819	279	293	150	97
cen06_rplB_contig_23952_contig_23953	72.156862745098	765	267	285	129	84
cen06_rplB_contig_24104_contig_24105	71.5506715506716	819	280	306	151	82
cen06_rplB_contig_24144_contig_24145	68.3760683760684	819	252	308	166	93
cen06_rplB_contig_24378_contig_24379	71.3235294117647	816	262	320	140	94
cen06_rplB_contig_24594_contig_24595	72.3544973544974	756	267	280	128	81
cen06_rplB_contig_25084_contig_25085	71.078431372549	816	276	304	151	85
cen06_rplB_contig_25556_contig_25557	72.4331926863572	711	263	252	117	79
cen06_rplB_contig_26168_contig_26169	69.4852941176471	816	283	284	159	90
cen06_rplB_contig_26258_contig_26259	61.0294117647059	816	257	241	183	135
cen06_rplB_contig_27282_contig_27283	70.1525054466231	459	163	159	78	59
cen06_rplB_contig_27770_contig_27771	70.6959706959707	819	280	299	144	96
cen06_rplB_contig_28196_contig_28197	62.5246548323471	507	169	148	119	71
cen06_rplB_contig_28480_contig_28481	69.4852941176471	816	257	310	147	102
cen06_rplB_contig_31502_contig_31503	65.3235653235653	819	257	278	166	118
cen06_rplB_contig_32006_contig_32007	67.6706827309237	498	180	157	94	67
cen06_rplB_contig_33688_contig_33689	69.1358024691358	729	257	247	134	91
cen06_rplB_contig_34492_contig_34493	66.1800486618005	822	259	285	164	114
cen06_rplB_contig_35398_contig_35399	71.030303030303	825	275	311	153	86
cen06_rplB_contig_35958_contig_35959	70.3869047619048	672	229	244	121	78
cen06_rplB_contig_36856_contig_36857	62.4454148471616	687	222	207	148	110
cen06_rplB_contig_36908_contig_36909	66.0561660561661	819	261	280	170	108
cen06_rplB_contig_36954_contig_36955	61.8320610687023	786	275	211	176	124
cen06_rplB_contig_37570_contig_37571	62.4472573839662	474	162	134	99	79
cen06_rplB_contig_37814_contig_37815	70.5882352941177	561	198	198	98	67
cen06_rplB_contig_39384_contig_39385	61.1851851851852	675	213	200	150	112
cen06_rplB_contig_39732_contig_39733	61.2334801762115	681	220	197	159	105
cen06_rplB_contig_40110_contig_40111	64.2361111111111	576	204	166	123	83
cen06_rplB_contig_40528_contig_40529	64.1921397379913	687	232	209	152	94
cen06_rplB_contig_41410_contig_41411	58.4905660377358	636	199	173	154	110
cen06_rplB_contig_41694_contig_41695	66.6666666666667	819	257	289	166	107
cen06_rplB_contig_42070_contig_42071	59.8079561042524	729	235	201	167	126
cen06_rplB_contig_42292_contig_42293	67.032967032967	819	271	278	165	105
cen06_rplB_contig_42356_contig_42357	59.2457420924574	822	259	228	203	132
cen06_rplB_contig_42664_contig_42665	73.0769230769231	624	217	239	93	75
cen06_rplB_contig_43574_contig_43575	58.9622641509434	636	188	187	146	115
cen06_rplB_contig_43628_contig_43629	65.6432748538012	684	239	210	142	93
cen06_rplB_contig_43698_contig_43699	67.6587301587302	504	166	175	101	62
cen06_rplB_contig_43738_contig_43739	69.9393939393939	825	288	289	150	98
cen06_rplB_contig_43892_contig_43893	70.3525641025641	624	220	219	105	80
cen06_rplB_contig_43940_contig_43941	71.4884696016772	477	169	172	86	50
cen06_rplB_contig_44236_contig_44237	66.8284789644013	618	196	217	121	84
cen06_rplB_contig_44292_contig_44293	64.4012944983819	618	189	209	124	96
cen06_rplB_contig_44844_contig_44845	65.1591289782245	597	187	202	117	91
cen06_rplB_contig_45630_contig_45631	66.1111111111111	540	179	178	108	75
cen06_rplB_contig_45698_contig_45699	65.3284671532847	822	254	283	168	117
cen06_rplB_contig_45838_contig_45839	69.0476190476191	504	170	178	96	60
cen06_rplB_contig_46856_contig_46857	61.4213197969543	591	182	181	120	108
cen06_rplB_contig_46862_contig_46863	66.5445665445665	819	258	287	166	108
cen06_rplB_contig_46906_contig_46907	66.5445665445665	819	259	286	167	107
cen06_rplB_contig_46972_contig_46973	66.1782661782662	819	257	285	166	111
cen06_rplB_contig_47524_contig_47525	66.0561660561661	819	254	287	166	112
cen06_rplB_contig_47852_contig_47853	70.8029197080292	822	316	266	146	94
cen06_rplB_contig_47982_contig_47983	70.1986754966887	453	153	165	82	53
cen06_rplB_contig_48148_contig_48149	67.8819444444444	576	190	201	108	77
cen06_rplB_contig_48208_contig_48209	63.653483992467	531	167	171	111	82
cen06_rplB_contig_48980_contig_48981	68.1318681318681	546	178	194	102	72
cen06_rplB_contig_49336_contig_49337	55.4934823091248	537	169	129	138	101
cen06_rplB_contig_49510_contig_49511	59.349593495935	492	151	141	105	95
cen06_rplB_contig_50624_contig_50625	65.2777777777778	720	219	251	154	96
cen06_rplB_contig_50746_contig_50747	67.6136363636364	528	167	190	102	69
cen06_rplB_contig_51304_contig_51305	69.3486590038314	522	183	179	95	65
cen06_rplB_contig_51336_contig_51337	66.3003663003663	819	252	291	167	109
cen06_rplB_contig_51502_contig_51503	63.7362637362637	546	160	188	117	81
cen06_rplB_contig_51528_contig_51529	64.274322169059	627	202	201	146	78
cen06_rplB_contig_51572_contig_51573	65.4804270462633	843	281	271	179	112
cen06_rplB_contig_51594_contig_51595	66.2393162393162	468	145	165	98	60
cen06_rplB_contig_51662_contig_51663	63.4738186462324	783	245	252	169	117
cen06_rplB_contig_51666_contig_51667	63.8576779026217	534	157	184	114	79
cen06_rplB_contig_51670_contig_51671	63.8196915776987	843	266	272	186	119
cen06_rplB_contig_51694_contig_51695	64.5528455284553	615	195	202	127	91
cen06_rplB_contig_51698_contig_51699	66.1782661782662	819	250	292	169	108
cen06_rplB_contig_51742_contig_51743	66.9108669108669	819	251	297	165	106
cen06_rplB_contig_51924_contig_51925	64.8351648351648	819	256	275	172	116
cen06_rplB_contig_52542_contig_52543	65.3235653235653	819	255	280	169	115
cen06_rplB_contig_53008_contig_53009	66.4224664224664	819	252	292	166	109
cen06_rplB_contig_53084_contig_53085	64.7266313932981	567	184	183	116	84
cen06_rplB_contig_53144_contig_53145	61.9354838709677	465	136	152	106	71
cen06_rplB_contig_53430_contig_53431	67.258382642998	507	174	167	104	62
cen06_rplB_contig_54152_contig_54153	70.0934579439252	642	210	240	113	79
cen06_rplB_contig_54708_contig_54709	62.4277456647399	519	175	149	106	89
cen06_rplB_contig_54946_contig_54947	72.0538720538721	594	213	215	94	72
cen06_rplB_contig_54968_contig_54969	61.3496932515337	489	147	153	118	71
cen06_rplB_contig_55040_contig_55041	68.4848484848485	495	160	179	94	62
cen06_rplB_contig_55080_contig_55081	66.5445665445665	819	251	294	167	107
cen06_rplB_contig_55086_contig_55087	71.4975845410628	828	289	303	148	88
cen06_rplB_contig_55108_contig_55109	67.7777777777778	810	253	296	165	96
cen06_rplB_contig_55168_contig_55169	70.0757575757576	528	176	194	95	63
cen06_rplB_contig_55184_contig_55185	71.1229946524064	561	192	207	101	61
cen06_rplB_contig_55206_contig_55207	70.404984423676	642	213	239	110	80
cen06_rplB_contig_55348_contig_55349	63.7540453074434	618	187	207	123	101
cen06_rplB_contig_55510_contig_55511	68.1212121212121	825	270	292	161	102
cen06_rplB_contig_55526_contig_55527	65.3284671532847	822	261	276	166	119
cen06_rplB_contig_55692_contig_55693	67.3076923076923	468	150	165	98	55
cen06_rplB_contig_55704_contig_55705	71.4701601164483	687	232	259	119	77
cen06_rplB_contig_55736_contig_55737	69.7802197802198	546	181	200	99	66
cen06_rplB_contig_56224_contig_56225	66.9108669108669	819	254	294	163	108
cen06_rplB_contig_57000_contig_57001	68.836291913215	507	186	163	98	60
cen06_rplB_contig_57368_contig_57369	66.6666666666667	537	186	172	100	79
cen06_rplB_contig_57616_contig_57617	66.2251655629139	453	160	140	95	58
cen06_rplB_contig_57700_contig_57701	66.0561660561661	819	259	282	165	113
cen06_rplB_contig_57980_contig_57981	66.0455486542443	483	171	148	100	64
cen06_rplB_contig_58060_contig_58061	72.8778467908903	483	179	173	84	47
cen06_rplB_contig_58116_contig_58117	66.3194444444444	576	191	191	114	80
cen06_rplB_contig_58218_contig_58219	69.2007797270955	513	178	177	92	66
cen06_rplB_contig_58226_contig_58227	65.0793650793651	819	250	283	168	118
cen06_rplB_contig_58230_contig_58231	68.1818181818182	528	165	195	105	63
cen06_rplB_contig_58384_contig_58385	58.9098532494759	477	140	141	115	81
cen06_rplB_contig_58422_contig_58423	66.820987654321	648	217	216	125	90
cen06_rplB_contig_58440_contig_58441	62.652705061082	573	164	195	123	91
cen06_rplB_contig_58468_contig_58469	64.4848484848485	825	276	256	173	120
cen06_rplB_contig_58894_contig_58895	69.1570881226054	522	181	180	92	69
cen06_rplB_contig_58962_contig_58963	70.6827309236948	498	178	174	92	54
cen06_rplB_contig_59128_contig_59129	66.6666666666667	486	157	167	96	66
cen06_rplB_contig_59556_contig_59557	64.8351648351648	819	262	269	163	125
cen06_rplB_contig_59562_contig_59563	66.4488017429194	459	143	162	93	61
cen06_rplB_contig_59712_contig_59713	67.0886075949367	474	153	165	94	62
cen06_rplB_contig_59848_contig_59849	66.8604651162791	516	160	185	98	73
cen06_rplB_contig_59952_contig_59953	67.965367965368	462	144	170	88	60
cen06_rplB_contig_60008_contig_60009	66.9108669108669	819	253	295	163	108
cen06_rplB_contig_60116_contig_60117	63.6752136752137	468	144	154	99	71
cen06_rplB_contig_60210_contig_60211	61.522633744856	486	150	149	97	90
cen06_rplB_contig_60596_contig_60597	66.6666666666667	819	248	298	167	106
cen06_rplB_contig_60648_contig_60649	64.7130647130647	819	251	279	168	121
cen06_rplB_contig_60890_contig_60891	66.6666666666667	819	249	297	166	107
cen06_rplB_contig_61152_contig_61153	71.8599033816425	828	303	292	147	86
cen06_rplB_contig_61470_contig_61471	48.2456140350877	456	116	104	134	102
cen06_rplB_contig_61844_contig_61845	66.3446054750403	621	197	215	121	88
cen06_rplB_contig_61866_contig_61867	68.7116564417178	489	156	180	93	60
cen06_rplB_contig_61888_contig_61889	67.1550671550672	819	251	299	161	108
cen06_rplB_contig_61984_contig_61985	67.2771672771673	819	252	299	159	109
cen06_rplB_contig_62172_contig_62173	68.007662835249	522	162	193	100	67
cen06_rplB_contig_62434_contig_62435	61.9221411192214	822	264	245	188	125
cen06_rplB_contig_62684_contig_62685	66.5445665445665	819	251	294	164	110
cen06_rplB_contig_63172_contig_63173	69.8529411764706	816	274	296	155	91
cen06_rplB_contig_63260_contig_63261	67.8947368421053	570	179	208	109	74
cen06_rplB_contig_63404_contig_63405	68.5714285714286	525	168	192	98	67
cen06_rplB_contig_63544_contig_63545	71.4975845410628	828	297	295	150	86
cen06_rplB_contig_63744_contig_63745	60.036832412523	543	169	157	116	101
cen06_rplB_contig_63892_contig_63893	66.6666666666667	819	254	292	164	109
cen06_rplB_contig_63934_contig_63935	67.2771672771673	819	254	297	163	105
cen06_rplB_contig_64192_contig_64193	63.7860082304527	486	152	158	93	83
cen06_rplB_contig_64366_contig_64367	66.7887667887668	819	255	292	165	107
cen06_rplB_contig_64660_contig_64661	61.875	480	147	150	101	82
cen06_rplB_contig_64814_contig_64815	67.1550671550672	819	253	297	164	105
cen06_rplB_contig_65012_contig_65013	72.6708074534161	483	166	185	77	55
cen06_rplB_contig_65732_contig_65733	62.43961352657	828	266	251	187	124
cen06_rplB_contig_65948_contig_65949	66.0749506903353	507	169	166	99	73
cen06_rplB_contig_66028_contig_66029	67.1014492753623	690	215	248	136	91
cen06_rplB_contig_66034_contig_66035	70.276008492569	471	155	176	85	55
cen06_rplB_contig_66074_contig_66075	71.5355805243446	534	177	205	87	65
cen06_rplB_contig_66156_contig_66157	70.3296703296703	819	280	296	147	96
cen06_rplB_contig_66182_contig_66183	66.6666666666667	681	228	226	139	88
cen06_rplB_contig_66282_contig_66283	68.6868686868687	693	245	231	125	92
cen06_rplB_contig_66318_contig_66319	73.2474964234621	699	255	257	112	75
cen06_rplB_contig_66362_contig_66363	62.6373626373626	819	268	245	177	129
cen06_rplB_contig_66380_contig_66381	71.6363636363636	825	303	288	143	91
cen06_rplB_contig_66776_contig_66777	66.6666666666667	819	275	271	166	107
cen06_rplB_contig_67602_contig_67603	66.1431064572426	573	199	180	108	86
cen06_rplB_contig_67810_contig_67811	70.6161137440758	633	215	232	113	73
cen06_rplB_contig_68006_contig_68007	71.4285714285714	819	280	305	147	87
cen06_rplB_contig_68216_contig_68217	70.954356846473	723	241	272	125	85
cen06_rplB_contig_68342_contig_68343	70.479704797048	813	268	305	145	95
cen06_rplB_contig_68796_contig_68797	61.8819776714514	627	210	178	140	99
cen06_rplB_contig_68880_contig_68881	72.0486111111111	576	212	203	104	57
cen06_rplB_contig_68968_contig_68969	69.2946058091286	723	236	265	125	97
cen06_rplB_contig_69008_contig_69009	57.1743929359823	453	141	118	104	90
cen06_rplB_contig_69122_contig_69123	71.7037037037037	675	253	231	116	75
cen06_rplB_contig_69160_contig_69161	72.5388601036269	579	201	219	97	62
cen06_rplB_contig_69400_contig_69401	69.16354556804	801	259	295	150	97
cen06_rplB_contig_69468_contig_69469	65.2849740932643	579	185	193	121	80
cen06_rplB_contig_69536_contig_69537	72.3333333333333	600	224	210	106	60
cen06_rplB_contig_69568_contig_69569	64.0672782874618	654	202	217	141	94
cen06_rplB_contig_69830_contig_69831	71.7575757575758	825	285	307	145	88
cen06_rplB_contig_69878_contig_69879	67.7575757575758	825	283	276	166	100
cen06_rplB_contig_69908_contig_69909	71.3821138211382	615	214	225	114	62
cen06_rplB_contig_69948_contig_69949	73.820395738204	657	242	243	100	72
cen06_rplB_contig_69994_contig_69995	67.6470588235294	816	276	276	163	101
cen06_rplB_contig_70004_contig_70005	66.2356321839081	696	243	218	122	113
cen06_rplB_contig_70020_contig_70021	72.1411192214112	822	290	303	143	86
cen06_rplB_contig_70104_contig_70105	69.0277777777778	720	263	234	132	91
cen06_rplB_contig_70168_contig_70169	71.7575757575758	825	302	290	144	89
cen06_rplB_contig_70284_contig_70285	67.4418604651163	645	230	205	116	94
cen06_rplB_contig_70294_contig_70295	71.030303030303	825	287	299	146	93
cen06_rplB_contig_70330_contig_70331	69.7303921568627	816	278	291	152	95
cen06_rplB_contig_70364_contig_70365	72.2627737226277	822	300	294	141	87
cen06_rplB_contig_70848_contig_70849	71.3939393939394	825	285	304	148	88
cen06_rplB_contig_71650_contig_71651	71.7761557177616	822	296	294	134	98
cen06_rplB_contig_73210_contig_73211	70.0980392156863	816	277	295	152	92
cen06_rplB_contig_73290_contig_73291	63.3333333333333	720	243	213	157	107
cen06_rplB_contig_74634_contig_74635	60.7064017660044	453	142	133	90	88
cen06_rplB_contig_74644_contig_74645	66.4224664224664	819	253	291	166	109
cen06_rplB_contig_75040_contig_75041	64.7058823529412	561	191	172	107	91
cen06_rplB_contig_75124_contig_75125	69.247311827957	465	158	164	86	57
cen06_rplB_contig_75136_contig_75137	61.4814814814815	540	169	163	120	88
cen06_rplB_contig_75358_contig_75359	72.4702380952381	672	241	246	115	70
cen06_rplB_contig_75420_contig_75421	70.8683473389356	714	248	258	133	75
cen06_rplB_contig_75494_contig_75495	71.6814159292035	678	239	247	121	71
cen06_rplB_contig_75568_contig_75569	69.9393939393939	825	286	291	144	104
cen06_rplB_contig_76180_contig_76181	71.654501216545	822	294	295	137	96
cen06_rplB_contig_76568_contig_76569	67.0798898071625	726	230	257	144	95
cen06_rplB_contig_76894_contig_76895	66.5322580645161	744	230	265	150	99
cen06_rplB_contig_76896_contig_76897	56.9182389937107	636	200	162	152	122
cen06_rplB_contig_77534_contig_77535	69.6969696969697	627	206	231	111	79
cen06_rplB_contig_77666_contig_77667	66.8269230769231	624	200	217	121	86
cen06_rplB_contig_77802_contig_77803	68.8802083333333	768	244	285	154	85
cen06_rplB_contig_77930_contig_77931	67.1592775041051	609	188	221	121	79
cen06_rplB_contig_78336_contig_78337	62.1818181818182	825	289	224	182	130
cen06_rplB_contig_78674_contig_78675	70.3567035670357	813	280	292	151	90
cen06_rplB_contig_79370_contig_79371	67.4041297935103	678	211	246	130	91
cen06_rplB_contig_79504_contig_79505	68.1318681318681	819	267	291	156	105
cen06_rplB_contig_79686_contig_79687	65.6898656898657	819	249	289	169	112
cen06_rplB_contig_79900_contig_79901	72.2424242424242	825	297	299	141	88
cen06_rplB_contig_80040_contig_80041	71.1515151515152	825	276	311	154	84
cen06_rplB_contig_80470_contig_80471	58.2107843137255	816	258	217	185	156
cen06_rplB_contig_80874_contig_80875	67.9304897314376	633	217	213	125	78
cen06_rplB_contig_81216_contig_81217	67.032967032967	819	257	292	165	105
cen06_rplB_contig_81390_contig_81391	67.1550671550672	819	262	288	161	108
cen06_rplB_contig_81480_contig_81481	68.1372549019608	816	278	278	164	96
cen06_rplB_contig_81532_contig_81533	71.0569105691057	615	214	223	113	65
cen06_rplB_contig_81546_contig_81547	68.0147058823529	816	278	277	164	97
cen06_rplB_contig_81876_contig_81877	71.304347826087	690	246	246	124	74
cen06_rplB_contig_82608_contig_82609	70.1818181818182	825	291	288	155	91
cen06_rplB_contig_83332_contig_83333	71.9169719169719	819	276	313	139	91
cen06_rplB_contig_84174_contig_84175	71.1934156378601	729	258	261	133	77
cen06_rplB_contig_84372_contig_84373	68.2819383259912	681	235	230	134	82
cen06_rplB_contig_84432_contig_84433	68.0989583333333	768	266	257	156	89
cen06_rplB_contig_84502_contig_84503	71.5686274509804	714	254	257	127	76
cen06_rplB_contig_84588_contig_84589	71.9827586206897	696	249	252	121	74
cen06_rplB_contig_84602_contig_84603	72.1212121212121	825	299	296	141	89
cen06_rplB_contig_84660_contig_84661	71.8787878787879	825	299	294	141	91
cen06_rplB_contig_84720_contig_84721	72.2424242424242	825	299	297	141	88
cen06_rplB_contig_84782_contig_84783	72.1411192214112	822	299	294	132	97
cen06_rplB_contig_84886_contig_84887	71.7536813922356	747	267	269	131	80
cen06_rplB_contig_84942_contig_84943	68.6147186147186	462	147	170	90	55
cen06_rplB_contig_85006_contig_85007	60.9665427509294	807	260	232	182	133
cen06_rplB_contig_85068_contig_85069	71.763085399449	726	256	265	126	79
cen06_rplB_contig_85094_contig_85095	70.3174603174603	630	209	234	113	74
cen06_rplB_contig_85180_contig_85181	71.5328467153285	822	294	294	136	98
cen06_rplB_contig_85288_contig_85289	70.4134366925065	774	256	289	139	90
cen06_rplB_contig_87042_contig_87043	66.9108669108669	819	253	295	162	109
cen06_rplB_contig_87072_contig_87073	71.2550607287449	741	260	268	129	84
cen06_rplB_contig_87170_contig_87171	67.3992673992674	819	255	297	162	105
cen06_rplB_contig_87332_contig_87333	66.5445665445665	819	249	296	165	109
cen06_rplB_contig_87374_contig_87375	67.1550671550672	819	256	294	164	105
cen06_rplB_contig_87612_contig_87613	71.078431372549	816	277	303	145	91
cen06_rplB_contig_87994_contig_87995	66.5445665445665	819	255	290	165	109
cen06_rplB_contig_88046_contig_88047	67.6506765067651	813	279	271	163	100
cen06_rplB_contig_88146_contig_88147	67.7944862155389	798	252	289	155	102
cen06_rplB_contig_88414_contig_88415	68.1372549019608	816	279	277	163	97
cen06_rplB_contig_88436_contig_88437	70.8974358974359	780	258	295	137	90
cen06_rplB_contig_88440_contig_88441	64.4278606965174	804	261	257	169	117
cen06_rplB_contig_88450_contig_88451	66.9108669108669	819	251	297	166	105
cen06_rplB_contig_89658_contig_89659	67.4418604651163	774	263	259	162	90
cen06_rplB_contig_89882_contig_89883	67.9197994987469	798	255	287	153	103
cen06_rplB_contig_90726_contig_90727	72.039072039072	819	279	311	137	92
cen06_rplB_contig_91314_contig_91315	72.6060606060606	825	299	300	139	87
cen06_rplB_contig_91330_contig_91331	72.4310776942356	798	292	286	133	87
cen06_rplB_contig_91472_contig_91473	67.3992673992674	819	255	297	162	105
cen06_rplB_contig_91570_contig_91571	63.7362637362637	819	263	259	180	117
cen06_rplB_contig_91614_contig_91615	66.9108669108669	819	253	295	163	108
cen06_rplB_contig_92628_contig_92629	71.4646464646465	792	289	277	131	95
cen06_rplB_contig_93074_contig_93075	44.1176470588235	816	210	150	275	181
cen06_rplB_contig_93734_contig_93735	66.6666666666667	819	253	293	164	109
