ID	% GCContent	Total Count	G Count	C Count	A Count	T Count
cen06_acr3_contig_0_contig_1	54.7619047619048	462	135	118	79	130
cen06_acr3_contig_88_contig_89	61.87624750499	501	159	151	72	119
cen06_acr3_contig_116_contig_117	56.3088512241055	1062	314	284	167	297
cen06_acr3_contig_212_contig_213	53.7453183520599	534	153	134	93	154
cen06_acr3_contig_312_contig_313	58.0287929125138	903	271	253	131	248
cen06_acr3_contig_330_contig_331	55.9454191033138	513	155	132	85	141
cen06_acr3_contig_694_contig_695	53.6443148688047	1029	300	252	173	304
cen06_acr3_contig_702_contig_703	54.5454545454545	1023	276	282	167	298
cen06_acr3_contig_794_contig_795	64.0562248995984	498	171	148	61	118
cen06_acr3_contig_994_contig_995	52.8508771929825	456	119	122	85	130
cen06_acr3_contig_1066_contig_1067	70.3373015873016	1008	334	375	99	200
cen06_acr3_contig_1090_contig_1091	58.641975308642	486	135	150	72	129
cen06_acr3_contig_1696_contig_1697	61.7886178861789	492	161	143	70	118
cen06_acr3_contig_1778_contig_1779	62.7450980392157	1020	311	329	144	236
cen06_acr3_contig_1896_contig_1897	66.3650075414781	663	224	216	88	135
cen06_acr3_contig_2292_contig_2293	58.4988962472406	906	271	259	130	246
cen06_acr3_contig_2398_contig_2399	60.5584642233857	573	175	172	79	147
cen06_acr3_contig_2726_contig_2727	51.6594516594517	693	175	183	127	208
cen06_acr3_contig_5836_contig_5837	54.3524416135881	942	260	252	166	264
cen06_acr3_contig_10540_contig_10541	56.1333333333333	750	210	211	127	202
cen06_acr3_contig_16374_contig_16375	57.4074074074074	486	134	145	76	131
cen06_acr3_contig_17778_contig_17779	65.8496732026144	612	210	193	73	136
cen06_acr3_contig_17782_contig_17783	65.5228758169935	612	208	193	74	137
cen06_acr3_contig_18130_contig_18131	64.1148325358852	627	195	207	80	145
cen06_acr3_contig_18132_contig_18133	68.8888888888889	585	203	200	66	116
cen06_acr3_contig_18316_contig_18317	54.5189504373178	1029	293	268	175	293
cen06_acr3_contig_19166_contig_19167	65.377532228361	543	175	180	62	126
cen06_acr3_contig_19964_contig_19965	57.1428571428571	672	228	156	111	177
cen06_acr3_contig_20088_contig_20089	56.6265060240964	498	147	135	80	136
cen06_acr3_contig_20200_contig_20201	54.3046357615894	453	129	117	77	130
cen06_acr3_contig_20740_contig_20741	62.4542124542125	546	160	181	78	127
cen06_acr3_contig_21362_contig_21363	58.195211786372	543	148	168	88	139
cen06_acr3_contig_22186_contig_22187	64.4880174291939	459	169	127	61	102
cen06_acr3_contig_26772_contig_26773	64.9395509499136	579	197	179	72	131
cen06_acr3_contig_29122_contig_29123	56.4102564102564	546	155	153	91	147
cen06_acr3_contig_29192_contig_29193	54.5189504373178	1029	296	265	174	294
cen06_acr3_contig_29330_contig_29331	66.8549905838041	531	179	176	60	116
cen06_acr3_contig_29910_contig_29911	55.2046783625731	855	238	234	147	236
cen06_acr3_contig_31052_contig_31053	54.4480171489818	933	259	249	165	260
cen06_acr3_contig_32530_contig_32531	56.175972927242	591	195	137	98	161
cen06_acr3_contig_33914_contig_33915	64.8373983739837	492	154	165	60	113
cen06_acr3_contig_34256_contig_34257	63.6515912897822	597	197	183	75	142
cen06_acr3_contig_34414_contig_34415	61.8101545253863	453	148	132	58	115
cen06_acr3_contig_34518_contig_34519	57.3643410852713	516	147	149	91	129
cen06_acr3_contig_36484_contig_36485	63.010752688172	465	147	146	66	106
