ID	% GCContent	Total Count	G Count	C Count	A Count	T Count
cen04_acr3_contig_4_contig_5	52.6126126126126	555	146	146	85	178
cen04_acr3_contig_16_contig_17	54.9145299145299	468	121	136	79	132
cen04_acr3_contig_36_contig_37	55.1690821256039	1035	276	295	176	288
cen04_acr3_contig_50_contig_51	67.741935483871	465	155	160	55	95
cen04_acr3_contig_148_contig_149	58.7896253602305	1041	308	304	158	271
cen04_acr3_contig_308_contig_309	53.5714285714286	1008	272	268	172	296
cen04_acr3_contig_398_contig_399	57.5418994413408	537	151	158	77	151
cen04_acr3_contig_402_contig_403	59.4541910331384	513	158	147	68	140
cen04_acr3_contig_416_contig_417	58.7179487179487	780	247	211	110	212
cen04_acr3_contig_424_contig_425	60.4651162790698	516	157	155	69	135
cen04_acr3_contig_498_contig_499	61.1111111111111	612	204	170	79	159
cen04_acr3_contig_562_contig_563	55.2986512524085	1038	292	282	174	290
cen04_acr3_contig_922_contig_923	53.9499036608863	1038	301	259	179	299
cen04_acr3_contig_1290_contig_1291	53.8839724680433	1017	279	269	182	287
cen04_acr3_contig_1306_contig_1307	53.2567049808429	1044	273	283	184	304
cen04_acr3_contig_1328_contig_1329	57.1711177052423	1011	268	310	163	270
cen04_acr3_contig_1352_contig_1353	57.1428571428571	1029	308	280	168	273
cen04_acr3_contig_1442_contig_1443	51.8731988472622	1041	270	270	193	308
cen04_acr3_contig_1486_contig_1487	55.7803468208092	1038	300	279	177	282
cen04_acr3_contig_1566_contig_1567	51.9174041297935	1017	280	248	185	304
cen04_acr3_contig_1568_contig_1569	55.9218559218559	819	218	240	143	218
cen04_acr3_contig_1650_contig_1651	57.4447646493756	1041	305	293	165	278
cen04_acr3_contig_1670_contig_1671	53.7944284341979	1041	281	279	183	298
cen04_acr3_contig_1928_contig_1929	52.9652351738241	489	128	131	85	145
cen04_acr3_contig_2180_contig_2181	54.8387096774194	558	155	151	90	162
cen04_acr3_contig_2232_contig_2233	53.4516765285996	507	138	133	87	149
cen04_acr3_contig_3010_contig_3011	56.0077519379845	516	152	137	82	145
cen04_acr3_contig_3204_contig_3205	51.8037518037518	693	177	182	124	210
cen04_acr3_contig_3208_contig_3209	56.1965811965812	468	152	111	72	133
cen04_acr3_contig_3284_contig_3285	59.371492704826	891	259	270	127	235
cen04_acr3_contig_3330_contig_3331	59.7292724196277	591	179	174	93	145
cen04_acr3_contig_3388_contig_3389	54.7619047619048	504	142	134	84	144
cen04_acr3_contig_4046_contig_4047	55.4913294797688	1038	289	287	171	291
cen04_acr3_contig_4048_contig_4049	58.641975308642	486	139	146	76	125
cen04_acr3_contig_4122_contig_4123	61.7543859649123	570	179	173	85	133
cen04_acr3_contig_4190_contig_4191	56.6893424036281	882	256	244	146	236
cen04_acr3_contig_5682_contig_5683	53.2544378698225	507	137	133	87	150
cen04_acr3_contig_6018_contig_6019	53.8235294117647	1020	271	278	181	290
cen04_acr3_contig_6164_contig_6165	54.6078431372549	1020	281	276	176	287
cen04_acr3_contig_6268_contig_6269	55.009633911368	1038	287	284	175	292
cen04_acr3_contig_8586_contig_8587	55.6190476190476	525	153	139	77	156
cen04_acr3_contig_10034_contig_10035	60.7936507936508	630	204	179	90	157
cen04_acr3_contig_16642_contig_16643	54.975845410628	1035	291	278	173	293
cen04_acr3_contig_17112_contig_17113	61.6473616473616	777	253	226	109	189
cen04_acr3_contig_18480_contig_18481	60.7966457023061	477	142	148	73	114
cen04_acr3_contig_23182_contig_23183	53.2544378698225	507	136	134	89	148
cen04_acr3_contig_24840_contig_24841	52.3809523809524	504	134	130	88	152
cen04_acr3_contig_27160_contig_27161	59.8765432098765	486	155	136	78	117
cen04_acr3_contig_30086_contig_30087	60.5691056910569	492	151	147	82	112
cen04_acr3_contig_30314_contig_30315	53.9842873176206	891	242	239	160	250
cen04_acr3_contig_32132_contig_32133	58.8405797101449	690	219	187	102	182
cen04_acr3_contig_32170_contig_32171	53.4290271132376	627	179	156	109	183
cen04_acr3_contig_33086_contig_33087	54.0697674418605	1032	282	276	181	293
cen04_acr3_contig_33138_contig_33139	53.5623409669211	786	229	192	141	224
cen04_acr3_contig_33158_contig_33159	54.1125541125541	693	193	182	122	196
cen04_acr3_contig_33714_contig_33715	55.7487922705314	1035	300	277	178	280
cen04_acr3_contig_34050_contig_34051	55.9523809523809	672	186	190	107	189
cen04_acr3_contig_34742_contig_34743	58.7719298245614	456	134	134	61	127
cen04_acr3_contig_34866_contig_34867	60.7843137254902	663	184	219	89	171
cen04_acr3_contig_35190_contig_35191	50.3075030750308	813	216	193	158	246
cen04_acr3_contig_35318_contig_35319	60.5893186003683	543	150	179	66	148
cen04_acr3_contig_35770_contig_35771	53.9426523297491	558	152	149	93	164
cen04_acr3_contig_36928_contig_36929	54.4802867383513	558	154	150	91	163
cen04_acr3_contig_37760_contig_37761	57.6656775469832	1011	269	314	157	271
cen04_acr3_contig_38400_contig_38401	55.5555555555556	684	186	194	110	194
cen04_acr3_contig_38794_contig_38795	56.2248995983936	747	213	207	124	203
cen04_acr3_contig_38852_contig_38853	53.7698412698413	504	141	130	87	146
cen04_acr3_contig_39528_contig_39529	53.8167938931298	786	231	192	138	225
cen04_acr3_contig_39610_contig_39611	53.9074960127592	627	181	157	107	182
cen04_acr3_contig_39866_contig_39867	53.0701754385965	456	122	120	84	130
cen04_acr3_contig_39888_contig_39889	54.8792270531401	1035	291	277	178	289
cen04_acr3_contig_40034_contig_40035	53.968253968254	504	131	141	82	150
cen04_acr3_contig_40250_contig_40251	59.0225563909774	798	236	235	118	209
cen04_acr3_contig_41064_contig_41065	54.6583850931677	483	128	136	81	138
cen04_acr3_contig_41318_contig_41319	54.0305010893246	459	127	121	75	136
cen04_acr3_contig_41716_contig_41717	52.5157232704403	636	173	161	120	182
cen04_acr3_contig_42498_contig_42499	57.5949367088608	474	144	129	69	132
cen04_acr3_contig_42518_contig_42519	53.8631346578366	453	112	132	84	125
cen04_acr3_contig_43980_contig_43981	57.3446327683616	708	205	201	116	186
cen04_acr3_contig_44504_contig_44505	59.9439775910364	714	219	209	110	176
cen04_acr3_contig_44588_contig_44589	57.5949367088608	474	139	134	75	126
cen04_acr3_contig_44890_contig_44891	54.2397660818713	684	194	177	129	184
cen04_acr3_contig_45170_contig_45171	56.8627450980392	510	147	143	85	135
cen04_acr3_contig_45192_contig_45193	65.6814449917898	609	201	199	74	135
cen04_acr3_contig_45218_contig_45219	59.8684210526316	456	135	138	74	109
cen04_acr3_contig_45280_contig_45281	54.0453074433657	618	181	153	115	169
cen04_acr3_contig_45402_contig_45403	54.8387096774194	558	160	146	100	152
cen04_acr3_contig_45424_contig_45425	56.9750367107195	681	201	187	113	180
cen04_acr3_contig_45438_contig_45439	54.7169811320755	477	137	124	82	134
cen04_acr3_contig_45546_contig_45547	57.0722057368942	1011	266	311	163	271
cen04_acr3_contig_45630_contig_45631	54.9132947976879	1038	287	283	178	290
cen04_acr3_contig_45904_contig_45905	63.9175257731959	582	184	188	79	131
cen04_acr3_contig_45960_contig_45961	65.1438240270728	591	197	188	72	134
cen04_acr3_contig_45972_contig_45973	64.5	600	186	201	77	136
cen04_acr3_contig_46012_contig_46013	63.265306122449	588	187	185	80	136
cen04_acr3_contig_46028_contig_46029	52.124183006536	612	154	165	118	175
cen04_acr3_contig_46130_contig_46131	57.2769953051643	639	179	187	102	171
cen04_acr3_contig_46602_contig_46603	55.0102249488753	489	139	130	91	129
cen04_acr3_contig_47658_contig_47659	53.7142857142857	525	147	135	100	143
cen04_acr3_contig_47816_contig_47817	53.8324420677362	561	162	140	92	167
cen04_acr3_contig_47832_contig_47833	55.1362683438155	477	144	119	88	126
cen04_acr3_contig_47948_contig_47949	65.1202749140894	582	188	191	69	134
cen04_acr3_contig_47970_contig_47971	65.5797101449275	552	179	183	67	123
cen04_acr3_contig_48046_contig_48047	65.2173913043478	552	181	179	65	127
cen04_acr3_contig_48052_contig_48053	65.7608695652174	552	182	181	63	126
cen04_acr3_contig_48236_contig_48237	58.0459770114943	522	137	166	83	136
cen04_acr3_contig_48246_contig_48247	52.670349907919	543	155	131	99	158
cen04_acr3_contig_48468_contig_48469	56.2248995983936	498	133	147	86	132
cen04_acr3_contig_48974_contig_48975	57.0175438596491	570	172	153	89	156
cen04_acr3_contig_49552_contig_49553	63.6524822695035	564	180	179	74	131
cen04_acr3_contig_49556_contig_49557	54.367201426025	561	151	154	97	159
cen04_acr3_contig_49574_contig_49575	62.8828828828829	555	171	178	73	133
cen04_acr3_contig_49592_contig_49593	56.425702811245	498	134	147	82	135
cen04_acr3_contig_49604_contig_49605	55.2721088435374	588	165	160	95	168
cen04_acr3_contig_49646_contig_49647	54.9364613880743	1023	287	275	175	286
cen04_acr3_contig_49682_contig_49683	59.2767295597484	636	233	144	97	162
cen04_acr3_contig_49684_contig_49685	56.5543071161049	534	150	152	89	143
cen04_acr3_contig_49894_contig_49895	59.7765363128492	537	173	148	72	144
cen04_acr3_contig_49966_contig_49967	56.1181434599156	474	126	140	81	127
cen04_acr3_contig_50028_contig_50029	54.5614035087719	570	162	149	97	162
cen04_acr3_contig_50100_contig_50101	54.8387096774194	465	115	140	81	129
cen04_acr3_contig_50156_contig_50157	55.3606237816764	513	146	138	93	136
cen04_acr3_contig_50192_contig_50193	54.9707602339181	513	141	141	96	135
cen04_acr3_contig_50516_contig_50517	50.462962962963	864	215	221	157	271
cen04_acr3_contig_50664_contig_50665	56.9264069264069	462	136	127	68	131
cen04_acr3_contig_50682_contig_50683	66.6666666666667	489	165	161	60	103
cen04_acr3_contig_50732_contig_50733	56.5776458951533	1011	273	299	173	266
cen04_acr3_contig_51306_contig_51307	58.8454376163873	537	192	124	83	138
cen04_acr3_contig_51404_contig_51405	53.9784946236559	465	119	132	77	137
cen04_acr3_contig_52120_contig_52121	59.0361445783133	498	153	141	76	128
cen04_acr3_contig_53082_contig_53083	56.369982547993	573	166	157	97	153
cen04_acr3_contig_53558_contig_53559	53.6062378167641	513	139	136	92	146
cen04_acr3_contig_53776_contig_53777	57.3099415204678	513	151	143	77	142
cen04_acr3_contig_54792_contig_54793	58.8822355289421	501	141	154	69	137
cen04_acr3_contig_55388_contig_55389	53.9393939393939	495	135	132	85	143
cen04_acr3_contig_56028_contig_56029	65.2920962199313	582	197	183	71	131
cen04_acr3_contig_56212_contig_56213	57.2769953051643	639	179	187	104	169
cen04_acr3_contig_57640_contig_57641	57.5757575757576	528	162	142	94	130
cen04_acr3_contig_57680_contig_57681	68.3848797250859	582	200	198	71	113
cen04_acr3_contig_61100_contig_61101	53.3718689788054	1038	291	263	186	298
cen04_acr3_contig_62886_contig_62887	56.754130223518	1029	307	277	168	277
cen04_acr3_contig_64008_contig_64009	64.7058823529412	663	202	227	85	149
cen04_acr3_contig_64848_contig_64849	53.8167938931298	786	210	213	140	223
cen04_acr3_contig_66282_contig_66283	65.8823529411765	510	176	160	59	115
cen04_acr3_contig_66350_contig_66351	54.8780487804878	738	196	209	124	209
cen04_acr3_contig_66752_contig_66753	53.9499036608863	1038	299	261	178	300
cen04_acr3_contig_67034_contig_67035	60.0441501103753	453	136	136	64	117
cen04_acr3_contig_67728_contig_67729	54.7425474254743	738	194	210	135	199
cen04_acr3_contig_68106_contig_68107	60.6944444444444	720	230	207	108	175
cen04_acr3_contig_70074_contig_70075	55.8232931726908	498	132	146	87	133
cen04_acr3_contig_70366_contig_70367	55.4913294797688	1038	287	289	174	288
cen04_acr3_contig_70552_contig_70553	53.5768645357686	657	175	177	121	184
cen04_acr3_contig_70584_contig_70585	54.4061302681992	783	209	217	137	220
cen04_acr3_contig_71616_contig_71617	55.4697554697555	777	222	209	125	221
cen04_acr3_contig_72280_contig_72281	53.7712895377129	822	224	218	149	231
cen04_acr3_contig_72550_contig_72551	53.0434782608696	1035	282	267	177	309
cen04_acr3_contig_74756_contig_74757	52.015732546706	1017	280	249	184	304
cen04_acr3_contig_74780_contig_74781	65.1202749140894	582	194	185	69	134
cen04_acr3_contig_75472_contig_75473	53.9855072463768	552	156	142	99	155
cen04_acr3_contig_76412_contig_76413	55.2297165200391	1023	286	279	177	281
cen04_acr3_contig_77452_contig_77453	54.5808966861598	513	144	136	97	136
cen04_acr3_contig_77624_contig_77625	54.3859649122807	513	141	138	96	138
cen04_acr3_contig_78384_contig_78385	55.650522317189	1053	291	295	179	288
cen04_acr3_contig_78862_contig_78863	55.5876685934489	1038	287	290	173	288
cen04_acr3_contig_81168_contig_81169	64.9122807017544	513	168	165	63	117
cen04_acr3_contig_81172_contig_81173	56.6276803118908	1026	331	250	162	283
cen04_acr3_contig_84656_contig_84657	55.5217831813576	987	265	283	164	275
cen04_acr3_contig_85288_contig_85289	64.4171779141104	489	161	154	62	112
cen04_acr3_contig_85422_contig_85423	65.7303370786517	534	176	175	64	119
cen04_acr3_contig_85736_contig_85737	56.5656565656566	495	150	130	90	125
cen04_acr3_contig_86006_contig_86007	64.3162393162393	468	152	149	59	108
cen04_acr3_contig_86030_contig_86031	65.5737704918033	549	185	175	66	123
cen04_acr3_contig_86596_contig_86597	57.1150097465887	1026	332	254	163	277
cen04_acr3_contig_87036_contig_87037	64.7286821705426	516	168	166	63	119
cen04_acr3_contig_87054_contig_87055	55.688622754491	1002	291	267	177	267
cen04_acr3_contig_87400_contig_87401	53.7254901960784	510	140	134	94	142
cen04_acr3_contig_87944_contig_87945	55.327468230694	1023	287	279	176	281
cen04_acr3_contig_89144_contig_89145	60.3905160390516	717	221	212	109	175
cen04_acr3_contig_89506_contig_89507	55.2657004830918	1035	278	294	173	290
cen04_acr3_contig_89686_contig_89687	62.1468926553672	531	165	165	75	126
cen04_acr3_contig_90286_contig_90287	55.8766859344894	1038	287	293	170	288
cen04_acr3_contig_90296_contig_90297	55.5876685934489	1038	296	281	170	291
cen04_acr3_contig_90554_contig_90555	55.9730250481696	1038	289	292	170	287
cen04_acr3_contig_91002_contig_91003	56.268221574344	1029	284	295	169	281
cen04_acr3_contig_91008_contig_91009	53.9865513928914	1041	280	282	185	294
