ID	% GCContent	Total Count	G Count	C Count	A Count	T Count
cen04_arsA_contig_1314_contig_1315	67.0756646216769	489	160	168	73	88
cen04_arsA_contig_1320_contig_1321	56.4021164021164	945	276	257	208	204
cen04_arsA_contig_1338_contig_1339	61.3095238095238	504	153	156	104	91
cen04_arsA_contig_1350_contig_1351	58.130081300813	492	141	145	96	110
cen04_arsA_contig_1656_contig_1657	61.9585687382298	531	153	176	93	109
cen04_arsA_contig_1698_contig_1699	60.5095541401274	471	136	149	87	99
cen04_arsA_contig_1966_contig_1967	67.1052631578947	456	148	158	66	84
cen04_arsA_contig_2072_contig_2073	66.8831168831169	462	144	165	73	80
cen04_arsA_contig_2252_contig_2253	70.2380952380952	504	171	183	67	83
cen04_arsA_contig_3436_contig_3437	65.7407407407407	864	287	281	156	140
cen04_arsA_contig_3454_contig_3455	67.6300578034682	519	184	167	90	78
cen04_arsA_contig_3462_contig_3463	66.2790697674419	516	186	156	91	83
cen04_arsA_contig_3464_contig_3465	67.8294573643411	516	186	164	86	80
cen04_arsA_contig_3480_contig_3481	61.9585687382298	531	154	175	92	110
cen04_arsA_contig_4630_contig_4631	64.7834274952919	531	181	163	99	88
cen04_arsA_contig_4668_contig_4669	64.1472868217054	516	174	157	92	93
cen04_arsA_contig_4670_contig_4671	66.4728682170543	516	178	165	86	87
cen04_arsA_contig_4694_contig_4695	65.4761904761905	924	302	303	167	152
cen04_arsA_contig_4702_contig_4703	64.7286821705426	516	174	160	94	88
cen04_arsA_contig_4708_contig_4709	64.6103896103896	924	308	289	175	152
cen04_arsA_contig_4738_contig_4739	64.7286821705426	516	173	161	95	87
cen04_arsA_contig_4868_contig_4869	64.040404040404	495	161	156	98	80
cen04_arsA_contig_4976_contig_4977	69.1570881226054	522	182	179	85	76
cen04_arsA_contig_5106_contig_5107	65.6804733727811	507	166	167	89	85
cen04_arsA_contig_5404_contig_5405	65.1162790697674	516	174	162	94	86
cen04_arsA_contig_6114_contig_6115	51.7543859649123	456	128	108	116	104
cen04_arsA_contig_6118_contig_6119	56.687898089172	471	128	139	111	93
cen04_arsA_contig_6214_contig_6215	57.3248407643312	471	125	145	111	90
cen04_arsA_contig_6310_contig_6311	63.0952380952381	504	156	162	93	93
