ID	% GCContent	Total Count	G Count	C Count	A Count	T Count
cen14_arsC_glut_contig_10_contig_11	61.4492753623188	345	108	104	67	66
cen14_arsC_glut_contig_30_contig_31	72.9468599033816	207	77	74	31	25
cen14_arsC_glut_contig_34_contig_35	65.296803652968	219	77	66	33	43
cen14_arsC_glut_contig_36_contig_37	60	330	95	103	72	60
cen14_arsC_glut_contig_46_contig_47	63.8297872340426	282	88	92	51	51
cen14_arsC_glut_contig_152_contig_153	66.6666666666667	186	58	66	32	30
cen14_arsC_glut_contig_186_contig_187	67.0682730923695	249	83	84	44	38
cen14_arsC_glut_contig_196_contig_197	58.9970501474926	339	95	105	68	71
cen14_arsC_glut_contig_212_contig_213	62.9032258064516	186	55	62	37	32
cen14_arsC_glut_contig_274_contig_275	63.6363636363636	330	99	111	66	54
cen14_arsC_glut_contig_352_contig_353	63.0952380952381	168	53	53	37	25
cen14_arsC_glut_contig_588_contig_589	64.1304347826087	276	81	96	54	45
cen14_arsC_glut_contig_686_contig_687	66.2447257383966	237	71	86	40	40
cen14_arsC_glut_contig_718_contig_719	66.1375661375661	189	66	59	32	32
cen14_arsC_glut_contig_754_contig_755	62.5641025641026	195	56	66	41	32
cen14_arsC_glut_contig_824_contig_825	63.9784946236559	186	57	62	44	23
cen14_arsC_glut_contig_880_contig_881	70.1960784313726	255	92	87	36	40
cen14_arsC_glut_contig_912_contig_913	64.4444444444444	180	51	65	36	28
cen14_arsC_glut_contig_988_contig_989	58.4699453551913	183	54	53	41	35
cen14_arsC_glut_contig_1112_contig_1113	65.5913978494624	186	57	65	40	24
cen14_arsC_glut_contig_1418_contig_1419	67.0995670995671	231	75	80	46	30
cen14_arsC_glut_contig_1432_contig_1433	66.1111111111111	180	61	58	34	27
cen14_arsC_glut_contig_1444_contig_1445	60.4938271604938	162	44	54	38	26
cen14_arsC_glut_contig_1482_contig_1483	63.5658914728682	258	86	78	56	38
cen14_arsC_glut_contig_1544_contig_1545	67.6190476190476	210	67	75	39	29
cen14_arsC_glut_contig_1548_contig_1549	54.9019607843137	153	37	47	37	32
cen14_arsC_glut_contig_1644_contig_1645	68.4210526315789	171	60	57	33	21
