ID	% GCContent	Total Count	G Count	C Count	A Count	T Count
cen17_tolC_contig_2170_contig_2171	68.4407096171802	1071	341	392	201	137
cen17_tolC_contig_2376_contig_2377	65.4639175257732	582	169	212	125	76
cen17_tolC_contig_2608_contig_2609	66.8238993710692	636	193	232	128	83
cen17_tolC_contig_2718_contig_2719	58.9403973509934	453	131	136	109	77
cen17_tolC_contig_2738_contig_2739	60.427807486631	561	156	183	134	88
cen17_tolC_contig_2832_contig_2833	67.065868263473	501	150	186	97	68
cen17_tolC_contig_3024_contig_3025	67.056530214425	513	160	184	105	64
cen17_tolC_contig_3098_contig_3099	67.7083333333333	480	143	182	91	64
cen17_tolC_contig_3350_contig_3351	66.8831168831169	462	148	161	96	57
cen17_tolC_contig_3928_contig_3929	69.0721649484536	582	197	205	112	68
cen17_tolC_contig_4008_contig_4009	69.2844677137871	573	191	206	110	66
cen17_tolC_contig_4272_contig_4273	68.760907504363	573	197	197	107	72
cen17_tolC_contig_4646_contig_4647	69.1358024691358	486	165	171	91	59
cen17_tolC_contig_4938_contig_4939	68.5567010309278	582	202	197	111	72
cen17_tolC_contig_5044_contig_5045	68.1992337164751	522	181	175	102	64
