ID	% GCContent	Total Count	G Count	C Count	A Count	T Count
cen16_vanX_contig_8_contig_9	54.950495049505	606	173	160	142	131
cen16_vanX_contig_36_contig_37	64.2222222222222	450	145	144	85	76
cen16_vanX_contig_42_contig_43	62.6865671641791	603	193	185	119	106
cen16_vanX_contig_98_contig_99	52.7619047619048	525	152	125	126	122
cen16_vanX_contig_992_contig_993	54.6925566343042	309	87	82	72	68
cen16_vanX_contig_1182_contig_1183	64.8989898989899	396	127	130	77	62
cen16_vanX_contig_1992_contig_1993	63.9928698752228	561	187	172	105	97
cen16_vanX_contig_2020_contig_2021	60.9375	384	118	116	80	70
cen16_vanX_contig_2146_contig_2147	67.5862068965517	435	145	149	58	83
cen16_vanX_contig_2316_contig_2317	68.6813186813187	546	176	199	83	88
cen16_vanX_contig_2330_contig_2331	44.4444444444444	396	94	82	123	97
cen16_vanX_contig_2660_contig_2661	62.5641025641026	390	111	133	66	80
cen16_vanX_contig_2680_contig_2681	67.9738562091503	306	110	98	46	52
cen16_vanX_contig_2686_contig_2687	61.9883040935673	342	106	106	61	69
cen16_vanX_contig_2716_contig_2717	65.7320872274143	321	105	106	62	48
cen16_vanX_contig_3000_contig_3001	64.5259938837921	327	106	105	52	64
cen16_vanX_contig_3088_contig_3089	69.8412698412698	315	106	114	45	50
cen16_vanX_contig_3098_contig_3099	70.7165109034268	321	107	120	44	50
cen16_vanX_contig_3130_contig_3131	67.9365079365079	315	104	110	50	51
cen16_vanX_contig_3288_contig_3289	62.6543209876543	324	107	96	65	56
cen16_vanX_contig_3636_contig_3637	62.1890547263682	603	186	189	126	102
cen16_vanX_contig_3884_contig_3885	68.8888888888889	315	109	108	51	47
cen16_vanX_contig_3968_contig_3969	61.1872146118721	438	141	127	84	86
cen16_vanX_contig_3986_contig_3987	71.0382513661202	366	130	130	53	53
cen16_vanX_contig_4016_contig_4017	61.1872146118721	438	142	126	84	86
cen16_vanX_contig_4128_contig_4129	71.3836477987421	318	113	114	37	54
cen16_vanX_contig_4272_contig_4273	69.2063492063492	315	110	108	50	47
cen16_vanX_contig_5228_contig_5229	55.5555555555556	603	172	163	136	132
cen16_vanX_contig_6180_contig_6181	61.7283950617284	324	109	91	65	59
cen16_vanX_contig_6304_contig_6305	63.3499170812604	603	194	188	117	104
