ID	% GCContent	Total Count	G Count	C Count	A Count	T Count
cen16_acr3_contig_0_contig_1	64.1170915958451	1059	354	325	142	238
cen16_acr3_contig_58_contig_59	58.4699453551913	915	261	274	135	245
cen16_acr3_contig_84_contig_85	70.3267973856209	765	254	284	77	150
cen16_acr3_contig_108_contig_109	61.6766467065868	501	159	150	72	120
cen16_acr3_contig_144_contig_145	55.2188552188552	891	249	243	159	240
cen16_acr3_contig_158_contig_159	67.7165354330709	762	251	265	88	158
cen16_acr3_contig_192_contig_193	68.3060109289618	732	247	253	92	140
cen16_acr3_contig_376_contig_377	60.0980392156863	1020	269	344	141	266
cen16_acr3_contig_380_contig_381	62.0583717357911	651	206	198	93	154
cen16_acr3_contig_478_contig_479	53.4722222222222	1008	279	260	187	282
cen16_acr3_contig_516_contig_517	71.3872832369942	1038	358	383	108	189
cen16_acr3_contig_518_contig_519	66.8582375478927	1044	354	344	115	231
cen16_acr3_contig_534_contig_535	66.4634146341463	984	297	357	135	195
cen16_acr3_contig_550_contig_551	60.3082851637765	1038	280	346	143	269
cen16_acr3_contig_650_contig_651	53.6274509803922	1020	282	265	169	304
cen16_acr3_contig_740_contig_741	64.3097643097643	594	183	199	85	127
cen16_acr3_contig_768_contig_769	43.6991869918699	492	123	92	116	161
cen16_acr3_contig_1088_contig_1089	57.8998073217726	1038	312	289	176	261
cen16_acr3_contig_1114_contig_1115	55.9694364851958	1047	285	301	171	290
cen16_acr3_contig_1118_contig_1119	59.1617933723197	1026	367	240	156	263
cen16_acr3_contig_1186_contig_1187	57.8231292517007	1029	273	322	163	271
cen16_acr3_contig_1234_contig_1235	52.3135033050047	1059	276	278	196	309
cen16_acr3_contig_1316_contig_1317	57.286432160804	597	169	173	92	163
cen16_acr3_contig_1344_contig_1345	54.2145593869732	1044	278	288	185	293
cen16_acr3_contig_1346_contig_1347	43.9024390243902	492	121	95	117	159
cen16_acr3_contig_1390_contig_1391	54.1544477028348	1023	292	262	174	295
cen16_acr3_contig_1522_contig_1523	57.8034682080925	519	141	159	84	135
cen16_acr3_contig_1590_contig_1591	55.7539682539683	504	141	140	89	134
cen16_acr3_contig_1620_contig_1621	57.7777777777778	1035	308	290	166	271
cen16_acr3_contig_1622_contig_1623	61.8079096045198	885	259	288	117	221
cen16_acr3_contig_1698_contig_1699	56.4705882352941	1020	297	279	157	287
cen16_acr3_contig_1712_contig_1713	61.598440545809	513	151	165	71	126
cen16_acr3_contig_1856_contig_1857	51.6908212560386	1035	277	258	183	317
cen16_acr3_contig_1914_contig_1915	64.859437751004	498	169	154	56	119
cen16_acr3_contig_1974_contig_1975	71.4836223506744	1038	398	344	87	209
cen16_acr3_contig_2140_contig_2141	63.728813559322	885	300	264	118	203
cen16_acr3_contig_2322_contig_2323	65.4761904761905	504	146	184	57	117
cen16_acr3_contig_2452_contig_2453	60	1035	319	302	159	255
cen16_acr3_contig_2472_contig_2473	52.2574447646494	1041	271	273	189	308
cen16_acr3_contig_2520_contig_2521	65.3483992467043	531	167	180	67	117
cen16_acr3_contig_2572_contig_2573	56.2874251497006	501	149	133	80	139
cen16_acr3_contig_2582_contig_2583	58.4142394822006	618	188	173	91	166
cen16_acr3_contig_2816_contig_2817	54.8039215686275	1020	293	266	170	291
cen16_acr3_contig_2894_contig_2895	63.0731102850062	807	248	261	110	188
cen16_acr3_contig_2944_contig_2945	62.984496124031	1032	321	329	145	237
cen16_acr3_contig_3058_contig_3059	62.6409017713366	621	194	195	92	140
cen16_acr3_contig_3064_contig_3065	55.6840077071291	519	142	147	79	151
cen16_acr3_contig_3086_contig_3087	59.0604026845638	894	242	286	125	241
cen16_acr3_contig_4192_contig_4193	59.0643274853801	1026	298	308	165	255
cen16_acr3_contig_4372_contig_4373	55.1362683438155	477	126	137	72	142
cen16_acr3_contig_6158_contig_6159	54.1544477028348	1023	293	261	175	294
cen16_acr3_contig_6608_contig_6609	56.7741935483871	465	130	134	74	127
cen16_acr3_contig_7712_contig_7713	68.2819383259912	681	228	237	88	128
cen16_acr3_contig_7740_contig_7741	62.7394636015326	1044	338	317	127	262
cen16_acr3_contig_9326_contig_9327	54.1302235179786	1029	292	265	178	294
cen16_acr3_contig_11046_contig_11047	65.6184486373166	477	152	161	61	103
cen16_acr3_contig_12850_contig_12851	55.7692307692308	468	127	134	72	135
cen16_acr3_contig_12906_contig_12907	53.7254901960784	510	136	138	87	149
cen16_acr3_contig_13770_contig_13771	53.8065843621399	972	273	250	163	286
cen16_acr3_contig_14144_contig_14145	62.8765792031098	1029	346	301	145	237
cen16_acr3_contig_14694_contig_14695	58.6744639376218	1026	306	296	146	278
cen16_acr3_contig_16874_contig_16875	54.9634273772205	957	274	252	154	277
cen16_acr3_contig_17100_contig_17101	57.0321151716501	903	281	234	158	230
cen16_acr3_contig_19130_contig_19131	54.1254125412541	909	242	250	155	262
cen16_acr3_contig_20230_contig_20231	50.269687162891	927	245	221	171	290
cen16_acr3_contig_21374_contig_21375	61.6279069767442	516	166	152	72	126
cen16_acr3_contig_21908_contig_21909	57.2649572649573	468	120	148	62	138
cen16_acr3_contig_22824_contig_22825	54.0792540792541	858	242	222	151	243
cen16_acr3_contig_23990_contig_23991	60.5714285714286	525	149	169	81	126
cen16_acr3_contig_24122_contig_24123	61.2836438923395	483	148	148	75	112
cen16_acr3_contig_24866_contig_24867	54.2521994134897	1023	295	260	175	293
cen16_acr3_contig_25054_contig_25055	54.8192771084337	498	143	130	75	150
cen16_acr3_contig_25744_contig_25745	66.0569105691057	984	298	352	135	199
cen16_acr3_contig_25846_contig_25847	65.9552845528455	984	300	349	135	200
cen16_acr3_contig_26072_contig_26073	59.5342066957787	687	218	191	107	171
cen16_acr3_contig_26114_contig_26115	55.9454191033138	513	117	170	70	156
cen16_acr3_contig_26136_contig_26137	60.4444444444444	675	187	221	93	174
cen16_acr3_contig_26768_contig_26769	66.8518518518518	540	166	195	69	110
cen16_acr3_contig_27222_contig_27223	69.9324324324324	888	299	322	104	163
cen16_acr3_contig_27238_contig_27239	59.1315453384419	783	243	220	117	203
cen16_acr3_contig_27834_contig_27835	69.1919191919192	594	161	250	71	112
cen16_acr3_contig_29194_contig_29195	70.1010101010101	495	167	180	52	96
cen16_acr3_contig_29546_contig_29547	56.3218390804598	522	156	138	87	141
cen16_acr3_contig_29756_contig_29757	54.3137254901961	1020	290	264	175	291
cen16_acr3_contig_29818_contig_29819	66.3461538461538	624	207	207	74	136
cen16_acr3_contig_29822_contig_29823	52.2691705790297	639	162	172	113	192
cen16_acr3_contig_31018_contig_31019	62.5806451612903	465	133	158	59	115
cen16_acr3_contig_31028_contig_31029	52.843137254902	1020	278	261	176	305
cen16_acr3_contig_31186_contig_31187	54.0566959921799	1023	293	260	177	293
cen16_acr3_contig_31444_contig_31445	69.9134199134199	462	145	178	55	84
cen16_acr3_contig_31678_contig_31679	54.0566959921799	1023	293	260	175	295
cen16_acr3_contig_32460_contig_32461	65.1685393258427	534	183	165	67	119
cen16_acr3_contig_32666_contig_32667	64.5702306079665	477	144	164	64	105
cen16_acr3_contig_33336_contig_33337	53.758865248227	705	197	182	124	202
cen16_acr3_contig_33408_contig_33409	65.5430711610487	534	183	167	65	119
cen16_acr3_contig_33450_contig_33451	54.0566959921799	1023	293	260	176	294
cen16_acr3_contig_34134_contig_34135	54.1544477028348	1023	294	260	177	292
cen16_acr3_contig_34774_contig_34775	57.9268292682927	492	145	140	83	124
cen16_acr3_contig_34862_contig_34863	62.7450980392157	612	183	201	83	145
cen16_acr3_contig_34894_contig_34895	68.0412371134021	582	186	210	72	114
cen16_acr3_contig_34910_contig_34911	59.8173515981735	657	210	183	96	168
cen16_acr3_contig_35048_contig_35049	51.5942028985507	1035	276	258	188	313
cen16_acr3_contig_35228_contig_35229	67.1794871794872	585	194	199	70	122
cen16_acr3_contig_35248_contig_35249	52.843137254902	1020	282	257	176	305
cen16_acr3_contig_35400_contig_35401	54.3364681295716	957	274	246	156	281
cen16_acr3_contig_35550_contig_35551	58.2491582491582	594	164	182	92	156
cen16_acr3_contig_35678_contig_35679	57.2815533980583	618	170	184	99	165
cen16_acr3_contig_35682_contig_35683	54.7008547008547	585	165	155	95	170
cen16_acr3_contig_35726_contig_35727	68.5470085470085	585	205	196	66	118
cen16_acr3_contig_35842_contig_35843	52.5773195876289	582	161	145	100	176
cen16_acr3_contig_35912_contig_35913	55.1392891450528	1041	285	289	178	289
cen16_acr3_contig_36008_contig_36009	52.0729684908789	603	156	158	103	186
cen16_acr3_contig_36212_contig_36213	55.9585492227979	579	169	155	95	160
cen16_acr3_contig_36252_contig_36253	63.6998254799302	573	179	186	75	133
cen16_acr3_contig_36298_contig_36299	62.5641025641026	585	173	193	82	137
cen16_acr3_contig_36594_contig_36595	63.8888888888889	612	206	185	78	143
cen16_acr3_contig_37408_contig_37409	66.8604651162791	516	161	184	69	102
cen16_acr3_contig_37548_contig_37549	66.6666666666667	543	168	194	70	111
cen16_acr3_contig_37840_contig_37841	64.9122807017544	570	181	189	66	134
cen16_acr3_contig_37872_contig_37873	58.8652482269504	564	171	161	87	145
cen16_acr3_contig_38230_contig_38231	62.1705426356589	645	196	205	91	153
cen16_acr3_contig_38236_contig_38237	69.6027633851468	579	188	215	61	115
cen16_acr3_contig_38318_contig_38319	64.0655105973025	1038	332	333	141	232
cen16_acr3_contig_38356_contig_38357	61.9047619047619	504	152	160	64	128
cen16_acr3_contig_38362_contig_38363	66.5349143610013	759	233	272	100	154
cen16_acr3_contig_38390_contig_38391	61.4255765199161	477	156	137	76	108
cen16_acr3_contig_38628_contig_38629	65.7559198542805	549	166	195	72	116
cen16_acr3_contig_38884_contig_38885	61.2085769980507	513	147	167	81	118
cen16_acr3_contig_38978_contig_38979	54.1544477028348	1023	294	260	176	293
cen16_acr3_contig_39170_contig_39171	56.8400770712909	519	127	168	85	139
cen16_acr3_contig_39190_contig_39191	59.2156862745098	510	154	148	79	129
cen16_acr3_contig_39208_contig_39209	61.878453038674	543	159	177	77	130
cen16_acr3_contig_39348_contig_39349	62.6822157434402	1029	347	298	147	237
cen16_acr3_contig_39360_contig_39361	59.3548387096774	465	154	122	65	124
cen16_acr3_contig_39916_contig_39917	69.2176870748299	588	184	223	57	124
cen16_acr3_contig_40100_contig_40101	65.8402203856749	726	214	264	97	151
cen16_acr3_contig_40504_contig_40505	55.4140127388535	471	140	121	77	133
cen16_acr3_contig_41006_contig_41007	55.9139784946237	465	140	120	77	128
cen16_acr3_contig_41172_contig_41173	68.0722891566265	498	168	171	60	99
cen16_acr3_contig_41492_contig_41493	58.195211786372	543	148	168	88	139
cen16_acr3_contig_41760_contig_41761	56.1616161616162	495	131	147	78	139
cen16_acr3_contig_42570_contig_42571	57.9166666666667	480	119	159	81	121
cen16_acr3_contig_43472_contig_43473	65.6804733727811	507	180	153	63	111
cen16_acr3_contig_44126_contig_44127	60.8863198458574	519	147	169	83	120
cen16_acr3_contig_45386_contig_45387	67.2480620155039	516	162	185	54	115
cen16_acr3_contig_46870_contig_46871	51.4009661835749	1035	278	254	185	318
cen16_acr3_contig_47150_contig_47151	52.3535062439962	1041	286	259	195	301
cen16_acr3_contig_47876_contig_47877	51.5942028985507	1035	276	258	187	314
cen16_acr3_contig_48418_contig_48419	67.7777777777778	810	282	267	84	177
cen16_acr3_contig_49350_contig_49351	67.6923076923077	780	256	272	89	163
cen16_acr3_contig_49442_contig_49443	66.403162055336	759	229	275	98	157
cen16_acr3_contig_49518_contig_49519	66.1311914323962	747	223	271	99	154
cen16_acr3_contig_49570_contig_49571	66.080156402737	1023	327	349	121	226
cen16_acr3_contig_50332_contig_50333	56.6473988439306	519	126	168	86	139
cen16_acr3_contig_50476_contig_50477	52.4509803921569	1020	279	256	176	309
cen16_acr3_contig_50538_contig_50539	51.7874396135266	1035	280	256	184	315
cen16_acr3_contig_50792_contig_50793	65.4666666666667	750	233	258	88	171
cen16_acr3_contig_51702_contig_51703	66.2714097496706	759	232	271	97	159
cen16_acr3_contig_52526_contig_52527	63.1578947368421	1026	320	328	142	236
cen16_acr3_contig_53104_contig_53105	58.9668615984405	1026	300	305	166	255
cen16_acr3_contig_53732_contig_53733	51.875	480	123	126	94	137
cen16_acr3_contig_54706_contig_54707	62.5850340136054	1029	343	301	147	238
cen16_acr3_contig_56424_contig_56425	51.5240904621436	1017	267	257	181	312
cen16_acr3_contig_56426_contig_56427	54.3499511241447	1023	296	260	174	293
cen16_acr3_contig_56630_contig_56631	65.8914728682171	774	232	278	99	165
cen16_acr3_contig_57838_contig_57839	59.5744680851064	564	169	167	87	141
cen16_acr3_contig_58068_contig_58069	62.0512820512821	585	173	190	82	140
cen16_acr3_contig_58130_contig_58131	63.0709426627794	1029	347	302	145	235
cen16_acr3_contig_58178_contig_58179	65.9003831417624	783	227	289	105	162
cen16_acr3_contig_59532_contig_59533	62.7350427350427	585	174	193	81	137
cen16_acr3_contig_59986_contig_59987	51.5942028985507	1035	279	255	185	316
cen16_acr3_contig_60010_contig_60011	58.9823468328141	963	343	225	145	250
cen16_acr3_contig_62168_contig_62169	66.2686567164179	1005	296	370	139	200
cen16_acr3_contig_62202_contig_62203	66.5637860082305	972	294	353	132	193
cen16_acr3_contig_62690_contig_62691	54.1544477028348	1023	295	259	176	293
cen16_acr3_contig_63256_contig_63257	61.4583333333333	480	141	154	67	118
cen16_acr3_contig_63604_contig_63605	66.8724279835391	486	163	162	56	105
cen16_acr3_contig_64172_contig_64173	67.287784679089	483	166	159	54	104
cen16_acr3_contig_64518_contig_64519	62.7619047619048	1050	329	330	149	242
cen16_acr3_contig_65154_contig_65155	59.0909090909091	462	132	141	76	113
cen16_acr3_contig_65754_contig_65755	59.95670995671	924	339	215	139	231
cen16_acr3_contig_66628_contig_66629	62.2448979591837	588	177	189	82	140
cen16_acr3_contig_66986_contig_66987	55.7232704402516	795	216	227	141	211
cen16_acr3_contig_67130_contig_67131	65.7692307692308	780	262	251	99	168
cen16_acr3_contig_67230_contig_67231	61.7702448210923	531	165	163	75	128
cen16_acr3_contig_67410_contig_67411	53.411306042885	513	142	132	89	150
cen16_acr3_contig_67686_contig_67687	53.8986354775828	1026	294	259	177	296
cen16_acr3_contig_67954_contig_67955	67.427701674277	657	233	210	77	137
