ID	% GCContent	Total Count	G Count	C Count	A Count	T Count
cen17_rplB_contig_14_contig_15	71.3939393939394	825	282	307	147	89
cen17_rplB_contig_38_contig_39	73.7254901960784	510	192	184	88	46
cen17_rplB_contig_66_contig_67	69.5863746958638	822	272	300	159	91
cen17_rplB_contig_68_contig_69	68.2598039215686	816	267	290	164	95
cen17_rplB_contig_86_contig_87	68.986568986569	819	267	298	159	95
cen17_rplB_contig_90_contig_91	68.0147058823529	816	271	284	169	92
cen17_rplB_contig_310_contig_311	70.8955223880597	804	279	291	147	87
cen17_rplB_contig_376_contig_377	70.9876543209877	810	273	302	145	90
cen17_rplB_contig_392_contig_393	70.4379562043796	822	289	290	150	93
cen17_rplB_contig_396_contig_397	70.9717097170972	813	284	293	146	90
cen17_rplB_contig_416_contig_417	65.8869395711501	513	185	153	90	85
cen17_rplB_contig_500_contig_501	67.032967032967	819	273	276	173	97
cen17_rplB_contig_524_contig_525	66.9090909090909	825	277	275	179	94
cen17_rplB_contig_532_contig_533	70.1107011070111	813	282	288	149	94
cen17_rplB_contig_536_contig_537	69.6078431372549	714	228	269	128	89
cen17_rplB_contig_546_contig_547	62.9001883239171	531	189	145	117	80
cen17_rplB_contig_548_contig_549	66.6666666666667	816	277	267	171	101
cen17_rplB_contig_550_contig_551	63.2478632478633	819	249	269	177	124
cen17_rplB_contig_556_contig_557	67.639902676399	822	261	295	161	105
cen17_rplB_contig_560_contig_561	67.2749391727494	822	272	281	175	94
cen17_rplB_contig_562_contig_563	61.2121212121212	825	275	230	192	128
cen17_rplB_contig_566_contig_567	66.5441176470588	816	276	267	170	103
cen17_rplB_contig_586_contig_587	66.9090909090909	825	275	277	176	97
cen17_rplB_contig_588_contig_589	63.4803921568627	816	268	250	177	121
cen17_rplB_contig_598_contig_599	70.2127659574468	705	233	262	123	87
cen17_rplB_contig_610_contig_611	66.7883211678832	822	279	270	176	97
cen17_rplB_contig_622_contig_623	66.3030303030303	825	270	277	179	99
cen17_rplB_contig_632_contig_633	66.5441176470588	816	273	270	173	100
cen17_rplB_contig_634_contig_635	65.3333333333333	825	271	268	185	101
cen17_rplB_contig_636_contig_637	70.9981167608286	531	196	181	93	61
cen17_rplB_contig_644_contig_645	64.7286821705426	516	185	149	109	73
cen17_rplB_contig_652_contig_653	71.780303030303	528	191	188	89	60
cen17_rplB_contig_658_contig_659	65.9367396593674	822	271	271	176	104
cen17_rplB_contig_662_contig_663	66.7883211678832	822	266	283	178	95
cen17_rplB_contig_680_contig_681	62.6225490196078	816	262	249	193	112
cen17_rplB_contig_708_contig_709	64.2543859649123	456	155	138	96	67
cen17_rplB_contig_710_contig_711	67.1532846715328	822	276	276	176	94
cen17_rplB_contig_720_contig_721	55.5961070559611	822	263	194	199	166
cen17_rplB_contig_726_contig_727	70.1946472019465	822	282	295	158	87
cen17_rplB_contig_738_contig_739	65.9367396593674	822	272	270	180	100
cen17_rplB_contig_740_contig_741	65.9313725490196	816	272	266	175	103
cen17_rplB_contig_746_contig_747	66.6666666666667	822	271	277	180	94
cen17_rplB_contig_774_contig_775	66.4197530864197	810	250	288	166	106
cen17_rplB_contig_784_contig_785	65.0851581508516	822	269	266	182	105
cen17_rplB_contig_788_contig_789	67.2727272727273	825	273	282	174	96
cen17_rplB_contig_790_contig_791	66.6666666666667	816	279	265	170	102
cen17_rplB_contig_868_contig_869	64.3382352941177	816	270	255	173	118
cen17_rplB_contig_878_contig_879	63.4920634920635	819	265	255	190	109
cen17_rplB_contig_892_contig_893	70.9245742092457	822	284	299	152	87
cen17_rplB_contig_902_contig_903	68.7272727272727	825	278	289	161	97
cen17_rplB_contig_928_contig_929	66.6666666666667	822	278	270	173	101
cen17_rplB_contig_934_contig_935	66.4233576642336	822	287	259	169	107
cen17_rplB_contig_960_contig_961	66.6666666666667	783	264	258	156	105
cen17_rplB_contig_962_contig_963	66.5454545454545	825	268	281	164	112
cen17_rplB_contig_970_contig_971	60.2941176470588	816	260	232	192	132
cen17_rplB_contig_990_contig_991	66.916354556804	801	268	268	170	95
cen17_rplB_contig_994_contig_995	65.8150851581509	822	268	273	182	99
cen17_rplB_contig_1002_contig_1003	67.6616915422886	804	269	275	170	90
cen17_rplB_contig_1012_contig_1013	60.3406326034063	822	271	225	193	133
cen17_rplB_contig_1016_contig_1017	66.421568627451	816	270	272	173	101
cen17_rplB_contig_1024_contig_1025	62.6225490196078	816	262	249	191	114
cen17_rplB_contig_1034_contig_1035	67.1532846715328	822	275	277	163	107
cen17_rplB_contig_1050_contig_1051	66.1691542288557	804	271	261	169	103
cen17_rplB_contig_1052_contig_1053	66.301703163017	822	251	294	166	111
cen17_rplB_contig_1064_contig_1065	67.6470588235294	816	271	281	171	93
cen17_rplB_contig_1080_contig_1081	66.5450121654501	822	272	275	175	100
cen17_rplB_contig_1090_contig_1091	65.8150851581509	822	273	268	183	98
cen17_rplB_contig_1108_contig_1109	69.1086691086691	819	278	288	154	99
cen17_rplB_contig_1130_contig_1131	67.1532846715328	822	285	267	166	104
cen17_rplB_contig_1142_contig_1143	72.0149253731343	804	270	309	137	88
cen17_rplB_contig_1150_contig_1151	66.2990196078431	816	267	274	172	103
cen17_rplB_contig_1166_contig_1167	67.032967032967	819	272	277	166	104
cen17_rplB_contig_1180_contig_1181	66.9099756690998	822	275	275	176	96
cen17_rplB_contig_1192_contig_1193	66.0583941605839	822	276	267	159	120
cen17_rplB_contig_1196_contig_1197	66.7878787878788	825	272	279	163	111
cen17_rplB_contig_1218_contig_1219	67.9340937896071	789	266	270	165	88
cen17_rplB_contig_1220_contig_1221	72.5609756097561	492	182	175	80	55
cen17_rplB_contig_1268_contig_1269	66.5450121654501	822	271	276	167	108
cen17_rplB_contig_1334_contig_1335	66.5441176470588	816	272	271	174	99
cen17_rplB_contig_1388_contig_1389	69.4677871148459	714	231	265	129	89
cen17_rplB_contig_1398_contig_1399	62.6373626373626	819	266	247	197	109
cen17_rplB_contig_1408_contig_1409	66.6666666666667	816	270	274	177	95
cen17_rplB_contig_1448_contig_1449	66.4233576642336	822	277	269	177	99
cen17_rplB_contig_1452_contig_1453	66.6666666666667	822	271	277	180	94
cen17_rplB_contig_1484_contig_1485	66.421568627451	816	272	270	178	96
cen17_rplB_contig_1500_contig_1501	66.4188351920694	807	269	267	173	98
cen17_rplB_contig_1508_contig_1509	70.468948035488	789	272	284	148	85
cen17_rplB_contig_1548_contig_1549	66.301703163017	822	271	274	181	96
cen17_rplB_contig_1556_contig_1557	67.2727272727273	825	274	281	174	96
cen17_rplB_contig_1568_contig_1569	56.8181818181818	528	168	132	135	93
cen17_rplB_contig_1610_contig_1611	69.8412698412698	819	274	298	156	91
cen17_rplB_contig_1612_contig_1613	69.3404634581105	561	200	189	95	77
cen17_rplB_contig_1642_contig_1643	56.3345633456335	813	239	219	197	158
cen17_rplB_contig_1664_contig_1665	66.5441176470588	816	270	273	174	99
cen17_rplB_contig_1730_contig_1731	67.6363636363636	825	273	285	175	92
cen17_rplB_contig_1850_contig_1851	66.9191919191919	792	265	265	168	94
cen17_rplB_contig_1890_contig_1891	69.4677871148459	714	237	259	128	90
cen17_rplB_contig_1900_contig_1901	66.5445665445665	819	272	273	166	108
cen17_rplB_contig_1902_contig_1903	66.5450121654501	822	275	272	170	105
cen17_rplB_contig_2050_contig_2051	66.4529914529915	468	149	162	98	59
cen17_rplB_contig_2070_contig_2071	67.037037037037	810	269	274	164	103
cen17_rplB_contig_2088_contig_2089	65.9367396593674	822	278	264	178	102
cen17_rplB_contig_2112_contig_2113	66.6666666666667	816	270	274	173	99
cen17_rplB_contig_2130_contig_2131	65.8150851581509	822	277	264	179	102
cen17_rplB_contig_2134_contig_2135	69.327731092437	714	232	263	127	92
cen17_rplB_contig_2230_contig_2231	66.7892156862745	816	267	278	174	97
cen17_rplB_contig_2238_contig_2239	61.437908496732	459	156	126	97	80
cen17_rplB_contig_2250_contig_2251	70.4379562043796	822	283	296	156	87
cen17_rplB_contig_2260_contig_2261	60.9489051094891	822	267	234	187	134
cen17_rplB_contig_2458_contig_2459	67.3939393939394	825	274	282	172	97
cen17_rplB_contig_2558_contig_2559	66.301703163017	822	272	273	177	100
cen17_rplB_contig_3162_contig_3163	65.0851581508516	822	276	259	181	106
cen17_rplB_contig_3408_contig_3409	66.6666666666667	816	276	268	174	98
cen17_rplB_contig_3640_contig_3641	66.9090909090909	825	274	278	164	109
cen17_rplB_contig_4920_contig_4921	68.969696969697	825	284	285	158	98
cen17_rplB_contig_4942_contig_4943	69.8581560283688	564	201	193	107	63
cen17_rplB_contig_5190_contig_5191	69.0909090909091	825	279	291	158	97
cen17_rplB_contig_5328_contig_5329	65.5717761557178	822	284	255	176	107
cen17_rplB_contig_5734_contig_5735	60.3674540682415	762	247	213	180	122
cen17_rplB_contig_6462_contig_6463	68.978102189781	822	272	295	158	97
cen17_rplB_contig_6480_contig_6481	67.6729559748428	795	273	265	162	95
cen17_rplB_contig_6494_contig_6495	69.1266912669127	813	270	292	160	91
cen17_rplB_contig_6592_contig_6593	69.3528693528693	819	268	300	160	91
cen17_rplB_contig_6604_contig_6605	69.4852941176471	816	274	293	160	89
cen17_rplB_contig_6634_contig_6635	68.2896379525593	801	260	287	167	87
cen17_rplB_contig_6682_contig_6683	67.032967032967	819	273	276	174	96
cen17_rplB_contig_6726_contig_6727	68.8725490196078	816	272	290	163	91
cen17_rplB_contig_6730_contig_6731	65.5637254901961	816	271	264	174	107
cen17_rplB_contig_6732_contig_6733	70.5368289637953	801	287	278	149	87
cen17_rplB_contig_6830_contig_6831	68.5116851168512	813	271	286	160	96
cen17_rplB_contig_6860_contig_6861	67.156862745098	816	275	273	165	103
cen17_rplB_contig_6892_contig_6893	69.7416974169742	813	268	299	158	88
cen17_rplB_contig_6902_contig_6903	71.078431372549	816	278	302	149	87
cen17_rplB_contig_6922_contig_6923	68.5049019607843	816	268	291	167	90
cen17_rplB_contig_6946_contig_6947	69.8473282442748	786	260	289	153	84
cen17_rplB_contig_6948_contig_6949	67.5373134328358	804	274	269	166	95
cen17_rplB_contig_6978_contig_6979	71.2294043092522	789	270	292	143	84
cen17_rplB_contig_6986_contig_6987	68.5116851168512	813	270	287	164	92
cen17_rplB_contig_6998_contig_6999	69.1266912669127	813	276	286	163	88
cen17_rplB_contig_7048_contig_7049	68.75	816	269	292	161	94
cen17_rplB_contig_7090_contig_7091	67.5245098039216	816	277	274	168	97
cen17_rplB_contig_7104_contig_7105	68.7576875768758	813	268	291	161	93
cen17_rplB_contig_7108_contig_7109	69.3627450980392	816	267	299	152	98
cen17_rplB_contig_7168_contig_7169	70.0980392156863	816	268	304	148	96
cen17_rplB_contig_7178_contig_7179	68.7576875768758	813	272	287	159	95
cen17_rplB_contig_7198_contig_7199	62.0512820512821	585	197	166	129	93
cen17_rplB_contig_7208_contig_7209	69.9754901960784	816	273	298	151	94
cen17_rplB_contig_7238_contig_7239	69.2401960784314	816	269	296	161	90
cen17_rplB_contig_7286_contig_7287	67.1698113207547	795	270	264	166	95
cen17_rplB_contig_7296_contig_7297	68.6274509803922	816	272	288	163	93
cen17_rplB_contig_7306_contig_7307	69.9530516431925	639	225	222	109	83
cen17_rplB_contig_7314_contig_7315	69.4749694749695	819	276	293	151	99
cen17_rplB_contig_8412_contig_8413	69.0997566909976	822	283	285	148	106
cen17_rplB_contig_8624_contig_8625	67.312661498708	774	259	262	151	102
cen17_rplB_contig_8778_contig_8779	69.6741854636591	798	267	289	158	84
cen17_rplB_contig_8832_contig_8833	69.5035460992908	564	196	196	102	70
cen17_rplB_contig_8900_contig_8901	66.7883211678832	822	273	276	168	105
cen17_rplB_contig_9342_contig_9343	69.8581560283688	564	198	196	98	72
cen17_rplB_contig_9650_contig_9651	72.0194647201946	822	274	318	140	90
cen17_rplB_contig_9658_contig_9659	69.6186961869619	813	278	288	150	97
cen17_rplB_contig_9812_contig_9813	66.9099756690998	822	270	280	165	107
cen17_rplB_contig_9990_contig_9991	66.421568627451	816	273	269	175	99
cen17_rplB_contig_10048_contig_10049	66.9117647058823	816	268	278	175	95
cen17_rplB_contig_10168_contig_10169	69.4677871148459	714	232	264	131	87
cen17_rplB_contig_10186_contig_10187	66.7883211678832	822	274	275	153	120
cen17_rplB_contig_10200_contig_10201	68.4418145956607	507	191	156	92	68
cen17_rplB_contig_10414_contig_10415	71.4859437751004	498	183	173	82	60
cen17_rplB_contig_10508_contig_10509	70.9245742092457	822	279	304	149	90
cen17_rplB_contig_10666_contig_10667	68.6170212765958	564	199	188	99	78
cen17_rplB_contig_10974_contig_10975	66.5450121654501	822	273	274	178	97
cen17_rplB_contig_11260_contig_11261	68.5116851168512	813	265	292	163	93
cen17_rplB_contig_11328_contig_11329	66.5450121654501	822	276	271	179	96
cen17_rplB_contig_11748_contig_11749	71.619812583668	747	255	280	131	81
cen17_rplB_contig_12210_contig_12211	69.8529411764706	816	268	302	151	95
cen17_rplB_contig_12220_contig_12221	69.8529411764706	816	273	297	148	98
cen17_rplB_contig_12238_contig_12239	69.8513800424628	471	161	168	85	57
cen17_rplB_contig_12362_contig_12363	65.8150851581509	822	279	262	177	104
cen17_rplB_contig_12570_contig_12571	69.249692496925	813	268	295	159	91
cen17_rplB_contig_12702_contig_12703	67.156862745098	816	266	282	167	101
cen17_rplB_contig_12780_contig_12781	68.922305764411	798	264	286	164	84
cen17_rplB_contig_12842_contig_12843	68.6131386861314	822	279	285	160	98
cen17_rplB_contig_13032_contig_13033	65.3225806451613	744	256	230	156	102
cen17_rplB_contig_13718_contig_13719	69.1699604743083	759	262	263	140	94
cen17_rplB_contig_14766_contig_14767	66.6666666666667	822	277	271	175	99
cen17_rplB_contig_16384_contig_16385	65.5637254901961	816	272	263	180	101
cen17_rplB_contig_16504_contig_16505	68.5714285714286	735	239	265	145	86
cen17_rplB_contig_16678_contig_16679	70.8180708180708	819	284	296	150	89
cen17_rplB_contig_16832_contig_16833	67.8966789667897	813	279	273	165	96
cen17_rplB_contig_17198_contig_17199	69.7080291970803	822	284	289	150	99
cen17_rplB_contig_17270_contig_17271	66.9126691266913	813	280	264	172	97
cen17_rplB_contig_17310_contig_17311	69.8529411764706	816	264	306	151	95
cen17_rplB_contig_17432_contig_17433	70.316301703163	822	283	295	148	96
cen17_rplB_contig_17594_contig_17595	66.5450121654501	822	273	274	158	117
cen17_rplB_contig_17892_contig_17893	69.0909090909091	825	284	286	155	100
cen17_rplB_contig_18340_contig_18341	69.4956949569496	813	273	292	159	89
cen17_rplB_contig_18502_contig_18503	66.9117647058823	816	272	274	166	104
cen17_rplB_contig_18504_contig_18505	66.301703163017	822	278	267	176	101
cen17_rplB_contig_19068_contig_19069	70.2205882352941	816	281	292	149	94
cen17_rplB_contig_19244_contig_19245	70.2075702075702	819	277	298	155	89
cen17_rplB_contig_19584_contig_19585	66.7887667887668	819	289	258	156	116
cen17_rplB_contig_19772_contig_19773	70.3296703296703	819	286	290	149	94
cen17_rplB_contig_19814_contig_19815	66.6666666666667	819	274	272	167	106
cen17_rplB_contig_19980_contig_19981	70.4656862745098	816	269	306	143	98
cen17_rplB_contig_19990_contig_19991	65.9367396593674	822	282	260	177	103
cen17_rplB_contig_20054_contig_20055	66.7919799498747	798	268	265	162	103
cen17_rplB_contig_20066_contig_20067	66.6666666666667	819	273	273	178	95
cen17_rplB_contig_20228_contig_20229	67.553865652725	789	266	267	156	100
cen17_rplB_contig_20308_contig_20309	68.2539682539683	819	294	265	158	102
cen17_rplB_contig_20318_contig_20319	69.2121212121212	825	286	285	156	98
cen17_rplB_contig_20488_contig_20489	67.032967032967	819	270	279	165	105
cen17_rplB_contig_20582_contig_20583	71.4003944773175	507	179	183	87	58
cen17_rplB_contig_20626_contig_20627	52.2588522588523	819	236	192	206	185
cen17_rplB_contig_20790_contig_20791	69.1086691086691	819	276	290	159	94
cen17_rplB_contig_21000_contig_21001	55.8394160583942	822	267	192	197	166
cen17_rplB_contig_21018_contig_21019	66.5349143610013	759	257	248	160	94
cen17_rplB_contig_21078_contig_21079	67.1550671550672	819	274	276	164	105
cen17_rplB_contig_21288_contig_21289	67.1550671550672	819	281	269	171	98
cen17_rplB_contig_21438_contig_21439	67.680608365019	789	274	260	155	100
cen17_rplB_contig_21756_contig_21757	69.1176470588235	816	270	294	160	92
cen17_rplB_contig_21828_contig_21829	65.6084656084656	756	243	253	147	113
cen17_rplB_contig_21956_contig_21957	67.2199170124481	723	242	244	139	98
cen17_rplB_contig_22092_contig_22093	67.0343137254902	816	270	277	166	103
cen17_rplB_contig_22206_contig_22207	68.8725490196078	816	267	295	161	93
cen17_rplB_contig_22236_contig_22237	68.5254027261462	807	266	287	160	94
cen17_rplB_contig_22530_contig_22531	67.7248677248677	756	256	256	146	98
cen17_rplB_contig_22534_contig_22535	70.6812652068127	822	288	293	155	86
cen17_rplB_contig_23472_contig_23473	68.8888888888889	810	270	288	166	86
cen17_rplB_contig_23516_contig_23517	69.249692496925	813	269	294	160	90
cen17_rplB_contig_23560_contig_23561	68.5483870967742	744	242	268	148	86
cen17_rplB_contig_23620_contig_23621	70.8180708180708	819	283	297	151	88
cen17_rplB_contig_23712_contig_23713	67.4074074074074	810	272	274	172	92
cen17_rplB_contig_24176_contig_24177	56.8986568986569	819	249	217	193	160
cen17_rplB_contig_24226_contig_24227	66.5445665445665	819	264	281	164	110
cen17_rplB_contig_24620_contig_24621	71.1843711843712	819	277	306	138	98
cen17_rplB_contig_24766_contig_24767	69.828722002635	759	268	262	136	93
cen17_rplB_contig_24844_contig_24845	71.3675213675214	468	172	162	77	57
cen17_rplB_contig_24986_contig_24987	67.4019607843137	816	279	271	165	101
cen17_rplB_contig_25196_contig_25197	67.0398009950249	804	272	267	161	104
cen17_rplB_contig_25540_contig_25541	67.0833333333333	720	235	248	135	102
cen17_rplB_contig_25702_contig_25703	69.921875	768	263	274	138	93
cen17_rplB_contig_25912_contig_25913	68.6202686202686	819	282	280	156	101
cen17_rplB_contig_26918_contig_26919	71.0462287104623	822	283	301	148	90
cen17_rplB_contig_26978_contig_26979	69.5863746958638	822	274	298	164	86
cen17_rplB_contig_26998_contig_26999	70.6812652068127	822	282	299	150	91
cen17_rplB_contig_27014_contig_27015	69.0997566909976	822	271	297	164	90
cen17_rplB_contig_27066_contig_27067	71.1462450592885	759	258	282	137	82
cen17_rplB_contig_27070_contig_27071	72.1014492753623	552	198	200	88	66
cen17_rplB_contig_27108_contig_27109	70.2469135802469	810	278	291	152	89
cen17_rplB_contig_27134_contig_27135	69.5863746958638	822	283	289	158	92
cen17_rplB_contig_27172_contig_27173	68.2539682539683	819	272	287	171	89
cen17_rplB_contig_27320_contig_27321	71.5328467153285	822	284	304	149	85
cen17_rplB_contig_27420_contig_27421	70.6812652068127	822	285	296	149	92
cen17_rplB_contig_27482_contig_27483	70.8029197080292	822	279	303	147	93
cen17_rplB_contig_27524_contig_27525	65.9751037344398	723	246	231	137	109
cen17_rplB_contig_27592_contig_27593	59.8039215686275	816	249	239	197	131
cen17_rplB_contig_27632_contig_27633	60	480	159	129	109	83
cen17_rplB_contig_27640_contig_27641	70.5596107055961	822	292	288	153	89
cen17_rplB_contig_27846_contig_27847	69.1025641025641	780	268	271	146	95
cen17_rplB_contig_27866_contig_27867	67.639902676399	822	277	279	168	98
cen17_rplB_contig_27990_contig_27991	71.0462287104623	822	287	297	148	90
cen17_rplB_contig_28002_contig_28003	70.1946472019465	822	281	296	155	90
cen17_rplB_contig_28216_contig_28217	70.1946472019465	822	290	287	157	88
cen17_rplB_contig_28306_contig_28307	66.9108669108669	819	276	272	176	95
cen17_rplB_contig_28352_contig_28353	71.1678832116788	822	289	296	150	87
cen17_rplB_contig_28634_contig_28635	69.1503267973856	765	264	265	155	81
cen17_rplB_contig_28642_contig_28643	69.8296836982968	822	283	291	152	96
cen17_rplB_contig_28660_contig_28661	70.316301703163	822	281	297	154	90
cen17_rplB_contig_29030_contig_29031	59.7222222222222	648	217	170	156	105
cen17_rplB_contig_29076_contig_29077	66.5436654366544	813	283	258	170	102
cen17_rplB_contig_29156_contig_29157	68.3698296836983	822	272	290	172	88
cen17_rplB_contig_29206_contig_29207	66.9099756690998	822	275	275	177	95
cen17_rplB_contig_29234_contig_29235	70.4517704517705	819	279	298	154	88
cen17_rplB_contig_29274_contig_29275	70.0280112044818	714	237	263	132	82
cen17_rplB_contig_29336_contig_29337	68.7347931873479	822	279	286	168	89
cen17_rplB_contig_29360_contig_29361	63.0170316301703	822	272	246	186	118
cen17_rplB_contig_29366_contig_29367	69.2401960784314	816	267	298	158	93
cen17_rplB_contig_29378_contig_29379	63.4408602150538	465	161	134	95	75
cen17_rplB_contig_29422_contig_29423	66.8776371308017	474	162	155	93	64
cen17_rplB_contig_29486_contig_29487	66.9108669108669	819	276	272	169	102
cen17_rplB_contig_29556_contig_29557	49.7076023391813	513	154	101	154	104
cen17_rplB_contig_29584_contig_29585	62.962962962963	486	166	140	91	89
cen17_rplB_contig_29886_contig_29887	68.7423687423687	819	281	282	158	98
cen17_rplB_contig_29998_contig_29999	68.978102189781	822	272	295	164	91
cen17_rplB_contig_30118_contig_30119	69.1358024691358	810	279	281	155	95
cen17_rplB_contig_30196_contig_30197	69.4647201946472	822	278	293	158	93
cen17_rplB_contig_30312_contig_30313	62.9800307219662	651	208	202	146	95
cen17_rplB_contig_30956_contig_30957	66.301703163017	822	282	263	175	102
cen17_rplB_contig_31022_contig_31023	70.0123915737299	807	285	280	142	100
cen17_rplB_contig_31104_contig_31105	70.5596107055961	822	287	293	152	90
cen17_rplB_contig_31124_contig_31125	70.4379562043796	822	285	294	153	90
cen17_rplB_contig_31410_contig_31411	67.7615571776156	822	278	279	177	88
cen17_rplB_contig_31418_contig_31419	69.8296836982968	822	285	289	155	93
cen17_rplB_contig_31520_contig_31521	71.1678832116788	822	276	309	149	88
cen17_rplB_contig_31526_contig_31527	70.0854700854701	819	282	292	152	93
cen17_rplB_contig_31820_contig_31821	72.2627737226277	822	276	318	140	88
cen17_rplB_contig_31904_contig_31905	72.0194647201946	822	279	313	140	90
cen17_rplB_contig_32044_contig_32045	67.032967032967	819	291	258	168	102
cen17_rplB_contig_32170_contig_32171	72.5838264299803	507	192	176	90	49
cen17_rplB_contig_32244_contig_32245	71.1678832116788	822	285	300	149	88
cen17_rplB_contig_32372_contig_32373	72.0194647201946	822	277	315	141	89
cen17_rplB_contig_32440_contig_32441	69.8296836982968	822	282	292	153	95
cen17_rplB_contig_32442_contig_32443	69.9513381995134	822	283	292	159	88
cen17_rplB_contig_32480_contig_32481	69.3848354792561	699	241	244	127	87
cen17_rplB_contig_32506_contig_32507	69.760900140647	711	232	264	128	87
cen17_rplB_contig_32520_contig_32521	66.1764705882353	816	258	282	165	111
cen17_rplB_contig_32810_contig_32811	67.032967032967	819	273	276	167	103
cen17_rplB_contig_32864_contig_32865	63.9269406392694	657	217	203	147	90
cen17_rplB_contig_33108_contig_33109	71.2895377128954	822	284	302	146	90
cen17_rplB_contig_33404_contig_33405	70.5596107055961	822	280	300	157	85
cen17_rplB_contig_33748_contig_33749	73.0240549828179	582	209	216	94	63
cen17_rplB_contig_33938_contig_33939	68.6202686202686	819	269	293	171	86
cen17_rplB_contig_34076_contig_34077	68.1887366818874	657	231	217	124	85
cen17_rplB_contig_34634_contig_34635	63.4680134680135	594	194	183	126	91
cen17_rplB_contig_34646_contig_34647	70.8029197080292	822	279	303	151	89
cen17_rplB_contig_34722_contig_34723	66.5450121654501	822	277	270	178	97
cen17_rplB_contig_34792_contig_34793	70.1946472019465	822	284	293	157	88
cen17_rplB_contig_35536_contig_35537	69.0598290598291	585	205	199	101	80
cen17_rplB_contig_35742_contig_35743	62.8676470588235	816	262	251	192	111
cen17_rplB_contig_35888_contig_35889	57.8643578643579	693	188	213	156	136
cen17_rplB_contig_35976_contig_35977	68.3760683760684	819	261	299	162	97
cen17_rplB_contig_36026_contig_36027	68.6453576864536	657	231	220	123	83
cen17_rplB_contig_36256_contig_36257	67.2086720867209	738	234	262	143	99
cen17_rplB_contig_37172_contig_37173	56.5957446808511	705	215	184	168	138
cen17_rplB_contig_37370_contig_37371	70.4964539007092	705	236	261	127	81
cen17_rplB_contig_37810_contig_37811	70.316301703163	822	286	292	150	94
cen17_rplB_contig_37822_contig_37823	69.2401960784314	816	266	299	150	101
cen17_rplB_contig_37906_contig_37907	66.6666666666667	822	274	274	177	97
cen17_rplB_contig_38120_contig_38121	64.0692640692641	462	156	140	88	78
cen17_rplB_contig_38608_contig_38609	66.4233576642336	822	277	269	174	102
cen17_rplB_contig_39618_contig_39619	67.3992673992674	819	277	275	161	106
cen17_rplB_contig_40208_contig_40209	69.9513381995134	822	292	283	160	87
cen17_rplB_contig_40262_contig_40263	69.8412698412698	819	290	282	157	90
cen17_rplB_contig_40334_contig_40335	68.6202686202686	819	269	293	169	88
cen17_rplB_contig_40374_contig_40375	67.3965936739659	822	294	260	162	106
cen17_rplB_contig_40660_contig_40661	68.6131386861314	822	269	295	171	87
cen17_rplB_contig_40758_contig_40759	71.0462287104623	822	285	299	151	87
cen17_rplB_contig_41216_contig_41217	68.978102189781	822	282	285	168	87
cen17_rplB_contig_41336_contig_41337	65.5757575757576	825	273	268	176	108
cen17_rplB_contig_41348_contig_41349	68.8564476885645	822	280	286	162	94
cen17_rplB_contig_41868_contig_41869	66.7948717948718	780	266	255	159	100
cen17_rplB_contig_41950_contig_41951	70.1946472019465	822	284	293	159	86
cen17_rplB_contig_42760_contig_42761	65.9367396593674	822	275	267	175	105
cen17_rplB_contig_42768_contig_42769	66.7883211678832	822	278	271	176	97
cen17_rplB_contig_42860_contig_42861	70.1946472019465	822	276	301	160	85
cen17_rplB_contig_43328_contig_43329	66.3780663780664	693	227	233	136	97
cen17_rplB_contig_43958_contig_43959	66.301703163017	822	271	274	176	101
cen17_rplB_contig_44140_contig_44141	70.6959706959707	819	273	306	145	95
cen17_rplB_contig_44844_contig_44845	63.8528138528139	462	163	132	90	77
cen17_rplB_contig_45040_contig_45041	65.9367396593674	822	277	265	177	103
cen17_rplB_contig_45164_contig_45165	65.8150851581509	822	275	266	181	100
cen17_rplB_contig_45246_contig_45247	66.7887667887668	819	269	278	167	105
cen17_rplB_contig_47576_contig_47577	67.7655677655678	819	272	283	164	100
cen17_rplB_contig_48692_contig_48693	70.316301703163	822	287	291	158	86
cen17_rplB_contig_49146_contig_49147	66.1800486618005	822	279	265	177	101
cen17_rplB_contig_50582_contig_50583	66.5450121654501	822	281	266	174	101
cen17_rplB_contig_50894_contig_50895	69.9513381995134	822	283	292	162	85
cen17_rplB_contig_51024_contig_51025	66.5040650406504	615	194	215	120	86
cen17_rplB_contig_51556_contig_51557	71.0462287104623	822	289	295	153	85
cen17_rplB_contig_51638_contig_51639	68.4848484848485	825	264	301	169	91
cen17_rplB_contig_51676_contig_51677	68.986568986569	819	266	299	161	93
cen17_rplB_contig_51808_contig_51809	60.3719599427754	699	232	190	153	124
cen17_rplB_contig_51814_contig_51815	69.6562032884903	669	225	241	130	73
cen17_rplB_contig_51872_contig_51873	70.5459770114943	696	238	253	128	77
cen17_rplB_contig_51972_contig_51973	70.7025411061285	669	234	239	125	71
cen17_rplB_contig_52146_contig_52147	68.9265536723164	531	178	188	100	65
cen17_rplB_contig_52240_contig_52241	68.7045123726346	687	235	237	121	94
cen17_rplB_contig_52326_contig_52327	68.9189189189189	666	224	235	131	76
cen17_rplB_contig_52872_contig_52873	67.4650698602794	501	174	164	88	75
cen17_rplB_contig_54264_contig_54265	65.9367396593674	822	274	268	177	103
cen17_rplB_contig_54448_contig_54449	61.6228070175439	456	146	135	88	87
cen17_rplB_contig_54782_contig_54783	71.780303030303	528	187	192	92	57
cen17_rplB_contig_54828_contig_54829	70.6812652068127	822	277	304	152	89
cen17_rplB_contig_54864_contig_54865	69.079939668175	663	232	226	121	84
cen17_rplB_contig_54900_contig_54901	66.6666666666667	669	228	218	139	84
cen17_rplB_contig_54974_contig_54975	70.0729927007299	822	284	292	156	90
cen17_rplB_contig_54996_contig_54997	69.96336996337	819	280	293	155	91
cen17_rplB_contig_55010_contig_55011	67.3965936739659	822	283	271	173	95
cen17_rplB_contig_55708_contig_55709	64.8148148148148	648	212	208	139	89
cen17_rplB_contig_56014_contig_56015	66.0583941605839	822	272	271	177	102
cen17_rplB_contig_56134_contig_56135	66.1800486618005	822	278	266	176	102
cen17_rplB_contig_56284_contig_56285	69.2214111922141	822	286	283	166	87
cen17_rplB_contig_56360_contig_56361	64.720194647202	822	271	261	177	113
cen17_rplB_contig_56454_contig_56455	66.1800486618005	822	283	261	176	102
cen17_rplB_contig_57104_contig_57105	66.0583941605839	822	272	271	180	99
cen17_rplB_contig_57146_contig_57147	66.5450121654501	822	277	270	174	101
cen17_rplB_contig_57172_contig_57173	66.5450121654501	822	278	269	179	96
cen17_rplB_contig_57256_contig_57257	66.4233576642336	822	274	272	180	96
cen17_rplB_contig_57260_contig_57261	66.7883211678832	822	280	269	172	101
cen17_rplB_contig_57262_contig_57263	72.0833333333333	480	171	175	88	46
cen17_rplB_contig_57312_contig_57313	66.7887667887668	819	258	289	166	106
cen17_rplB_contig_57622_contig_57623	66.1800486618005	822	271	273	177	101
cen17_rplB_contig_58330_contig_58331	66.7883211678832	822	271	278	176	97
cen17_rplB_contig_58360_contig_58361	69.5757575757576	825	287	287	159	92
cen17_rplB_contig_58424_contig_58425	66.5094339622642	636	212	211	134	79
cen17_rplB_contig_58436_contig_58437	60.9803921568627	510	166	145	119	80
cen17_rplB_contig_58514_contig_58515	71.030303030303	825	291	295	146	93
cen17_rplB_contig_58524_contig_58525	64.0740740740741	810	255	264	165	126
cen17_rplB_contig_58548_contig_58549	67.2749391727494	822	284	269	155	114
cen17_rplB_contig_58676_contig_58677	65.8150851581509	822	284	257	174	107
cen17_rplB_contig_58696_contig_58697	66.4233576642336	822	277	269	177	99
cen17_rplB_contig_58746_contig_58747	65.8150851581509	822	274	267	178	103
cen17_rplB_contig_58814_contig_58815	69.2121212121212	825	296	275	161	93
cen17_rplB_contig_58832_contig_58833	67.1383647798742	636	214	213	120	89
cen17_rplB_contig_58892_contig_58893	67.238912732475	699	236	234	129	100
cen17_rplB_contig_59262_contig_59263	67.8787878787879	825	263	297	169	96
cen17_rplB_contig_60098_contig_60099	71.7054263565891	516	188	182	93	53
cen17_rplB_contig_60452_contig_60453	70.5521472392638	489	172	173	94	50
cen17_rplB_contig_60572_contig_60573	68.7272727272727	825	267	300	169	89
cen17_rplB_contig_60616_contig_60617	66.4233576642336	822	280	266	176	100
cen17_rplB_contig_60764_contig_60765	64.5631067961165	618	204	195	126	93
cen17_rplB_contig_60798_contig_60799	67.1532846715328	822	280	272	170	100
cen17_rplB_contig_60868_contig_60869	68.6060606060606	825	260	306	163	96
cen17_rplB_contig_61136_contig_61137	66.9099756690998	822	276	274	173	99
cen17_rplB_contig_61364_contig_61365	70.0729927007299	822	289	287	161	85
cen17_rplB_contig_61602_contig_61603	66.6666666666667	822	278	270	176	98
cen17_rplB_contig_61792_contig_61793	68.7074829931973	588	199	205	113	71
cen17_rplB_contig_61800_contig_61801	71.7948717948718	468	160	176	79	53
cen17_rplB_contig_61840_contig_61841	70.0980392156863	612	226	203	105	78
cen17_rplB_contig_61910_contig_61911	69.1287878787879	528	185	180	89	74
cen17_rplB_contig_62678_contig_62679	68.944099378882	483	165	168	81	69
cen17_rplB_contig_62756_contig_62757	65.3399668325041	603	198	196	122	87
cen17_rplB_contig_62966_contig_62967	67.9802955665025	609	206	208	124	71
cen17_rplB_contig_62982_contig_62983	68.2424242424242	825	261	302	162	100
cen17_rplB_contig_63270_contig_63271	70.1149425287356	522	179	187	98	58
cen17_rplB_contig_63396_contig_63397	70.5376344086021	465	159	169	81	56
cen17_rplB_contig_63442_contig_63443	69.3602693602694	594	196	216	106	76
cen17_rplB_contig_64526_contig_64527	68.2847896440129	618	190	232	121	75
cen17_rplB_contig_64754_contig_64755	68.7272727272727	825	262	305	162	96
cen17_rplB_contig_64848_contig_64849	71.1240310077519	516	184	183	94	55
cen17_rplB_contig_64870_contig_64871	69.5757575757576	825	279	295	157	94
cen17_rplB_contig_64952_contig_64953	68.2464454976303	633	205	227	113	88
cen17_rplB_contig_65328_contig_65329	69.1086691086691	819	270	296	162	91
cen17_rplB_contig_65452_contig_65453	71.3978494623656	465	163	169	84	49
cen17_rplB_contig_65502_contig_65503	69.1086691086691	819	270	296	161	92
cen17_rplB_contig_65980_contig_65981	68.7285223367698	582	173	227	109	73
cen17_rplB_contig_66124_contig_66125	70.9401709401709	819	271	310	143	95
cen17_rplB_contig_66198_contig_66199	67.1592775041051	609	197	212	121	79
cen17_rplB_contig_67434_contig_67435	69.2431561996779	621	206	224	115	76
cen17_rplB_contig_67722_contig_67723	70.1570680628272	573	184	218	97	74
cen17_rplB_contig_67788_contig_67789	63.0630630630631	555	164	186	114	91
cen17_rplB_contig_68132_contig_68133	69.5278969957082	699	237	249	126	87
cen17_rplB_contig_68146_contig_68147	67.7536231884058	552	187	187	106	72
cen17_rplB_contig_68292_contig_68293	68.8644688644689	819	283	281	162	93
cen17_rplB_contig_68590_contig_68591	66.9108669108669	819	269	279	167	104
cen17_rplB_contig_68850_contig_68851	71.7622080679405	471	164	174	80	53
cen17_rplB_contig_68998_contig_68999	67.5824175824176	546	180	189	115	62
cen17_rplB_contig_69032_contig_69033	66.6666666666667	681	224	230	137	90
cen17_rplB_contig_69048_contig_69049	70.4273504273504	585	199	213	109	64
cen17_rplB_contig_69074_contig_69075	70.7818930041152	486	168	176	91	51
cen17_rplB_contig_69078_contig_69079	67.3721340388007	567	191	191	107	78
cen17_rplB_contig_69608_contig_69609	63.9042357274401	543	175	172	104	92
cen17_rplB_contig_69834_contig_69835	69.1891891891892	555	169	215	101	70
cen17_rplB_contig_70524_contig_70525	67.9487179487179	546	182	189	101	74
cen17_rplB_contig_70740_contig_70741	68.7150837988827	537	158	211	100	68
cen17_rplB_contig_70782_contig_70783	68.3426443202979	537	183	184	101	69
cen17_rplB_contig_71638_contig_71639	67.7595628415301	549	193	179	102	75
cen17_rplB_contig_72002_contig_72003	64.1860465116279	645	207	207	126	105
cen17_rplB_contig_72184_contig_72185	66.4783427495292	531	165	188	100	78
cen17_rplB_contig_72252_contig_72253	67.5381263616558	459	158	152	89	60
cen17_rplB_contig_72344_contig_72345	67.1794871794872	585	200	193	119	73
cen17_rplB_contig_72782_contig_72783	68.4210526315789	513	157	194	100	62
cen17_rplB_contig_72942_contig_72943	68.5499058380414	531	171	193	100	67
cen17_rplB_contig_72948_contig_72949	70.6739526411658	549	179	209	94	67
cen17_rplB_contig_72988_contig_72989	67.9417122040073	549	184	189	108	68
cen17_rplB_contig_72994_contig_72995	69.8333333333333	600	194	225	104	77
cen17_rplB_contig_73196_contig_73197	69.0196078431373	510	154	198	96	62
cen17_rplB_contig_73214_contig_73215	70.3703703703704	459	159	164	78	58
cen17_rplB_contig_73328_contig_73329	65.5864197530864	648	213	212	135	88
cen17_rplB_contig_73396_contig_73397	71.6666666666667	540	194	193	91	62
cen17_rplB_contig_73472_contig_73473	69.281045751634	612	209	215	119	69
cen17_rplB_contig_73630_contig_73631	66.5445665445665	819	256	289	167	107
cen17_rplB_contig_73672_contig_73673	63.7152777777778	576	186	181	113	96
cen17_rplB_contig_73716_contig_73717	67.4199623352166	531	164	194	107	66
cen17_rplB_contig_73744_contig_73745	67.7777777777778	540	167	199	108	66
cen17_rplB_contig_73906_contig_73907	65.2941176470588	510	155	178	108	69
cen17_rplB_contig_74136_contig_74137	67.4603174603175	504	153	187	100	64
cen17_rplB_contig_74336_contig_74337	68.6626746506986	501	169	175	98	59
cen17_rplB_contig_74384_contig_74385	69.4139194139194	546	172	207	103	64
cen17_rplB_contig_74524_contig_74525	68.1972789115646	588	198	203	116	71
cen17_rplB_contig_74738_contig_74739	68.6060606060606	825	261	305	160	99
cen17_rplB_contig_75314_contig_75315	66.0455486542443	483	148	171	103	61
cen17_rplB_contig_75342_contig_75343	66.8498168498168	546	177	188	114	67
cen17_rplB_contig_75354_contig_75355	66.6666666666667	822	275	273	174	100
cen17_rplB_contig_75392_contig_75393	61.6892911010558	663	214	195	150	104
cen17_rplB_contig_75514_contig_75515	67.1532846715328	822	278	274	175	95
cen17_rplB_contig_75580_contig_75581	66.4761904761905	525	173	176	109	67
cen17_rplB_contig_75600_contig_75601	67.0316301703163	822	273	278	174	97
cen17_rplB_contig_75614_contig_75615	57.0858283433134	501	137	149	126	89
cen17_rplB_contig_75620_contig_75621	65.0326797385621	612	202	196	134	80
cen17_rplB_contig_75662_contig_75663	66.301703163017	822	275	270	178	99
cen17_rplB_contig_75670_contig_75671	64.0740740740741	810	253	266	167	124
cen17_rplB_contig_75676_contig_75677	66.8803418803419	468	166	147	99	56
cen17_rplB_contig_75722_contig_75723	60.1036269430052	579	183	165	133	98
cen17_rplB_contig_75724_contig_75725	67.0316301703163	822	275	276	174	97
cen17_rplB_contig_75796_contig_75797	59.6014492753623	552	170	159	129	94
cen17_rplB_contig_75812_contig_75813	66.1485319516408	579	187	196	123	73
cen17_rplB_contig_75882_contig_75883	67.7966101694915	531	175	185	107	64
cen17_rplB_contig_75956_contig_75957	66.9099756690998	822	276	274	175	97
cen17_rplB_contig_75990_contig_75991	63.4408602150538	558	178	176	120	84
cen17_rplB_contig_76026_contig_76027	67.2480620155039	516	166	181	108	61
cen17_rplB_contig_76258_contig_76259	61.8421052631579	456	133	149	105	69
cen17_rplB_contig_76294_contig_76295	66.2576687116564	489	160	164	104	61
cen17_rplB_contig_76510_contig_76511	65.0909090909091	825	270	267	170	118
cen17_rplB_contig_76842_contig_76843	67.6891615541922	489	152	179	98	60
cen17_rplB_contig_77324_contig_77325	69.6969696969697	495	170	175	90	60
cen17_rplB_contig_77378_contig_77379	67.4418604651163	516	154	194	103	65
cen17_rplB_contig_77590_contig_77591	69.3739424703892	591	204	206	113	68
cen17_rplB_contig_77654_contig_77655	70.316301703163	822	277	301	157	87
cen17_rplB_contig_77688_contig_77689	66.6666666666667	477	160	158	104	55
cen17_rplB_contig_77824_contig_77825	68.7619047619048	525	161	200	97	67
cen17_rplB_contig_77852_contig_77853	56.2691131498471	654	220	148	160	126
cen17_rplB_contig_77876_contig_77877	71.2454212454212	546	191	198	95	62
cen17_rplB_contig_77960_contig_77961	69.5863746958638	822	284	288	158	92
cen17_rplB_contig_78010_contig_78011	64.0449438202247	534	168	174	118	74
cen17_rplB_contig_78092_contig_78093	70.4379562043796	822	275	304	153	90
cen17_rplB_contig_78112_contig_78113	66.6666666666667	495	153	177	100	65
cen17_rplB_contig_78156_contig_78157	64.484126984127	504	163	162	110	69
cen17_rplB_contig_78160_contig_78161	69.3430656934307	822	285	285	165	87
cen17_rplB_contig_78174_contig_78175	70.0729927007299	822	282	294	157	89
cen17_rplB_contig_78192_contig_78193	71.4043993231811	591	202	220	100	69
cen17_rplB_contig_78204_contig_78205	70.0729927007299	822	294	282	161	85
cen17_rplB_contig_78212_contig_78213	69.0476190476191	630	210	225	121	74
cen17_rplB_contig_78244_contig_78245	66.301703163017	822	278	267	178	99
cen17_rplB_contig_78290_contig_78291	69.4444444444444	504	174	176	101	53
cen17_rplB_contig_78292_contig_78293	68.8405797101449	552	187	193	101	71
cen17_rplB_contig_78314_contig_78315	69.3840579710145	552	191	192	105	64
cen17_rplB_contig_78378_contig_78379	55.8608058608059	546	160	145	120	121
cen17_rplB_contig_78460_contig_78461	67.7083333333333	480	159	166	100	55
cen17_rplB_contig_78500_contig_78501	68.6626746506986	501	169	175	101	56
cen17_rplB_contig_78596_contig_78597	64.7727272727273	528	178	164	116	70
cen17_rplB_contig_78622_contig_78623	69.7080291970803	822	284	289	163	86
cen17_rplB_contig_78722_contig_78723	69.1823899371069	477	164	166	94	53
cen17_rplB_contig_78724_contig_78725	69.7916666666667	576	180	222	105	69
cen17_rplB_contig_78738_contig_78739	69.8296836982968	822	293	281	162	86
cen17_rplB_contig_78870_contig_78871	65.3631284916201	537	177	174	117	69
cen17_rplB_contig_78914_contig_78915	70.5596107055961	822	288	292	152	90
cen17_rplB_contig_78976_contig_78977	69.1287878787879	528	185	180	103	60
cen17_rplB_contig_78980_contig_78981	65.4088050314465	477	150	162	95	70
cen17_rplB_contig_79084_contig_79085	71.3131313131313	495	181	172	87	55
cen17_rplB_contig_79148_contig_79149	69.3181818181818	528	172	194	102	60
cen17_rplB_contig_79156_contig_79157	57.4585635359116	543	155	157	126	105
cen17_rplB_contig_79164_contig_79165	69.9513381995134	822	281	294	156	91
cen17_rplB_contig_79272_contig_79273	65.4501216545012	822	278	260	179	105
cen17_rplB_contig_79402_contig_79403	68.5416666666667	480	143	186	92	59
cen17_rplB_contig_79470_contig_79471	57.0858283433134	501	145	141	123	92
cen17_rplB_contig_79610_contig_79611	70.1946472019465	822	287	290	160	85
cen17_rplB_contig_79672_contig_79673	69.0335305719921	507	172	178	99	58
cen17_rplB_contig_79694_contig_79695	69.9513381995134	822	275	300	159	88
cen17_rplB_contig_79798_contig_79799	65.8333333333333	480	162	154	98	66
cen17_rplB_contig_79940_contig_79941	67.7148846960168	477	146	177	96	58
cen17_rplB_contig_80296_contig_80297	66.0297239915074	471	165	146	102	58
cen17_rplB_contig_80488_contig_80489	67.0316301703163	822	275	276	175	96
cen17_rplB_contig_81840_contig_81841	67.9405520169851	471	148	172	93	58
cen17_rplB_contig_82024_contig_82025	67.3076923076923	468	146	169	98	55
cen17_rplB_contig_82280_contig_82281	66.0678642714571	501	170	161	102	68
cen17_rplB_contig_82540_contig_82541	66.301703163017	822	278	267	178	99
cen17_rplB_contig_82598_contig_82599	66.6666666666667	822	278	270	179	95
cen17_rplB_contig_82848_contig_82849	65.5677655677656	546	183	175	116	72
cen17_rplB_contig_82930_contig_82931	63.8709677419355	465	142	155	98	70
cen17_rplB_contig_83310_contig_83311	66.8711656441718	489	172	155	102	60
cen17_rplB_contig_83458_contig_83459	71.4539007092199	564	193	210	100	61
cen17_rplB_contig_83678_contig_83679	68.5934489402698	519	173	183	104	59
cen17_rplB_contig_83702_contig_83703	70.0729927007299	822	275	301	154	92
cen17_rplB_contig_83778_contig_83779	69.009009009009	555	180	203	101	71
cen17_rplB_contig_83808_contig_83809	64.4768856447689	822	273	257	180	112
cen17_rplB_contig_83876_contig_83877	69.8296836982968	822	276	298	157	91
cen17_rplB_contig_83928_contig_83929	70.440251572327	477	164	172	85	56
cen17_rplB_contig_83990_contig_83991	70.0729927007299	822	281	295	158	88
cen17_rplB_contig_84006_contig_84007	67.0886075949367	474	141	177	99	57
cen17_rplB_contig_84062_contig_84063	67.9012345679012	729	248	247	146	88
cen17_rplB_contig_84064_contig_84065	68.3333333333333	480	142	186	92	60
cen17_rplB_contig_84736_contig_84737	65.1700680272109	735	242	237	155	101
cen17_rplB_contig_85730_contig_85731	68.1742043551089	597	191	216	115	75
cen17_rplB_contig_85812_contig_85813	69.3528693528693	819	273	295	153	98
cen17_rplB_contig_85830_contig_85831	71.9836400817996	489	184	168	82	55
cen17_rplB_contig_86192_contig_86193	66.468253968254	504	183	152	103	66
cen17_rplB_contig_86666_contig_86667	67.5438596491228	456	148	160	92	56
cen17_rplB_contig_86722_contig_86723	68.3982683982684	462	152	164	92	54
cen17_rplB_contig_86736_contig_86737	66.4570230607966	477	156	161	100	60
cen17_rplB_contig_86844_contig_86845	66.1971830985916	639	206	217	127	89
cen17_rplB_contig_86914_contig_86915	71.7171717171717	495	182	173	89	51
cen17_rplB_contig_86934_contig_86935	69.6774193548387	465	163	161	90	51
cen17_rplB_contig_86962_contig_86963	67.2955974842767	477	158	163	95	61
cen17_rplB_contig_87396_contig_87397	68.3636363636364	825	271	293	161	100
cen17_rplB_contig_87484_contig_87485	68.8484848484848	825	268	300	163	94
cen17_rplB_contig_87574_contig_87575	69.0363349131122	633	205	232	122	74
cen17_rplB_contig_87894_contig_87895	64.9019607843137	510	155	176	105	74
cen17_rplB_contig_87992_contig_87993	71.505376344086	558	196	203	101	58
cen17_rplB_contig_88162_contig_88163	66.5445665445665	819	258	287	162	112
cen17_rplB_contig_88328_contig_88329	69.2121212121212	825	271	300	163	91
cen17_rplB_contig_88490_contig_88491	68.6060606060606	825	267	299	164	95
cen17_rplB_contig_88670_contig_88671	69.2121212121212	825	274	297	161	93
cen17_rplB_contig_88680_contig_88681	68.5774946921444	471	139	184	92	56
cen17_rplB_contig_88682_contig_88683	68.7739463601533	522	161	198	99	64
cen17_rplB_contig_88706_contig_88707	66.3247863247863	585	183	205	118	79
cen17_rplB_contig_88806_contig_88807	70.1863354037267	483	165	174	93	51
cen17_rplB_contig_88814_contig_88815	67.9924242424242	528	172	187	100	69
cen17_rplB_contig_89112_contig_89113	68.7150837988827	537	162	207	99	69
cen17_rplB_contig_89262_contig_89263	44.9275362318841	483	119	98	163	103
cen17_rplB_contig_89566_contig_89567	67.3913043478261	552	178	194	103	77
cen17_rplB_contig_89720_contig_89721	67.9078014184397	564	178	205	107	74
cen17_rplB_contig_90164_contig_90165	67.1957671957672	567	186	195	108	78
cen17_rplB_contig_90236_contig_90237	68.986568986569	819	278	287	162	92
cen17_rplB_contig_90240_contig_90241	68.2119205298013	453	155	154	91	53
cen17_rplB_contig_90244_contig_90245	69.2214111922141	822	282	287	159	94
cen17_rplB_contig_90298_contig_90299	69.7123519458545	591	198	214	110	69
cen17_rplB_contig_90304_contig_90305	69.9233716475096	522	181	184	101	56
cen17_rplB_contig_90318_contig_90319	69.4647201946472	822	284	287	158	93
cen17_rplB_contig_90438_contig_90439	69.9513381995134	822	282	293	156	91
cen17_rplB_contig_90456_contig_90457	68.5624012638231	633	204	230	122	77
cen17_rplB_contig_90466_contig_90467	68.8564476885645	822	276	290	164	92
cen17_rplB_contig_90468_contig_90469	70.5982905982906	585	201	212	104	68
cen17_rplB_contig_90474_contig_90475	70.9737827715356	534	186	193	98	57
cen17_rplB_contig_90490_contig_90491	71.5083798882682	537	184	200	87	66
cen17_rplB_contig_90498_contig_90499	69.7080291970803	822	278	295	158	91
cen17_rplB_contig_90508_contig_90509	68.9161554192229	489	172	165	92	60
cen17_rplB_contig_90514_contig_90515	70.5521472392638	489	167	178	87	57
cen17_rplB_contig_90528_contig_90529	60.9848484848485	528	170	152	121	85
cen17_rplB_contig_90570_contig_90571	70.9055876685935	519	181	187	94	57
cen17_rplB_contig_90572_contig_90573	70.5050505050505	495	169	180	90	56
cen17_rplB_contig_90638_contig_90639	71.1111111111111	540	187	197	98	58
cen17_rplB_contig_90640_contig_90641	70.1149425287356	522	183	183	102	54
cen17_rplB_contig_90668_contig_90669	71.5909090909091	528	192	186	97	53
cen17_rplB_contig_90672_contig_90673	69.811320754717	636	217	227	122	70
cen17_rplB_contig_90686_contig_90687	71.6190476190476	525	191	185	93	56
cen17_rplB_contig_90710_contig_90711	69.8224852071006	507	174	180	99	54
cen17_rplB_contig_90738_contig_90739	68.2424242424242	825	260	303	166	96
cen17_rplB_contig_90762_contig_90763	70.4819277108434	498	172	179	94	53
cen17_rplB_contig_90768_contig_90769	69.7530864197531	486	169	170	92	55
cen17_rplB_contig_90792_contig_90793	69.5906432748538	513	171	186	102	54
cen17_rplB_contig_90808_contig_90809	69.9233716475096	522	175	190	101	56
cen17_rplB_contig_90844_contig_90845	69.5121951219512	492	166	176	97	53
cen17_rplB_contig_90862_contig_90863	66.8195718654434	654	208	229	129	88
cen17_rplB_contig_90890_contig_90891	69.0476190476191	504	170	178	98	58
cen17_rplB_contig_90914_contig_90915	70.8582834331337	501	179	176	91	55
cen17_rplB_contig_90950_contig_90951	69.7530864197531	486	164	175	95	52
cen17_rplB_contig_90998_contig_90999	67.4033149171271	543	174	192	103	74
cen17_rplB_contig_91026_contig_91027	69.5402298850575	522	175	188	102	57
cen17_rplB_contig_91126_contig_91127	70.1818181818182	825	272	307	153	93
cen17_rplB_contig_91268_contig_91269	69.4610778443114	501	172	176	99	54
cen17_rplB_contig_91424_contig_91425	66.9108669108669	819	272	276	164	107
cen17_rplB_contig_91458_contig_91459	68.7400318979266	627	208	223	116	80
cen17_rplB_contig_91504_contig_91505	68.978102189781	822	273	294	156	99
cen17_rplB_contig_91510_contig_91511	69.3430656934307	822	288	282	166	86
cen17_rplB_contig_91574_contig_91575	71.7687074829932	588	202	220	102	64
cen17_rplB_contig_91588_contig_91589	65.5717761557178	822	264	275	175	108
cen17_rplB_contig_91676_contig_91677	70.9090909090909	495	168	183	89	55
cen17_rplB_contig_92186_contig_92187	69.7722567287785	483	178	159	79	67
cen17_rplB_contig_92594_contig_92595	65.6028368794326	564	184	186	113	81
cen17_rplB_contig_92616_contig_92617	66.5217391304348	690	224	235	136	95
cen17_rplB_contig_92690_contig_92691	67.1532846715328	822	270	282	161	109
cen17_rplB_contig_92720_contig_92721	68.3636363636364	825	261	303	163	98
cen17_rplB_contig_92766_contig_92767	65.1741293532338	603	195	198	120	90
cen17_rplB_contig_92774_contig_92775	66.7883211678832	822	279	270	177	96
cen17_rplB_contig_92916_contig_92917	65.8150851581509	822	281	260	175	106
cen17_rplB_contig_93072_contig_93073	70.2702702702703	555	198	192	108	57
cen17_rplB_contig_93456_contig_93457	69.1056910569106	615	205	220	121	69
cen17_rplB_contig_93736_contig_93737	65.6195462478185	573	188	188	117	80
cen17_rplB_contig_93828_contig_93829	56.3748079877112	651	228	139	146	138
cen17_rplB_contig_93872_contig_93873	65.4501216545012	822	281	257	172	112
cen17_rplB_contig_94022_contig_94023	68.1069958847737	486	155	176	91	64
cen17_rplB_contig_94062_contig_94063	54.0489642184557	531	150	137	138	106
cen17_rplB_contig_94170_contig_94171	64.4591611479029	453	141	151	97	64
cen17_rplB_contig_94190_contig_94191	66.6666666666667	708	242	230	142	94
cen17_rplB_contig_94236_contig_94237	66.0583941605839	822	274	269	172	107
cen17_rplB_contig_94286_contig_94287	66.8402777777778	576	199	186	116	75
cen17_rplB_contig_94364_contig_94365	65.979381443299	582	199	185	119	79
cen17_rplB_contig_94366_contig_94367	66.1231884057971	552	189	176	117	70
cen17_rplB_contig_94394_contig_94395	65.9176029962547	534	192	160	112	70
cen17_rplB_contig_94518_contig_94519	67.027027027027	555	193	179	112	71
cen17_rplB_contig_94614_contig_94615	66.0347551342812	633	207	211	135	80
cen17_rplB_contig_94634_contig_94635	66.2942271880819	537	188	168	113	68
cen17_rplB_contig_94666_contig_94667	55.8441558441558	462	127	131	115	89
cen17_rplB_contig_94728_contig_94729	65.5717761557178	822	278	261	169	114
cen17_rplB_contig_94734_contig_94735	66.5450121654501	822	285	262	171	104
cen17_rplB_contig_94836_contig_94837	69.8340874811463	663	226	237	115	85
cen17_rplB_contig_95086_contig_95087	64.8148148148148	810	254	271	167	118
cen17_rplB_contig_95140_contig_95141	64.7527910685805	627	192	214	132	89
cen17_rplB_contig_95298_contig_95299	68.6202686202686	819	274	288	162	95
cen17_rplB_contig_95360_contig_95361	69.96336996337	546	185	197	98	66
cen17_rplB_contig_95370_contig_95371	67.921146953405	558	174	205	112	67
cen17_rplB_contig_95534_contig_95535	70.3216374269006	684	233	248	126	77
cen17_rplB_contig_95740_contig_95741	69.1919191919192	594	191	220	111	72
cen17_rplB_contig_95876_contig_95877	69.2144373673036	471	153	173	86	59
cen17_rplB_contig_95878_contig_95879	70.0354609929078	564	180	215	97	72
cen17_rplB_contig_95992_contig_95993	68.8484848484848	825	267	301	163	94
cen17_rplB_contig_96162_contig_96163	67.2771672771673	819	261	290	164	104
cen17_rplB_contig_96190_contig_96191	65.8692185007974	627	194	219	131	83
cen17_rplB_contig_96370_contig_96371	70.7602339181286	684	239	245	127	73
cen17_rplB_contig_96464_contig_96465	68.019680196802	813	285	268	156	104
cen17_rplB_contig_96538_contig_96539	67.5213675213675	819	268	285	160	106
cen17_rplB_contig_96552_contig_96553	69.620253164557	474	144	186	83	61
cen17_rplB_contig_97074_contig_97075	67.0995670995671	462	157	153	93	59
cen17_rplB_contig_97154_contig_97155	68.1720430107527	465	146	171	91	57
cen17_rplB_contig_97320_contig_97321	69.2982456140351	456	139	177	87	53
cen17_rplB_contig_97350_contig_97351	69.1358024691358	486	167	169	90	60
cen17_rplB_contig_97376_contig_97377	69.9849170437406	663	235	229	120	79
cen17_rplB_contig_97380_contig_97381	70.0729927007299	822	277	299	156	90
cen17_rplB_contig_97450_contig_97451	68.7631027253669	477	161	167	84	65
cen17_rplB_contig_97578_contig_97579	56.6448801742919	459	145	115	109	90
cen17_rplB_contig_97602_contig_97603	69.7115384615385	624	207	228	119	70
cen17_rplB_contig_97614_contig_97615	55.794504181601	837	251	216	204	166
cen17_rplB_contig_97688_contig_97689	55.1971326164875	837	246	216	209	166
cen17_rplB_contig_97704_contig_97705	67.2447013487476	519	160	189	106	64
cen17_rplB_contig_97706_contig_97707	68.1818181818182	462	147	168	86	61
cen17_rplB_contig_97800_contig_97801	69.4545454545455	825	292	281	163	89
cen17_rplB_contig_97820_contig_97821	69.9513381995134	822	277	298	159	88
cen17_rplB_contig_97882_contig_97883	69.9513381995134	822	277	298	159	88
cen17_rplB_contig_97932_contig_97933	69.6969696969697	627	216	221	119	71
cen17_rplB_contig_97964_contig_97965	69.3430656934307	822	274	296	162	90
cen17_rplB_contig_98014_contig_98015	69.5863746958638	822	282	290	157	93
cen17_rplB_contig_98042_contig_98043	69.3181818181818	528	183	183	93	69
cen17_rplB_contig_98104_contig_98105	69.7132616487455	558	189	200	106	63
cen17_rplB_contig_98128_contig_98129	69.9513381995134	822	279	296	157	90
cen17_rplB_contig_98140_contig_98141	65.3284671532847	822	278	259	176	109
cen17_rplB_contig_98502_contig_98503	67.8787878787879	825	263	297	169	96
cen17_rplB_contig_98614_contig_98615	69.7368421052632	456	157	161	79	59
cen17_rplB_contig_98990_contig_98991	70.5673758865248	564	184	214	94	72
cen17_rplB_contig_99308_contig_99309	69.1851851851852	675	248	219	124	84
cen17_rplB_contig_99394_contig_99395	71.0462287104623	822	285	299	151	87
cen17_rplB_contig_99434_contig_99435	60.3658536585366	492	147	150	113	82
cen17_rplB_contig_99520_contig_99521	69.3650793650794	630	209	228	121	72
cen17_rplB_contig_99546_contig_99547	70.316301703163	822	277	301	154	90
cen17_rplB_contig_99662_contig_99663	69.9513381995134	822	287	288	156	91
cen17_rplB_contig_99900_contig_99901	68.4552845528455	615	222	199	117	77
cen17_rplB_contig_100208_contig_100209	70.0729927007299	822	280	296	155	91
cen17_rplB_contig_100296_contig_100297	65.9367396593674	822	272	270	175	105
cen17_rplB_contig_100324_contig_100325	69.4647201946472	822	287	284	159	92
cen17_rplB_contig_100334_contig_100335	65.9758203799655	579	204	178	120	77
cen17_rplB_contig_100374_contig_100375	69.9513381995134	822	279	296	153	94
cen17_rplB_contig_100412_contig_100413	71.7277486910995	573	202	209	98	64
cen17_rplB_contig_100420_contig_100421	65.8150851581509	822	270	271	179	102
cen17_rplB_contig_100530_contig_100531	69.96336996337	819	279	294	154	92
cen17_rplB_contig_100570_contig_100571	66.5116279069767	645	212	217	138	78
cen17_rplB_contig_100578_contig_100579	69.1056910569106	615	205	220	118	72
cen17_rplB_contig_100624_contig_100625	65.4501216545012	822	269	269	183	101
cen17_rplB_contig_100724_contig_100725	65.7986111111111	576	193	186	118	79
cen17_rplB_contig_100730_contig_100731	65.0851581508516	822	277	258	172	115
cen17_rplB_contig_100750_contig_100751	64.720194647202	822	270	262	170	120
cen17_rplB_contig_100778_contig_100779	67.9012345679012	486	153	177	99	57
cen17_rplB_contig_100792_contig_100793	66.1800486618005	822	275	269	173	105
cen17_rplB_contig_100882_contig_100883	66.5450121654501	822	274	273	172	103
cen17_rplB_contig_100982_contig_100983	68.7301587301587	630	204	229	128	69
cen17_rplB_contig_101018_contig_101019	66.497461928934	591	199	194	124	74
cen17_rplB_contig_101044_contig_101045	66.8148148148148	675	230	221	143	81
cen17_rplB_contig_101078_contig_101079	65.0851581508516	822	280	255	176	111
cen17_rplB_contig_101122_contig_101123	68.3698296836983	822	274	288	161	99
cen17_rplB_contig_101148_contig_101149	65.5717761557178	822	267	272	182	101
cen17_rplB_contig_101186_contig_101187	66.5071770334928	627	211	206	127	83
cen17_rplB_contig_101208_contig_101209	73.3333333333333	585	218	211	93	63
cen17_rplB_contig_101308_contig_101309	66.9099756690998	822	287	263	166	106
cen17_rplB_contig_101310_contig_101311	68.8172043010753	651	215	233	132	71
cen17_rplB_contig_101318_contig_101319	61.437908496732	459	149	133	98	79
cen17_rplB_contig_101334_contig_101335	66.5450121654501	822	274	273	180	95
cen17_rplB_contig_101354_contig_101355	67.1592775041051	609	201	208	124	76
cen17_rplB_contig_101364_contig_101365	65.6934306569343	822	272	268	175	107
cen17_rplB_contig_101376_contig_101377	69.8492462311558	597	203	214	112	68
cen17_rplB_contig_101470_contig_101471	70.230607966457	477	170	165	78	64
cen17_rplB_contig_101528_contig_101529	70.316301703163	822	278	300	153	91
cen17_rplB_contig_101552_contig_101553	66.6666666666667	621	219	195	124	83
cen17_rplB_contig_101558_contig_101559	69.5863746958638	822	279	293	164	86
cen17_rplB_contig_101896_contig_101897	66.9724770642202	654	207	231	129	87
cen17_rplB_contig_101948_contig_101949	70.5596107055961	822	291	289	159	83
cen17_rplB_contig_102132_contig_102133	66.0583941605839	822	277	266	172	107
cen17_rplB_contig_102194_contig_102195	68.1081081081081	555	172	206	112	65
cen17_rplB_contig_102462_contig_102463	69.2307692307692	624	205	227	119	73
cen17_rplB_contig_102560_contig_102561	69.6369636963696	606	202	220	114	70
cen17_rplB_contig_102858_contig_102859	69.2214111922141	822	281	288	157	96
cen17_rplB_contig_102892_contig_102893	69.5863746958638	822	277	295	154	96
cen17_rplB_contig_102894_contig_102895	69.3333333333333	825	278	294	162	91
cen17_rplB_contig_103032_contig_103033	69.5863746958638	822	281	291	154	96
cen17_rplB_contig_103236_contig_103237	69.8296836982968	822	281	293	161	87
cen17_rplB_contig_103254_contig_103255	69.8181818181818	825	275	301	160	89
cen17_rplB_contig_103514_contig_103515	66.0740740740741	675	220	226	146	83
cen17_rplB_contig_103604_contig_103605	69.4915254237288	708	237	255	145	71
cen17_rplB_contig_103864_contig_103865	69.8296836982968	822	280	294	156	92
cen17_rplB_contig_103930_contig_103931	69.7503671071953	681	222	253	131	75
cen17_rplB_contig_103968_contig_103969	70.0729927007299	822	283	293	155	91
cen17_rplB_contig_104030_contig_104031	69.4647201946472	822	276	295	160	91
cen17_rplB_contig_104076_contig_104077	69.5863746958638	822	285	287	156	94
cen17_rplB_contig_104100_contig_104101	69.4647201946472	822	286	285	156	95
cen17_rplB_contig_104122_contig_104123	67.3684210526316	570	198	186	111	75
cen17_rplB_contig_104320_contig_104321	70.4379562043796	822	286	293	149	94
cen17_rplB_contig_104334_contig_104335	69.2214111922141	822	277	292	159	94
cen17_rplB_contig_104424_contig_104425	68.1372549019608	612	197	220	117	78
cen17_rplB_contig_104482_contig_104483	66.4233576642336	822	278	268	181	95
cen17_rplB_contig_104688_contig_104689	69.5863746958638	822	280	292	157	93
cen17_rplB_contig_104760_contig_104761	69.0997566909976	822	282	286	156	98
cen17_rplB_contig_104818_contig_104819	72.1439749608764	639	225	236	112	66
cen17_rplB_contig_104888_contig_104889	69.8296836982968	822	279	295	158	90
cen17_rplB_contig_104904_contig_104905	69.7080291970803	822	290	283	155	94
cen17_rplB_contig_105164_contig_105165	69.9126092384519	801	265	295	149	92
cen17_rplB_contig_105414_contig_105415	70.2842377260982	774	275	269	128	102
cen17_rplB_contig_105724_contig_105725	69.5757575757576	825	287	287	152	99
cen17_rplB_contig_105784_contig_105785	66.8358714043993	591	194	201	114	82
cen17_rplB_contig_106304_contig_106305	67.4528301886792	636	203	226	122	85
cen17_rplB_contig_106736_contig_106737	69.4647201946472	822	276	295	157	94
cen17_rplB_contig_106916_contig_106917	69.9513381995134	822	278	297	154	93
cen17_rplB_contig_107016_contig_107017	70.2432045779685	699	241	250	128	80
cen17_rplB_contig_107102_contig_107103	68.7763713080169	474	146	180	82	66
cen17_rplB_contig_107176_contig_107177	69.2214111922141	822	275	294	154	99
cen17_rplB_contig_107682_contig_107683	67.7083333333333	480	158	167	95	60
cen17_rplB_contig_107754_contig_107755	69.8296836982968	822	284	290	155	93
cen17_rplB_contig_107762_contig_107763	69.8296836982968	822	275	299	154	94
cen17_rplB_contig_107778_contig_107779	71.6494845360825	582	207	210	103	62
cen17_rplB_contig_107802_contig_107803	69.9513381995134	822	282	293	154	93
cen17_rplB_contig_108022_contig_108023	69.8296836982968	822	278	296	155	93
cen17_rplB_contig_108376_contig_108377	69.7303921568627	816	268	301	160	87
cen17_rplB_contig_109564_contig_109565	69.0909090909091	825	284	286	163	92
cen17_rplB_contig_111674_contig_111675	68.241469816273	762	273	247	151	91
cen17_rplB_contig_112332_contig_112333	71.6440422322775	663	227	248	116	72
cen17_rplB_contig_112482_contig_112483	66.8686868686869	495	154	177	99	65
cen17_rplB_contig_112592_contig_112593	66.5343915343915	756	247	256	149	104
cen17_rplB_contig_113490_contig_113491	68.4027777777778	576	194	200	101	81
cen17_rplB_contig_114288_contig_114289	63.9042357274401	543	179	168	104	92
cen17_rplB_contig_114312_contig_114313	69.2307692307692	819	276	291	152	100
cen17_rplB_contig_114500_contig_114501	60.7361963190184	489	161	136	117	75
cen17_rplB_contig_114728_contig_114729	68.0412371134021	582	196	200	109	77
cen17_rplB_contig_114898_contig_114899	67.9166666666667	480	160	166	94	60
cen17_rplB_contig_114980_contig_114981	68.986568986569	819	269	296	158	96
cen17_rplB_contig_115020_contig_115021	71.2389380530973	678	233	250	124	71
cen17_rplB_contig_115050_contig_115051	68.7272727272727	825	264	303	167	91
cen17_rplB_contig_115062_contig_115063	69.4647201946472	822	277	294	155	96
cen17_rplB_contig_115080_contig_115081	69.5757575757576	825	282	292	148	103
cen17_rplB_contig_115322_contig_115323	65.2068126520681	822	264	272	184	102
cen17_rplB_contig_115432_contig_115433	65.6934306569343	822	270	270	183	99
cen17_rplB_contig_115462_contig_115463	71.9753086419753	810	281	302	140	87
cen17_rplB_contig_115488_contig_115489	69.5906432748538	684	236	240	132	76
cen17_rplB_contig_115588_contig_115589	66.962962962963	675	226	226	132	91
cen17_rplB_contig_115648_contig_115649	70.1818181818182	825	271	308	152	94
cen17_rplB_contig_115818_contig_115819	69.3430656934307	822	276	294	155	97
cen17_rplB_contig_115838_contig_115839	65.8150851581509	822	271	270	176	105
cen17_rplB_contig_115876_contig_115877	69.1851851851852	675	222	245	134	74
cen17_rplB_contig_115916_contig_115917	65.3284671532847	822	268	269	184	101
cen17_rplB_contig_116020_contig_116021	67.9405520169851	471	152	168	88	63
cen17_rplB_contig_116048_contig_116049	69.3430656934307	822	280	290	158	94
cen17_rplB_contig_116126_contig_116127	65.8150851581509	822	272	269	183	98
cen17_rplB_contig_116168_contig_116169	66.4224664224664	819	258	286	164	111
cen17_rplB_contig_116192_contig_116193	65.9367396593674	822	272	270	176	104
cen17_rplB_contig_116302_contig_116303	70.316301703163	822	276	302	150	94
cen17_rplB_contig_116322_contig_116323	70.316301703163	822	282	296	149	95
cen17_rplB_contig_116334_contig_116335	68.978102189781	822	273	294	161	94
cen17_rplB_contig_116366_contig_116367	65.5717761557178	822	274	265	179	104
cen17_rplB_contig_116390_contig_116391	65.6934306569343	822	271	269	183	99
cen17_rplB_contig_116506_contig_116507	67.0316301703163	822	265	286	172	99
cen17_rplB_contig_116752_contig_116753	66.8284789644013	618	210	203	124	81
cen17_rplB_contig_116814_contig_116815	69.2214111922141	822	283	286	158	95
cen17_rplB_contig_116842_contig_116843	68.4914841849148	822	286	277	153	106
cen17_rplB_contig_116944_contig_116945	69.1086691086691	819	269	297	163	90
cen17_rplB_contig_116958_contig_116959	70.1946472019465	822	280	297	156	89
cen17_rplB_contig_117012_contig_117013	69.8296836982968	822	281	293	151	97
cen17_rplB_contig_117050_contig_117051	69.4647201946472	822	277	294	157	94
cen17_rplB_contig_117126_contig_117127	66.9950738916256	609	195	213	119	82
cen17_rplB_contig_117262_contig_117263	70.3862660944206	699	237	255	128	79
cen17_rplB_contig_117348_contig_117349	66.5450121654501	822	275	272	180	95
cen17_rplB_contig_117366_contig_117367	66.5450121654501	822	274	273	180	95
cen17_rplB_contig_117466_contig_117467	70.1946472019465	822	283	294	157	88
cen17_rplB_contig_117710_contig_117711	65.4088050314465	636	214	202	132	88
cen17_rplB_contig_117812_contig_117813	70	690	226	257	129	78
cen17_rplB_contig_117956_contig_117957	67.7615571776156	822	270	287	167	98
cen17_rplB_contig_118124_contig_118125	65.0793650793651	630	205	205	129	91
cen17_rplB_contig_118128_contig_118129	72.2222222222222	522	169	208	83	62
cen17_rplB_contig_118478_contig_118479	69.4647201946472	822	278	293	160	91
cen17_rplB_contig_118648_contig_118649	69.9513381995134	822	284	291	158	89
cen17_rplB_contig_118790_contig_118791	69.3430656934307	822	287	283	159	93
cen17_rplB_contig_118874_contig_118875	69.4647201946472	822	284	287	155	96
cen17_rplB_contig_118940_contig_118941	70.0729927007299	822	288	288	156	90
cen17_rplB_contig_119036_contig_119037	69.5374800637959	627	212	224	120	71
cen17_rplB_contig_119468_contig_119469	71.7054263565891	774	275	280	129	90
cen17_rplB_contig_119960_contig_119961	66.0329531051965	789	263	258	174	94
cen17_rplB_contig_120076_contig_120077	66.6666666666667	822	273	275	180	94
cen17_rplB_contig_120300_contig_120301	67.1532846715328	822	272	280	177	93
cen17_rplB_contig_120310_contig_120311	69.96996996997	666	218	248	125	75
cen17_rplB_contig_120498_contig_120499	71.3114754098361	732	260	262	128	82
cen17_rplB_contig_120544_contig_120545	67.6945668135095	681	219	242	130	90
cen17_rplB_contig_120796_contig_120797	70.6812652068127	822	283	298	152	89
cen17_rplB_contig_120936_contig_120937	70.5596107055961	822	274	306	151	91
cen17_rplB_contig_121078_contig_121079	70.1275045537341	549	195	190	90	74
cen17_rplB_contig_121106_contig_121107	70.9320695102686	633	212	237	108	76
cen17_rplB_contig_121162_contig_121163	69.9074074074074	648	217	236	115	80
cen17_rplB_contig_121250_contig_121251	69.6825396825397	630	210	229	117	74
cen17_rplB_contig_121338_contig_121339	66.4233576642336	822	272	274	179	97
cen17_rplB_contig_121532_contig_121533	70.1587301587302	630	217	225	121	67
cen17_rplB_contig_121630_contig_121631	66.6666666666667	822	278	270	178	96
cen17_rplB_contig_122304_contig_122305	70.5596107055961	822	286	294	148	94
cen17_rplB_contig_122362_contig_122363	67.6348547717842	723	245	244	155	79
cen17_rplB_contig_122640_contig_122641	69.4949494949495	495	162	182	90	61
cen17_rplB_contig_122684_contig_122685	65.5717761557178	822	269	270	184	99
cen17_rplB_contig_122698_contig_122699	66.6666666666667	822	274	274	178	96
cen17_rplB_contig_122724_contig_122725	70.1946472019465	822	281	296	156	89
cen17_rplB_contig_122770_contig_122771	66.9099756690998	822	271	279	172	100
cen17_rplB_contig_122914_contig_122915	66.9099756690998	822	272	278	179	93
cen17_rplB_contig_122926_contig_122927	70.0892857142857	672	247	224	115	86
cen17_rplB_contig_123060_contig_123061	65.2582159624413	639	218	199	131	91
cen17_rplB_contig_123066_contig_123067	67.0316301703163	822	268	283	177	94
cen17_rplB_contig_123100_contig_123101	66.6666666666667	822	280	268	180	94
cen17_rplB_contig_123108_contig_123109	70.7988980716253	726	256	258	129	83
cen17_rplB_contig_123182_contig_123183	66.301703163017	822	274	271	177	100
cen17_rplB_contig_123254_contig_123255	70.8180708180708	819	277	303	145	94
cen17_rplB_contig_123272_contig_123273	69.3430656934307	822	281	289	155	97
cen17_rplB_contig_123426_contig_123427	69.6476964769648	738	243	271	147	77
cen17_rplB_contig_123990_contig_123991	70.3551912568306	732	249	266	138	79
cen17_rplB_contig_124086_contig_124087	66.7883211678832	822	276	273	174	99
cen17_rplB_contig_124132_contig_124133	69.9513381995134	822	280	295	155	92
cen17_rplB_contig_124238_contig_124239	68.7272727272727	825	270	297	164	94
cen17_rplB_contig_124352_contig_124353	68.969696969697	825	268	301	165	91
cen17_rplB_contig_124386_contig_124387	70.4379562043796	822	284	295	153	90
cen17_rplB_contig_124426_contig_124427	66.7883211678832	822	276	273	178	95
cen17_rplB_contig_124654_contig_124655	68.8484848484848	825	264	304	166	91
cen17_rplB_contig_124686_contig_124687	69.0997566909976	822	279	289	157	97
cen17_rplB_contig_124800_contig_124801	70.316301703163	822	276	302	156	88
cen17_rplB_contig_124852_contig_124853	69.8039215686274	765	253	281	136	95
cen17_rplB_contig_124856_contig_124857	66.5450121654501	822	271	276	178	97
cen17_rplB_contig_124934_contig_124935	70.8333333333333	648	221	238	118	71
cen17_rplB_contig_124996_contig_124997	69.4323144104803	687	233	244	138	72
cen17_rplB_contig_125220_contig_125221	69.7080291970803	822	280	293	159	90
cen17_rplB_contig_125394_contig_125395	70.1946472019465	822	280	297	157	88
cen17_rplB_contig_125646_contig_125647	66.5450121654501	822	273	274	183	92
cen17_rplB_contig_125776_contig_125777	70.316301703163	822	286	292	154	90
cen17_rplB_contig_126110_contig_126111	70.4347826086957	690	245	241	133	71
cen17_rplB_contig_126614_contig_126615	69.0909090909091	495	162	180	88	65
cen17_rplB_contig_126624_contig_126625	71.2365591397849	744	251	279	135	79
cen17_rplB_contig_127474_contig_127475	69.3965517241379	696	233	250	142	71
cen17_rplB_contig_127530_contig_127531	71.7037037037037	675	230	254	119	72
cen17_rplB_contig_127548_contig_127549	67.2979797979798	792	273	260	164	95
cen17_rplB_contig_127574_contig_127575	71.7514124293785	708	244	264	124	76
cen17_rplB_contig_127730_contig_127731	67.5105485232068	711	243	237	148	83
cen17_rplB_contig_128324_contig_128325	65.9367396593674	822	274	268	179	101
cen17_rplB_contig_128398_contig_128399	67.3640167364017	717	230	253	150	84
cen17_rplB_contig_128522_contig_128523	69.4235588972431	798	260	294	147	97
cen17_rplB_contig_128534_contig_128535	67.5177304964539	705	233	243	149	80
cen17_rplB_contig_128564_contig_128565	67.0316301703163	822	275	276	174	97
cen17_rplB_contig_128614_contig_128615	71.0462287104623	822	275	309	152	86
cen17_rplB_contig_128688_contig_128689	66.301703163017	822	276	269	179	98
cen17_rplB_contig_128850_contig_128851	71.7514124293785	708	242	266	127	73
cen17_rplB_contig_128918_contig_128919	70.1946472019465	822	284	293	154	91
cen17_rplB_contig_128960_contig_128961	67.0316301703163	822	277	274	179	92
cen17_rplB_contig_129330_contig_129331	70.4379562043796	822	280	299	152	91
cen17_rplB_contig_129902_contig_129903	68.1536555142503	807	269	281	159	98
cen17_rplB_contig_130200_contig_130201	66.0130718954248	765	261	244	162	98
cen17_rplB_contig_130210_contig_130211	61.8018018018018	555	186	157	114	98
cen17_rplB_contig_130316_contig_130317	70.4379562043796	822	279	300	145	98
cen17_rplB_contig_130320_contig_130321	68.5258964143426	753	253	263	155	82
cen17_rplB_contig_130334_contig_130335	68.2481751824817	822	272	289	170	91
cen17_rplB_contig_130340_contig_130341	69.774011299435	708	234	260	130	84
cen17_rplB_contig_130348_contig_130349	66.9365721997301	741	251	245	158	87
cen17_rplB_contig_130352_contig_130353	66.803840877915	729	244	243	155	87
cen17_rplB_contig_130354_contig_130355	65.5717761557178	822	268	271	179	104
cen17_rplB_contig_130384_contig_130385	69.8529411764706	816	272	298	148	98
cen17_rplB_contig_130402_contig_130403	64.4768856447689	822	260	270	180	112
cen17_rplB_contig_130496_contig_130497	66.6666666666667	708	243	229	148	88
cen17_rplB_contig_130640_contig_130641	66.6666666666667	702	241	227	150	84
cen17_rplB_contig_130670_contig_130671	65.6934306569343	822	270	270	180	102
cen17_rplB_contig_130712_contig_130713	67.3280423280423	756	254	255	166	81
cen17_rplB_contig_130728_contig_130729	68.5333333333333	750	248	266	153	83
cen17_rplB_contig_130740_contig_130741	53.8617886178862	492	132	133	132	95
cen17_rplB_contig_130776_contig_130777	71.5447154471545	738	257	271	136	74
cen17_rplB_contig_130842_contig_130843	65.8150851581509	822	277	264	168	113
cen17_rplB_contig_130906_contig_130907	70.189701897019	738	247	271	149	71
cen17_rplB_contig_130924_contig_130925	68.8484848484848	825	264	304	168	89
cen17_rplB_contig_131014_contig_131015	69.6969696969697	825	281	294	159	91
cen17_rplB_contig_131088_contig_131089	70.4166666666667	720	240	267	140	73
cen17_rplB_contig_131098_contig_131099	69.7761194029851	804	262	299	158	85
cen17_rplB_contig_131188_contig_131189	69.0909090909091	825	264	306	163	92
cen17_rplB_contig_131202_contig_131203	68.4848484848485	825	263	302	170	90
cen17_rplB_contig_131238_contig_131239	68.6060606060606	825	265	301	163	96
cen17_rplB_contig_131246_contig_131247	70	810	269	298	158	85
cen17_rplB_contig_131398_contig_131399	69.4566813509545	681	227	246	137	71
cen17_rplB_contig_131426_contig_131427	69.5006747638327	741	245	270	147	79
cen17_rplB_contig_131492_contig_131493	68.7272727272727	825	264	303	168	90
cen17_rplB_contig_131536_contig_131537	70.353982300885	678	230	247	132	69
cen17_rplB_contig_131604_contig_131605	68.9243027888446	753	248	271	149	85
cen17_rplB_contig_131612_contig_131613	68.7272727272727	825	262	305	169	89
cen17_rplB_contig_131856_contig_131857	66.3841807909605	708	239	231	143	95
cen17_rplB_contig_132110_contig_132111	66.0130718954248	765	253	252	174	86
cen17_rplB_contig_132126_contig_132127	67.3965936739659	822	272	282	174	94
cen17_rplB_contig_132146_contig_132147	68.8484848484848	825	265	303	165	92
cen17_rplB_contig_132192_contig_132193	66.2976629766298	813	265	274	173	101
cen17_rplB_contig_132208_contig_132209	65.6108597285068	663	227	208	140	88
cen17_rplB_contig_132216_contig_132217	66.7963683527886	771	257	258	165	91
cen17_rplB_contig_132226_contig_132227	69.5402298850575	696	231	253	139	73
cen17_rplB_contig_132256_contig_132257	71.09375	768	255	291	141	81
cen17_rplB_contig_132422_contig_132423	67.1532846715328	822	270	282	175	95
cen17_rplB_contig_132432_contig_132433	67.639902676399	822	266	290	174	92
cen17_rplB_contig_132434_contig_132435	66.9099756690998	822	275	275	180	92
cen17_rplB_contig_132476_contig_132477	70.8165997322624	747	254	275	131	87
cen17_rplB_contig_132542_contig_132543	67.7575757575758	825	272	287	175	91
cen17_rplB_contig_132618_contig_132619	67.1532846715328	822	272	280	174	96
cen17_rplB_contig_132636_contig_132637	65.5717761557178	822	266	273	184	99
cen17_rplB_contig_132676_contig_132677	66.7883211678832	822	268	281	177	96
cen17_rplB_contig_132706_contig_132707	71.4111922141119	822	280	307	152	83
cen17_rplB_contig_132714_contig_132715	66.9099756690998	822	272	278	179	93
cen17_rplB_contig_132780_contig_132781	66.4233576642336	822	271	275	178	98
cen17_rplB_contig_133064_contig_133065	65.8536585365854	738	245	241	162	90
cen17_rplB_contig_133558_contig_133559	66.301703163017	822	274	271	179	98
cen17_rplB_contig_133594_contig_133595	71.9298245614035	798	278	296	142	82
cen17_rplB_contig_133992_contig_133993	68.1818181818182	726	246	249	151	80
cen17_rplB_contig_133996_contig_133997	69.76401179941	678	228	245	134	71
cen17_rplB_contig_134004_contig_134005	68.1451612903226	744	253	254	159	78
cen17_rplB_contig_134230_contig_134231	68.4981684981685	819	271	290	161	97
cen17_rplB_contig_134890_contig_134891	67.3965936739659	822	276	278	174	94
cen17_rplB_contig_134948_contig_134949	67.7083333333333	768	259	261	167	81
cen17_rplB_contig_135278_contig_135279	69.9494949494949	792	263	291	155	83
cen17_rplB_contig_135360_contig_135361	69.7101449275362	690	232	249	139	70
cen17_rplB_contig_135394_contig_135395	67.032967032967	819	270	279	176	94
cen17_rplB_contig_135400_contig_135401	67.3965936739659	822	279	275	177	91
cen17_rplB_contig_135518_contig_135519	67.639902676399	822	273	283	172	94
cen17_rplB_contig_135584_contig_135585	67.3881673881674	693	232	235	150	76
cen17_rplB_contig_135738_contig_135739	66.7883211678832	822	272	277	178	95
cen17_rplB_contig_135858_contig_135859	66.1800486618005	822	269	275	183	95
cen17_rplB_contig_136008_contig_136009	70.6812652068127	822	285	296	153	88
cen17_rplB_contig_136034_contig_136035	67.2749391727494	822	271	282	174	95
cen17_rplB_contig_136064_contig_136065	67.2222222222222	720	243	241	152	84
cen17_rplB_contig_136290_contig_136291	66.4233576642336	822	267	279	179	97
cen17_rplB_contig_136488_contig_136489	66.5450121654501	822	279	268	177	98
cen17_rplB_contig_136536_contig_136537	67.0316301703163	822	270	281	176	95
cen17_rplB_contig_136578_contig_136579	70.9245742092457	822	283	300	153	86
cen17_rplB_contig_136614_contig_136615	67.6075268817204	744	248	255	160	81
cen17_rplB_contig_136798_contig_136799	66.7883211678832	822	270	279	177	96
cen17_rplB_contig_136982_contig_136983	66.9099756690998	822	274	276	181	91
cen17_rplB_contig_137002_contig_137003	66.5450121654501	822	271	276	179	96
cen17_rplB_contig_137070_contig_137071	67.476383265857	741	250	250	160	81
cen17_rplB_contig_137146_contig_137147	66.301703163017	822	265	280	180	97
cen17_rplB_contig_137184_contig_137185	69.0909090909091	825	270	300	163	92
cen17_rplB_contig_137852_contig_137853	66.6666666666667	822	265	283	181	93
cen17_rplB_contig_137910_contig_137911	67.0384138785626	807	267	274	172	94
cen17_rplB_contig_137962_contig_137963	66.5450121654501	822	268	279	179	96
cen17_rplB_contig_137978_contig_137979	70.0374531835206	801	276	285	155	85
cen17_rplB_contig_138062_contig_138063	66.9220945083014	783	256	268	168	91
cen17_rplB_contig_138092_contig_138093	66.5445665445665	819	260	285	166	108
cen17_rplB_contig_138110_contig_138111	67.3965936739659	822	270	284	175	93
cen17_rplB_contig_139586_contig_139587	67.0557717250324	771	259	258	167	87
cen17_rplB_contig_139704_contig_139705	71.063829787234	705	237	264	122	82
cen17_rplB_contig_139714_contig_139715	67.6229508196721	732	246	249	151	86
cen17_rplB_contig_140086_contig_140087	70.8661417322835	762	254	286	140	82
cen17_rplB_contig_140220_contig_140221	72.3118279569892	744	268	270	127	79
cen17_rplB_contig_140434_contig_140435	68.5333333333333	750	249	265	150	86
cen17_rplB_contig_140606_contig_140607	66.7887667887668	819	255	292	164	108
cen17_rplB_contig_140856_contig_140857	67.2064777327935	741	241	257	160	83
cen17_rplB_contig_141260_contig_141261	69.268897149938	807	262	297	164	84
cen17_rplB_contig_141368_contig_141369	66.9099756690998	822	271	279	177	95
cen17_rplB_contig_141450_contig_141451	66.5450121654501	822	266	281	182	93
cen17_rplB_contig_142554_contig_142555	69.16354556804	801	260	294	162	85
cen17_rplB_contig_142938_contig_142939	64.6060606060606	825	268	265	172	120
cen17_rplB_contig_143156_contig_143157	67.0316301703163	822	276	275	175	96
cen17_rplB_contig_143254_contig_143255	69.3282636248416	789	258	289	157	85
cen17_rplB_contig_143558_contig_143559	69.2307692307692	819	271	296	161	91
cen17_rplB_contig_144286_contig_144287	66.7887667887668	819	275	272	176	96
cen17_rplB_contig_145170_contig_145171	66.7892156862745	816	267	278	180	91
cen17_rplB_contig_145392_contig_145393	66.793893129771	786	257	268	173	88
cen17_rplB_contig_145560_contig_145561	66.5450121654501	822	269	278	180	95
cen17_rplB_contig_145854_contig_145855	66.4233576642336	822	270	276	181	95
cen17_rplB_contig_147254_contig_147255	66.7883211678832	822	270	279	180	93
cen17_rplB_contig_147376_contig_147377	66.7887667887668	819	258	289	166	106
cen17_rplB_contig_147652_contig_147653	66.6666666666667	822	272	276	178	96
cen17_rplB_contig_148500_contig_148501	65.0909090909091	825	268	269	174	114
cen17_rplB_contig_148970_contig_148971	69.1086691086691	819	279	287	163	90
cen17_rplB_contig_149444_contig_149445	69.8296836982968	822	276	298	164	84
