ID	% GCContent	Total Count	G Count	C Count	A Count	T Count
cen13_rplB_contig_2_contig_3	43.4416365824308	831	183	178	265	205
cen13_rplB_contig_10_contig_11	42.512077294686	828	184	168	258	218
cen13_rplB_contig_12_contig_13	54.7878787878788	825	223	229	223	150
cen13_rplB_contig_14_contig_15	50.5454545454545	825	203	214	235	173
cen13_rplB_contig_16_contig_17	52.6060606060606	825	213	221	233	158
cen13_rplB_contig_74_contig_75	53.2679738562092	306	88	75	85	58
cen13_rplB_contig_120_contig_121	50.4273504273504	819	200	213	234	172
cen13_rplB_contig_402_contig_403	50.5454545454545	825	206	211	238	170
cen13_rplB_contig_582_contig_583	53.0909090909091	825	211	227	232	155
cen13_rplB_contig_772_contig_773	42.8743961352657	828	179	176	265	208
cen13_rplB_contig_850_contig_851	44.0821256038647	828	183	182	261	202
cen13_rplB_contig_1008_contig_1009	42.6328502415459	828	183	170	260	215
cen13_rplB_contig_1038_contig_1039	69.2214111922141	822	269	300	163	90
cen13_rplB_contig_1044_contig_1045	51.3838748495788	831	204	223	225	179
cen13_rplB_contig_1112_contig_1113	69.0997566909976	822	271	297	161	93
cen13_rplB_contig_1232_contig_1233	66.7883211678832	822	264	285	162	111
cen13_rplB_contig_1380_contig_1381	42.8743961352657	828	180	175	253	220
cen13_rplB_contig_1398_contig_1399	43.5990338164251	828	186	175	256	211
cen13_rplB_contig_1424_contig_1425	51.1432009626955	831	204	221	226	180
cen13_rplB_contig_1444_contig_1445	51.5151515151515	825	198	227	238	162
cen13_rplB_contig_1446_contig_1447	45.0909090909091	825	186	186	248	205
cen13_rplB_contig_1448_contig_1449	47.7053140096618	828	207	188	226	207
cen13_rplB_contig_1462_contig_1463	51.6363636363636	825	197	229	241	158
cen13_rplB_contig_1516_contig_1517	46.1352657004831	828	190	192	248	198
cen13_rplB_contig_2654_contig_2655	41.0628019323672	828	175	165	273	215
cen13_rplB_contig_2778_contig_2779	42.6328502415459	828	180	173	260	215
cen13_rplB_contig_2882_contig_2883	57.1743929359823	453	118	141	110	84
cen13_rplB_contig_3254_contig_3255	41.304347826087	828	175	167	270	216
cen13_rplB_contig_3558_contig_3559	51.0228640192539	831	204	220	227	180
cen13_rplB_contig_3962_contig_3963	50.6038647342995	828	194	225	227	182
cen13_rplB_contig_4708_contig_4709	58.2633053221289	357	111	97	81	68
cen13_rplB_contig_4736_contig_4737	50.5698005698006	702	165	190	186	161
cen13_rplB_contig_4934_contig_4935	47.2727272727273	660	165	147	182	166
cen13_rplB_contig_5090_contig_5091	47.5845410628019	828	205	189	227	207
cen13_rplB_contig_5352_contig_5353	50.2415458937198	828	193	223	227	185
cen13_rplB_contig_5542_contig_5543	71.0462287104623	822	277	307	149	89
cen13_rplB_contig_5886_contig_5887	51.3939393939394	825	198	226	241	160
cen13_rplB_contig_6038_contig_6039	43.719806763285	828	181	181	259	207
cen13_rplB_contig_6716_contig_6717	50.3623188405797	828	194	223	228	183
cen13_rplB_contig_7162_contig_7163	46.3986599664992	597	147	130	168	152
cen13_rplB_contig_8504_contig_8505	47.3429951690821	828	207	185	227	209
cen13_rplB_contig_8506_contig_8507	50.9485094850949	369	100	88	85	96
cen13_rplB_contig_8564_contig_8565	47.3429951690821	828	206	186	228	208
cen13_rplB_contig_8812_contig_8813	40.5797101449275	414	87	81	135	111
cen13_rplB_contig_8934_contig_8935	50.7246376811594	828	196	224	226	182
cen13_rplB_contig_9266_contig_9267	47.5845410628019	828	206	188	226	208
cen13_rplB_contig_9876_contig_9877	50.8454106280193	828	200	221	226	181
cen13_rplB_contig_10346_contig_10347	53.1428571428571	525	142	137	138	108
cen13_rplB_contig_10482_contig_10483	53.2894736842105	456	116	127	113	100
cen13_rplB_contig_10586_contig_10587	48.4848484848485	462	103	121	140	98
cen13_rplB_contig_10842_contig_10843	48.1236203090508	453	98	120	136	99
cen13_rplB_contig_11412_contig_11413	50.5454545454545	825	205	212	236	172
cen13_rplB_contig_11638_contig_11639	65.0684931506849	438	123	162	98	55
cen13_rplB_contig_11754_contig_11755	50	426	93	120	120	93
cen13_rplB_contig_12162_contig_12163	50.6038647342995	828	196	223	227	182
cen13_rplB_contig_12266_contig_12267	53.1746031746032	504	129	139	125	111
cen13_rplB_contig_12350_contig_12351	50.7246376811594	828	199	221	226	182
cen13_rplB_contig_12690_contig_12691	47.5845410628019	828	206	188	228	206
cen13_rplB_contig_12724_contig_12725	47.463768115942	828	205	188	228	207
cen13_rplB_contig_12858_contig_12859	42.8743961352657	828	179	176	252	221
cen13_rplB_contig_13328_contig_13329	41.5204678362573	342	73	69	108	92
cen13_rplB_contig_13616_contig_13617	67.2749391727494	822	273	280	161	108
cen13_rplB_contig_13666_contig_13667	50.8454106280193	828	197	224	225	182
cen13_rplB_contig_13682_contig_13683	50.4830917874396	828	196	222	227	183
cen13_rplB_contig_13700_contig_13701	52.0114942528736	348	83	98	101	66
cen13_rplB_contig_13796_contig_13797	40.3508771929825	342	71	67	115	89
cen13_rplB_contig_13812_contig_13813	51.7575757575758	825	198	229	239	159
cen13_rplB_contig_13850_contig_13851	49.21875	384	82	107	121	74
cen13_rplB_contig_13904_contig_13905	50.6038647342995	828	195	224	227	182
cen13_rplB_contig_14432_contig_14433	49.9162479061977	597	158	140	148	151
cen13_rplB_contig_15124_contig_15125	47.3429951690821	828	204	188	227	209
cen13_rplB_contig_15922_contig_15923	50.4830917874396	828	196	222	227	183
cen13_rplB_contig_16744_contig_16745	42.512077294686	828	182	170	261	215
cen13_rplB_contig_16918_contig_16919	43.1159420289855	828	188	169	256	215
cen13_rplB_contig_17936_contig_17937	52.1058965102286	831	209	224	221	177
cen13_rplB_contig_18316_contig_18317	47.463768115942	828	204	189	229	206
cen13_rplB_contig_18878_contig_18879	65.4040404040404	792	249	269	162	112
cen13_rplB_contig_19034_contig_19035	71.4111922141119	822	284	303	152	83
cen13_rplB_contig_19138_contig_19139	42.7536231884058	828	185	169	258	216
cen13_rplB_contig_19192_contig_19193	51.2727272727273	825	196	227	242	160
cen13_rplB_contig_19256_contig_19257	51.2635379061372	831	205	221	222	183
cen13_rplB_contig_19752_contig_19753	42.7536231884058	828	185	169	256	218
cen13_rplB_contig_19762_contig_19763	50.6038647342995	828	196	223	225	184
cen13_rplB_contig_19924_contig_19925	50.6038647342995	828	194	225	228	181
cen13_rplB_contig_20542_contig_20543	46.1352657004831	828	184	198	247	199
cen13_rplB_contig_20656_contig_20657	51.3939393939394	825	196	228	241	160
cen13_rplB_contig_20698_contig_20699	44.0821256038647	828	182	183	259	204
cen13_rplB_contig_20706_contig_20707	46.7391304347826	828	188	199	244	197
cen13_rplB_contig_21804_contig_21805	51.0773130544994	789	187	216	212	174
cen13_rplB_contig_22398_contig_22399	47.8260869565217	828	207	189	224	208
cen13_rplB_contig_22842_contig_22843	50.6038647342995	828	195	224	224	185
