ID	% GCContent	Total Count	G Count	C Count	A Count	T Count
cen16_intI_contig_2_contig_3	62.5185185185185	675	218	204	129	124
cen16_intI_contig_10_contig_11	71.889400921659	651	281	187	87	96
cen16_intI_contig_28_contig_29	66.2241887905605	678	222	227	119	110
cen16_intI_contig_30_contig_31	55.7324840764331	942	298	227	201	216
cen16_intI_contig_34_contig_35	63.9327024185068	951	323	285	176	167
cen16_intI_contig_38_contig_39	63.5782747603834	939	317	280	152	190
cen16_intI_contig_50_contig_51	55.307855626327	942	202	319	236	185
cen16_intI_contig_52_contig_53	60	945	291	276	194	184
cen16_intI_contig_72_contig_73	48.8396624472574	948	211	252	265	220
cen16_intI_contig_152_contig_153	59.3073593073593	462	122	152	99	89
cen16_intI_contig_210_contig_211	60.0250626566416	798	235	244	164	155
cen16_intI_contig_222_contig_223	66.1341853035144	939	301	320	162	156
cen16_intI_contig_240_contig_241	68.1208053691275	894	303	306	134	151
cen16_intI_contig_452_contig_453	55.6962025316456	948	271	257	226	194
cen16_intI_contig_478_contig_479	70.2645502645503	945	394	270	122	159
cen16_intI_contig_498_contig_499	61.0169491525424	531	168	156	118	89
cen16_intI_contig_500_contig_501	63.4819532908705	942	280	318	166	178
cen16_intI_contig_564_contig_565	62.9508196721311	915	301	275	163	176
cen16_intI_contig_586_contig_587	71.6279069767442	645	225	237	88	95
cen16_intI_contig_608_contig_609	72.1693121693122	945	335	347	139	124
cen16_intI_contig_614_contig_615	57.2029442691903	951	288	256	222	185
cen16_intI_contig_672_contig_673	59.1054313099042	939	302	253	200	184
cen16_intI_contig_758_contig_759	59.4708994708995	945	294	268	193	190
cen16_intI_contig_798_contig_799	70.5673758865248	564	195	203	87	79
cen16_intI_contig_830_contig_831	48.6542443064182	483	123	112	129	119
cen16_intI_contig_896_contig_897	63.4819532908705	942	309	289	169	175
cen16_intI_contig_904_contig_905	54.2586750788643	951	273	243	227	208
cen16_intI_contig_916_contig_917	63.8157894736842	456	136	155	86	79
cen16_intI_contig_940_contig_941	57.4193548387097	930	260	274	210	186
cen16_intI_contig_1018_contig_1019	67.1891327063741	957	332	311	147	167
cen16_intI_contig_1030_contig_1031	57.2115384615385	624	172	185	134	133
cen16_intI_contig_1040_contig_1041	65.6118143459916	948	335	287	156	170
cen16_intI_contig_1084_contig_1085	56.2874251497006	501	120	162	119	100
cen16_intI_contig_1636_contig_1637	53.3970276008493	942	268	235	223	216
cen16_intI_contig_1956_contig_1957	61.3756613756614	945	312	268	182	183
cen16_intI_contig_1998_contig_1999	58.5185185185185	945	308	245	201	191
cen16_intI_contig_2330_contig_2331	56.4516129032258	930	266	259	213	192
cen16_intI_contig_3162_contig_3163	65.8280922431866	477	173	141	89	74
cen16_intI_contig_7212_contig_7213	58.3596214511041	951	303	252	212	184
cen16_intI_contig_13822_contig_13823	58.1521739130435	552	164	157	128	103
cen16_intI_contig_14702_contig_14703	62.010582010582	945	315	271	171	188
cen16_intI_contig_18442_contig_18443	62.0981387478849	591	191	176	124	100
cen16_intI_contig_19084_contig_19085	65.3968253968254	945	332	286	163	164
cen16_intI_contig_19430_contig_19431	71.2418300653595	459	196	131	70	62
cen16_intI_contig_19744_contig_19745	63.8275499474238	951	355	252	171	173
cen16_intI_contig_21650_contig_21651	64.3377001455604	687	230	212	126	119
cen16_intI_contig_22186_contig_22187	71.3114754098361	732	280	242	98	112
cen16_intI_contig_27928_contig_27929	60.6786427145709	501	155	149	102	95
cen16_intI_contig_29366_contig_29367	58.7552742616034	948	247	310	209	182
cen16_intI_contig_31532_contig_31533	54.2066027689031	939	203	306	227	203
cen16_intI_contig_40652_contig_40653	58.3333333333333	840	221	269	174	176
cen16_intI_contig_41790_contig_41791	73.1216931216931	945	390	301	126	128
cen16_intI_contig_46558_contig_46559	48.7261146496815	942	232	227	262	221
cen16_intI_contig_47588_contig_47589	68.944099378882	966	313	353	148	152
cen16_intI_contig_47638_contig_47639	72.3333333333333	600	244	190	74	92
cen16_intI_contig_47670_contig_47671	56.3706563706564	777	200	238	164	175
cen16_intI_contig_47690_contig_47691	58.9417989417989	945	285	272	176	212
cen16_intI_contig_47838_contig_47839	52.7629233511586	561	152	144	135	130
cen16_intI_contig_47866_contig_47867	53.6919831223629	948	260	249	219	220
cen16_intI_contig_47890_contig_47891	62.1495327102804	642	229	170	101	142
cen16_intI_contig_47896_contig_47897	53.3542976939203	954	287	222	238	207
cen16_intI_contig_47910_contig_47911	61.2903225806452	465	152	133	71	109
cen16_intI_contig_47998_contig_47999	70.752688172043	465	127	202	68	68
cen16_intI_contig_48100_contig_48101	72.1518987341772	948	338	346	134	130
cen16_intI_contig_48132_contig_48133	56.686626746507	501	140	144	124	93
cen16_intI_contig_48196_contig_48197	66.8292682926829	615	211	200	101	103
cen16_intI_contig_48226_contig_48227	55.2188552188552	594	174	154	142	124
cen16_intI_contig_48348_contig_48349	65.3645833333333	768	246	256	129	137
cen16_intI_contig_48446_contig_48447	71.3507625272331	918	360	295	135	128
cen16_intI_contig_48500_contig_48501	60.4938271604938	486	159	135	81	111
cen16_intI_contig_48604_contig_48605	47.7707006369427	471	119	106	130	116
cen16_intI_contig_48726_contig_48727	54.7967479674797	615	192	145	148	130
cen16_intI_contig_48782_contig_48783	60	945	292	275	192	186
cen16_intI_contig_48890_contig_48891	72.3628691983122	474	183	160	54	77
cen16_intI_contig_49092_contig_49093	56.3131313131313	792	204	242	173	173
cen16_intI_contig_49130_contig_49131	69.247311827957	465	152	170	64	79
cen16_intI_contig_49232_contig_49233	67.4347158218126	651	213	226	107	105
cen16_intI_contig_49518_contig_49519	70.995670995671	924	343	313	121	147
cen16_intI_contig_49762_contig_49763	60.9154929577465	852	268	251	170	163
