ID	% GCContent	Total Count	G Count	C Count	A Count	T Count
cen17_acr3_contig_468_contig_469	56.3063063063063	888	258	242	145	243
cen17_acr3_contig_522_contig_523	51.9191919191919	495	126	131	104	134
cen17_acr3_contig_924_contig_925	54.7689282202557	1017	303	254	177	283
cen17_acr3_contig_2296_contig_2297	55.6277056277056	462	123	134	67	138
cen17_acr3_contig_4202_contig_4203	54.5945945945946	555	153	150	105	147
cen17_acr3_contig_4494_contig_4495	56.359649122807	456	130	127	80	119
cen17_acr3_contig_17714_contig_17715	55.2602436323367	903	236	263	156	248
cen17_acr3_contig_18874_contig_18875	55.7522123893805	678	193	185	110	190
cen17_acr3_contig_24962_contig_24963	56.1333333333333	750	206	215	129	200
cen17_acr3_contig_26902_contig_26903	65.1202749140894	582	191	188	68	135
cen17_acr3_contig_27122_contig_27123	56	750	207	213	131	199
cen17_acr3_contig_27434_contig_27435	50.3875968992248	516	135	125	100	156
cen17_acr3_contig_28384_contig_28385	66.0818713450292	513	172	167	60	114
cen17_acr3_contig_31732_contig_31733	56.687898089172	471	165	102	82	122
cen17_acr3_contig_32018_contig_32019	53.9583333333333	480	144	115	80	141
cen17_acr3_contig_36598_contig_36599	57.2825024437928	1023	277	309	172	265
cen17_acr3_contig_46574_contig_46575	64.6048109965636	582	189	187	71	135
cen17_acr3_contig_47378_contig_47379	65.2631578947368	570	186	186	65	133
cen17_acr3_contig_47612_contig_47613	55.6034482758621	696	192	195	125	184
cen17_acr3_contig_47664_contig_47665	57.6656775469832	1011	275	308	166	262
cen17_acr3_contig_49532_contig_49533	56.5134099616858	522	183	112	92	135
