ID	% GCContent	Total Count	G Count	C Count	A Count	T Count
cen15_arsC_glut_contig_0_contig_1	62.6436781609195	348	97	121	67	63
cen15_arsC_glut_contig_4_contig_5	70.5128205128205	234	83	82	31	38
cen15_arsC_glut_contig_6_contig_7	65.4088050314465	159	46	58	29	26
cen15_arsC_glut_contig_12_contig_13	64.5502645502645	189	63	59	32	35
cen15_arsC_glut_contig_32_contig_33	60	165	48	51	36	30
cen15_arsC_glut_contig_36_contig_37	73.9583333333333	192	69	73	26	24
cen15_arsC_glut_contig_50_contig_51	67.1717171717172	198	69	64	35	30
cen15_arsC_glut_contig_54_contig_55	67.9738562091503	153	48	56	23	26
cen15_arsC_glut_contig_162_contig_163	66.2037037037037	216	68	75	37	36
cen15_arsC_glut_contig_290_contig_291	55.9420289855072	345	94	99	85	67
cen15_arsC_glut_contig_306_contig_307	64.3518518518518	216	65	74	42	35
cen15_arsC_glut_contig_366_contig_367	48.1012658227848	237	70	44	73	50
cen15_arsC_glut_contig_386_contig_387	59.5870206489676	339	96	106	66	71
cen15_arsC_glut_contig_526_contig_527	65.0537634408602	186	62	59	34	31
cen15_arsC_glut_contig_548_contig_549	69.6969696969697	198	72	66	30	30
cen15_arsC_glut_contig_620_contig_621	56.3218390804598	174	52	46	44	32
cen15_arsC_glut_contig_742_contig_743	65.4008438818565	237	78	77	43	39
cen15_arsC_glut_contig_760_contig_761	69.8717948717949	156	53	56	24	23
cen15_arsC_glut_contig_782_contig_783	59.4377510040161	249	75	73	51	50
cen15_arsC_glut_contig_784_contig_785	62.6436781609195	348	100	118	67	63
cen15_arsC_glut_contig_876_contig_877	62.7450980392157	153	46	50	25	32
cen15_arsC_glut_contig_1016_contig_1017	61.2403100775194	258	69	89	60	40
cen15_arsC_glut_contig_1288_contig_1289	63.9269406392694	219	65	75	50	29
cen15_arsC_glut_contig_1358_contig_1359	73.6559139784946	186	67	70	25	24
cen15_arsC_glut_contig_1372_contig_1373	66.6666666666667	216	67	77	35	37
cen15_arsC_glut_contig_1380_contig_1381	65.5172413793103	261	84	87	52	38
cen15_arsC_glut_contig_1398_contig_1399	61.7647058823529	204	67	59	41	37
cen15_arsC_glut_contig_1496_contig_1497	62.5641025641026	195	61	61	42	31
cen15_arsC_glut_contig_1530_contig_1531	62.6126126126126	222	66	73	47	36
cen15_arsC_glut_contig_1586_contig_1587	53.5947712418301	153	41	41	42	29
cen15_arsC_glut_contig_1890_contig_1891	61.6519174041298	339	104	105	71	59
cen15_arsC_glut_contig_1908_contig_1909	57.5342465753425	219	58	68	54	39
cen15_arsC_glut_contig_1972_contig_1973	67.2955974842767	159	47	60	28	24
cen15_arsC_glut_contig_2074_contig_2075	61.8181818181818	165	48	54	31	32
cen15_arsC_glut_contig_2246_contig_2247	64.5161290322581	186	57	63	41	25
cen15_arsC_glut_contig_2316_contig_2317	64.1975308641975	162	49	55	33	25
cen15_arsC_glut_contig_2458_contig_2459	61.6352201257862	159	43	55	33	28
cen15_arsC_glut_contig_2508_contig_2509	64.4808743169399	183	55	63	39	26
cen15_arsC_glut_contig_2546_contig_2547	66.1691542288557	201	71	62	40	28
cen15_arsC_glut_contig_2788_contig_2789	64.0449438202247	267	86	85	48	48
cen15_arsC_glut_contig_2826_contig_2827	53.5460992907801	282	63	88	75	56
cen15_arsC_glut_contig_3038_contig_3039	63.4502923976608	342	105	112	63	62
cen15_arsC_glut_contig_3046_contig_3047	53.9130434782609	345	77	109	102	57
cen15_arsC_glut_contig_3048_contig_3049	66.9642857142857	336	103	122	68	43
cen15_arsC_glut_contig_3054_contig_3055	60.632183908046	348	104	107	82	55
cen15_arsC_glut_contig_3106_contig_3107	67.6190476190476	210	67	75	39	29
cen15_arsC_glut_contig_3124_contig_3125	57.9487179487179	195	54	59	50	32
