ID	% GCContent	Total Count	G Count	C Count	A Count	T Count
cen13_arsB_contig_6_contig_7	48.5490196078431	1275	310	309	261	395
cen13_arsB_contig_20_contig_21	35.6752537080406	1281	249	208	355	469
cen13_arsB_contig_114_contig_115	45.8528951486698	1278	304	282	276	416
cen13_arsB_contig_176_contig_177	54.5311268715524	1269	374	318	226	351
cen13_arsB_contig_184_contig_185	54.1960784313725	1275	364	327	225	359
cen13_arsB_contig_226_contig_227	47.5856697819315	1284	312	299	292	381
cen13_arsB_contig_878_contig_879	50.7109004739336	1266	337	305	237	387
cen13_arsB_contig_2252_contig_2253	42.9472025216706	1269	296	249	306	418
cen13_arsB_contig_2362_contig_2363	47.0862470862471	1287	304	302	298	383
cen13_arsB_contig_2586_contig_2587	45.8227848101266	1185	315	228	253	389
cen13_arsB_contig_2814_contig_2815	54.70737913486	1179	350	295	214	320
cen13_arsB_contig_3804_contig_3805	48.6635220125786	1272	309	310	258	395
cen13_arsB_contig_4916_contig_4917	54.2452830188679	1272	365	325	224	358
cen13_arsB_contig_6598_contig_6599	41.0399257195915	1077	254	188	259	376
cen13_arsB_contig_7590_contig_7591	40.5594405594406	1287	294	228	316	449
cen13_arsB_contig_8130_contig_8131	47.8005865102639	1023	245	244	209	325
cen13_arsB_contig_9672_contig_9673	54.3735224586288	1269	373	317	229	350
cen13_arsB_contig_10998_contig_10999	48.6635220125786	1272	307	312	260	393
cen13_arsB_contig_11528_contig_11529	50	456	116	112	96	132
cen13_arsB_contig_12352_contig_12353	54.2914171656687	501	142	130	98	131
cen13_arsB_contig_12584_contig_12585	40.4874213836478	1272	290	225	315	442
cen13_arsB_contig_12598_contig_12599	44.6526151444184	1281	324	248	285	424
cen13_arsB_contig_12672_contig_12673	43.8697318007663	522	127	102	129	164
cen13_arsB_contig_13162_contig_13163	54.5267489711934	486	144	121	97	124
cen13_arsB_contig_13414_contig_13415	54.6296296296296	864	256	216	143	249
cen13_arsB_contig_13524_contig_13525	50.4672897196262	642	165	159	133	185
cen13_arsB_contig_14064_contig_14065	54.2452830188679	1272	364	326	223	359
cen13_arsB_contig_14154_contig_14155	62.6204238921002	519	180	145	78	116
cen13_arsB_contig_14280_contig_14281	54.2914171656687	501	142	130	99	130
cen13_arsB_contig_14448_contig_14449	54.3735224586288	1269	376	314	228	351
cen13_arsB_contig_14588_contig_14589	48.5062893081761	1272	307	310	261	394
cen13_arsB_contig_14636_contig_14637	48.5849056603774	1272	306	312	260	394
cen13_arsB_contig_14770_contig_14771	49.3761140819964	561	140	137	127	157
cen13_arsB_contig_15372_contig_15373	49.7326203208556	561	138	141	126	156
cen13_arsB_contig_15438_contig_15439	47.5077881619938	1284	314	296	292	382
cen13_arsB_contig_15792_contig_15793	54.1371158392435	1269	373	314	232	350
cen13_arsB_contig_15942_contig_15943	48.5062893081761	1272	309	308	262	393
cen13_arsB_contig_16646_contig_16647	49.3680884676145	1266	330	295	253	388
cen13_arsB_contig_17260_contig_17261	48.6635220125786	1272	308	311	259	394
cen13_arsB_contig_17594_contig_17595	47.9166666666667	672	158	164	134	216
cen13_arsB_contig_17794_contig_17795	54.2947202521671	1269	373	316	230	350
cen13_arsB_contig_18004_contig_18005	48.5062893081761	1272	308	309	262	393
cen13_arsB_contig_18488_contig_18489	47.316384180791	708	166	169	166	207
cen13_arsB_contig_18844_contig_18845	54.4523246650906	1269	374	317	232	346
cen13_arsB_contig_18846_contig_18847	47.4299065420561	1284	312	297	294	381
cen13_arsB_contig_18986_contig_18987	50.207468879668	723	187	176	138	222
cen13_arsB_contig_19288_contig_19289	46.4696223316913	609	145	138	138	188
cen13_arsB_contig_19488_contig_19489	54.5311268715524	1269	373	319	228	349
cen13_arsB_contig_19740_contig_19741	45.1990632318501	1281	325	254	288	414
cen13_arsB_contig_19822_contig_19823	46.8235294117647	1275	306	291	264	414
cen13_arsB_contig_20420_contig_20421	53.8194444444444	576	167	143	95	171
cen13_arsB_contig_20724_contig_20725	48.7421383647799	1272	307	313	261	391
cen13_arsB_contig_20956_contig_20957	48.5062893081761	1272	306	311	261	394
cen13_arsB_contig_21108_contig_21109	54.688731284476	1269	375	319	229	346
cen13_arsB_contig_21182_contig_21183	41.9475655430712	534	135	89	130	180
cen13_arsB_contig_21238_contig_21239	40.4040404040404	1287	293	227	317	450
cen13_arsB_contig_21494_contig_21495	38.9863547758285	513	115	85	122	191
cen13_arsB_contig_21682_contig_21683	48	525	132	120	109	164
cen13_arsB_contig_21962_contig_21963	50.2857142857143	525	147	117	95	166
cen13_arsB_contig_22024_contig_22025	48.4276729559748	1272	305	311	263	393
cen13_arsB_contig_22066_contig_22067	51.3292433537832	489	126	125	88	150
cen13_arsB_contig_22350_contig_22351	53.6926147704591	501	146	123	85	147
cen13_arsB_contig_22506_contig_22507	54.0880503144654	1272	363	325	224	360
cen13_arsB_contig_22786_contig_22787	54.7619047619048	462	136	117	78	131
cen13_arsB_contig_22992_contig_22993	48.4276729559748	1272	306	310	263	393
cen13_arsB_contig_23050_contig_23051	50.7070707070707	495	129	122	82	162
cen13_arsB_contig_24668_contig_24669	50.7625272331155	459	122	111	75	151
cen13_arsB_contig_24760_contig_24761	54.8463356973995	1269	374	322	227	346
cen13_arsB_contig_24764_contig_24765	45.1209992193599	1281	328	250	284	419
cen13_arsB_contig_24888_contig_24889	54.1666666666667	1272	362	327	224	359
cen13_arsB_contig_25118_contig_25119	47.5077881619938	1284	313	297	293	381
cen13_arsB_contig_25308_contig_25309	47.5077881619938	1284	314	296	293	381
cen13_arsB_contig_27250_contig_27251	47.3520249221184	1284	313	295	294	382
cen13_arsB_contig_29668_contig_29669	54.8463356973995	1269	377	319	227	346
cen13_arsB_contig_30190_contig_30191	49.2890995260664	1266	330	294	253	389
cen13_arsB_contig_30294_contig_30295	40.5594405594406	1287	293	229	315	450
cen13_arsB_contig_30962_contig_30963	55.0039401103231	1269	377	321	226	345
cen13_arsB_contig_32392_contig_32393	48.8207547169811	1272	310	311	259	392
cen13_arsB_contig_32530_contig_32531	48.8993710691824	1272	311	311	257	393
cen13_arsB_contig_32534_contig_32535	47.5077881619938	1284	314	296	293	381
cen13_arsB_contig_34548_contig_34549	48.6635220125786	1272	308	311	262	391
cen13_arsB_contig_36614_contig_36615	54.9528301886792	1272	377	322	227	346
