ID	% GCContent	Total Count	G Count	C Count	A Count	T Count
cen17_intI_contig_154_contig_155	56.3307493540052	774	253	183	194	144
cen17_intI_contig_320_contig_321	68.0293501048218	954	323	326	160	145
cen17_intI_contig_1080_contig_1081	57.0675105485232	948	276	265	220	187
cen17_intI_contig_1230_contig_1231	52.5297619047619	672	189	164	173	146
cen17_intI_contig_1258_contig_1259	53.2275132275132	945	248	255	232	210
cen17_intI_contig_1290_contig_1291	66.504854368932	618	213	198	106	101
cen17_intI_contig_1750_contig_1751	67.9205851619645	957	311	339	156	151
cen17_intI_contig_3470_contig_3471	67.8306878306878	945	305	336	147	157
cen17_intI_contig_4234_contig_4235	64.7619047619048	840	287	257	131	165
cen17_intI_contig_4570_contig_4571	62.3115577889447	597	226	146	109	116
cen17_intI_contig_6618_contig_6619	66.9801462904911	957	308	333	156	160
cen17_intI_contig_16990_contig_16991	69.8056801195815	669	218	249	108	94
cen17_intI_contig_26342_contig_26343	65.8682634730539	501	145	185	94	77
cen17_intI_contig_39698_contig_39699	69.7341513292434	489	151	190	69	79
cen17_intI_contig_61278_contig_61279	62.8930817610063	477	163	137	90	87
cen17_intI_contig_61628_contig_61629	69.1666666666667	480	177	155	70	78
cen17_intI_contig_62262_contig_62263	69.3121693121693	567	186	207	92	82
cen17_intI_contig_65506_contig_65507	67.5579322638146	561	175	204	90	92
cen17_intI_contig_67642_contig_67643	68.140589569161	882	289	312	138	143
cen17_intI_contig_72778_contig_72779	67.6236044657097	627	235	189	93	110
cen17_intI_contig_72832_contig_72833	65.625	576	216	162	91	107
cen17_intI_contig_72880_contig_72881	56.4870259481038	501	161	122	117	101
cen17_intI_contig_72916_contig_72917	58.9622641509434	636	141	234	134	127
cen17_intI_contig_73756_contig_73757	50.9433962264151	636	182	142	166	146
cen17_intI_contig_73786_contig_73787	68.2847896440129	927	328	305	148	146
cen17_intI_contig_74090_contig_74091	54.978354978355	462	122	132	104	104
cen17_intI_contig_74956_contig_74957	55.8659217877095	537	170	130	109	128
cen17_intI_contig_74962_contig_74963	67.5105485232068	474	149	171	67	87
cen17_intI_contig_75002_contig_75003	67.7215189873418	474	150	171	67	86
cen17_intI_contig_75754_contig_75755	68.8766114180479	543	177	197	85	84
cen17_intI_contig_77214_contig_77215	67.8571428571429	840	274	296	135	135
cen17_intI_contig_77562_contig_77563	70.2865761689291	663	242	224	77	120
