ID	% GCContent	Total Count	G Count	C Count	A Count	T Count
cen14_acr3_contig_0_contig_1	60.3219696969697	1056	316	321	152	267
cen14_acr3_contig_20_contig_21	57.2463768115942	690	188	207	111	184
cen14_acr3_contig_36_contig_37	59.3333333333333	900	283	251	130	236
cen14_acr3_contig_124_contig_125	55.6962025316456	474	136	128	77	133
cen14_acr3_contig_134_contig_135	68.0336487907466	951	316	331	104	200
cen14_acr3_contig_208_contig_209	64.3605870020964	477	154	153	63	107
cen14_acr3_contig_242_contig_243	58.5271317829457	774	207	246	119	202
cen14_acr3_contig_282_contig_283	55.7487922705314	1035	285	292	155	303
cen14_acr3_contig_326_contig_327	64.1325536062378	513	182	147	67	117
cen14_acr3_contig_360_contig_361	60.2564102564103	624	182	194	88	160
cen14_acr3_contig_428_contig_429	56.0117302052786	1023	332	241	161	289
cen14_acr3_contig_468_contig_469	56.3514804202483	1047	280	310	178	279
cen14_acr3_contig_498_contig_499	55.9139784946237	1023	316	256	167	284
cen14_acr3_contig_574_contig_575	49.8964803312629	483	127	114	98	144
cen14_acr3_contig_668_contig_669	60.1904761904762	1050	311	321	146	272
cen14_acr3_contig_674_contig_675	65.2610441767068	498	168	157	61	112
cen14_acr3_contig_2780_contig_2781	72.018779342723	1065	375	392	105	193
cen14_acr3_contig_5052_contig_5053	65.1207729468599	1035	314	360	112	249
cen14_acr3_contig_5328_contig_5329	64.327485380117	513	181	149	65	118
cen14_acr3_contig_6124_contig_6125	66.0470879801735	807	272	261	104	170
cen14_acr3_contig_9102_contig_9103	65.0082918739635	603	201	191	73	138
cen14_acr3_contig_9754_contig_9755	56.3285024154589	1035	292	291	168	284
cen14_acr3_contig_10146_contig_10147	53.5714285714286	504	144	126	95	139
cen14_acr3_contig_10214_contig_10215	56.140350877193	513	117	171	69	156
cen14_acr3_contig_10626_contig_10627	71.5799614643545	1038	359	384	106	189
cen14_acr3_contig_10736_contig_10737	56.9444444444444	576	169	159	92	156
cen14_acr3_contig_11394_contig_11395	54.7043010752688	744	202	205	119	218
cen14_acr3_contig_11396_contig_11397	70.020964360587	477	161	173	51	92
cen14_acr3_contig_12592_contig_12593	63.1578947368421	570	194	166	78	132
cen14_acr3_contig_12778_contig_12779	56.1094819159335	1023	328	246	164	285
cen14_acr3_contig_13266_contig_13267	63.4703196347032	657	202	215	87	153
cen14_acr3_contig_13300_contig_13301	66.4543524416136	471	173	140	49	109
cen14_acr3_contig_13380_contig_13381	66.1641541038526	597	195	200	71	131
cen14_acr3_contig_13432_contig_13433	66.3316582914573	597	196	200	70	131
cen14_acr3_contig_13434_contig_13435	68.8888888888889	585	204	199	65	117
cen14_acr3_contig_13872_contig_13873	57.5342465753425	657	215	163	109	170
cen14_acr3_contig_14042_contig_14043	64.983164983165	594	178	208	76	132
cen14_acr3_contig_14164_contig_14165	60.6837606837607	585	165	190	87	143
cen14_acr3_contig_14166_contig_14167	66.8376068376068	585	204	187	66	128
cen14_acr3_contig_14168_contig_14169	65.9649122807018	570	194	182	68	126
cen14_acr3_contig_14188_contig_14189	67.8756476683938	579	205	188	58	128
cen14_acr3_contig_14206_contig_14207	60.8547008547009	585	167	189	85	144
cen14_acr3_contig_14312_contig_14313	63.9691714836224	1038	330	334	142	232
cen14_acr3_contig_14648_contig_14649	57.2254335260116	519	128	169	85	137
cen14_acr3_contig_14650_contig_14651	60.2083333333333	480	153	136	75	116
cen14_acr3_contig_14732_contig_14733	51.1586452762923	561	162	125	102	172
cen14_acr3_contig_15332_contig_15333	57.4423480083857	477	132	142	73	130
cen14_acr3_contig_15592_contig_15593	65.625	480	145	170	55	110
cen14_acr3_contig_15764_contig_15765	60.530679933665	603	193	172	86	152
cen14_acr3_contig_16112_contig_16113	59.6491228070175	456	135	137	73	111
cen14_acr3_contig_17666_contig_17667	70.8333333333333	528	192	182	43	111
cen14_acr3_contig_18322_contig_18323	51.4619883040936	513	138	126	107	142
cen14_acr3_contig_19352_contig_19353	56.2072336265885	1023	330	245	163	285
cen14_acr3_contig_19392_contig_19393	70.7156308851224	1062	355	396	105	206
cen14_acr3_contig_22528_contig_22529	56.508875739645	1014	336	237	158	283
cen14_acr3_contig_22538_contig_22539	55.9139784946237	1023	331	241	164	287
cen14_acr3_contig_24074_contig_24075	66.3230240549828	582	195	191	66	130
cen14_acr3_contig_24258_contig_24259	66.6666666666667	582	194	194	67	127
cen14_acr3_contig_24386_contig_24387	56.3352826510721	1026	337	241	164	284
cen14_acr3_contig_25242_contig_25243	58.1854043392505	1014	290	300	153	271
