ID	% GCContent	Total Count	G Count	C Count	A Count	T Count
cen16_vanH_contig_0_contig_1	46.5408805031447	954	227	217	273	237
cen16_vanH_contig_50_contig_51	67	600	190	212	110	88
cen16_vanH_contig_108_contig_109	46.7505241090147	954	229	217	271	237
cen16_vanH_contig_232_contig_233	59.1880341880342	936	299	255	203	179
cen16_vanH_contig_250_contig_251	53.0590717299578	948	248	255	243	202
cen16_vanH_contig_496_contig_497	56.3963963963964	555	160	153	125	117
cen16_vanH_contig_588_contig_589	64.321608040201	597	183	201	122	91
cen16_vanH_contig_626_contig_627	47.7477477477477	888	214	210	245	219
cen16_vanH_contig_646_contig_647	67.7631578947368	456	143	166	76	71
cen16_vanH_contig_1046_contig_1047	45.6953642384106	453	95	112	129	117
cen16_vanH_contig_1360_contig_1361	47.9240806642942	843	213	191	231	208
cen16_vanH_contig_1526_contig_1527	64.5962732919255	483	161	151	90	81
cen16_vanH_contig_1540_contig_1541	68.4738955823293	498	180	161	82	75
cen16_vanH_contig_2060_contig_2061	52.9535864978903	948	248	254	243	203
cen16_vanH_contig_2682_contig_2683	47.2789115646259	882	205	212	247	218
cen16_vanH_contig_2842_contig_2843	47.3794549266247	954	229	223	267	235
