ID	% GCContent	Total Count	G Count	C Count	A Count	T Count
cen15_acr3_contig_20_contig_21	56.4935064935065	924	248	274	150	252
cen15_acr3_contig_52_contig_53	57.8073089700997	903	249	273	138	243
cen15_acr3_contig_246_contig_247	54.6052631578947	456	129	120	78	129
cen15_acr3_contig_252_contig_253	71.6763005780347	1038	359	385	107	187
cen15_acr3_contig_256_contig_257	66.6666666666667	891	305	289	105	192
cen15_acr3_contig_300_contig_301	53.2738095238095	1008	278	259	188	283
cen15_acr3_contig_326_contig_327	56.7510548523207	474	130	139	65	140
cen15_acr3_contig_606_contig_607	44.3089430894309	492	124	94	115	159
cen15_acr3_contig_620_contig_621	56.4547206165703	1038	297	289	171	281
cen15_acr3_contig_744_contig_745	49.8964803312629	483	127	114	98	144
cen15_acr3_contig_838_contig_839	60.2857142857143	1050	313	320	146	271
cen15_acr3_contig_908_contig_909	66.4761904761905	525	178	171	60	116
cen15_acr3_contig_956_contig_957	71.6763005780347	1038	398	346	87	207
cen15_acr3_contig_1368_contig_1369	62.5850340136054	1029	344	300	145	240
cen15_acr3_contig_1550_contig_1551	65.4970760233918	1026	340	332	140	214
cen15_acr3_contig_1562_contig_1563	65.3100775193798	1032	339	335	143	215
cen15_acr3_contig_1950_contig_1951	60.2972399150743	471	146	138	69	118
cen15_acr3_contig_2048_contig_2049	68.4210526315789	570	182	208	61	119
cen15_acr3_contig_2116_contig_2117	70.5273069679849	1062	354	395	105	208
cen15_acr3_contig_2150_contig_2151	61.2774451097804	501	157	150	72	122
cen15_acr3_contig_2318_contig_2319	59.9808978032474	1047	319	309	168	251
cen15_acr3_contig_4796_contig_4797	52.9523809523809	525	149	129	87	160
cen15_acr3_contig_4828_contig_4829	58.5769980506823	1026	292	309	163	262
cen15_acr3_contig_5372_contig_5373	56.1465721040189	846	228	247	140	231
cen15_acr3_contig_6788_contig_6789	58.2846003898635	1026	304	294	146	282
cen15_acr3_contig_8808_contig_8809	65.0273224043716	549	179	178	73	119
cen15_acr3_contig_9124_contig_9125	62.843137254902	1020	313	328	143	236
cen15_acr3_contig_10358_contig_10359	68.5654008438819	474	152	173	49	100
cen15_acr3_contig_10546_contig_10547	58.8744588744589	924	264	280	142	238
cen15_acr3_contig_14624_contig_14625	52.4242424242424	660	189	157	132	182
cen15_acr3_contig_14724_contig_14725	58.2846003898635	1026	290	308	164	264
cen15_acr3_contig_15024_contig_15025	72.823779193206	471	162	181	41	87
cen15_acr3_contig_15460_contig_15461	65.1041666666667	768	260	240	104	164
cen15_acr3_contig_15560_contig_15561	57.6296296296296	675	236	153	111	175
cen15_acr3_contig_16080_contig_16081	66.1764705882353	612	210	195	72	135
cen15_acr3_contig_16114_contig_16115	64.2156862745098	612	184	209	82	137
cen15_acr3_contig_16340_contig_16341	57	600	178	164	97	161
cen15_acr3_contig_16412_contig_16413	68.8888888888889	585	201	202	66	116
cen15_acr3_contig_16494_contig_16495	60.4060913705584	591	167	190	89	145
cen15_acr3_contig_16676_contig_16677	60.1709401709402	585	164	188	88	145
cen15_acr3_contig_16682_contig_16683	63.5897435897436	585	175	197	80	133
cen15_acr3_contig_16920_contig_16921	71.1382113821138	492	168	182	51	91
cen15_acr3_contig_17038_contig_17039	57.6719576719577	567	157	170	84	156
cen15_acr3_contig_17090_contig_17091	67.5438596491228	570	198	187	65	120
cen15_acr3_contig_17348_contig_17349	66.6666666666667	585	203	187	67	128
cen15_acr3_contig_17362_contig_17363	60.6382978723404	564	158	184	86	136
cen15_acr3_contig_17396_contig_17397	68.0483592400691	579	205	189	58	127
cen15_acr3_contig_17406_contig_17407	68.7392055267703	579	200	198	64	117
cen15_acr3_contig_17408_contig_17409	51.4237855946399	597	152	155	123	167
cen15_acr3_contig_17438_contig_17439	60.6837606837607	585	167	188	86	144
cen15_acr3_contig_17522_contig_17523	65.2329749103943	558	190	174	72	122
cen15_acr3_contig_17676_contig_17677	54.6511627906977	516	143	139	86	148
cen15_acr3_contig_18132_contig_18133	56.2372188139059	489	135	140	76	138
cen15_acr3_contig_18260_contig_18261	60.352422907489	681	218	193	105	165
cen15_acr3_contig_18284_contig_18285	60.3418803418803	585	165	188	87	145
cen15_acr3_contig_18378_contig_18379	55.4545454545455	660	179	187	114	180
cen15_acr3_contig_18406_contig_18407	52.5297619047619	672	183	170	112	207
cen15_acr3_contig_18514_contig_18515	63.5897435897436	585	175	197	83	130
cen15_acr3_contig_18536_contig_18537	65.6118143459916	474	163	148	59	104
cen15_acr3_contig_19142_contig_19143	61.4035087719298	684	214	206	95	169
cen15_acr3_contig_19644_contig_19645	59.2452830188679	795	237	234	127	197
cen15_acr3_contig_21114_contig_21115	60.3418803418803	585	164	189	87	145
cen15_acr3_contig_21430_contig_21431	68.7392055267703	579	200	198	64	117
cen15_acr3_contig_21938_contig_21939	59.375	480	132	153	78	117
cen15_acr3_contig_22380_contig_22381	51.4619883040936	513	138	126	107	142
cen15_acr3_contig_24364_contig_24365	60.6837606837607	585	168	187	86	144
cen15_acr3_contig_25328_contig_25329	63.5897435897436	585	173	199	80	133
cen15_acr3_contig_25554_contig_25555	61.9760479041916	1002	326	295	140	241
cen15_acr3_contig_26248_contig_26249	63.1127450980392	816	252	263	108	193
cen15_acr3_contig_26472_contig_26473	63.2768361581921	885	299	261	119	206
cen15_acr3_contig_26734_contig_26735	56.4547206165703	1038	298	288	171	281
cen15_acr3_contig_28460_contig_28461	61.3613613613614	999	323	290	145	241
cen15_acr3_contig_28740_contig_28741	58.5635359116022	543	149	169	86	139
cen15_acr3_contig_28886_contig_28887	66.6666666666667	579	189	197	66	127
cen15_acr3_contig_29158_contig_29159	66.8458781362007	558	184	189	64	121
cen15_acr3_contig_29164_contig_29165	58.3793738489871	543	149	168	87	139
cen15_acr3_contig_29284_contig_29285	58.2846003898635	1026	293	305	170	258
cen15_acr3_contig_30210_contig_30211	63.7080867850099	507	153	170	70	114
cen15_acr3_contig_30550_contig_30551	68.566493955095	579	199	198	64	118
cen15_acr3_contig_30782_contig_30783	58.7371512481645	681	200	200	103	178
cen15_acr3_contig_31020_contig_31021	61.9452313503305	1059	338	318	152	251
