ID	% GCContent	Total Count	G Count	C Count	A Count	T Count
cen10_arsC_thio_contig_6_contig_7	48.3204134366925	387	100	87	109	91
cen10_arsC_thio_contig_44_contig_45	48.3204134366925	387	101	86	109	91
cen10_arsC_thio_contig_66_contig_67	39.7553516819572	327	76	54	113	84
cen10_arsC_thio_contig_74_contig_75	67.6616915422886	402	136	136	58	72
cen10_arsC_thio_contig_260_contig_261	58.0459770114943	174	53	48	40	33
cen10_arsC_thio_contig_302_contig_303	39.4160583941606	411	94	68	145	104
cen10_arsC_thio_contig_758_contig_759	51.9480519480519	231	54	66	60	51
cen10_arsC_thio_contig_910_contig_911	56.9230769230769	195	62	49	45	39
cen10_arsC_thio_contig_950_contig_951	49.7076023391813	171	48	37	49	37
cen10_arsC_thio_contig_960_contig_961	48.4276729559748	159	41	36	44	38
cen10_arsC_thio_contig_1166_contig_1167	39.4607843137255	408	94	67	144	103
cen10_arsC_thio_contig_1336_contig_1337	63.030303030303	165	62	42	35	26
cen10_arsC_thio_contig_1542_contig_1543	56.7901234567901	243	75	63	54	51
cen10_arsC_thio_contig_1592_contig_1593	46.0481099656357	291	66	68	85	72
cen10_arsC_thio_contig_1612_contig_1613	51.4018691588785	321	83	82	84	72
