ID	% GCContent	Total Count	G Count	C Count	A Count	T Count
cen17_arsC_glut_contig_8_contig_9	64.1304347826087	276	90	87	52	47
cen17_arsC_glut_contig_18_contig_19	66.0493827160494	162	46	61	26	29
cen17_arsC_glut_contig_20_contig_21	69.8830409356725	342	114	125	52	51
cen17_arsC_glut_contig_24_contig_25	66.6666666666667	297	93	105	48	51
cen17_arsC_glut_contig_32_contig_33	58.641975308642	162	43	52	32	35
cen17_arsC_glut_contig_42_contig_43	60.377358490566	159	44	52	30	33
cen17_arsC_glut_contig_66_contig_67	64.9122807017544	228	63	85	37	43
cen17_arsC_glut_contig_76_contig_77	61.437908496732	306	101	87	62	56
cen17_arsC_glut_contig_84_contig_85	59.6244131455399	213	66	61	42	44
cen17_arsC_glut_contig_104_contig_105	64.9122807017544	228	77	71	36	44
cen17_arsC_glut_contig_112_contig_113	60.9756097560976	246	82	68	49	47
cen17_arsC_glut_contig_120_contig_121	63.6904761904762	168	47	60	32	29
cen17_arsC_glut_contig_122_contig_123	59.3023255813954	258	75	78	60	45
cen17_arsC_glut_contig_126_contig_127	63.5802469135802	162	55	48	31	28
cen17_arsC_glut_contig_134_contig_135	62.5	264	82	83	51	48
cen17_arsC_glut_contig_136_contig_137	65.2777777777778	288	96	92	55	45
cen17_arsC_glut_contig_186_contig_187	64.0522875816993	153	44	54	26	29
cen17_arsC_glut_contig_204_contig_205	65.8227848101266	237	79	77	40	41
cen17_arsC_glut_contig_228_contig_229	61.9607843137255	255	84	74	52	45
cen17_arsC_glut_contig_386_contig_387	63.4538152610442	249	80	78	47	44
cen17_arsC_glut_contig_394_contig_395	60.1092896174863	183	54	56	44	29
cen17_arsC_glut_contig_638_contig_639	61.9565217391304	276	85	86	52	53
cen17_arsC_glut_contig_644_contig_645	52.4904214559387	261	78	59	70	54
cen17_arsC_glut_contig_648_contig_649	66.6666666666667	309	96	110	53	50
cen17_arsC_glut_contig_672_contig_673	65.3679653679654	231	79	72	38	42
cen17_arsC_glut_contig_684_contig_685	66.0919540229885	174	51	64	26	33
cen17_arsC_glut_contig_714_contig_715	64.0350877192982	228	71	75	39	43
cen17_arsC_glut_contig_748_contig_749	60.1990049751244	201	63	58	39	41
cen17_arsC_glut_contig_834_contig_835	72.5806451612903	186	65	70	23	28
cen17_arsC_glut_contig_872_contig_873	70.9150326797386	306	110	107	47	42
cen17_arsC_glut_contig_956_contig_957	62.4472573839662	237	77	71	42	47
cen17_arsC_glut_contig_1164_contig_1165	61.5384615384615	156	56	40	33	27
cen17_arsC_glut_contig_1294_contig_1295	64.7342995169082	207	68	66	39	34
cen17_arsC_glut_contig_1592_contig_1593	61.6915422885572	201	62	62	37	40
cen17_arsC_glut_contig_1660_contig_1661	61.2121212121212	165	52	49	34	30
cen17_arsC_glut_contig_1720_contig_1721	63.4615384615385	312	94	104	69	45
cen17_arsC_glut_contig_1736_contig_1737	60.7476635514019	321	102	93	66	60
cen17_arsC_glut_contig_1808_contig_1809	62.7272727272727	330	94	113	67	56
cen17_arsC_glut_contig_1832_contig_1833	70.4225352112676	213	76	74	31	32
cen17_arsC_glut_contig_1878_contig_1879	57.2649572649573	234	74	60	64	36
cen17_arsC_glut_contig_1882_contig_1883	66.0606060606061	165	52	57	31	25
cen17_arsC_glut_contig_1994_contig_1995	56.5891472868217	258	80	66	64	48
cen17_arsC_glut_contig_2044_contig_2045	59.2592592592593	216	64	64	49	39
cen17_arsC_glut_contig_2046_contig_2047	62.962962962963	189	57	62	36	34
cen17_arsC_glut_contig_2144_contig_2145	63.4920634920635	252	67	93	49	43
cen17_arsC_glut_contig_2154_contig_2155	70.1754385964912	171	56	64	26	25
cen17_arsC_glut_contig_2156_contig_2157	64.2424242424242	165	49	57	36	23
cen17_arsC_glut_contig_2226_contig_2227	72.5806451612903	186	64	71	25	26
cen17_arsC_glut_contig_2288_contig_2289	63.3333333333333	300	88	102	65	45
cen17_arsC_glut_contig_2408_contig_2409	62.1052631578947	285	88	89	54	54
cen17_arsC_glut_contig_2454_contig_2455	75	192	73	71	23	25
cen17_arsC_glut_contig_2460_contig_2461	64.957264957265	234	82	70	41	41
cen17_arsC_glut_contig_2526_contig_2527	71.0382513661202	183	59	71	31	22
cen17_arsC_glut_contig_3092_contig_3093	64.1509433962264	159	48	54	30	27
cen17_arsC_glut_contig_3282_contig_3283	63.75	240	76	77	50	37
cen17_arsC_glut_contig_3382_contig_3383	57.9166666666667	240	66	73	58	43
cen17_arsC_glut_contig_3458_contig_3459	70.7070707070707	198	63	77	31	27
cen17_arsC_glut_contig_3548_contig_3549	61.9718309859155	213	66	66	40	41
cen17_arsC_glut_contig_3658_contig_3659	61.4285714285714	210	61	68	44	37
cen17_arsC_glut_contig_3672_contig_3673	65.0406504065041	246	82	78	45	41
cen17_arsC_glut_contig_3736_contig_3737	57.8313253012048	249	74	70	57	48
cen17_arsC_glut_contig_3768_contig_3769	63.4259259259259	216	69	68	44	35
cen17_arsC_glut_contig_3984_contig_3985	61.9047619047619	210	66	64	45	35
cen17_arsC_glut_contig_4218_contig_4219	59.7883597883598	189	59	54	44	32
cen17_arsC_glut_contig_4370_contig_4371	62.4242424242424	165	43	60	33	29
cen17_arsC_glut_contig_4394_contig_4395	61.4583333333333	192	58	60	40	34
cen17_arsC_glut_contig_4520_contig_4521	62.6262626262626	198	64	60	40	34
cen17_arsC_glut_contig_4654_contig_4655	64.9717514124294	177	55	60	34	28
cen17_arsC_glut_contig_4842_contig_4843	58.0645161290323	186	59	49	45	33
cen17_arsC_glut_contig_4902_contig_4903	66.6666666666667	213	65	77	41	30
cen17_arsC_glut_contig_4972_contig_4973	63.5802469135802	162	48	55	29	30
cen17_arsC_glut_contig_4986_contig_4987	59.915611814346	237	66	76	52	43
cen17_arsC_glut_contig_4992_contig_4993	59.7701149425287	174	49	55	40	30
cen17_arsC_glut_contig_5004_contig_5005	59.0163934426229	183	56	52	43	32
cen17_arsC_glut_contig_5014_contig_5015	67.0940170940171	234	85	72	45	32
cen17_arsC_glut_contig_5132_contig_5133	62.9032258064516	186	53	64	39	30
cen17_arsC_glut_contig_5264_contig_5265	65.4545454545455	165	51	57	31	26
cen17_arsC_glut_contig_5300_contig_5301	66.1616161616162	198	65	66	40	27
cen17_arsC_glut_contig_5380_contig_5381	61.1940298507463	201	60	63	45	33
cen17_arsC_glut_contig_5432_contig_5433	63.3744855967078	243	78	76	45	44
cen17_arsC_glut_contig_5584_contig_5585	65.7276995305164	213	67	73	42	31
cen17_arsC_glut_contig_5758_contig_5759	61.0062893081761	159	48	49	37	25
cen17_arsC_glut_contig_5774_contig_5775	65.0273224043716	183	54	65	29	35
cen17_arsC_glut_contig_5802_contig_5803	64.9122807017544	171	51	60	28	32
cen17_arsC_glut_contig_5956_contig_5957	68.1818181818182	264	88	92	40	44
cen17_arsC_glut_contig_6100_contig_6101	69.8924731182796	186	64	66	33	23
cen17_arsC_glut_contig_6206_contig_6207	70.5128205128205	156	54	56	25	21
cen17_arsC_glut_contig_6208_contig_6209	67.2566371681416	339	107	121	55	56
cen17_arsC_glut_contig_6414_contig_6415	67.1232876712329	219	69	78	41	31
cen17_arsC_glut_contig_6440_contig_6441	62.0253164556962	237	67	80	47	43
cen17_arsC_glut_contig_6828_contig_6829	66.3768115942029	345	111	118	58	58
cen17_arsC_glut_contig_6956_contig_6957	64.9122807017544	228	66	82	49	31
cen17_arsC_glut_contig_7284_contig_7285	64.1025641025641	156	48	52	30	26
cen17_arsC_glut_contig_7442_contig_7443	61.4942528735632	174	48	59	33	34
cen17_arsC_glut_contig_7816_contig_7817	62.5368731563422	339	97	115	70	57
cen17_arsC_glut_contig_7998_contig_7999	56.4102564102564	156	35	53	39	29
cen17_arsC_glut_contig_8096_contig_8097	64.5569620253165	237	65	88	46	38
