ID	% GCContent	Total Count	G Count	C Count	A Count	T Count
cen13_arsA_contig_818_contig_819	36.0308285163776	519	102	85	182	150
cen13_arsA_contig_844_contig_845	45.5426356589147	516	130	105	148	133
cen13_arsA_contig_964_contig_965	41.820987654321	648	161	110	183	194
cen13_arsA_contig_1188_contig_1189	53.3333333333333	465	150	98	125	92
cen13_arsA_contig_1204_contig_1205	51.0117145899894	939	274	205	250	210
cen13_arsA_contig_1346_contig_1347	41.6161616161616	495	111	95	156	133
cen13_arsA_contig_1418_contig_1419	42.1296296296296	648	161	112	181	194
cen13_arsA_contig_2294_contig_2295	51.1182108626198	939	275	205	248	211
cen13_arsA_contig_2302_contig_2303	53.4391534391534	567	174	129	151	113
cen13_arsA_contig_2336_contig_2337	51.1182108626198	939	276	204	248	211
