ID	% GCContent	Total Count	G Count	C Count	A Count	T Count
cen13_arsC_thio_contig_4_contig_5	38.6861313868613	411	96	63	142	110
cen13_arsC_thio_contig_18_contig_19	40.1459854014599	411	108	57	134	112
cen13_arsC_thio_contig_20_contig_21	50.1216545012165	411	116	90	123	82
cen13_arsC_thio_contig_22_contig_23	39.2307692307692	390	89	64	133	104
cen13_arsC_thio_contig_32_contig_33	37.9487179487179	390	88	60	133	109
cen13_arsC_thio_contig_38_contig_39	41.3625304136253	411	102	68	141	100
cen13_arsC_thio_contig_44_contig_45	40.2469135802469	405	93	70	137	105
cen13_arsC_thio_contig_62_contig_63	45.9259259259259	405	105	81	126	93
cen13_arsC_thio_contig_100_contig_101	49.0049751243781	402	113	84	112	93
cen13_arsC_thio_contig_118_contig_119	40.2985074626866	402	96	66	138	102
cen13_arsC_thio_contig_158_contig_159	51.0948905109489	411	113	97	118	83
cen13_arsC_thio_contig_196_contig_197	43.1693989071038	183	45	34	56	48
cen13_arsC_thio_contig_212_contig_213	48.5294117647059	408	111	87	106	104
cen13_arsC_thio_contig_222_contig_223	50.8515815085158	411	112	97	119	83
cen13_arsC_thio_contig_240_contig_241	59.3137254901961	408	125	117	92	74
cen13_arsC_thio_contig_342_contig_343	48.2843137254902	408	110	87	106	105
cen13_arsC_thio_contig_384_contig_385	48.2843137254902	408	109	88	107	104
cen13_arsC_thio_contig_590_contig_591	39.8009950248756	402	91	69	137	105
cen13_arsC_thio_contig_600_contig_601	46.5686274509804	408	111	79	114	104
cen13_arsC_thio_contig_604_contig_605	39.8009950248756	402	92	68	138	104
cen13_arsC_thio_contig_614_contig_615	65.4471544715447	246	86	75	53	32
cen13_arsC_thio_contig_616_contig_617	47.5490196078431	408	100	94	125	89
cen13_arsC_thio_contig_618_contig_619	42.3357664233577	411	98	76	137	100
cen13_arsC_thio_contig_626_contig_627	40.3892944038929	411	109	57	134	111
cen13_arsC_thio_contig_634_contig_635	46.7661691542289	201	49	45	55	52
cen13_arsC_thio_contig_644_contig_645	43.1077694235589	399	101	71	131	96
cen13_arsC_thio_contig_658_contig_659	48.2758620689655	174	54	30	48	42
cen13_arsC_thio_contig_664_contig_665	39.2156862745098	204	46	34	68	56
cen13_arsC_thio_contig_718_contig_719	39.8009950248756	402	92	68	138	104
cen13_arsC_thio_contig_756_contig_757	49.7549019607843	408	121	82	111	94
cen13_arsC_thio_contig_806_contig_807	42.9906542056075	321	76	62	104	79
cen13_arsC_thio_contig_1062_contig_1063	42.8571428571429	399	101	70	132	96
cen13_arsC_thio_contig_1072_contig_1073	50	162	49	32	48	33
cen13_arsC_thio_contig_1074_contig_1075	43.1077694235589	399	101	71	131	96
cen13_arsC_thio_contig_1090_contig_1091	43.3583959899749	399	101	72	132	94
cen13_arsC_thio_contig_1092_contig_1093	46.6666666666667	180	51	33	53	43
cen13_arsC_thio_contig_1098_contig_1099	44.4444444444444	216	54	42	68	52
cen13_arsC_thio_contig_1114_contig_1115	48.4276729559748	159	48	29	49	33
cen13_arsC_thio_contig_1120_contig_1121	43.1077694235589	399	102	70	132	95
cen13_arsC_thio_contig_1218_contig_1219	43.1077694235589	399	102	70	130	97
cen13_arsC_thio_contig_1320_contig_1321	45.679012345679	243	57	54	75	57
cen13_arsC_thio_contig_1420_contig_1421	44.8484848484849	165	49	25	56	35
cen13_arsC_thio_contig_1502_contig_1503	46.448087431694	183	51	34	55	43
cen13_arsC_thio_contig_1542_contig_1543	54.1666666666667	168	54	37	49	28
cen13_arsC_thio_contig_1578_contig_1579	48.7745098039216	408	110	89	106	103
cen13_arsC_thio_contig_1618_contig_1619	49.1484184914842	411	117	85	122	87
cen13_arsC_thio_contig_1684_contig_1685	41.7624521072797	261	59	50	93	59
cen13_arsC_thio_contig_1778_contig_1779	45.045045045045	333	90	60	95	88
cen13_arsC_thio_contig_1990_contig_1991	42.4691358024691	405	96	76	130	103
cen13_arsC_thio_contig_2020_contig_2021	39.8009950248756	402	92	68	136	106
cen13_arsC_thio_contig_2024_contig_2025	50	288	78	66	73	71
cen13_arsC_thio_contig_2034_contig_2035	48.7745098039216	408	109	90	106	103
cen13_arsC_thio_contig_2114_contig_2115	41.9354838709677	279	62	55	87	75
cen13_arsC_thio_contig_2156_contig_2157	49.0196078431373	408	112	88	106	102
cen13_arsC_thio_contig_2268_contig_2269	52.5114155251142	219	62	53	51	53
cen13_arsC_thio_contig_2376_contig_2377	39.1156462585034	294	71	44	95	84
cen13_arsC_thio_contig_2464_contig_2465	51.6908212560386	207	53	54	57	43
cen13_arsC_thio_contig_2506_contig_2507	40.8730158730159	252	57	46	81	68
cen13_arsC_thio_contig_2536_contig_2537	49.0196078431373	408	109	91	106	102
cen13_arsC_thio_contig_2736_contig_2737	48.0392156862745	408	107	89	110	102
cen13_arsC_thio_contig_2906_contig_2907	40.547263681592	402	93	70	137	102
cen13_arsC_thio_contig_2930_contig_2931	39.6296296296296	270	57	50	92	71
cen13_arsC_thio_contig_3590_contig_3591	51.5789473684211	285	78	69	81	57
cen13_arsC_thio_contig_3624_contig_3625	40.0793650793651	252	56	45	85	66
cen13_arsC_thio_contig_3802_contig_3803	52.059925093633	267	74	65	75	53
cen13_arsC_thio_contig_3804_contig_3805	37.3873873873874	222	54	29	75	64
cen13_arsC_thio_contig_3810_contig_3811	49.0196078431373	408	109	91	106	102
cen13_arsC_thio_contig_3884_contig_3885	39.8467432950192	261	63	41	91	66
cen13_arsC_thio_contig_4002_contig_4003	50.6082725060827	411	118	90	121	82
cen13_arsC_thio_contig_4182_contig_4183	40.1459854014599	411	109	56	134	112
cen13_arsC_thio_contig_4184_contig_4185	49.0196078431373	408	110	90	105	103
cen13_arsC_thio_contig_4200_contig_4201	40.3892944038929	411	109	57	134	111
cen13_arsC_thio_contig_4202_contig_4203	40.0497512437811	402	91	70	139	102
cen13_arsC_thio_contig_4382_contig_4383	40.5017921146953	279	72	41	90	76
cen13_arsC_thio_contig_4412_contig_4413	49.5098039215686	408	111	91	103	103
cen13_arsC_thio_contig_4478_contig_4479	39.6825396825397	189	51	24	63	51
cen13_arsC_thio_contig_4706_contig_4707	47.9166666666667	192	56	36	56	44
cen13_arsC_thio_contig_4756_contig_4757	52.8735632183908	174	54	38	51	31
cen13_arsC_thio_contig_4792_contig_4793	33.8983050847458	177	38	22	72	45
cen13_arsC_thio_contig_4844_contig_4845	48.989898989899	198	53	44	62	39
cen13_arsC_thio_contig_4874_contig_4875	41.421568627451	408	94	75	140	99
cen13_arsC_thio_contig_4978_contig_4979	38.5057471264368	174	44	23	63	44
cen13_arsC_thio_contig_5186_contig_5187	43.030303030303	165	44	27	56	38
cen13_arsC_thio_contig_5312_contig_5313	47.2636815920398	201	59	36	59	47
cen13_arsC_thio_contig_5368_contig_5369	40.3892944038929	411	109	57	133	112
cen13_arsC_thio_contig_5502_contig_5503	48.5294117647059	408	108	90	107	103
cen13_arsC_thio_contig_5560_contig_5561	41.8300653594771	153	36	28	53	36
cen13_arsC_thio_contig_5604_contig_5605	40.0497512437811	402	92	69	138	103
cen13_arsC_thio_contig_5684_contig_5685	39.5522388059701	402	89	70	138	105
cen13_arsC_thio_contig_5866_contig_5867	39.5522388059701	402	90	69	139	104
cen13_arsC_thio_contig_5960_contig_5961	40.0497512437811	402	90	71	137	104
cen13_arsC_thio_contig_5974_contig_5975	50.8515815085158	411	113	96	121	81
cen13_arsC_thio_contig_6108_contig_6109	48.2843137254902	408	107	90	108	103
cen13_arsC_thio_contig_6402_contig_6403	39.6825396825397	315	72	53	105	85
cen13_arsC_thio_contig_6492_contig_6493	49.7354497354497	378	105	83	99	91
cen13_arsC_thio_contig_6570_contig_6571	39.5522388059701	402	90	69	138	105
cen13_arsC_thio_contig_6572_contig_6573	42.4691358024691	405	98	74	131	102
cen13_arsC_thio_contig_6584_contig_6585	39.8009950248756	201	43	37	68	53
cen13_arsC_thio_contig_6690_contig_6691	53.4883720930233	258	77	61	62	58
cen13_arsC_thio_contig_7108_contig_7109	39.0547263681592	402	87	70	138	107
cen13_arsC_thio_contig_7604_contig_7605	39.5522388059701	402	88	71	138	105
cen13_arsC_thio_contig_7614_contig_7615	41.9753086419753	405	99	71	137	98
cen13_arsC_thio_contig_7642_contig_7643	50.6082725060827	411	112	96	119	84
cen13_arsC_thio_contig_8118_contig_8119	50.3649635036496	411	111	96	120	84
cen13_arsC_thio_contig_8160_contig_8161	40.7960199004975	402	96	68	139	99
cen13_arsC_thio_contig_8212_contig_8213	39.8496240601504	399	90	69	137	103
cen13_arsC_thio_contig_8286_contig_8287	48.7745098039216	408	109	90	107	102
cen13_arsC_thio_contig_8440_contig_8441	39.0547263681592	402	89	68	140	105
cen13_arsC_thio_contig_8490_contig_8491	39.8009950248756	402	88	72	137	105
cen13_arsC_thio_contig_8544_contig_8545	39.0547263681592	402	89	68	138	107
cen13_arsC_thio_contig_8680_contig_8681	51.0948905109489	411	112	98	120	81
cen13_arsC_thio_contig_8732_contig_8733	39.5522388059701	402	89	70	139	104
cen13_arsC_thio_contig_8804_contig_8805	49.2647058823529	408	110	91	105	102
cen13_arsC_thio_contig_8890_contig_8891	40.2035623409669	393	89	69	130	105
cen13_arsC_thio_contig_8926_contig_8927	39.5522388059701	402	89	70	138	105
cen13_arsC_thio_contig_9028_contig_9029	51.9900497512438	402	106	103	107	86
