ID	% GCContent	Total Count	G Count	C Count	A Count	T Count
cen13_acr3_contig_0_contig_1	36.1986628462273	1047	228	151	283	385
cen13_acr3_contig_4_contig_5	36.7494824016563	966	218	137	257	354
cen13_acr3_contig_26_contig_27	39.2992424242424	1056	227	188	258	383
cen13_acr3_contig_28_contig_29	49.7584541062802	1035	286	229	201	319
cen13_acr3_contig_78_contig_79	41.7391304347826	1035	229	203	252	351
cen13_acr3_contig_274_contig_275	40.3660886319846	1038	242	177	250	369
cen13_acr3_contig_1676_contig_1677	39.272030651341	1044	221	189	251	383
cen13_acr3_contig_2546_contig_2547	35.9213250517598	966	210	137	261	358
cen13_acr3_contig_3002_contig_3003	57.3593073593074	462	137	128	76	121
cen13_acr3_contig_3514_contig_3515	39.272030651341	1044	221	189	251	383
cen13_acr3_contig_4734_contig_4735	36.3896848137536	1047	229	152	282	384
cen13_acr3_contig_4784_contig_4785	39.367816091954	1044	222	189	252	381
cen13_acr3_contig_5068_contig_5069	39.367816091954	1044	223	188	250	383
cen13_acr3_contig_5184_contig_5185	38.8264669163546	801	169	142	192	298
cen13_acr3_contig_5922_contig_5923	40.6207827260459	741	158	143	176	264
cen13_acr3_contig_6422_contig_6423	38.7314439946019	741	159	128	181	273
cen13_acr3_contig_6886_contig_6887	39.272030651341	1044	221	189	251	383
cen13_acr3_contig_6920_contig_6921	39.6551724137931	1044	221	193	249	381
cen13_acr3_contig_7416_contig_7417	41.1255411255411	462	99	91	109	163
cen13_acr3_contig_7916_contig_7917	39.6551724137931	1044	223	191	249	381
cen13_acr3_contig_7934_contig_7935	40.1234567901235	486	104	91	116	175
cen13_acr3_contig_8192_contig_8193	39.367816091954	1044	220	191	251	382
cen13_acr3_contig_8196_contig_8197	39.5593869731801	1044	224	189	250	381
cen13_acr3_contig_8416_contig_8417	39.8039215686275	510	109	94	126	181
cen13_acr3_contig_8444_contig_8445	41.1003236245955	618	148	106	144	220
cen13_acr3_contig_8508_contig_8509	65.625	576	186	192	65	133
cen13_acr3_contig_8616_contig_8617	64.6362098138748	591	206	176	72	137
cen13_acr3_contig_9112_contig_9113	41.2790697674419	1032	241	185	248	358
cen13_acr3_contig_9138_contig_9139	38.6243386243386	567	120	99	140	208
cen13_acr3_contig_9388_contig_9389	39.463601532567	1044	223	189	251	381
cen13_acr3_contig_9552_contig_9553	39.176245210728	1044	222	187	252	383
cen13_acr3_contig_9562_contig_9563	41.2280701754386	1026	221	202	240	363
cen13_acr3_contig_9744_contig_9745	38.0952380952381	504	103	89	120	192
cen13_acr3_contig_9974_contig_9975	43.2017543859649	456	105	92	104	155
cen13_acr3_contig_10088_contig_10089	65.6140350877193	570	183	191	66	130
cen13_acr3_contig_11108_contig_11109	38.6313465783664	453	95	80	112	166
cen13_acr3_contig_11130_contig_11131	41.9831223628692	474	108	91	111	164
cen13_acr3_contig_11332_contig_11333	36.1986628462273	1047	228	151	281	387
cen13_acr3_contig_11424_contig_11425	64.9746192893401	591	205	179	72	135
cen13_acr3_contig_11942_contig_11943	42.6900584795322	1026	230	208	236	352
cen13_acr3_contig_11966_contig_11967	39.367816091954	1044	224	187	250	383
cen13_acr3_contig_12262_contig_12263	39.176245210728	1044	222	187	253	382
cen13_acr3_contig_13240_contig_13241	71.2820512820513	585	221	196	51	117
cen13_acr3_contig_13258_contig_13259	39.367816091954	1044	224	187	252	381
cen13_acr3_contig_13848_contig_13849	39.272030651341	1044	223	187	252	382
cen13_acr3_contig_14058_contig_14059	39.980449657869	1023	236	173	250	364
cen13_acr3_contig_14348_contig_14349	39.367816091954	1044	224	187	254	379
cen13_acr3_contig_14500_contig_14501	39.3548387096774	930	198	168	227	337
cen13_acr3_contig_14528_contig_14529	36.3896848137536	1047	228	153	282	384
cen13_acr3_contig_14564_contig_14565	39.6570203644159	933	199	171	226	337
cen13_acr3_contig_14690_contig_14691	39.5222584147666	921	195	169	221	336
cen13_acr3_contig_14738_contig_14739	39.5593869731801	1044	223	190	252	379
cen13_acr3_contig_14788_contig_14789	39.272030651341	1044	222	188	253	381
cen13_acr3_contig_14964_contig_14965	39.0139335476956	933	195	169	233	336
cen13_acr3_contig_16112_contig_16113	39.272030651341	1044	220	190	254	380
cen13_acr3_contig_16190_contig_16191	39.367816091954	1044	224	187	251	382
cen13_acr3_contig_16916_contig_16917	42.6900584795322	1026	231	207	238	350
