ID	% GCContent	Total Count	G Count	C Count	A Count	T Count
cen15_arsM_contig_4_contig_5	64.6766169154229	804	232	288	143	141
cen15_arsM_contig_30_contig_31	59.622641509434	795	252	222	171	150
cen15_arsM_contig_58_contig_59	69.5156695156695	702	257	231	104	110
cen15_arsM_contig_60_contig_61	60.3042876901798	723	224	212	141	146
cen15_arsM_contig_176_contig_177	61.4427860696517	804	256	238	176	134
cen15_arsM_contig_194_contig_195	57.2433192686357	711	222	185	157	147
cen15_arsM_contig_294_contig_295	71.0884353741497	588	210	208	74	96
cen15_arsM_contig_312_contig_313	57.0902394106814	543	172	138	119	114
cen15_arsM_contig_332_contig_333	58.7244283995187	831	261	227	192	151
cen15_arsM_contig_394_contig_395	56.4676616915423	804	259	195	169	181
cen15_arsM_contig_418_contig_419	62.7160493827161	810	274	234	158	144
cen15_arsM_contig_438_contig_439	57.2298325722983	657	212	164	133	148
cen15_arsM_contig_660_contig_661	59.9250936329588	801	243	237	179	142
cen15_arsM_contig_742_contig_743	65.4377880184332	651	209	217	110	115
cen15_arsM_contig_820_contig_821	59.8870056497175	708	219	205	149	135
cen15_arsM_contig_836_contig_837	68.6813186813187	546	202	173	90	81
cen15_arsM_contig_846_contig_847	54.0767386091127	834	218	233	209	174
cen15_arsM_contig_1170_contig_1171	66.5056360708535	621	204	209	107	101
cen15_arsM_contig_1190_contig_1191	67.6706827309237	498	173	164	77	84
cen15_arsM_contig_1226_contig_1227	58.5820895522388	804	261	210	168	165
cen15_arsM_contig_1234_contig_1235	61.1111111111111	702	231	198	146	127
cen15_arsM_contig_1236_contig_1237	64.8009950248756	804	220	301	145	138
cen15_arsM_contig_1256_contig_1257	56.592039800995	804	260	195	167	182
cen15_arsM_contig_1298_contig_1299	57.7352472089314	627	206	156	131	134
cen15_arsM_contig_1302_contig_1303	56.7901234567901	729	217	197	146	169
cen15_arsM_contig_1324_contig_1325	65.1022864019254	831	269	272	157	133
cen15_arsM_contig_1378_contig_1379	69.0217391304348	552	178	203	87	84
cen15_arsM_contig_1450_contig_1451	69.4779116465863	498	182	164	79	73
cen15_arsM_contig_1460_contig_1461	69.8972099853157	681	247	229	103	102
cen15_arsM_contig_1500_contig_1501	59.2261904761905	672	211	187	148	126
cen15_arsM_contig_1664_contig_1665	63.6926889714994	807	273	241	146	147
cen15_arsM_contig_1820_contig_1821	62.7615062761506	717	246	204	131	136
cen15_arsM_contig_1912_contig_1913	68.0059523809524	672	255	202	105	110
cen15_arsM_contig_1950_contig_1951	65.2859960552268	507	182	149	91	85
cen15_arsM_contig_1970_contig_1971	62.1345029239766	684	232	193	135	124
cen15_arsM_contig_1982_contig_1983	59.0511860174782	801	241	232	181	147
cen15_arsM_contig_2000_contig_2001	64.1242937853107	708	239	215	145	109
cen15_arsM_contig_2026_contig_2027	65.625	672	219	222	111	120
cen15_arsM_contig_2194_contig_2195	63.0541871921182	609	208	176	114	111
cen15_arsM_contig_2210_contig_2211	68.5678073510773	789	273	268	122	126
cen15_arsM_contig_2240_contig_2241	64.1921397379913	687	256	185	109	137
cen15_arsM_contig_2252_contig_2253	68.1159420289855	552	203	173	84	92
cen15_arsM_contig_2278_contig_2279	62.9148629148629	693	252	184	117	140
cen15_arsM_contig_2320_contig_2321	58.8761174968072	783	249	212	171	151
cen15_arsM_contig_2364_contig_2365	67.3027989821883	786	274	255	130	127
cen15_arsM_contig_2950_contig_2951	61.4414414414414	555	181	160	123	91
cen15_arsM_contig_3490_contig_3491	71.868978805395	519	190	183	67	79
cen15_arsM_contig_3964_contig_3965	58.7476979742173	543	184	135	113	111
cen15_arsM_contig_3972_contig_3973	69.3467336683417	597	210	204	83	100
cen15_arsM_contig_3988_contig_3989	70.5192629815745	597	214	207	78	98
cen15_arsM_contig_4016_contig_4017	69.3739424703892	591	206	204	82	99
cen15_arsM_contig_4034_contig_4035	59.4843462246777	543	184	139	108	112
cen15_arsM_contig_4158_contig_4159	56.2189054726368	804	257	195	170	182
cen15_arsM_contig_4236_contig_4237	59.874213836478	795	250	226	170	149
cen15_arsM_contig_4574_contig_4575	61.4341085271318	516	163	154	109	90
cen15_arsM_contig_4896_contig_4897	50.3429355281207	729	198	169	178	184
cen15_arsM_contig_5212_contig_5213	59.0405904059041	813	252	228	189	144
cen15_arsM_contig_5434_contig_5435	61.9047619047619	672	232	184	119	137
cen15_arsM_contig_5492_contig_5493	60.4519774011299	708	236	192	146	134
cen15_arsM_contig_5548_contig_5549	64.6551724137931	696	238	212	115	131
cen15_arsM_contig_6014_contig_6015	61.6465863453815	498	156	151	104	87
cen15_arsM_contig_6512_contig_6513	62.8676470588235	816	264	249	170	133
cen15_arsM_contig_6580_contig_6581	58.0952380952381	735	240	187	149	159
cen15_arsM_contig_6616_contig_6617	64.8451730418944	549	184	172	94	99
cen15_arsM_contig_6710_contig_6711	56.5826330532213	714	250	154	131	179
cen15_arsM_contig_6768_contig_6769	62.200956937799	627	208	182	123	114
cen15_arsM_contig_7802_contig_7803	56.8213783403657	711	223	181	158	149
cen15_arsM_contig_7848_contig_7849	59.622641509434	795	248	226	170	151
cen15_arsM_contig_8028_contig_8029	67.0781893004115	486	172	154	78	82
cen15_arsM_contig_8038_contig_8039	65.6898656898657	819	224	314	142	139
cen15_arsM_contig_8326_contig_8327	74.8563218390805	696	265	256	82	93
cen15_arsM_contig_8536_contig_8537	58.0431177446103	603	184	166	132	121
cen15_arsM_contig_9438_contig_9439	74.4837758112094	678	268	237	86	87
cen15_arsM_contig_10528_contig_10529	69.9530516431925	639	230	217	97	95
cen15_arsM_contig_13846_contig_13847	62.962962962963	810	272	238	167	133
cen15_arsM_contig_14254_contig_14255	62.4269005847953	684	233	194	133	124
cen15_arsM_contig_15588_contig_15589	60.4490500863558	579	188	162	120	109
cen15_arsM_contig_16906_contig_16907	58.8308457711443	804	261	212	165	166
cen15_arsM_contig_17092_contig_17093	61.5671641791045	804	257	238	176	133
cen15_arsM_contig_17902_contig_17903	50.2057613168724	729	199	167	176	187
cen15_arsM_contig_17952_contig_17953	59.7222222222222	792	250	223	167	152
cen15_arsM_contig_18034_contig_18035	67.2690763052209	498	174	161	74	89
cen15_arsM_contig_18060_contig_18061	75.0737463126844	678	269	240	83	86
cen15_arsM_contig_18112_contig_18113	74.7787610619469	678	267	240	85	86
cen15_arsM_contig_18222_contig_18223	65.530303030303	528	174	172	88	94
cen15_arsM_contig_18874_contig_18875	72.0496894409938	483	194	154	71	64
cen15_arsM_contig_19436_contig_19437	59.7222222222222	792	252	221	167	152
cen15_arsM_contig_21258_contig_21259	58.0246913580247	567	173	156	113	125
cen15_arsM_contig_21574_contig_21575	58.2113821138211	615	194	164	129	128
cen15_arsM_contig_22002_contig_22003	62.8252788104089	807	272	235	149	151
cen15_arsM_contig_22768_contig_22769	56.9148936170213	564	179	142	120	123
cen15_arsM_contig_23254_contig_23255	59.7278911564626	735	225	214	146	150
cen15_arsM_contig_23300_contig_23301	64.0465793304221	687	256	184	109	138
cen15_arsM_contig_23474_contig_23475	57.8754578754579	546	165	151	124	106
cen15_arsM_contig_24162_contig_24163	69.4323144104803	687	256	221	108	102
cen15_arsM_contig_24516_contig_24517	64.1921397379913	687	258	183	110	136
cen15_arsM_contig_24704_contig_24705	65.5913978494624	558	197	169	90	102
cen15_arsM_contig_24828_contig_24829	61.6915422885572	804	257	239	177	131
cen15_arsM_contig_24930_contig_24931	61.952861952862	594	200	168	115	111
cen15_arsM_contig_25238_contig_25239	58.0065359477124	612	192	163	140	117
cen15_arsM_contig_25440_contig_25441	65.251572327044	636	179	236	107	114
cen15_arsM_contig_27156_contig_27157	60.6529209621993	582	182	171	125	104
cen15_arsM_contig_27232_contig_27233	56.969696969697	825	248	222	198	157
cen15_arsM_contig_27650_contig_27651	72.8260869565217	552	214	188	75	75
cen15_arsM_contig_29084_contig_29085	49.7942386831276	729	199	164	177	189
cen15_arsM_contig_30200_contig_30201	68.5678073510773	789	271	270	122	126
cen15_arsM_contig_31072_contig_31073	62.1417797888386	663	211	201	134	117
cen15_arsM_contig_33430_contig_33431	62.89592760181	663	231	186	115	131
cen15_arsM_contig_33604_contig_33605	70.990990990991	555	189	205	77	84
cen15_arsM_contig_33788_contig_33789	59.7278911564626	735	248	191	142	154
cen15_arsM_contig_34232_contig_34233	66.5137614678899	654	224	211	107	112
cen15_arsM_contig_34458_contig_34459	62.7306273062731	813	271	239	168	135
